1.292422122988238220e-01
1.343037473390135406e-01
1.046738152229508279e-01
1.215249155945955922e-01
1.296305313316592489e-01
1.114061755076729276e-01
1.091241899681109628e-01
1.288861271836788391e-01
1.271105736189829249e-01
1.196414136472060408e-01
1.188914511927813972e-01
1.272184149724877311e-01
1.316218773316907287e-01
1.244972489963824397e-01
1.280777754040420546e-01
1.287808337721515206e-01
1.301006763273570010e-01
1.294763805567235304e-01
1.277658630000025886e-01
1.280658473111805640e-01
1.304092453338168145e-01
1.267881393069613394e-01
1.260275754637117662e-01
1.284653186868441876e-01
1.297516389154002581e-01
1.251565443590645088e-01
1.269706995440609831e-01
1.282203600306195956e-01
1.291047470507033779e-01
1.271477765670877280e-01
1.282822754249905162e-01
1.288368706881910519e-01
1.292969599596162922e-01
1.282211156261204299e-01
1.294903870694718573e-01
1.291033977371212893e-01
1.292127936561551227e-01
1.307858298356162352e-01
1.118849722112391365e-01
1.290671092185295965e-01
1.303859274195116047e-01
1.169015831025570357e-01
1.260428331113114808e-01
1.291036036419207500e-01
1.281874936743455373e-01
1.244295402291134417e-01
1.245634717672951391e-01
1.292345901856032098e-01
1.289527287291530877e-01
1.270506876848279398e-01
1.287980852550246746e-01
1.292781332141483830e-01
1.281958646603294505e-01
1.308856537556862820e-01
1.270992603202488191e-01
1.289813553953491065e-01
1.288448761132774123e-01
1.279428908954610700e-01
1.278475333589966234e-01
1.291992525253219670e-01
1.285432157469998393e-01
1.277869764348401327e-01
1.286494405428679211e-01
1.287687386044040205e-01
1.288315395870845981e-01
1.287734212110057119e-01
1.289014260679874901e-01
1.290786627342621617e-01
1.291284304852536313e-01
1.288481100457156414e-01
1.295014988866847738e-01
1.291363487535331644e-01
1.292030359986871546e-01
1.253264007199984542e-01
1.229232946656486358e-01
1.174087928721063573e-01
1.285775749214028707e-01
1.313471137210255324e-01
1.206090373262668908e-01
1.162912646649429810e-01
1.241180012279328587e-01
1.247146678738047937e-01
1.131072861165598326e-01
1.243328283051638589e-01
1.196183110553335760e-01
1.075714142498714887e-01
1.287876613349364652e-01
1.245273697393396162e-01
1.214925963597559971e-01
1.202836583595474490e-01
1.305849141726318496e-01
1.240960081460612957e-01
1.233096349710636891e-01
1.193069625871732847e-01
1.231162110296191298e-01
1.174998038558598273e-01
1.270753584788523738e-01
1.240726489837499363e-01
1.246871368786489076e-01
1.249214269574785707e-01
1.255769780751760378e-01
1.266834592934158177e-01
1.279726511131077660e-01
1.167423377007527491e-01
1.281077485624553813e-01
1.235477183346883612e-01
1.260955004154255543e-01
1.293363325540319853e-01
1.273774323506138562e-01
1.304508388671159758e-01
1.230468496248891541e-01
1.265384467096599685e-01
1.251071597219930165e-01
1.287775536418624966e-01
1.295051413250792871e-01
1.224597673094882933e-01
1.285216252236397738e-01
1.222258657256999892e-01
1.274794335245684196e-01
1.233260326196865958e-01
1.296140825350422798e-01
1.311416686953316979e-01
1.275520498744306119e-01
1.299734439313812995e-01
1.236541024684084250e-01
1.273459298442110310e-01
1.305565396054923222e-01
1.293859550839006889e-01
1.305407674430310860e-01
1.193054489857681144e-01
1.295639798988963420e-01
1.315959396924154534e-01
1.304918073086092645e-01
1.298931367891960065e-01
1.266424529720168723e-01
1.281760079787122586e-01
1.266432031281314319e-01
1.254701461334814527e-01
1.301675965608037056e-01
1.264358146561984642e-01
1.295888089318073810e-01
1.307744666827208024e-01
1.149784713871278979e-01
1.310154257670968492e-01
1.305589775039130429e-01
1.304128470523138461e-01
1.277293618955811505e-01
1.279177125630279743e-01
1.257387583421993305e-01
1.299851360635737585e-01
1.315563458325242630e-01
1.228917213655986856e-01
1.300486731095440163e-01
1.285150803512255246e-01
1.325857682140645366e-01
1.333109623365891228e-01
1.332286526782975322e-01
1.330972562460222275e-01
1.266621309827253017e-01
1.310079504313902410e-01
1.312655755983710981e-01
1.249230159021852832e-01
1.311125943210359468e-01
1.330873337795124289e-01
1.295826605164659140e-01
1.246022999900731898e-01
1.314066883035307776e-01
1.293200351074727805e-01
1.170016905636190041e-01
1.291614880410237864e-01
1.287173133521609947e-01
1.287673643502743048e-01
1.331076346564064872e-01
1.337331141660982603e-01
1.328563246786680363e-01
1.287228984591734793e-01
1.342995933586617618e-01
1.343624110157502216e-01
1.275319181654804568e-01
1.314370656152838712e-01
1.305440809103719513e-01
1.291340233060140064e-01
1.343310939672529014e-01
1.337311279877848869e-01
1.312819689157000425e-01
1.348403266248819343e-01
1.348758515003574687e-01
1.344404673091459390e-01
1.344303103635869912e-01
1.318075949281189152e-01
1.258273651915489399e-01
1.312488620340496459e-01
1.345956766965878404e-01
1.332574934759761520e-01
1.346736120879097054e-01
1.358029732837774395e-01
1.358307252522310549e-01
1.362585272820308890e-01
1.362561380814998890e-01
1.352930269683003672e-01
1.317813352446318698e-01
1.288346493031053697e-01
1.278336802719179932e-01
1.302086575803522994e-01
1.323333628829032327e-01
1.325444309690322064e-01
1.350613883413734062e-01
1.349366685188546078e-01
1.363107366379220642e-01
