3.664331334096437307e-07
4.132822970680328657e-07
2.472689945194529276e-07
3.495038510288332063e-07
5.122560076965682679e-07
4.138538277192570501e-07
2.484913395652551127e-07
3.472347819958327059e-07
5.140544542543833014e-07
4.150745015262708801e-07
2.481726921845991338e-07
3.495038510288331004e-07
5.147698596403454346e-07
4.160069044931726217e-07
2.479159809491913029e-07
3.482996300574703880e-07
5.162806004402902347e-07
4.148298970115295608e-07
2.480448773091104325e-07
3.495038510288331004e-07
5.123274687243021705e-07
4.134383460250253871e-07
2.482110811906967370e-07
3.495038510288379708e-07
5.125370399207645859e-07
4.133635248232768117e-07
2.487500837952139438e-07
3.483938270542528545e-07
5.127817399494726073e-07
4.143665932676874517e-07
2.494489514259964869e-07
3.495038510288340533e-07
4.902089423222762573e-07
4.165639607360196288e-07
2.494489514259964869e-07
3.495038510288341592e-07
8.673996319860712845e-01
7.560607765305377148e-01
1.979237372287770969e-01
1.412627316371420361e-01
6.107182793988965575e-01
7.604516581143128118e-01
1.972779095120270887e-01
1.404761833254814241e-01
6.141026460985086199e-01
7.571249597267774023e-01
1.973461232562550571e-01
1.407489736019357229e-01
6.142651039829783999e-01
7.598258707338163553e-01
1.973615262955220606e-01
1.404971579471258614e-01
6.152387949184507931e-01
7.579241965212604182e-01
1.972231043611946122e-01
1.406883009712930344e-01
6.110105212149883336e-01
7.585868730968586826e-01
1.973302982159115815e-01
1.412627316371412589e-01
6.115716164870361737e-01
7.595566222660435907e-01
1.970509204044250673e-01
1.412627316371412589e-01
6.125980251723972536e-01
7.630135946120623069e-01
1.972511262646244878e-01
1.412627316371415087e-01
6.128037031867763496e-01
7.630135946120623069e-01
1.979237372287787622e-01
1.412627316371415087e-01
1.746366943323703598e-05
