1.327303109999638356e-06
1.328676156141866573e-06
1.327303109999638356e-06
1.327303109999638356e-06
1.328676156141866573e-06
1.327303109999638356e-06
1.330052045957015075e-06
1.328676156141866573e-06
1.328676156141866573e-06
1.331430788288405141e-06
1.331430788288405141e-06
1.327303109999638356e-06
1.328676156141866573e-06
1.332812392016063374e-06
1.330052045957015075e-06
1.330052045957015075e-06
1.330052045957015075e-06
1.330052045957015075e-06
1.331430788288405141e-06
1.328676156141866573e-06
1.328676156141866573e-06
1.331430788288405141e-06
1.330052045957015075e-06
1.328676156141866573e-06
1.328676156141866573e-06
1.328676156141866573e-06
1.330052045957015075e-06
1.327303109999638356e-06
1.328676156141866573e-06
1.330052045957015075e-06
1.328676156141866573e-06
1.327303109999638356e-06
1.327303109999638356e-06
1.327303109999638356e-06
1.328676156141866573e-06
1.327303109999638356e-06
1.327303109999638356e-06
1.328676156141866573e-06
1.327303109999638356e-06
1.327303109999638356e-06
1.328676156141866573e-06
1.327303109999638356e-06
1.328676156141866573e-06
1.328676156141866573e-06
1.328676156141866573e-06
1.330052045957015075e-06
1.328676156141866573e-06
1.328676156141866573e-06
1.328676156141866573e-06
1.330052045957015075e-06
1.328676156141866573e-06
1.328676156141866573e-06
1.328676156141866573e-06
1.330052045957015075e-06
1.328676156141866573e-06
1.328676156141866573e-06
1.328676156141866573e-06
1.330052045957015075e-06
1.328676156141866573e-06
1.328676156141866573e-06
1.327303109999638356e-06
1.328676156141866573e-06
1.328676156141866573e-06
1.328676156141866573e-06
1.327303109999638356e-06
1.328676156141866573e-06
1.327303109999638356e-06
1.328676156141866573e-06
1.327303109999638356e-06
1.328676156141866573e-06
1.327303109999638356e-06
1.327303109999638356e-06
1.327303109999638356e-06
1.327303109999638356e-06
1.330052045957015075e-06
1.327303109999638356e-06
1.328676156141866573e-06
1.330052045957015075e-06
1.325932898723527278e-06
1.324565513543057953e-06
1.331430788288405141e-06
1.328676156141866573e-06
1.330052045957015075e-06
1.327303109999638356e-06
1.325932898723527278e-06
1.327303109999638356e-06
1.330052045957015075e-06
1.331430788288405141e-06
1.325932898723527278e-06
1.325932898723527278e-06
1.330052045957015075e-06
1.331430788288405141e-06
1.327303109999638356e-06
1.331430788288405141e-06
1.327303109999638356e-06
1.324565513543057953e-06
1.330052045957015075e-06
1.331430788288405141e-06
1.327303109999638356e-06
1.330052045957015075e-06
1.327303109999638356e-06
1.331430788288405141e-06
1.328676156141866573e-06
1.327303109999638356e-06
1.328676156141866573e-06
1.327303109999638356e-06
1.327303109999638356e-06
1.325932898723527278e-06
1.327303109999638356e-06
1.327303109999638356e-06
1.328676156141866573e-06
1.328676156141866573e-06
1.324565513543057953e-06
1.330052045957015075e-06
1.328676156141866573e-06
1.327303109999638356e-06
1.330052045957015075e-06
1.325932898723527278e-06
1.328676156141866573e-06
1.325932898723527278e-06
1.328676156141866573e-06
1.327303109999638356e-06
1.330052045957015075e-06
1.330052045957015075e-06
1.328676156141866573e-06
1.328676156141866573e-06
1.330052045957015075e-06
1.330052045957015075e-06
1.325932898723527278e-06
1.327303109999638356e-06
1.330052045957015075e-06
1.327303109999638356e-06
1.328676156141866573e-06
1.330052045957015075e-06
1.328676156141866573e-06
1.328676156141866573e-06
1.327303109999638356e-06
1.327303109999638356e-06
1.328676156141866573e-06
1.327303109999638356e-06
1.330052045957015075e-06
1.327303109999638356e-06
1.327303109999638356e-06
1.328676156141866573e-06
1.328676156141866573e-06
1.328676156141866573e-06
1.328676156141866573e-06
1.327303109999638356e-06
1.328676156141866573e-06
1.328676156141866573e-06
1.328676156141866573e-06
1.327303109999638356e-06
1.328676156141866573e-06
1.328676156141866573e-06
1.328676156141866573e-06
1.328676156141866573e-06
1.327303109999638356e-06
1.327303109999638356e-06
1.327303109999638356e-06
1.328676156141866573e-06
1.328676156141866573e-06
1.325932898723527278e-06
1.330052045957015075e-06
1.328676156141866573e-06
1.328676156141866573e-06
1.327303109999638356e-06
1.330052045957015075e-06
1.327303109999638356e-06
1.327303109999638356e-06
1.328676156141866573e-06
1.330052045957015075e-06
1.327303109999638356e-06
1.328676156141866573e-06
1.328676156141866573e-06
1.328676156141866573e-06
1.327303109999638356e-06
1.328676156141866573e-06
1.328676156141866573e-06
1.327303109999638356e-06
1.330052045957015075e-06
1.327303109999638356e-06
1.325932898723527278e-06
1.328676156141866573e-06
1.328676156141866573e-06
1.327303109999638356e-06
1.328676156141866573e-06
1.328676156141866573e-06
1.328676156141866573e-06
1.328676156141866573e-06
1.328676156141866573e-06
1.327303109999638356e-06
1.328676156141866573e-06
1.328676156141866573e-06
1.328676156141866573e-06
1.328676156141866573e-06
1.327303109999638356e-06
1.327303109999638356e-06
1.327303109999638356e-06
1.327303109999638356e-06
1.328676156141866573e-06
1.328676156141866573e-06
1.325932898723527278e-06
1.327303109999638356e-06
1.328676156141866573e-06
1.328676156141866573e-06
1.327303109999638356e-06
1.327303109999638356e-06
1.327303109999638356e-06
1.328676156141866573e-06
