1.126000000000000112e+00 9.966313673106381721e-01
1.126987992296117014e+00 1.003201827459915263e+00
1.127977719913760390e+00 9.909101090292304903e-01
1.128969187428857879e+00 9.656726294599308202e-01
1.129962399433440456e+00 9.385599635414636488e-01
1.130957360535711942e+00 9.210197640857824553e-01
1.131954075360122047e+00 9.203594745583074666e-01
1.132952548547436100e+00 9.370540176736313898e-01
1.133952784754808318e+00 9.645043114619958891e-01
1.134954788655853974e+00 9.912162452800850065e-01
1.135958564940721782e+00 1.005159073123308211e+00
1.136964118316167838e+00 9.993036082873617554e-01
1.137971453505628228e+00 9.757503665404214654e-01
1.138980575249294080e+00 9.453871771256323608e-01
1.139991488304184397e+00 9.224898965637053916e-01
1.141004197444223101e+00 9.174445089165487177e-01
1.142018707460311200e+00 9.320380051087567841e-01
1.143035023160405395e+00 9.594248587914830928e-01
1.144053149369591793e+00 9.877364473349830032e-01
1.145073090930163184e+00 1.005114886996900214e+00
1.146094852701695865e+00 1.004373306613536743e+00
1.147118439561126468e+00 9.858880296553946820e-01
1.148143856402830121e+00 9.575831473243000547e-01
1.149171108138697273e+00 9.317618046899683870e-01
1.150200199698214076e+00 9.198913837744482347e-01
1.151231136028538549e+00 9.274071271217595447e-01
1.152263922094582727e+00 9.508627305985620781e-01
1.153298562879090827e+00 9.792152506485343189e-01
1.154335063382718740e+00 9.991982588092398476e-01
1.155373428624115739e+00 1.002051310543713880e+00
1.156413663640005973e+00 9.875800122970564976e-01
1.157455773485268402e+00 9.633513584947009933e-01
1.158499763233019175e+00 9.402834420523911163e-01
1.159545637974695120e+00 9.276909631747528584e-01
1.160593402820134123e+00 9.299556580503665071e-01
1.161643062897660617e+00 9.453615099510945807e-01
1.162694623354169066e+00 9.670056374792802556e-01
1.163748089355205462e+00 9.855764607067695193e-01
1.164803466085055916e+00 9.931765373837341260e-01
1.165860758746828818e+00 9.866317501728644190e-01
1.166919972562540542e+00 9.687928853190624912e-01
1.167981112773203378e+00 9.472167461563325563e-01
1.169044184638909245e+00 9.307550531340280653e-01
1.170109193438919171e+00 9.256210849888453218e-01
1.171176144471748781e+00 9.329288766162737723e-01
1.172245043055257785e+00 9.488167280963815120e-01
1.173315894526736125e+00 9.665017396395988447e-01
1.174388704242995241e+00 9.787202756474923104e-01
1.175463477580455329e+00 9.798256611852991238e-01
1.176540219935237941e+00 9.677928518630100063e-01
1.177618936723252130e+00 9.458039380969867072e-01
1.178699633380288825e+00 9.218856204802593490e-01
1.179782315362111200e+00 9.055981682477458605e-01
1.180866988144545493e+00 9.031635940720770250e-01
1.181953657223574483e+00 9.140835892651187899e-01
1.183042328115429642e+00 9.313677912683190341e-01
1.184133006356684392e+00 9.450404637913580874e-01
1.185225697504348696e+00 9.468416953825251614e-01
1.186320407135962984e+00 9.338204579239897107e-01
1.187417140849692743e+00 9.093142619461681564e-01
1.188515904264424883e+00 8.810707233176354736e-01
1.189616703019862110e+00 8.575603719988367235e-01
1.190719542776621509e+00 8.441998269483116379e-01
1.191824429216329584e+00 8.409437106043797794e-01
1.192931368041720619e+00 8.420492168972660840e-01
1.194040364976735713e+00 8.382716351227875728e-01
1.195151425766620035e+00 8.209697434996809928e-01
1.196264556178022742e+00 7.863520876663214754e-01
1.197379761999095793e+00 7.374231032316136414e-01
1.198497049039596751e+00 6.823661777721835575e-01
1.199616423130986265e+00 6.305369929363258130e-01
1.200737890126532648e+00 5.886831479923301247e-01
1.201861455901411802e+00 5.591813679292606531e-01
1.202987126352810021e+00 5.401964492655204619e-01
1.204114907400029022e+00 5.267677199811696687e-01
1.205244804984587415e+00 5.123613109032162383e-01
1.206376825070326175e+00 4.910421190399901770e-01
1.207510973643513230e+00 4.599598946909651542e-01
1.208647256712948925e+00 4.208419344423595665e-01
1.209785680310073053e+00 3.791661013408504366e-01
1.210926250489070988e+00 3.412714867412048880e-01
1.212068973326979604e+00 3.114048829091757287e-01
1.213213854923797186e+00 2.906604437040046784e-01
1.214360901402591786e+00 2.778495698387091206e-01
1.215510118909608916e+00 2.707005659448427082e-01
1.216661513614383239e+00 2.662550311257837476e-01
1.217815091709847364e+00 2.610131274272918245e-01
1.218970859412443097e+00 2.518877577853866345e-01
1.220128822962234905e+00 2.377370421365010422e-01
1.221288988623019378e+00 2.200713297577186478e-01
1.222451362682440701e+00 2.021385296641290408e-01
1.223615951452102335e+00 1.871500726377679502e-01
1.224782761267683151e+00 1.769854407132802898e-01
1.225951798489049782e+00 1.719240926839379346e-01
1.227123069500375196e+00 1.710679634981320529e-01
1.228296580710252384e+00 1.730041329541504025e-01
1.229472338551812483e+00 1.764964223997489701e-01
1.230650349482842243e+00 1.810024272716851679e-01
1.231830619985901931e+00 1.867393435502776033e-01
1.233013156568444346e+00 1.942154779941552556e-01
1.234197965762934945e+00 2.034923216381339939e-01
1.235385054126971083e+00 2.136399963770042876e-01
1.236574428243403911e+00 2.228078020999068320e-01
1.237766094720459620e+00 2.290437744562913436e-01
1.238960060191861778e+00 2.314744652499256816e-01
1.240156331316954574e+00 2.310466013807363772e-01
1.241354914780826935e+00 2.302757570614471783e-01
1.242555817294437093e+00 2.322672928386751989e-01
1.243759045594736268e+00 2.397942108264508598e-01
1.244964606444796784e+00 2.548371187709543295e-01
1.246172506633937749e+00 2.782801102972101703e-01
1.247382752977852505e+00 3.094065942052110496e-01
1.248595352318737195e+00 3.454871961621338028e-01
1.249810311525418882e+00 3.821437933383503571e-01
1.251027637493486333e+00 4.146917310879557061e-01
1.252247337145420136e+00 4.398152374689658362e-01
1.253469417430722599e+00 4.566339375236020959e-01
1.254693885326052527e+00 4.666884640607185664e-01
1.255920747835354900e+00 4.730418119250633380e-01
1.257150011989997207e+00 4.790020202161637264e-01
1.258381684848900894e+00 4.869224921765943348e-01
1.259615773498678593e+00 4.974403964031814396e-01
1.260852285053770450e+00 5.094584309222900398e-01
1.262091226656578691e+00 5.209517029851485903e-01
1.263332605477606396e+00 5.302180012057660097e-01
1.264576428715595835e+00 5.368279092497310057e-01
1.265822703597668353e+00 5.416813540957838846e-01
1.267071437379462040e+00 5.461833017464730045e-01
1.268322637345275172e+00 5.511166090999832790e-01
1.269576310808206099e+00 5.559230430350196039e-01
1.270832465110296461e+00 5.588257608648664609e-01
1.272091107622674411e+00 5.577558479086165422e-01
1.273352245745698719e+00 5.515735092867092293e-01
1.274615886909103546e+00 5.408287965319605872e-01
1.275882038572145216e+00 5.275046408237498152e-01
1.277150708223747877e+00 5.137501541878105593e-01
1.278421903382652269e+00 5.001833452349448983e-01
1.279695631597562944e+00 4.846742014267266807e-01
1.280971900447299028e+00 4.625587750895130412e-01
1.282250717540943441e+00 4.287538126590933474e-01
1.283532090517995217e+00 3.810131935020568683e-01
1.284816027048520271e+00 3.222547944105880746e-01
1.286102534833305722e+00 2.599892200205596859e-01
1.287391621604013325e+00 2.029359816869518163e-01
1.288683295123334016e+00 1.571932075425327147e-01
1.289977563185144005e+00 1.244790150550242752e-01
1.291274433614661987e+00 1.029049170765429788e-01
1.292573914268606350e+00 8.882785485416228033e-02
1.293876013035353711e+00 7.835796708908540631e-02
1.295180737835098794e+00 6.829491429444604911e-02
1.296488096620015629e+00 5.681817721599592697e-02
1.297798097374417203e+00 4.384938192772944859e-02
1.299110748114920444e+00 3.073628146729199054e-02
1.300426056890607862e+00 1.932937844951305648e-02
1.301744031783193201e+00 1.100427472093143746e-02
1.303064680907186412e+00 6.127648957159373758e-03
1.304388012410060194e+00 4.096313802960527793e-03
1.305714034472417628e+00 3.813568024265810534e-03
1.307042755308160942e+00 4.319343565941130558e-03
1.308374183164660698e+00 5.201464106441978756e-03
1.309708326322927663e+00 6.541068050833756184e-03
1.311045193097781558e+00 8.492914287360566611e-03
1.312384791838027587e+00 1.084815792492967342e-02
1.313727130926627851e+00 1.287757017689935765e-02
1.315072218780876323e+00 1.357472462195152829e-02
1.316420063852575595e+00 1.223826391746230154e-02
1.317770674628213401e+00 9.065397990748010754e-03
1.319124059629140922e+00 5.222684939932261371e-03
1.320480227411752194e+00 2.149559658661343887e-03
1.321839186567663527e+00 5.925891737720360682e-04
1.323200945723896238e+00 2.453208268815702570e-04
1.324565513543057849e+00 2.945702480579187902e-04
1.325932898723527265e+00 2.428624270486873129e-04
1.327303109999638409e+00 1.829520630199776702e-04
1.328676156141866516e+00 4.070482982657479525e-04
1.330052045957015094e+00 9.278297758525016255e-04
1.331430788288405109e+00 1.426416490752647299e-03
1.332812392016063274e+00 1.573123200024176098e-03
1.334196866056913677e+00 1.311190050181918788e-03
1.335584219364968961e+00 8.504598486053136473e-04
1.336974460931523057e+00 4.873581359036033853e-04
1.338367599785346362e+00 5.050122981804266347e-04
1.339763644992881142e+00 1.190844585097980846e-03
1.341162605658436702e+00 2.757293966879375679e-03
1.342564490924390119e+00 5.067964711961503096e-03
1.343969309971381643e+00 7.473011300487675430e-03
1.345377072018519193e+00 9.146776216210938601e-03
1.346787786323576430e+00 9.790744697028293253e-03
1.348201462183198140e+00 1.000014491169847614e-02
1.349618108933102745e+00 1.080238317820439616e-02
1.351037735948290130e+00 1.273197780318008343e-02
1.352460352643244823e+00 1.531060881550916353e-02
1.353885968472148260e+00 1.738034430785998299e-02
1.355314592929085071e+00 1.793452210956896983e-02
1.356746235548255131e+00 1.675351138072404128e-02
1.358180905904185831e+00 1.444444816015675627e-02
1.359618613611944804e+00 1.197634189242774080e-02
1.361059368327355079e+00 1.012098100562786561e-02
1.362503179747211357e+00 9.217787004501081655e-03
1.363950057609498057e+00 9.359814821705669807e-03
1.365400011693606253e+00 1.067152977480047803e-02
1.366853051820556830e+00 1.326876837400920925e-02
1.368309187853220088e+00 1.690765366325086561e-02
1.369768429696540002e+00 2.075971585174671633e-02
1.371230787297757381e+00 2.365469844476143432e-02
1.372696270646638572e+00 2.464598277156241496e-02
1.374164889775699727e+00 2.346376633933392256e-02
1.375636654760438393e+00 2.056721943111937401e-02
1.377111575719562442e+00 1.681756893729097202e-02
1.378589662815221883e+00 1.300461096991388336e-02
1.380070926253243568e+00 9.535591832174240487e-03
1.381555376283364778e+00 6.495892390343848896e-03
1.383043023199470367e+00 3.976116663061626463e-03
1.384533877339829910e+00 2.279141912275757260e-03
1.386027949087338174e+00 1.742500673346239135e-03
1.387525248869755812e+00 2.363167946198221989e-03
1.389025787159951619e+00 3.667396605729994659e-03
1.390529574476147223e+00 5.028436672623141056e-03
1.392036621382161998e+00 6.188292188542554584e-03
1.393546938487661091e+00 7.532148560898782944e-03
1.395060536448405220e+00 9.827042805039367876e-03
1.396577425966499586e+00 1.353416975975042617e-02
1.398097617790646341e+00 1.819895606888080608e-02
1.399621122716400601e+00 2.247916874223595748e-02
1.401147951586422913e+00 2.489327323155162211e-02
1.402678115290738603e+00 2.471764352385100172e-02
1.404211624766996236e+00 2.233096658057436013e-02
1.405748491000727851e+00 1.885957661870890645e-02
1.407288725025611198e+00 1.557273766244441152e-02
1.408832337923734634e+00 1.348421720059765454e-02
1.410379340825861805e+00 1.322558658746773516e-02
1.411929744911700313e+00 1.502818670218038916e-02
1.413483561410169731e+00 1.871250554145198822e-02
1.415040801599673825e+00 2.367788948940656446e-02
1.416601476808373228e+00 2.892828070714866320e-02
1.418165598414459661e+00 3.324554354516137677e-02
1.419733177846432826e+00 3.561103334613757027e-02
1.421304226583378183e+00 3.572219825911518432e-02
1.422878756155248059e+00 3.420191156053611903e-02
1.424456778143142976e+00 3.225662942355316670e-02
1.426038304179596539e+00 3.100353069200041667e-02
1.427623345948860090e+00 3.092980561266310546e-02
1.429211915187190263e+00 3.176360355366638494e-02
1.430804023683140525e+00 3.273656196804745205e-02
1.432399683277851388e+00 3.306124809694237915e-02
1.433998905865343287e+00 3.237413120117882404e-02
1.435601703392814343e+00 3.089273848905762371e-02
1.437208087860935457e+00 2.924144712933853668e-02
1.438818071324151404e+00 2.819344871077650305e-02
1.440431665890981705e+00 2.857326672036507309e-02
1.442048883724324604e+00 3.123396112993396742e-02
1.443669737041762158e+00 3.684067555653718767e-02
1.445294238115867769e+00 4.542937714152912171e-02
1.446922399274517490e+00 5.602627529621305447e-02
1.448554232901199557e+00 6.663238071793910200e-02
1.450189751435329688e+00 7.470628132694126511e-02
1.451828967372567725e+00 7.812109338292407001e-02
1.453471893265134263e+00 7.630930585861686599e-02
1.455118541722132175e+00 7.092394883652160253e-02
1.456768925409868798e+00 6.532468461490914535e-02
1.458423057052181004e+00 6.291014304181709316e-02
1.460080949430762276e+00 6.524614341883054613e-02
1.461742615385490884e+00 7.116775994284085805e-02
1.463408067814762958e+00 7.737150154472807739e-02
1.465077319675824219e+00 8.010930553703705936e-02
1.466750383985108819e+00 7.705655946624255515e-02
1.468427273818574630e+00 6.838496285462174196e-02
1.470108002312046080e+00 5.649749374105497712e-02
1.471792582661556104e+00 4.466456508455499130e-02
1.473481028123691416e+00 3.546468637067332064e-02
1.475173352015941353e+00 2.991141443178910869e-02
1.476869567717046916e+00 2.750381632905742058e-02
1.478569688667353610e+00 2.685130952581698052e-02
1.480273728369166264e+00 2.642344396801811143e-02
1.481981700387106970e+00 2.513710884068234147e-02
1.483693618348475241e+00 2.261747864747570141e-02
1.485409495943609492e+00 1.910647260908571524e-02
1.487129346926251872e+00 1.519023239644540398e-02
1.488853185113917732e+00 1.155921513340608595e-02
1.490581024388262232e+00 8.831262986989437541e-03
1.492312878695457590e+00 7.360904589833483849e-03
1.494048762046563450e+00 7.096670675306166257e-03
1.495788688517908360e+00 7.646534046568902350e-03
1.497532672251467467e+00 8.535438481396305857e-03
1.499280727455248874e+00 9.437879174407411836e-03
1.501032868403676668e+00 1.023758048396079291e-02
1.502789109437979942e+00 1.095099843836771190e-02
1.504549464966586036e+00 1.158694741566328353e-02
1.506313949465511781e+00 1.199937085183990122e-02
1.508082577478762509e+00 1.188327356048892239e-02
1.509855363618730850e+00 1.105762991653910614e-02
1.511632322566598186e+00 9.878772771520775292e-03
1.513413469072741879e+00 9.362223384125912748e-03
1.515198817957142063e+00 1.078715664187196444e-02
1.516988384109793087e+00 1.502093325694351528e-02
1.518782182491116739e+00 2.198458768831688948e-02
1.520580228132380585e+00 3.050285981071309757e-02
1.522382536136117182e+00 3.860062659261673246e-02
1.524189121676545966e+00 4.421598570302891218e-02
1.526000000000000023e+00 4.609458809070123703e-02
