4.889408715097124712e-08
4.889408715097124712e-08
4.889408715097124712e-08
4.889408715097167063e-08
4.889408715097124712e-08
4.889408715097124712e-08
4.889408715097124712e-08
4.889408715097124712e-08
4.889408715097124712e-08
4.889408715097124712e-08
4.889408715097124712e-08
4.889408715097124712e-08
4.889408715097124712e-08
4.889408715097124712e-08
4.889408715097124712e-08
4.889408715097124712e-08
4.889408715097124712e-08
4.889408715097124712e-08
4.889408715097124712e-08
4.889408715097124712e-08
4.889408715097124712e-08
4.889408715097124712e-08
4.889408715097124712e-08
4.889408715097124712e-08
4.889408715097124712e-08
4.889408715097124712e-08
4.889408715097124712e-08
4.889408715097124712e-08
4.889408715097124712e-08
4.889408715097124712e-08
4.889408715097124712e-08
4.889408715097124712e-08
4.889408715097124712e-08
4.889408715097124712e-08
4.889408715097124712e-08
4.889408715097124712e-08
4.889408715097124712e-08
4.889408715097124712e-08
4.889408715097124712e-08
4.889408715097167063e-08
4.889408715097124712e-08
4.889408715097124712e-08
4.889408715097124712e-08
4.889408715097124712e-08
4.889408715097124712e-08
4.889408715097124712e-08
4.889408715097124712e-08
4.889408715097124712e-08
4.889408715097124712e-08
4.889408715097124712e-08
4.889408715097124712e-08
4.889408715097124712e-08
4.889408715097124712e-08
4.889408715097124712e-08
4.889408715097124712e-08
4.889408715097124712e-08
4.889408715097124712e-08
4.889408715097124712e-08
4.889408715097124712e-08
4.889408715097124712e-08
4.889408715097124712e-08
4.889408715097124712e-08
4.889408715097124712e-08
4.889408715097124712e-08
4.889408715097124712e-08
4.889408715097124712e-08
4.889408715097124712e-08
4.889408715097124712e-08
4.889408715097124712e-08
4.889408715097124712e-08
4.889408715097124712e-08
4.889408715097124712e-08
4.889408715097124712e-08
4.889408715097124712e-08
4.902813530508550555e-08
4.903181043984716056e-08
4.903558640668295463e-08
4.903946597608344528e-08
4.904345199488561802e-08
4.904754738838913856e-08
4.891378177241439053e-08
4.904808776024146631e-08
4.891078696216869149e-08
4.901625967183365845e-08
4.905188419258673547e-08
4.891845339959151568e-08
4.901404257001984624e-08
4.889370154987321068e-08
4.903122477879429489e-08
4.905510446933705006e-08
4.654321518645525930e-08
4.876242248052507225e-08
4.901747845822961919e-08
4.877333117389733879e-08
4.900873073071392834e-08
4.892565116330215080e-08
4.889815087742847345e-08
4.878502135786416072e-08
4.899958231206234430e-08
4.880723532480808505e-08
4.898283652060170585e-08
4.879755881770745166e-08
4.891815773320947584e-08
4.876080666649494864e-08
4.901115858664710349e-08
4.901712899931560355e-08
4.898890874288331123e-08
4.892304864230981156e-08
4.892383929012003427e-08
4.892465144300421452e-08
4.880008430866101012e-08
4.898848446349983383e-08
4.892472450580053742e-08
4.881728477915120162e-08
4.892056249053155432e-08
4.892128411173346900e-08
4.889759557017816259e-08
4.892137930984386810e-08
4.889760790634745771e-08
4.891732664551237936e-08
4.890062346479842876e-08
4.892154191171718955e-08
4.889084087526507764e-08
4.889520314440942025e-08
4.882459930214294879e-08
4.896743192571876714e-08
4.892090676493727813e-08
4.883056113480654888e-08
4.891746210261828202e-08
4.891809798964066777e-08
4.889718971810135907e-08
4.891818187255958527e-08
4.659148461997771781e-08
4.882221871401129535e-08
4.883968806202781151e-08
4.895102591230308015e-08
4.891091159837300718e-08
4.891128521601585642e-08
4.889936802629436255e-08
4.890719019633136816e-08
4.883996197130171680e-08
4.660149948945398347e-08
4.879298362313017383e-08
4.898565013087521980e-08
4.891532175708883934e-08
4.891589729103100777e-08
4.879518241391368059e-08
4.890942840036819032e-08
4.881023306837745247e-08
4.891477904335079945e-08
4.661915976606207987e-08
4.879683767845619313e-08
4.898362860733664981e-08
4.885782195394134205e-08
4.646830460307309914e-08
4.663298934156322808e-08
4.884313559773302838e-08
4.884243772454328632e-08
4.875880388982918778e-08
4.884983772107324689e-08
4.664729674164503099e-08
4.883952482668253706e-08
4.888707912260841118e-08
4.665552366416337907e-08
4.884542331387234421e-08
4.880929673048197363e-08
4.889970749690682645e-08
4.877647372380746234e-08
4.868642744342179136e-08
4.899067656001733626e-08
4.864903535629206340e-08
4.891977736333718720e-08
4.882878532470427780e-08
4.667526857859405036e-08
4.882515909114574445e-08
4.882327116727893222e-08
4.670004727666238757e-08
4.881933881900947478e-08
4.886687250310850916e-08
4.884523511575090072e-08
4.671829439936432466e-08
4.878094806992648913e-08
4.673517063331095971e-08
4.654457182004225872e-08
4.655666076117013927e-08
4.676502789064155267e-08
4.670210866763930161e-08
4.662752678023729899e-08
4.678647466614878186e-08
4.874488547959874060e-08
4.869214279566758799e-08
4.895228700005731637e-08
4.659150820770944570e-08
4.659059340536105965e-08
4.655064989779663931e-08
4.663435107425694519e-08
4.656987842919728564e-08
4.877821689263017122e-08
4.877663043661677300e-08
4.877504400243584752e-08
4.857723230503148663e-08
4.855498751656852826e-08
4.857418102886611209e-08
4.716121664314242621e-08
4.877117719979618667e-08
4.869774028014407729e-08
4.689774279558540146e-08
4.691190169232545159e-08
4.679686175774965021e-08
