1.875486660342139903e-03
3.818677842120518640e-02
1.976818851775774457e-03
2.066698199925938798e-02
1.352578143927943288e-02
1.434951958629875632e-03
1.369430960363672524e-03
2.279082841197431486e-02
3.634462517795621073e-02
4.378783552601422241e-02
5.388553558069969496e-02
4.740782307415659924e-02
6.161211988700791148e-02
2.722509167114533363e-02
2.153900346312347461e-02
3.902017772757807729e-02
2.661296013977948460e-02
4.320260514966126064e-02
3.229268236774979206e-02
4.834505056196428119e-02
4.585048721366374869e-02
5.098561518734587295e-02
4.354008307789878490e-02
4.819580011373358203e-02
5.623925688012001989e-02
5.362005957404678003e-02
6.920042511160595135e-03
6.587869448034756881e-02
6.923056459791233908e-02
6.675804069171492605e-02
6.744676318853580488e-02
7.114445302485657152e-02
6.995673980985531171e-02
7.817063180534257472e-02
5.796677154936291654e-02
6.710165493823817828e-02
6.391013436734438447e-02
6.509884246008319775e-02
5.412166960123853537e-02
6.864249696220352248e-02
5.872267148415614285e-02
6.295636463430698271e-02
5.132355325924913697e-02
6.789445158759785381e-02
5.686121527957014449e-02
6.785540239422642450e-02
6.112561883063344359e-02
6.714864242783628867e-02
5.772382657012360696e-02
6.635345448674506708e-02
6.226890448151489038e-02
6.726544619049744378e-02
7.290153530726242725e-02
7.443859486394363567e-02
6.079831179043506534e-02
7.058846963095716243e-02
6.565239580857981649e-02
6.882342986672627949e-02
6.629251903467860141e-02
6.913551717672661301e-02
7.157126796630941534e-02
6.382883333565234074e-02
7.013032844050060000e-02
6.875502340574421445e-02
6.949941407348235456e-02
7.248522220831912777e-02
6.963629925006492583e-02
6.980239049087454128e-02
6.597986728361845965e-02
7.138880297164927613e-02
6.671029166048496328e-02
7.033053994011712051e-02
6.970555682095008754e-02
7.205131231427579219e-02
7.203427891853404763e-02
6.643277158244469127e-02
6.193553521078636048e-02
7.075008574920763071e-02
7.156632424616023169e-02
6.726332831466179385e-02
7.170102781968025474e-02
6.640750021417823890e-02
6.982918912096679198e-02
7.000630232222339322e-02
6.868714503556101747e-02
7.112424683135838699e-02
6.974519232094951449e-02
7.048036020655647216e-02
6.755787791991642310e-02
6.978049881885643735e-02
7.149036046491855090e-02
6.984967848864423456e-02
6.803550019034730612e-02
6.963087947211189788e-02
7.040986510147241584e-02
7.003636717220874941e-02
6.786134988257938594e-02
6.953450776168798586e-02
6.821110688841201808e-02
6.902798368042720178e-02
6.918328175798041380e-02
6.912081783558038373e-02
6.961526272632463652e-02
6.927729463688929445e-02
6.965151668552709008e-02
6.849919414256507022e-02
7.093382811544431121e-02
6.924017009038824222e-02
6.872882191628310045e-02
6.959367602635187222e-02
6.935527190221382754e-02
6.968409655306613548e-02
6.952913860679196811e-02
7.084902040620325026e-02
7.074050456243069496e-02
6.934141588364943487e-02
6.941169147112984106e-02
6.960325175699969003e-02
7.018455331721813739e-02
6.861062280209434538e-02
6.938715281397180024e-02
6.893367723446838791e-02
6.951222583213560735e-02
6.769406904400428193e-02
7.006949235566452272e-02
6.979653771373518778e-02
6.983614350358587075e-02
6.933826486523851640e-02
6.845650277443025844e-02
7.046780131696499250e-02
7.030553518937070201e-02
6.829680508501807801e-02
6.969121014013483772e-02
7.000689307635400704e-02
6.993125801595205526e-02
7.039731983924445158e-02
6.782939288781472675e-02
7.029467376255253697e-02
6.983020926433895770e-02
6.992711647639163197e-02
6.985637972223004977e-02
6.779002320194389697e-02
6.978242820267625823e-02
6.964136545772840747e-02
6.975060468494800880e-02
6.938334310685265183e-02
7.012411570685063433e-02
7.021347224834742495e-02
6.950531210970238571e-02
6.985483522437484216e-02
6.962242526008514953e-02
6.809174111772925420e-02
6.981263403752367702e-02
7.025290036185846687e-02
6.974367426595241837e-02
6.959339741043289729e-02
6.948866211178922336e-02
7.008855209766745586e-02
6.899062847631030893e-02
6.891509341635553010e-02
7.026991624774479861e-02
6.973878750595474685e-02
6.947550668663025897e-02
6.981342420899457057e-02
7.008944644364219212e-02
6.929762503511156801e-02
6.974441696822243630e-02
6.978706408743354239e-02
6.985889832781572162e-02
7.001725425572580264e-02
7.002482595313760938e-02
6.945909638886284265e-02
7.027878535030386564e-02
7.017097224927415500e-02
6.964953367207664392e-02
6.999294154938121015e-02
6.951721829614655734e-02
6.981404780274060029e-02
6.964141277633208171e-02
6.943206376596124108e-02
6.946633876192846724e-02
6.974643316532160020e-02
6.965784056028273552e-02
6.994804458646057543e-02
6.987580565544722344e-02
6.938304214349776122e-02
6.945525806395393131e-02
7.007877960466746270e-02
7.003176553329241993e-02
6.984708112595869323e-02
6.964969751759672589e-02
6.979160196611780553e-02
6.963918494246397473e-02
6.970321563312505131e-02
6.971571837684145678e-02
6.991939474404625099e-02
7.037990742641285491e-02
6.988944299767213542e-02
6.973129133364014409e-02
6.978524382489607880e-02
7.012194572911577273e-02
6.941008253583832999e-02
6.968841888912591376e-02
7.041512323553333896e-02
7.012020322197483335e-02
7.007647095364077927e-02
7.007840883228805273e-02
6.971948535345756648e-02
6.938867949707658300e-02
6.968907236592841725e-02
7.008884766506998099e-02
7.003813930446525782e-02
7.013563260710183045e-02
6.989796476312974682e-02
6.961570048538069655e-02
7.003126244460150529e-02
6.981738836475072374e-02
6.974786085285158976e-02
7.018219812135438607e-02
6.992605970590247411e-02
6.991512980308603464e-02
7.036873286824503471e-02
6.980953629319461284e-02
6.984831052417393715e-02
6.984798011202199286e-02
7.014528832606090059e-02
7.017482182198038487e-02
6.970979670814343720e-02
6.996286376602789403e-02
6.978869806905146911e-02
7.018308284213334303e-02
6.984489988330062904e-02
7.005495586866948565e-02
6.997436165102403904e-02
7.021706692184412346e-02
7.014775494615116402e-02
7.021884516695997558e-02
6.955383599803623140e-02
6.969423079705558410e-02
7.042010896982858759e-02
7.041906575072329200e-02
7.041704357780761980e-02
7.042093808422481005e-02
6.987094108348930466e-02
7.016583773086117193e-02
7.008578350360590570e-02
7.038535259887918061e-02
7.001201080623070672e-02
7.021605931575919390e-02
7.043188511097013549e-02
7.025918638481633283e-02
