1.400000000000000148e-06 1.600000000000000033e-01 7.249999999999999778e-01 5.000000000000000000e-01 1.600000000000000266e-05
1.470000000000000113e-06 1.600000000000000033e-01 7.249999999999999778e-01 5.000000000000000000e-01 1.600000000000000266e-05
1.400000000000000148e-06 1.680000000000000104e-01 7.249999999999999778e-01 5.000000000000000000e-01 1.600000000000000266e-05
1.400000000000000148e-06 1.600000000000000033e-01 7.612499999999999822e-01 5.000000000000000000e-01 1.600000000000000266e-05
1.400000000000000148e-06 1.600000000000000033e-01 7.249999999999999778e-01 5.250000000000000222e-01 1.600000000000000266e-05
1.400000000000000148e-06 1.600000000000000033e-01 7.249999999999999778e-01 5.000000000000000000e-01 1.680000000000000517e-05
1.428000000000000134e-06 1.632000000000000395e-01 7.395000000000001572e-01 4.749999999999999778e-01 1.631999999999999960e-05
1.439200000000000129e-06 1.644800000000000428e-01 7.453000000000001846e-01 4.899999999999999911e-01 1.532800000000000300e-05
1.454879999999999698e-06 1.662720000000000031e-01 7.534200000000003117e-01 4.859999999999999876e-01 1.585919999999999886e-05
1.465855999999999438e-06 1.675264000000000197e-01 7.591040000000004451e-01 4.832000000000000739e-01 1.583104000000000081e-05
1.481222399999999837e-06 1.580825600000000108e-01 7.670616000000002321e-01 4.792799999999999283e-01 1.579161599999999677e-05
1.497466879999999351e-06 1.560990720000000331e-01 7.754739200000002608e-01 4.751360000000000028e-01 1.574993919999999288e-05
1.474511359999999732e-06 1.608355840000000592e-01 7.635862400000003047e-01 5.059919999999999973e-01 1.526026240000000276e-05
1.532315903999999805e-06 1.643698176000001065e-01 7.427707360000006531e-01 4.833887999999999519e-01 1.528436736000000245e-05
1.530362265599999187e-06 1.598457446400000925e-01 7.577090304000005938e-01 4.907443200000000116e-01 1.593891430400000189e-05
1.455153396480000006e-06 1.636690053120000710e-01 7.474715803200002728e-01 4.901302559999999864e-01 1.543491000320000331e-05
1.406381358591999930e-06 1.596756021248000035e-01 7.621186321279997955e-01 5.000521023999999759e-01 1.604276400128000550e-05
1.510277358553599764e-06 1.635483298918400941e-01 7.461566178224003920e-01 4.863048779199999894e-01 1.541708677222400383e-05
1.484808206013439312e-06 1.654647516815361541e-01 7.883520152569606365e-01 4.779628535680000567e-01 1.509396607016960033e-05
1.472591436052352090e-06 1.609563315442688325e-01 7.360866026699681708e-01 4.961434993743999988e-01 1.584144406227968395e-05
1.429456478459340593e-06 1.608796224506675587e-01 7.631673913735874670e-01 4.955934242297599379e-01 1.584662221396786986e-05
1.496133704537104472e-06 1.630813060896348921e-01 7.491335031938580746e-01 4.879303735242079831e-01 1.549225547452917954e-05
1.500972563755782306e-06 1.605238673415614881e-01 7.625171980255307513e-01 4.908880931594433172e-01 1.585173717152354222e-05
1.463171750753261782e-06 1.631186061671733301e-01 7.501045634184680955e-01 4.902628775029025388e-01 1.550785475765662110e-05
1.446807474185140933e-06 1.611264865949419978e-01 7.612436992415166914e-01 4.940209772267130095e-01 1.580063141344533720e-05
1.436942228114748014e-06 1.607355226960034134e-01 7.636657384510483482e-01 4.952390979672138815e-01 1.586230660122856534e-05
1.457348264396301476e-06 1.634885697225535728e-01 7.458539461319814157e-01 4.711709416416061114e-01 1.624877209335265588e-05
1.471507818269352664e-06 1.612998565014469310e-01 7.604830885730969880e-01 4.998983147872810839e-01 1.543325159633671706e-05
1.468264351704043569e-06 1.543071363231324211e-01 7.508878215612198037e-01 5.006422675565185276e-01 1.551887913188733348e-05
1.459798081912367678e-06 1.582175266904090327e-01 7.798257064477525091e-01 4.894982754549659920e-01 1.537944909745071151e-05
1.457239411084370542e-06 1.576697657196370894e-01 7.885735272033094212e-01 4.881692306710790907e-01 1.528705010448491703e-05
1.442597390729667237e-06 1.611452849108414853e-01 7.539563516968214030e-01 5.104490850113525546e-01 1.526441039871069002e-05
1.434872388875601056e-06 1.617578298930097969e-01 7.513353020361857038e-01 5.166829020136232131e-01 1.515896927845282867e-05
1.452418295966967136e-06 1.553199102411353949e-01 7.724541035896949071e-01 5.075406905118300394e-01 1.545079389747569597e-05
1.461289896165660240e-06 1.617538343801167011e-01 7.540157329484327153e-01 4.932864947794648458e-01 1.549786910712495954e-05
1.474575541327295792e-06 1.575629689274365974e-01 7.584237812494126763e-01 5.034887978091201477e-01 1.503691231915882745e-05
1.451666885935018129e-06 1.605028710031285444e-01 7.607502135928985165e-01 4.956778458286342781e-01 1.566698057194519731e-05
1.446479677500782726e-06 1.668606130712446678e-01 7.727246157423810491e-01 4.948817387881608854e-01 1.537790517673997805e-05
1.433224954628045909e-06 1.620921955208492193e-01 7.680259595982174003e-01 4.936190611577504495e-01 1.544139414445189887e-05
1.464808317132123940e-06 1.614385158298423106e-01 7.618030910024931046e-01 4.987994454021131840e-01 1.543467654225687337e-05
1.446938785072933399e-06 1.664629209876604399e-01 7.414742955454580731e-01 5.077395684689243183e-01 1.551728762126036644e-05
1.449189162019834017e-06 1.650199769856414145e-01 7.481857924533594772e-01 5.045473421914814516e-01 1.549316587959367666e-05
1.435680887808261169e-06 1.646745163105468035e-01 7.540499915710641154e-01 5.007375572375244444e-01 1.548545591138892456e-05
1.459711017000447891e-06 1.620048159139655941e-01 7.604462986019930870e-01 4.991386149733101352e-01 1.544356293185498080e-05
1.440778187939937217e-06 1.641082162264235200e-01 7.554067839715641330e-01 5.003983876663274932e-01 1.547656952179081712e-05
1.456397771914858481e-06 1.623729109686457284e-01 7.595643835416681089e-01 4.993590751945881645e-01 1.544933908509375114e-05
1.444091433025526628e-06 1.637401211717433858e-01 7.562886990318891112e-01 5.001779274450495194e-01 1.547079336855204678e-05
1.454244162609225364e-06 1.626121727541878226e-01 7.589911387524568287e-01 4.995023743384188752e-01 1.545309358469895288e-05
1.457115321482979015e-06 1.575530429423216972e-01 7.376350760352063940e-01 5.065035180715801166e-01 1.557230264008941387e-05
1.448340915197667044e-06 1.652317882986831521e-01 7.665839462936254733e-01 4.969155501627592342e-01 1.541192473282612915e-05
1.446989537409913048e-06 1.628493294771766742e-01 7.544056760415982499e-01 5.008481528510582148e-01 1.548064669138131362e-05
1.452974603199345593e-06 1.626536751807108605e-01 7.581886827780566218e-01 4.997378855781307028e-01 1.545791537836836482e-05
1.436617686666952822e-06 1.640676041714854705e-01 7.610502617774719258e-01 5.096445887294784871e-01 1.541988967745266636e-05
1.431683244767211508e-06 1.645303581297592188e-01 7.624571675432796347e-01 5.129162075194813042e-01 1.540429379151820975e-05
1.452918310477859805e-06 1.658450813450182693e-01 7.639472070613434473e-01 4.921601999848412845e-01 1.571554009736372506e-05
1.444403551685600915e-06 1.619677492868224211e-01 7.557047513856127718e-01 5.072485301317131157e-01 1.534335809597497013e-05
1.446674866949257693e-06 1.648295024228102201e-01 7.507586863181819892e-01 5.055667914990809031e-01 1.547851063916547325e-05
1.445996269491524242e-06 1.649989514732436158e-01 7.654772093903947638e-01 4.994613578761030737e-01 1.541351772175143523e-05
1.448657046081404983e-06 1.612158176367999296e-01 7.608102232298131762e-01 4.984711944088031088e-01 1.561756239304668977e-05
1.449703219892866954e-06 1.629364609788657714e-01 7.587609985779396604e-01 5.017192262084002596e-01 1.545031023818522513e-05
1.441401449917124439e-06 1.617297487629702768e-01 7.553751337129515075e-01 5.102881857549776967e-01 1.529550625445908461e-05
1.449658185715678154e-06 1.654895859103117373e-01 7.633678180045688766e-01 4.956570777337687694e-01 1.565641001338150993e-05
1.442803045405107387e-06 1.677130243458868075e-01 7.589557663976095325e-01 5.063484224099292774e-01 1.534989292292783284e-05
1.438996801798541420e-06 1.679030063506293247e-01 7.610828981773510860e-01 5.049520690909439224e-01 1.547697815168634598e-05
1.436855518179676398e-06 1.688963154249820409e-01 7.615472780972334377e-01 5.055986376674526106e-01 1.548231173438657015e-05
1.433920768961329348e-06 1.667125732250515358e-01 7.557478627877876054e-01 5.149908415390489491e-01 1.520123906489208120e-05
1.432752484973405048e-06 1.678886563628427808e-01 7.497467327609188548e-01 5.173983548618930062e-01 1.535921989377841428e-05
1.443678607200853373e-06 1.655046498289234613e-01 7.627243759802364576e-01 5.026003323486163410e-01 1.540401560185615504e-05
1.444955436011536434e-06 1.693948219275761558e-01 7.548433260549478607e-01 5.043974214561728342e-01 1.534649830783857728e-05
1.438076792802254901e-06 1.649998672788013376e-01 7.599640480260302366e-01 5.087263344566500534e-01 1.540704618777020195e-05
1.444710997195341350e-06 1.656428650232445732e-01 7.529164046739922345e-01 5.055731607327552668e-01 1.547927085820969330e-05
1.441613539960021189e-06 1.679496825617058653e-01 7.594740687375343136e-01 5.061984654614339885e-01 1.537637668521957962e-05
1.442313989396618062e-06 1.661829829481351883e-01 7.624889564036358980e-01 5.031999934123836393e-01 1.541967482836223671e-05
1.434507718804998758e-06 1.671493216650376257e-01 7.569077458496767941e-01 5.131124007647296370e-01 1.525745359879097933e-05
1.436665252969497495e-06 1.650333464221847846e-01 7.611496650414242282e-01 5.088353985170732674e-01 1.543237408883944847e-05
1.443335452445164808e-06 1.692951206270572884e-01 7.561841164634048873e-01 5.046376646984287451e-01 1.537366099314817585e-05
1.449024080065729880e-06 1.680374649690123678e-01 7.601365839006434255e-01 4.969707680242518855e-01 1.559506444093952530e-05
1.437048082025626662e-06 1.673047467432332014e-01 7.574727925085960045e-01 5.102876150351459694e-01 1.531653549616697458e-05
1.437681398257748826e-06 1.650955164534630704e-01 7.613756837049920900e-01 5.077054842252397560e-01 1.545600684778984454e-05
1.442345992962367191e-06 1.685601898966782863e-01 7.570926407306826089e-01 5.051745331156206609e-01 1.538807151771046753e-05
1.435359851814382790e-06 1.699147020066492375e-01 7.663138899170804930e-01 5.066105371440593474e-01 1.531391724652863678e-05
1.442347474899599167e-06 1.692968023920270459e-01 7.652939410458705627e-01 5.004252516852339960e-01 1.547560530871601632e-05
1.437975475778571840e-06 1.676533564817721256e-01 7.588414935026190911e-01 5.085617014489114407e-01 1.534437271336305570e-05
1.440661935603952189e-06 1.681390091343611115e-01 7.598887106094741606e-01 5.060784999026377573e-01 1.539756369505297840e-05
1.441247898005829033e-06 1.686274150023390483e-01 7.579835682039928191e-01 5.052593540259870952e-01 1.540691956104568806e-05
1.435658985087441597e-06 1.697110246903157926e-01 7.653605675531111041e-01 5.064081572487380001e-01 1.534759614410022413e-05
1.441222295153229687e-06 1.667256494435045699e-01 7.623006207423553837e-01 5.036797222633974114e-01 1.543220220956710475e-05
1.437009569256436525e-06 1.676230604795829748e-01 7.582876896263235356e-01 5.093498195616072977e-01 1.534969074381089234e-05
1.441249083555615206e-06 1.692167049986180172e-01 7.645446084561431377e-01 5.014599288816778966e-01 1.547694659385014064e-05
1.437751484258792921e-06 1.679019482704141031e-01 7.593826504215419604e-01 5.079690886926196969e-01 1.537196051756776130e-05
1.435898291705888599e-06 1.695480828372490367e-01 7.645979096619355264e-01 5.062462533324809666e-01 1.537453926215749333e-05
1.439900652119097073e-06 1.682904703924852918e-01 7.602204241070260604e-01 5.059825274556006836e-01 1.541451330291969540e-05
1.440369422040598548e-06 1.686811950868676580e-01 7.586963101826409428e-01 5.053272107542802205e-01 1.542199799571386447e-05
1.440348939758519029e-06 1.671597826398000530e-01 7.621499522133310389e-01 5.040635053442084068e-01 1.544222411453099919e-05
1.436978759041084584e-06 1.678777114686627880e-01 7.589396073205054716e-01 5.085995831827763158e-01 1.537621494192602654e-05
1.435652117476018459e-06 1.701577274442986620e-01 7.594506595344057143e-01 5.086381796128278676e-01 1.538560678031046484e-05
1.438491641567426877e-06 1.703518050056902766e-01 7.628654253127913343e-01 5.041175403462805349e-01 1.545537268826921280e-05
1.437243513483194559e-06 1.683106778376426138e-01 7.596266254691554920e-01 5.078152256863895930e-01 1.539006754753608668e-05
1.438226887125316902e-06 1.699188386367104509e-01 7.621784071641413139e-01 5.049018978426672577e-01 1.544152008265915266e-05
1.437415603870566012e-06 1.685921059774794784e-01 7.600731872657779942e-01 5.073053933137381399e-01 1.539907174118262153e-05
1.434575729190002133e-06 1.700597003158655363e-01 7.615257137897715189e-01 5.072637424167112385e-01 1.541089770258070762e-05
1.435924827566307643e-06 1.703451024662256952e-01 7.622539612406167286e-01 5.059242161997630216e-01 1.543106964887701999e-05
1.437154718017320808e-06 1.688988803630100677e-01 7.604548227113747672e-01 5.070636873187924776e-01 1.540467137502914228e-05
1.435031686987937071e-06 1.698270233376888427e-01 7.615300266512639027e-01 5.069307214668594685e-01 1.542518050894187877e-05
1.435892797616750004e-06 1.699054450404353378e-01 7.598699832469713034e-01 5.080302712237527718e-01 1.540494777112568726e-05
1.439666641268414118e-06 1.687242191544905401e-01 7.592665037655594862e-01 5.053814961369147429e-01 1.543406074344840629e-05
1.436089737000646117e-06 1.694177293547956265e-01 7.639877833489950865e-01 5.061167301994753398e-01 1.539609375660330734e-05
1.437303586732388174e-06 1.686529478669799853e-01 7.603680054320690607e-01 5.069640421844809897e-01 1.541571973982341193e-05
1.436110965688981225e-06 1.700553450579769810e-01 7.621126246119401815e-01 5.058591004933010726e-01 1.544131806597893341e-05
1.436319674371577388e-06 1.698099255495525151e-01 7.618073162554626077e-01 5.060524652892575137e-01 1.543683835890171546e-05
1.437094878049792011e-06 1.688983673754044512e-01 7.606733137885466345e-01 5.067706773885245486e-01 1.542019944690062989e-05
1.436455335015264809e-06 1.696504028690766219e-01 7.616088658237523124e-01 5.061781524066292226e-01 1.543392654930152616e-05
1.436959217406104589e-06 1.690578900558803443e-01 7.608717642202569298e-01 5.066449902711528397e-01 1.542311125650081918e-05
1.432664941608031638e-06 1.701175421310223701e-01 7.638562304603286890e-01 5.079470441945626025e-01 1.541859726757490286e-05
1.433890239048598308e-06 1.698737106101292915e-01 7.630530282887441063e-01 5.074980732844741604e-01 1.542130337585276664e-05
1.436662974067091035e-06 1.690981413480726891e-01 7.612118191271810552e-01 5.060849643787126428e-01 1.546683894173439493e-05
1.435203909113699700e-06 1.698427076782381417e-01 7.611980179704054272e-01 5.071506314182381292e-01 1.542113396137864182e-05
1.436745933448233757e-06 1.692274010527913541e-01 7.606714080255998489e-01 5.069220464616728261e-01 1.541947855942579348e-05
1.436050349123866809e-06 1.695152724919235798e-01 7.631642233285903520e-01 5.064994384043308706e-01 1.539786455950778468e-05
1.438911872538081253e-06 1.689604643316794941e-01 7.593871996618418718e-01 5.059112511542823709e-01 1.542823814898386248e-05
1.436342827535561509e-06 1.697014113033483429e-01 7.612610893083961994e-01 5.065485761700538880e-01 1.542813079366635228e-05
1.438340419238840460e-06 1.690295861279456358e-01 7.607597078987868855e-01 5.060791691142150217e-01 1.542927412462858947e-05
1.435752798385599428e-06 1.697004114069369518e-01 7.611213137078721713e-01 5.069631255150340854e-01 1.542255848994738266e-05
1.437374958933366567e-06 1.694310768802655132e-01 7.579763386923147328e-01 5.069158369724033886e-01 1.546242109867528987e-05
1.436282155840529299e-06 1.695005382598834265e-01 7.622563435172420299e-01 5.065723081537435446e-01 1.540916195386209927e-05
1.435780798231829628e-06 1.697414181336366346e-01 7.608710476156920199e-01 5.071765546567778005e-01 1.541903634618304426e-05
1.436252821551799166e-06 1.697422180507657530e-01 7.609828680961112646e-01 5.068449151807936648e-01 1.542349418915821792e-05
1.436508938777022871e-06 1.692596020865452244e-01 7.609434519511391048e-01 5.064740257477207130e-01 1.545446070761265204e-05
1.438308057553815088e-06 1.691494604734306573e-01 7.594837563788677803e-01 5.063350551681764511e-01 1.542358007341222811e-05
1.436018838822443406e-06 1.695933070016259203e-01 7.625053753122665867e-01 5.068056049682152508e-01 1.539928120183136452e-05
1.433873620446123112e-06 1.701473356517728686e-01 7.625853341100042870e-01 5.077974935427274072e-01 1.541690801295215693e-05
1.437532031059969130e-06 1.693240886296405456e-01 7.600265324818166190e-01 5.065909818837228684e-01 1.542241246283171735e-05
1.435875202895823451e-06 1.697415781170624471e-01 7.608934117117758245e-01 5.071102267615810177e-01 1.541992791477807831e-05
1.435964802403759752e-06 1.698727996425014319e-01 7.600925602167992734e-01 5.077932000151609282e-01 1.540865705473219203e-05
1.436457715331978215e-06 1.693561252793893412e-01 7.609513351801335812e-01 5.065482036343352812e-01 1.544826740392176454e-05
1.436065635368314558e-06 1.696230892114538868e-01 7.622008738690355667e-01 5.068134670107309336e-01 1.540412379929673520e-05
1.437897010353411988e-06 1.692680119888976820e-01 7.597835787223164994e-01 5.064370271706999382e-01 1.542356289656142540e-05
1.434349460667258492e-06 1.700663121315714732e-01 7.622648409072257936e-01 5.076069778703409252e-01 1.541822524819336845e-05
1.435760971233420961e-06 1.697226396092102740e-01 7.617035795959463673e-01 5.071324787229638531e-01 1.542117916334283294e-05
1.435780961774341164e-06 1.697259538480844210e-01 7.615618002162164446e-01 5.071285846297217681e-01 1.542096019484399597e-05
1.435855212354903248e-06 1.697382638781883002e-01 7.610351910915057472e-01 5.071141208548231027e-01 1.542014688327691529e-05
1.437889014137043992e-06 1.692666862933480121e-01 7.598402904742084241e-01 5.064385848079966390e-01 1.542365048396095748e-05
1.434968882524470954e-06 1.699263776098823842e-01 7.618405445814477872e-01 5.074025090844307417e-01 1.541917466445269687e-05
1.436359132746334607e-06 1.694594601520117705e-01 7.607795801874667196e-01 5.067972029105004550e-01 1.544034533408385003e-05
1.435877130364674506e-06 1.697651710310509321e-01 7.608466649165644968e-01 5.072499366868906678e-01 1.541784891756797063e-05
1.436195217722191325e-06 1.697683343691128999e-01 7.608048065202488441e-01 5.070345721476671175e-01 1.542052676227301342e-05
1.436045468775403681e-06 1.696730312976633959e-01 7.617792111385882636e-01 5.070094136116168881e-01 1.540503045038382792e-05
1.434672529014558786e-06 1.700276096337574594e-01 7.618303847691404451e-01 5.076442222993049480e-01 1.541631160950113452e-05
1.435817729900224839e-06 1.697553230069678842e-01 7.612679522163329215e-01 5.072615077068093337e-01 1.541849956682163654e-05
1.435866735283395857e-06 1.697634476268364001e-01 7.609203901940240211e-01 5.072519616153764455e-01 1.541796278118736030e-05
1.435577898092692449e-06 1.698836292720245777e-01 7.599918776164834577e-01 5.075990499835870695e-01 1.543649096632719356e-05
1.437312985484790810e-06 1.694714587912373727e-01 7.592053011248683925e-01 5.069461723696118138e-01 1.543328154994031329e-05
1.435134608896849284e-06 1.699302832363164262e-01 7.613709951313928359e-01 5.075220635616086717e-01 1.541928134907798962e-05
1.435886348707468721e-06 1.697853180299694065e-01 7.607548241985790938e-01 5.073602092953333198e-01 1.541610163589632665e-05
1.436280266677819593e-06 1.695421280501097083e-01 7.606421761933331860e-01 5.069964023314325052e-01 1.543400767821351843e-05
1.435655278954905825e-06 1.698814633461199486e-01 7.600120141365466209e-01 5.076378799899018412e-01 1.543092418400819461e-05
1.436149134658505053e-06 1.697892274237906007e-01 7.606623572595588856e-01 5.071862977211658574e-01 1.541815282076484914e-05
1.434930983692398895e-06 1.699966476355062595e-01 7.614828198586721664e-01 5.076740178424761218e-01 1.541478069854734534e-05
1.437043348868584514e-06 1.695517269614901790e-01 7.593827529432547463e-01 5.071155778987215257e-01 1.542835665089868294e-05
1.436673684962752030e-06 1.696295880794429500e-01 7.597502646534526338e-01 5.072133048888785023e-01 1.542598085923719750e-05
1.435949111664501630e-06 1.698553033199950157e-01 7.602250130131552597e-01 5.077066018711954287e-01 1.541014597096501760e-05
1.436201483083749419e-06 1.695907660460816424e-01 7.606647057943823897e-01 5.070691637242126237e-01 1.543042646975008143e-05
1.435701492905418489e-06 1.698622342828898513e-01 7.601605761489531599e-01 5.075823458509881592e-01 1.542795967438581966e-05
1.436096577468297702e-06 1.697884455450263674e-01 7.606808506473629050e-01 5.072210800359993055e-01 1.541774258379114464e-05
1.435122056695412775e-06 1.699543817143988889e-01 7.613372207266535518e-01 5.076112561330475836e-01 1.541504488601714161e-05
1.436811948836361694e-06 1.695984451751859912e-01 7.596571671943195270e-01 5.071645041780438179e-01 1.542590564789821304e-05
1.436516217711695284e-06 1.696607340695482358e-01 7.599511765624777926e-01 5.072426857701695102e-01 1.542400501456902469e-05
1.436558402548866783e-06 1.696099925213583604e-01 7.607500519374297276e-01 5.070575504277757828e-01 1.541140899560281563e-05
1.435851452093021750e-06 1.698180919746218320e-01 7.602637344119365093e-01 5.074905066519259655e-01 1.542506330559879565e-05
1.435918399974244616e-06 1.699723911295827339e-01 7.600855337390223232e-01 5.077392697256366549e-01 1.540679693457803955e-05
1.435364538251318653e-06 1.700270859301298843e-01 7.608528058415446882e-01 5.077643812618668484e-01 1.540633515776270631e-05
1.436314673806129394e-06 1.697248456451500298e-01 7.601089616863144771e-01 5.073339824812165277e-01 1.542091278962791795e-05
1.435898901298875387e-06 1.697993150879745228e-01 7.606488619614942825e-01 5.074294878105057860e-01 1.541491050291006552e-05
1.435924542312295934e-06 1.699489735676651958e-01 7.601134295938488661e-01 5.077327361547484541e-01 1.540746674185543448e-05
1.435870984007317811e-06 1.698255342436964799e-01 7.602559901321802593e-01 5.075337256957798138e-01 1.542207983867203936e-05
1.436067084307538530e-06 1.698018171000200971e-01 7.605896831205213315e-01 5.073181844030385523e-01 1.541622326122591924e-05
1.436402796502256553e-06 1.696996479196375973e-01 7.600059438526133304e-01 5.073354689903747383e-01 1.542123320584822463e-05
1.435481452933954740e-06 1.699927294081029494e-01 7.607272472758667137e-01 5.077528253837325645e-01 1.540709732040316721e-05
1.436241561377803799e-06 1.697509371801190214e-01 7.601321719516827002e-01 5.074085063592124190e-01 1.541875942589533856e-05
1.435642688058407494e-06 1.699414401476215253e-01 7.606010191767973438e-01 5.076797880148948838e-01 1.540957110035605327e-05
1.436136758546909520e-06 1.697842751994319554e-01 7.602142202160777629e-01 5.074559806489569169e-01 1.541715146892596211e-05
1.435939069591376424e-06 1.698441056735909283e-01 7.603097828028230198e-01 5.076511790590575446e-01 1.541109887735402651e-05
1.435919414109611782e-06 1.699190418717270723e-01 7.602205160673779494e-01 5.076720864858998983e-01 1.540895549406636069e-05
1.436033447705805859e-06 1.698013166976109767e-01 7.606015188887159661e-01 5.073404450845320213e-01 1.541596070956274917e-05
1.435876567465629368e-06 1.698202904125520885e-01 7.603345644980430418e-01 5.075128781187250304e-01 1.542064597151964392e-05
1.436173029362018075e-06 1.697606127616901328e-01 7.602355099536449723e-01 5.074127026494711368e-01 1.541798964129828395e-05
1.435693930706501793e-06 1.699130151356921248e-01 7.606105877337369092e-01 5.076297279740170643e-01 1.541063898086685166e-05
1.435777772971217004e-06 1.698863447202417498e-01 7.605449491222208147e-01 5.075917485422214437e-01 1.541192534644235282e-05
1.436006538424419722e-06 1.698009163756836748e-01 7.606109875032716072e-01 5.073582536297267520e-01 1.541575066823221244e-05
1.435881034232278572e-06 1.698160953476365864e-01 7.603974239907332899e-01 5.074962000570811815e-01 1.541949887779772756e-05
1.435931035932876259e-06 1.698351475564676416e-01 7.603775986345572280e-01 5.076068408093471485e-01 1.541186120246523566e-05
1.435915311547464546e-06 1.698950965149765568e-01 7.603061852462011938e-01 5.076235667508210980e-01 1.541014649583510233e-05
1.436118203749389495e-06 1.697683532269469997e-01 7.603181803552148121e-01 5.074160596816780222e-01 1.541737381362064027e-05
1.435891256279934151e-06 1.698446867179172481e-01 7.602083125720087153e-01 5.076706084140465425e-01 1.541376568881929745e-05
1.435688811967182071e-06 1.699077832630420670e-01 7.604571726067830273e-01 5.077146218550426804e-01 1.541069929351033521e-05
1.435779090197417377e-06 1.698700432161511509e-01 7.604295839163309756e-01 5.075669531456518113e-01 1.541574714108377692e-05
1.435774003417353370e-06 1.698706466539951498e-01 7.606873785166081703e-01 5.074617234335943028e-01 1.541463523563550827e-05
1.435750552844837086e-06 1.698758386412107524e-01 7.607831917055281057e-01 5.074199464375037660e-01 1.541480914499875044e-05
1.436010524310173460e-06 1.697926954652514975e-01 7.605306008457644040e-01 5.073165506240190359e-01 1.541927600779453703e-05
1.435954224650149946e-06 1.698128358298648111e-01 7.605177509039424688e-01 5.073862130894482014e-01 1.541777508279479900e-05
1.435745111627205585e-06 1.698876428984287534e-01 7.604700225486049625e-01 5.076449593896135148e-01 1.541220021851007324e-05
1.435715944761787656e-06 1.698024007666979196e-01 7.607471231273075229e-01 5.074161627837576738e-01 1.542065029453975556e-05
1.435880422359971228e-06 1.698788747590277981e-01 7.603833493753947570e-01 5.075872710565849655e-01 1.541198466060841597e-05
1.435873921722571026e-06 1.698135814011786371e-01 7.606565652725170157e-01 5.074359349351235116e-01 1.541485544945515407e-05
1.435750889985235185e-06 1.698842436495420216e-01 7.605134937422055597e-01 5.076083121984096280e-01 1.541268722193516160e-05
1.435778072841404576e-06 1.698701639037199507e-01 7.604811428363864589e-01 5.075459072032403318e-01 1.541552475999412251e-05
1.435859628069293616e-06 1.698270056089082880e-01 7.604554148959082882e-01 5.074893047323838502e-01 1.541852614936528438e-05
1.435887049921442268e-06 1.698902065427802810e-01 7.603824239002825447e-01 5.075911980873757390e-01 1.541104424379518352e-05
1.435727556492901264e-06 1.698160499441573601e-01 7.607351742051677856e-01 5.074252749137249108e-01 1.541944728275890881e-05
1.435859138571447698e-06 1.698772291380212796e-01 7.604441552036375063e-01 5.075621615319868551e-01 1.541251477561383646e-05
1.435793987078396901e-06 1.698592336034318584e-01 7.606812158677899172e-01 5.074565657339001890e-01 1.541467927839943743e-05
1.435775496332702395e-06 1.698701111998693336e-01 7.605421080482678287e-01 5.075738367457524047e-01 1.541312086743916145e-05
1.435862486799949098e-06 1.698243207673623689e-01 7.604956449712300115e-01 5.074786307729317603e-01 1.541779200938325967e-05
1.435797242617637824e-06 1.698588474032116935e-01 7.605162273236125703e-01 5.075239127496169456e-01 1.541539089788632950e-05
1.435884424281668020e-06 1.698748815144599522e-01 7.604372521747294611e-01 5.075601454569252935e-01 1.541180648492717899e-05
1.435756829538834793e-06 1.698155562355615489e-01 7.607194524186374762e-01 5.074274069180045865e-01 1.541852891609815515e-05
1.435827845971343693e-06 1.698142738797497608e-01 7.607217673077644182e-01 5.074250372926678576e-01 1.541619971042373490e-05
1.435802598204536202e-06 1.698510470366058622e-01 7.605521968208391881e-01 5.075066095446508774e-01 1.541553244008037494e-05
1.435864773784473526e-06 1.698221728941256281e-01 7.605278290314874123e-01 5.074700916053701549e-01 1.541720469739763787e-05
1.435809974007231811e-06 1.698501031629812141e-01 7.606762857487353591e-01 5.074524395741448757e-01 1.541471451261058212e-05
1.435795181410676164e-06 1.698588052401311943e-01 7.605649994931176217e-01 5.075462563836266039e-01 1.541346778384235862e-05
1.435780247975581955e-06 1.698151612686849554e-01 7.607068749894133619e-01 5.074291125214284159e-01 1.541779422276955358e-05
1.435812578438624549e-06 1.698497942028050767e-01 7.605442949133934816e-01 5.075063171867182366e-01 1.541528380820009306e-05
1.435837061121589413e-06 1.698141353840355861e-01 7.607087269007147823e-01 5.074272168211593215e-01 1.541593085823001602e-05
1.435832776652070499e-06 1.698203756773202233e-01 7.606799513029334214e-01 5.074410593851320650e-01 1.541581762447477832e-05
1.435798982724979727e-06 1.698148452951837029e-01 7.606968130460340927e-01 5.074304770041674351e-01 1.541720646810667504e-05
1.435866603372093069e-06 1.698204545955362410e-01 7.605535762796933330e-01 5.074632602713208263e-01 1.541673484780914179e-05
1.435822763550299696e-06 1.698427988106206987e-01 7.606723416534917348e-01 5.074491386463405584e-01 1.541474269997949786e-05
1.435810929473055221e-06 1.698497604723406829e-01 7.605833126489974783e-01 5.075241920939259632e-01 1.541374531696491703e-05
1.435824847095413929e-06 1.698425516424797999e-01 7.605667489852181440e-01 5.074922407363993138e-01 1.541519813645110458e-05
1.435847350204945238e-06 1.698136785520669156e-01 7.605504648394920686e-01 5.074893033700341727e-01 1.541635338753529508e-05
1.435827066214862624e-06 1.698377027653737992e-01 7.606510132110417821e-01 5.074561674729869409e-01 1.541502457030176034e-05
1.435846154307610399e-06 1.698119861693654364e-01 7.606897631980951147e-01 5.074317719746104238e-01 1.541582852460395608e-05
1.435828575857548311e-06 1.698372026846847738e-01 7.605882764724716250e-01 5.074816587030862580e-01 1.541530845437785122e-05
1.435844539045235979e-06 1.698166350141958048e-01 7.605804042768435913e-01 5.074780417300623903e-01 1.541611564438373396e-05
1.435874119615915685e-06 1.697913271239709920e-01 7.606469414900266512e-01 5.073915569635782941e-01 1.541834302868810676e-05
1.435874690734769714e-06 1.697855346873413662e-01 7.606654436735744707e-01 5.073980496586146804e-01 1.541799372099927071e-05
1.435934567071254547e-06 1.697961678337054914e-01 7.605443593510281541e-01 5.074362604193122239e-01 1.541641060842749059e-05
1.435822709985577873e-06 1.698115767394250131e-01 7.606701336494080534e-01 5.074314891018177898e-01 1.541706719266281572e-05
1.435874536932330061e-06 1.697911440301088093e-01 7.606636679933629352e-01 5.074056267139164245e-01 1.541736606669044738e-05
1.435850415580703031e-06 1.698160242915923712e-01 7.605956364759782762e-01 5.074696203710745701e-01 1.541586360539801663e-05
1.435868067042188575e-06 1.698190799566647313e-01 7.605741740782581140e-01 5.074577952040814077e-01 1.541635896813834560e-05
1.435874080037246668e-06 1.697957779794125321e-01 7.606488662465247241e-01 5.074004325578873598e-01 1.541764551284151486e-05
1.435813970524497987e-06 1.698145925163827008e-01 7.606887634913306329e-01 5.074315685903586504e-01 1.541673626437637016e-05
1.435871414922830273e-06 1.697976460619066152e-01 7.606971783568188261e-01 5.073829228294725047e-01 1.541732129920271620e-05
1.435930837738368400e-06 1.697922992553258514e-01 7.606074172876617911e-01 5.074015163058339661e-01 1.541668265415490380e-05
1.435910385975941163e-06 1.697962005760107473e-01 7.606216528733038551e-01 5.074067754556257359e-01 1.541669203594365584e-05
1.435888981761280640e-06 1.698086675154436009e-01 7.605687922287676095e-01 5.074597031171813599e-01 1.541584591402493090e-05
1.435874489119558896e-06 1.697995748162755836e-01 7.606747107844098466e-01 5.073963593798216376e-01 1.541706310679660140e-05
1.435885907564552016e-06 1.698067387610746326e-01 7.605912598011765891e-01 5.074462665668322270e-01 1.541610410643104570e-05
1.435888191253550556e-06 1.698081715500344702e-01 7.605745696045298487e-01 5.074562480042343893e-01 1.541591230635793456e-05
