5.600000000000000514e-08
5.880000000000000374e-08
5.880000000000001036e-08
5.600000000000000514e-08
5.320000000000000654e-08
5.600000000000000514e-08
6.117552000000002368e-08
6.036350208000001573e-08
6.216979249151999106e-08
6.345517910982653902e-08
6.096470747396113653e-08
6.134431724172635023e-08
5.857796085354067226e-08
6.505852369469673579e-08
6.228754497323304304e-08
6.071618367644357022e-08
5.613534738030419530e-08
6.344220536166452218e-08
6.412793603905791642e-08
5.971276836340437730e-08
5.799929567820836223e-08
6.247030241887981514e-08
6.133320034465064700e-08
6.082961626700952704e-08
5.897666319386227136e-08
5.829172223128249267e-08
6.299934843254344828e-08
5.935056767788711573e-08
5.656815962264477597e-08
5.895417927265473139e-08
5.879978327583130039e-08
5.690240415247576270e-08
5.608939479084806739e-08
5.554681961724553432e-08
5.988574403769562189e-08
5.767933402459286423e-08
5.875269956893298906e-08
6.095779445194578734e-08
5.881983745493487541e-08
5.926107163634881095e-08
5.928333152178982363e-08
5.924255309818917391e-08
5.901782728241364950e-08
5.922190390716728838e-08
5.906378650544962316e-08
5.919566924193946979e-08
5.909289057683092252e-08
5.917828946082795572e-08
5.664672228068328139e-08
6.019706273830597790e-08
5.881038907192106144e-08
5.911388775675651605e-08
5.778897902927526400e-08
5.736759831087756791e-08
6.118437542623192650e-08
5.763881289539726176e-08
5.894996082748163577e-08
5.971122381313947915e-08
5.856513108394708031e-08
5.884932923779832792e-08
5.708019554805544816e-08
6.049677397941784362e-08
5.972612990249414308e-08
5.980473290359453095e-08
5.999056312191882610e-08
5.797135531668726956e-08
5.804319712427072389e-08
5.942322470357079903e-08
6.065381823527362828e-08
5.828531684690449961e-08
5.915967158389502795e-08
5.977925241047136857e-08
5.953851020015597385e-08
5.837222202294965573e-08
5.822699237617177877e-08
6.052080650991068513e-08
6.124137762472100086e-08
5.886954161074110224e-08
5.842422158293910084e-08
6.015150690137887522e-08
6.016606758100742949e-08
6.099428385754222166e-08
5.923832021290631740e-08
5.982166560304056095e-08
6.011937617485359161e-08
6.013112471714009811e-08
5.963008290585745804e-08
5.909291218738022846e-08
6.079282902534848887e-08
5.938844474710176507e-08
6.010311356439317218e-08
5.985554182879266782e-08
6.009365068863498983e-08
5.970292205192749737e-08
5.927190881639433627e-08
6.001672663292526540e-08
6.075791100118019674e-08
5.953059254325597709e-08
6.049649317618927479e-08
5.969904768387880679e-08
6.010483556757319824e-08
6.042615064916037573e-08
5.982615778247373342e-08
6.008225672709163649e-08
6.001194460835987159e-08
6.007305692750119898e-08
6.008066823687402814e-08
5.975731070235155052e-08
6.033913653773656257e-08
6.023723205459035347e-08
5.985904517487628947e-08
6.017101344780349973e-08
5.992519195217557739e-08
5.996192711919692917e-08
5.998187257545709772e-08
5.999512805133189397e-08
6.006821440982292972e-08
5.994269302779625394e-08
6.006702940098042467e-08
6.006123514974076388e-08
6.013924546470226821e-08
6.004153130634568668e-08
6.006368489351481286e-08
6.004186920110169265e-08
6.006263345020481953e-08
6.005336286699045108e-08
6.011381459079996682e-08
5.999867604375446237e-08
6.005163326291015231e-08
6.005608020854647740e-08
6.004126766787416690e-08
6.005004875980568009e-08
6.006545104065572563e-08
6.003233734931095722e-08
6.002172791322291621e-08
6.006762650767120749e-08
6.006413817703294194e-08
6.005582851144278497e-08
6.005126019156154651e-08
6.005374343835815557e-08
6.006296749026710287e-08
6.006314418765704536e-08
6.005725560366721769e-08
6.002392543024060623e-08
6.005685238666339244e-08
6.009753114195438987e-08
6.006059643313633389e-08
6.005114254430313215e-08
6.004947402694752881e-08
6.005556113267135378e-08
6.004366320619971542e-08
6.004989551012749963e-08
6.005099417676413362e-08
6.005092347327703691e-08
6.002565621128248934e-08
6.004139897922374383e-08
6.008450006241774981e-08
6.004738935401523974e-08
6.004642878311235822e-08
6.004664161437101231e-08
6.003605911661156650e-08
6.003072166072589032e-08
6.004330694790242362e-08
6.007778400522025181e-08
6.004810767148431060e-08
6.004734110181190555e-08
6.004750387794045802e-08
6.005386245355335246e-08
6.004517005943132618e-08
6.007217280266083390e-08
6.006526049945597407e-08
6.005063873685449800e-08
6.004795350902087392e-08
6.006495063282386639e-08
6.004334893813958158e-08
6.006944217255368283e-08
6.004522607283861828e-08
6.005942485815573211e-08
6.004772842686384402e-08
6.005695763203197308e-08
6.004935095926355178e-08
6.003843985568809103e-08
6.006155637594988545e-08
6.006514413698631912e-08
6.004427015556698917e-08
6.004777411551722526e-08
6.005516145635104984e-08
6.005387342079623278e-08
6.006170581756316292e-08
6.004500702033992616e-08
6.004034377712088640e-08
6.005883910999006738e-08
6.004781042443362014e-08
6.003427690667370380e-08
6.004274387682333211e-08
6.005118976740413118e-08
6.006402288134993268e-08
6.006997233145751723e-08
6.006404873290726476e-08
6.006032487807222528e-08
6.004647672092615268e-08
6.004301776072997705e-08
6.005607221662646771e-08
6.005116794397766453e-08
6.004998625812021515e-08
6.005375639029477397e-08
6.004881025669511763e-08
6.005987649351265256e-08
6.004721902179312073e-08
6.005766261530570917e-08
6.006145225257734625e-08
6.005022404872185491e-08
6.004928187364611115e-08
6.005323948623618814e-08
6.005813613829375692e-08
6.004800883864141699e-08
6.005081438937801486e-08
6.005281556248333839e-08
6.004965913858907464e-08
6.005939562042931870e-08
6.005041375799594181e-08
6.004864068045188928e-08
6.005282568032656875e-08
6.005088510750971565e-08
6.005122500740622625e-08
6.004914614643268435e-08
6.004996093222794348e-08
6.005775023206640815e-08
6.005056519054909743e-08
6.005249445468936990e-08
6.004358470400130075e-08
6.005527118098909776e-08
6.004995005797932814e-08
6.005204938419530475e-08
6.004588547159382570e-08
6.004871609223458167e-08
6.004589998239398513e-08
6.004750635760917496e-08
6.004885927184829128e-08
6.004695369722083370e-08
6.004694196756772685e-08
6.005020235541707930e-08
6.004920657608295296e-08
6.004955051443806936e-08
6.005189027791706733e-08
6.005021778805285670e-08
6.005010113420667368e-08
6.004716241497634366e-08
6.005106299926456671e-08
6.004798988835383086e-08
6.004737519778999388e-08
