1.126000000000000112e+00 2.792707729651150656e-04
1.126987992296117014e+00 2.235497128498747476e-04
1.127977719913760390e+00 2.690530695374708883e-04
1.128969187428857879e+00 1.908425772530264800e-04
1.129962399433440456e+00 2.131584513358285142e-04
1.130957360535711942e+00 2.053384745141527477e-04
1.131954075360122047e+00 1.467131609635076894e-04
1.132952548547436100e+00 1.986759143290883170e-04
1.133952784754808318e+00 1.327551371689496187e-04
1.134954788655853974e+00 1.402580849948769791e-04
1.135958564940721782e+00 1.528724888976523114e-04
1.136964118316167838e+00 8.448706640633657180e-05
1.137971453505628228e+00 1.335897639436752849e-04
1.138980575249294080e+00 8.763147361467460721e-05
1.139991488304184397e+00 7.528173979776934968e-05
1.141004197444223101e+00 1.152336889332504537e-04
1.142018707460311200e+00 4.895408579715908326e-05
1.143035023160405395e+00 1.000847269462731690e-04
1.144053149369591793e+00 9.270210795397424547e-05
1.145073090930163184e+00 4.978234823097443693e-05
1.146094852701695865e+00 1.368747239555873638e-04
1.147118439561126468e+00 7.048925865463701078e-05
1.148143856402830121e+00 9.546972406852035492e-05
1.149171108138697273e+00 1.867366149666934089e-04
1.150200199698214076e+00 6.014104338880154992e-05
1.151231136028538549e+00 2.275399402451993712e-04
1.152263922094582727e+00 2.469911377768198540e-04
1.153298562879090827e+00 6.422659317204147873e-05
1.154335063382718740e+00 4.405701055761809815e-04
1.155373428624115739e+00 5.228928337188036915e-04
1.156413663640005973e+00 2.442722528778237812e-03
1.157455773485268402e+00 7.342210946029701681e-03
1.158499763233019175e+00 8.810694041859409159e-03
1.159545637974695120e+00 6.168261557266039273e-03
1.160593402820134123e+00 5.547984735302270189e-03
1.161643062897660617e+00 7.077118862453830872e-03
1.162694623354169066e+00 7.786884727981512738e-03
1.163748089355205462e+00 5.729395162392126629e-03
1.164803466085055916e+00 2.138045359859523133e-03
1.165860758746828818e+00 4.994024707365465584e-04
1.166919972562540542e+00 6.597375543164199973e-04
1.167981112773203378e+00 1.477467779506707116e-03
1.169044184638909245e+00 1.586622307839603190e-03
1.170109193438919171e+00 7.462582960302374018e-04
1.171176144471748781e+00 8.952483061914478114e-04
1.172245043055257785e+00 6.352955846278479993e-04
1.173315894526736125e+00 8.072314042938021753e-06
1.174388704242995241e+00 4.785273100807668572e-04
1.175463477580455329e+00 8.473398775442808530e-04
1.176540219935237941e+00 1.448445372586065543e-03
1.177618936723252130e+00 1.170526826471640115e-03
1.178699633380288825e+00 1.807313776930523450e-04
1.179782315362111200e+00 7.077651748535544437e-04
1.180866988144545493e+00 8.030940966197842954e-04
1.181953657223574483e+00 6.709026120966485622e-04
1.183042328115429642e+00 1.220617138398069927e-03
1.184133006356684392e+00 1.198717851253374399e-03
1.185225697504348696e+00 1.530141775122369555e-03
1.186320407135962984e+00 1.739073609335358697e-03
1.187417140849692743e+00 1.767819314367467505e-03
1.188515904264424883e+00 2.190110853522253629e-03
1.189616703019862110e+00 2.127722561064341548e-03
1.190719542776621509e+00 2.358275154530277418e-03
1.191824429216329584e+00 2.522891921427479651e-03
1.192931368041720619e+00 2.462879705579142271e-03
1.194040364976735713e+00 2.824553883892938922e-03
1.195151425766620035e+00 2.816308052192160322e-03
1.196264556178022742e+00 3.069220340391678060e-03
1.197379761999095793e+00 3.352227006132332647e-03
1.198497049039596751e+00 3.354283782589504055e-03
1.199616423130986265e+00 3.726112787065999788e-03
1.200737890126532648e+00 3.722611940892706431e-03
1.201861455901411802e+00 3.855417370179695363e-03
1.202987126352810021e+00 4.073811865171235100e-03
1.204114907400029022e+00 3.973288766898613357e-03
1.205244804984587415e+00 4.221019263096740040e-03
1.206376825070326175e+00 4.171375020422563550e-03
1.207510973643513230e+00 4.192496163280256052e-03
1.208647256712948925e+00 4.380512470233920846e-03
1.209785680310073053e+00 4.304150590093678425e-03
1.210926250489070988e+00 4.604121135001756383e-03
1.212068973326979604e+00 4.719568668257539089e-03
1.213213854923797186e+00 4.869546717161627597e-03
1.214360901402591786e+00 5.173858982166094911e-03
1.215510118909608916e+00 5.121807627728397830e-03
1.216661513614383239e+00 5.319707896860251771e-03
1.217815091709847364e+00 5.319404913506075271e-03
1.218970859412443097e+00 5.282770100184653109e-03
1.220128822962234905e+00 5.462681038921791618e-03
1.221288988623019378e+00 5.357674762223729216e-03
1.222451362682440701e+00 5.512544764007617018e-03
1.223615951452102335e+00 5.552210795456716252e-03
1.224782761267683151e+00 5.532946467377924081e-03
1.225951798489049782e+00 5.752933582935992017e-03
1.227123069500375196e+00 5.726866978512340327e-03
1.228296580710252384e+00 5.943824367354019929e-03
1.229472338551812483e+00 6.078507183478728225e-03
1.230650349482842243e+00 6.069597357565334472e-03
1.231830619985901931e+00 6.212806827171065555e-03
1.233013156568444346e+00 6.023639258882223721e-03
1.234197965762934945e+00 5.970436083721070847e-03
1.235385054126971083e+00 5.883539005140822793e-03
1.236574428243403911e+00 5.702843762828054171e-03
1.237766094720459620e+00 5.777044154813015982e-03
1.238960060191861778e+00 5.654394841047447051e-03
1.240156331316954574e+00 5.686347159780722089e-03
1.241354914780826935e+00 5.712189959840872910e-03
1.242555817294437093e+00 5.609953357365056806e-03
1.243759045594736268e+00 5.717039170205821808e-03
1.244964606444796784e+00 5.626962652973694322e-03
1.246172506633937749e+00 5.646672881055934956e-03
1.247382752977852505e+00 5.653940260668121297e-03
1.248595352318737195e+00 5.488180232211120613e-03
1.249810311525418882e+00 5.475495235946076407e-03
1.251027637493486333e+00 5.266033231330959422e-03
1.252247337145420136e+00 5.153579588503302659e-03
1.253469417430722599e+00 5.095475983169990217e-03
1.254693885326052527e+00 4.938164784421009146e-03
1.255920747835354900e+00 4.960424248900277729e-03
1.257150011989997207e+00 4.795299833635102184e-03
1.258381684848900894e+00 4.624918515284122227e-03
1.259615773498678593e+00 4.394880739942225861e-03
1.260852285053770450e+00 3.992229583493202456e-03
1.262091226656578691e+00 3.750628001622226433e-03
1.263332605477606396e+00 3.447877015647296192e-03
1.264576428715595835e+00 3.289608425135588047e-03
1.265822703597668353e+00 3.235501264837740715e-03
1.267071437379462040e+00 3.204547599878374703e-03
1.268322637345275172e+00 3.421581093477910670e-03
1.269576310808206099e+00 3.648261966832922615e-03
1.270832465110296461e+00 4.092455526057303672e-03
1.272091107622674411e+00 4.619379102047381676e-03
1.273352245745698719e+00 5.169638382431894150e-03
1.274615886909103546e+00 5.926121475832751145e-03
1.275882038572145216e+00 6.607719187929155490e-03
1.277150708223747877e+00 7.535112219292199043e-03
1.278421903382652269e+00 8.593471907159526413e-03
1.279695631597562944e+00 9.851345392503152443e-03
1.280971900447299028e+00 1.161761622558198440e-02
1.282250717540943441e+00 1.354239296862528794e-02
1.283532090517995217e+00 1.593716607463518953e-02
1.284816027048520271e+00 1.840182783631975211e-02
1.286102534833305722e+00 2.068280613849450902e-02
1.287391621604013325e+00 2.300676962481686474e-02
1.288683295123334016e+00 2.489846944540952123e-02
1.289977563185144005e+00 2.697743959208284692e-02
1.291274433614661987e+00 2.922351145458405852e-02
1.292573914268606350e+00 3.149163738773437526e-02
1.293876013035353711e+00 3.414260936525879975e-02
1.295180737835098794e+00 3.634383655093829935e-02
1.296488096620015629e+00 3.827072248828432971e-02
1.297798097374417203e+00 3.952578086783335720e-02
1.299110748114920444e+00 3.945709465906407920e-02
1.300426056890607862e+00 3.871417968265011139e-02
1.301744031783193201e+00 3.727434899674474805e-02
1.303064680907186412e+00 3.625641610090380579e-02
1.304388012410060194e+00 3.634322960806003061e-02
1.305714034472417628e+00 3.755611168774240782e-02
1.307042755308160942e+00 4.081728353094959960e-02
1.308374183164660698e+00 4.577365498346636086e-02
1.309708326322927663e+00 5.276970699965653766e-02
1.311045193097781558e+00 6.151228008606693387e-02
1.312384791838027587e+00 7.088024800129470726e-02
1.313727130926627851e+00 8.093790723128117814e-02
1.315072218780876323e+00 9.035460871028630492e-02
1.316420063852575595e+00 9.897610704155171413e-02
1.317770674628213401e+00 1.069608701429465847e-01
1.319124059629140922e+00 1.140242049080971848e-01
1.320480227411752194e+00 1.220228654191893997e-01
1.321839186567663527e+00 1.311131198524773389e-01
1.323200945723896238e+00 1.416081114638295113e-01
1.324565513543057849e+00 1.535182313345769822e-01
1.325932898723527265e+00 1.644494490332026881e-01
1.327303109999638409e+00 1.735467617367273396e-01
1.328676156141866516e+00 1.785568306438909403e-01
1.330052045957015094e+00 1.778497055723722020e-01
1.331430788288405109e+00 1.723746744545310572e-01
1.332812392016063274e+00 1.623956982563537488e-01
1.334196866056913677e+00 1.505245821887260527e-01
1.335584219364968961e+00 1.385878759040375108e-01
1.336974460931523057e+00 1.270016457161229073e-01
1.338367599785346362e+00 1.173660373025613157e-01
1.339763644992881142e+00 1.090709626181313729e-01
1.341162605658436702e+00 1.016442559452061661e-01
1.342564490924390119e+00 9.374123282885858666e-02
1.343969309971381643e+00 8.259147068180459905e-02
1.345377072018519193e+00 6.881144494429392022e-02
1.346787786323576430e+00 5.471996394750228143e-02
1.348201462183198140e+00 4.310033930001179459e-02
1.349618108933102745e+00 3.513836544326363887e-02
1.351037735948290130e+00 2.968541020780423798e-02
1.352460352643244823e+00 2.627927994506139286e-02
1.353885968472148260e+00 2.402588263501336321e-02
1.355314592929085071e+00 2.239711488403884482e-02
1.356746235548255131e+00 2.126271574645563142e-02
1.358180905904185831e+00 1.999693478820150846e-02
1.359618613611944804e+00 1.890621458134490729e-02
1.361059368327355079e+00 1.789784747996536404e-02
1.362503179747211357e+00 1.701714969472875594e-02
1.363950057609498057e+00 1.647403469521810382e-02
1.365400011693606253e+00 1.593285458339440200e-02
1.366853051820556830e+00 1.563249907446868925e-02
1.368309187853220088e+00 1.531967881528727322e-02
1.369768429696540002e+00 1.492303160954511210e-02
1.371230787297757381e+00 1.458258744957567458e-02
1.372696270646638572e+00 1.402907883656071344e-02
1.374164889775699727e+00 1.357688261717458766e-02
1.375636654760438393e+00 1.310917731465451909e-02
1.377111575719562442e+00 1.265370219922395262e-02
1.378589662815221883e+00 1.237500259880238568e-02
1.380070926253243568e+00 1.200808326052018975e-02
1.381555376283364778e+00 1.178477388835783013e-02
1.383043023199470367e+00 1.154299172360151969e-02
1.384533877339829910e+00 1.128479963099513275e-02
1.386027949087338174e+00 1.115813177478613798e-02
1.387525248869755812e+00 1.092588147375551239e-02
1.389025787159951619e+00 1.080431467449533001e-02
1.390529574476147223e+00 1.062212305471850644e-02
1.392036621382161998e+00 1.035544277181057321e-02
1.393546938487661091e+00 1.013102841392876478e-02
1.395060536448405220e+00 9.742948633955453644e-03
1.396577425966499586e+00 9.438976994293144310e-03
1.398097617790646341e+00 9.121701539410448020e-03
1.399621122716400601e+00 8.812724191238309121e-03
1.401147951586422913e+00 8.641494779191143463e-03
1.402678115290738603e+00 8.395037735071986945e-03
1.404211624766996236e+00 8.253139081261363572e-03
1.405748491000727851e+00 8.075537971176051724e-03
1.407288725025611198e+00 7.858150332498972310e-03
1.408832337923734634e+00 7.716015615887320857e-03
1.410379340825861805e+00 7.467575752872852336e-03
1.411929744911700313e+00 7.300808629635463336e-03
1.413483561410169731e+00 7.094738876830851589e-03
1.415040801599673825e+00 6.850607523387793052e-03
1.416601476808373228e+00 6.669990575331695253e-03
1.418165598414459661e+00 6.390501367251224044e-03
1.419733177846432826e+00 6.201090611336236222e-03
1.421304226583378183e+00 6.007365208527452871e-03
1.422878756155248059e+00 5.836556415069381332e-03
1.424456778143142976e+00 5.779183300894823183e-03
1.426038304179596539e+00 5.676673565485665374e-03
1.427623345948860090e+00 5.681449619927785195e-03
1.429211915187190263e+00 5.664806832608411565e-03
1.430804023683140525e+00 5.647916991925241818e-03
1.432399683277851388e+00 5.704459218113762560e-03
1.433998905865343287e+00 5.702023141599645711e-03
1.435601703392814343e+00 5.819227136685633031e-03
1.437208087860935457e+00 5.942109274712039681e-03
1.438818071324151404e+00 6.115199872425580545e-03
1.440431665890981705e+00 6.388449516940465298e-03
1.442048883724324604e+00 6.581998206218710873e-03
1.443669737041762158e+00 6.798034901230875192e-03
1.445294238115867769e+00 6.824931851067262897e-03
1.446922399274517490e+00 6.704921425920178438e-03
1.448554232901199557e+00 6.604830637378328838e-03
1.450189751435329688e+00 6.487823304023624185e-03
1.451828967372567725e+00 6.562298150142597403e-03
1.453471893265134263e+00 6.659829918855935706e-03
1.455118541722132175e+00 6.753993959060360444e-03
1.456768925409868798e+00 6.845009246373699209e-03
1.458423057052181004e+00 6.737345506648672287e-03
1.460080949430762276e+00 6.587830141783324045e-03
1.461742615385490884e+00 6.286457069634312708e-03
1.463408067814762958e+00 5.904023351336870618e-03
1.465077319675824219e+00 5.564793983360357722e-03
1.466750383985108819e+00 5.173322232929098048e-03
1.468427273818574630e+00 4.917825851426596562e-03
1.470108002312046080e+00 4.704873184961517497e-03
1.471792582661556104e+00 4.563648366368199677e-03
1.473481028123691416e+00 4.540529029232098258e-03
1.475173352015941353e+00 4.489812087427629515e-03
1.476869567717046916e+00 4.528284962675922960e-03
1.478569688667353610e+00 4.518006146559897657e-03
1.480273728369166264e+00 4.475961925146875429e-03
1.481981700387106970e+00 4.439168089613082860e-03
1.483693618348475241e+00 4.290497673963086615e-03
1.485409495943609492e+00 4.182075152312980312e-03
1.487129346926251872e+00 4.024616077805028870e-03
1.488853185113917732e+00 3.881868925313285753e-03
1.490581024388262232e+00 3.816524815342252439e-03
1.492312878695457590e+00 3.734268449420690122e-03
1.494048762046563450e+00 3.769086946819077185e-03
1.495788688517908360e+00 3.803249093171414894e-03
1.497532672251467467e+00 3.868751434684895418e-03
1.499280727455248874e+00 3.977465509944217402e-03
1.501032868403676668e+00 4.006469779079276268e-03
1.502789109437979942e+00 4.070217568361249663e-03
1.504549464966586036e+00 4.039453928575739879e-03
1.506313949465511781e+00 3.949589087403893896e-03
1.508082577478762509e+00 3.830646245058287082e-03
1.509855363618730850e+00 3.576643794016078157e-03
1.511632322566598186e+00 3.323396750807678778e-03
1.513413469072741879e+00 2.989758010618519431e-03
1.515198817957142063e+00 2.629929743548101162e-03
1.516988384109793087e+00 2.310820129927385579e-03
1.518782182491116739e+00 1.965808446720999914e-03
1.520580228132380585e+00 1.711776830574763836e-03
1.522382536136117182e+00 1.484179851490774558e-03
1.524189121676545966e+00 1.312795800989976884e-03
1.526000000000000023e+00 1.216109518561673576e-03
