3.648455600533850742e-08
2.977797271522365692e-08
3.640310384063860442e-08
3.703015456898224345e-08
3.944519149340190451e-08
3.480347460736092123e-08
3.295165612294186827e-08
3.214991423697259356e-08
3.472596963293259431e-08
3.435191253081340663e-08
3.467933753941257118e-08
3.469607277514145425e-08
3.424663580326135668e-08
3.466942928897230318e-08
3.129851400159340643e-08
3.733405770876924825e-08
3.417339834169021779e-08
3.480227758061733716e-08
3.836377479373679979e-08
3.927701907904358371e-08
3.617422846827588832e-08
3.504016681918768681e-08
3.385039517381196038e-08
3.639340155922033595e-08
3.782073335946279916e-08
3.478012384685747305e-08
3.681608670314399085e-08
3.724649676081191582e-08
3.747245842485785623e-08
3.543230226466664726e-08
3.567017413395629886e-08
3.785926651943123589e-08
3.898361586269917224e-08
3.975639944236543849e-08
4.016257078737812635e-08
3.737428979377010320e-08
4.172494858682678965e-08
3.683020642963342701e-08
3.970571762316479035e-08
4.082996702914498930e-08
3.796286833744530488e-08
3.781985275463975438e-08
3.836114507047176984e-08
3.925531695032448384e-08
4.145650189530558157e-08
4.224553259373069868e-08
4.230334859909186848e-08
4.372852808996362321e-08
4.077491453521423049e-08
4.103954262221937357e-08
3.800491871783347211e-08
4.258259409896392934e-08
4.396415567230954746e-08
3.997680287239709506e-08
3.982030222673037022e-08
4.199682983014757429e-08
4.133355037442887639e-08
4.239570492208842044e-08
4.045175094876686201e-08
4.326851196418468601e-08
4.049089641191136290e-08
4.131231470640972232e-08
4.140356400204171802e-08
3.969807283608527039e-08
4.222485653533281952e-08
4.226618500097075154e-08
4.096397503803112822e-08
4.134590691383060895e-08
4.263099964439251990e-08
4.087113359776862280e-08
4.223767222005985992e-08
4.108953800144723286e-08
4.160081738188549346e-08
4.128752716697719006e-08
4.207811639469809524e-08
4.130640572019037170e-08
4.096008034117040859e-08
4.083505251610711225e-08
4.145895083204840980e-08
4.222984322091099811e-08
4.242309118400712929e-08
4.192499714322958108e-08
4.223978488063675301e-08
4.157452054245626360e-08
4.201484136258232791e-08
4.130786248743597937e-08
4.124447415343313045e-08
4.196915260817441303e-08
4.206669505011341472e-08
4.302698420666047518e-08
4.129834424724474245e-08
4.162600007626581919e-08
4.151338432313523354e-08
4.088100387785702369e-08
4.220001184086266384e-08
4.166703674361808265e-08
4.168153944853190848e-08
4.224591406394855126e-08
4.229216513540187816e-08
4.142256150967108860e-08
4.177194032342346954e-08
4.182936826925820326e-08
4.227831283658383962e-08
4.261942686133698071e-08
4.163428025951268122e-08
4.243858045387412006e-08
4.267820101278876279e-08
4.204745164944096665e-08
4.279027875229922464e-08
4.243131092489166400e-08
4.235874296056422034e-08
4.240394856326074718e-08
4.261387410701642540e-08
4.216747561703921493e-08
4.229684563153092247e-08
4.221657561560986809e-08
4.222475762400950432e-08
4.188648470000588554e-08
4.234662221035060757e-08
4.280186877173980410e-08
4.231612991660840357e-08
4.228396795191190112e-08
