1.599999999999999928e-06 1.600000000000000033e-01 5.999999999999999778e-01 5.500000000000000444e-01 1.699999999999999987e-05
1.680000000000000009e-06 1.600000000000000033e-01 5.999999999999999778e-01 5.500000000000000444e-01 1.699999999999999987e-05
1.599999999999999928e-06 1.680000000000000104e-01 5.999999999999999778e-01 5.500000000000000444e-01 1.699999999999999987e-05
1.599999999999999928e-06 1.600000000000000033e-01 6.300000000000000044e-01 5.500000000000000444e-01 1.699999999999999987e-05
1.599999999999999928e-06 1.600000000000000033e-01 5.999999999999999778e-01 5.775000000000001243e-01 1.699999999999999987e-05
1.599999999999999928e-06 1.600000000000000033e-01 5.999999999999999778e-01 5.500000000000000444e-01 1.785000000000000020e-05
1.519999999999999847e-06 1.632000000000000395e-01 6.119999999999999885e-01 5.609999999999999432e-01 1.734000000000000000e-05
1.487999999999999983e-06 1.638400000000000412e-01 6.143999999999999462e-01 5.631999999999999229e-01 1.740799999999999664e-05
1.567999999999999641e-06 1.644800000000000428e-01 5.748000000000000886e-01 5.653999999999999027e-01 1.747600000000000683e-05
1.561599999999999584e-06 1.653760000000000785e-01 5.637600000000002609e-01 5.684799999999998743e-01 1.757120000000000890e-05
1.552639999999999588e-06 1.554304000000000519e-01 5.903040000000002729e-01 5.727919999999999678e-01 1.770448000000000502e-05
1.543167999999999436e-06 1.529164800000000490e-01 5.883648000000002432e-01 5.773504000000000413e-01 1.784537600000000808e-05
1.533696000000000130e-06 1.616025600000000895e-01 5.864256000000002134e-01 5.819088000000001148e-01 1.798627200000000437e-05
1.507174399999999618e-06 1.622435840000000795e-01 5.809958400000002632e-01 5.946723199999999210e-01 1.719078080000000977e-05
1.470044159999999579e-06 1.631410176000001322e-01 5.733941760000004217e-01 5.740412479999996709e-01 1.811709312000000865e-05
1.577257727999999888e-06 1.605496780800000356e-01 5.953439808000000610e-01 5.768947184000000616e-01 1.719549129600000394e-05
1.590903091199999912e-06 1.602198712320000717e-01 5.981375923199999667e-01 5.497578873599999749e-01 1.792819651839999099e-05
1.521826920959999627e-06 1.618894342656000684e-01 5.839956466560002335e-01 5.868122942879999693e-01 1.731982855072000530e-05
1.578808259583999596e-06 1.587392289382401345e-01 5.559316909824002506e-01 5.937551250752000076e-01 1.777090873868800559e-05
1.590569911500799207e-06 1.578470747258881313e-01 5.447180291788803475e-01 6.003061500902400205e-01 1.785709048642560875e-05
1.599773874073599972e-06 1.587897125416960764e-01 5.727104620569601900e-01 5.707199631020801744e-01 1.797151226315520176e-05
1.535467637754879762e-06 1.613469829639168629e-01 5.820207393511682703e-01 5.839961363304639885e-01 1.743387320039616604e-05
1.527627030935551915e-06 1.604483906808628624e-01 5.560328313334275130e-01 5.834781061622654752e-01 1.819120227963367202e-05
1.568572356013721503e-06 1.605319527851510331e-01 5.884645296433498318e-01 5.780468112583965201e-01 1.736974071813589501e-05
1.585139301341040052e-06 1.589672658749231859e-01 5.657667839907672969e-01 5.769192290656242061e-01 1.715380906288803192e-05
1.542698577734682169e-06 1.611413835281116369e-01 5.828103071983844474e-01 5.810356250864843197e-01 1.784059098600540835e-05
1.549674732434913294e-06 1.534999792861677648e-01 5.960525068701207907e-01 5.953702791002180028e-01 1.767663745729018175e-05
1.547289678921895867e-06 1.511247751434013076e-01 6.025110082441448300e-01 6.007483349202616951e-01 1.769772494874821496e-05
1.580535911146839812e-06 1.534401131940447693e-01 5.859878750761433608e-01 5.865550222056730156e-01 1.791950495623484147e-05
1.543354585598472633e-06 1.599632807541892521e-01 5.827149881030389000e-01 5.844439413586255405e-01 1.751885875766793322e-05
1.537344084721898353e-06 1.540276745604259312e-01 5.772442681678376930e-01 5.950631993178321366e-01 1.804328465430793049e-05
1.561076065795824584e-06 1.505727602303910118e-01 5.806720750005843756e-01 5.976854151822834638e-01 1.765351185375942873e-05
1.554509069848836994e-06 1.543406878506589919e-01 5.693256121992021912e-01 6.158864063416811252e-01 1.776923558126859611e-05
1.554882883818604814e-06 1.541227454207907965e-01 5.651299346390425971e-01 6.245052876100174455e-01 1.778218669752231027e-05
1.576820504765621152e-06 1.557814416343790698e-01 5.775396106198468216e-01 6.053920423407233020e-01 1.732599174424642933e-05
1.534561227976167940e-06 1.498867723350204850e-01 6.074953556602628035e-01 6.113548834895645712e-01 1.742040086208972372e-05
1.566497558912773279e-06 1.446321171514037829e-01 5.906242055625137155e-01 6.314304440585145617e-01 1.763306768487850687e-05
1.528902461404485357e-06 1.443542264780238726e-01 6.010334210227724627e-01 6.208977037635332596e-01 1.794876507455283907e-05
1.568434847177422250e-06 1.537816789820169172e-01 5.816510274403587921e-01 6.081055330897150446e-01 1.743497707705005256e-05
1.584711185874440463e-06 1.518068584361810525e-01 5.607399446943949206e-01 6.136351224547522687e-01 1.786018644269368299e-05
1.543337470608365621e-06 1.502227874027235732e-01 5.993131587412359185e-01 6.117539253084723905e-01 1.749736333869541591e-05
1.540798616045563585e-06 1.464883951574672827e-01 5.936491254346496493e-01 6.183438297421047780e-01 1.787056473239149949e-05
1.545634956493638767e-06 1.477647198267634243e-01 5.915494582856486439e-01 6.165521278279365580e-01 1.779433689270674442e-05
1.541980953706286840e-06 1.485740977476421310e-01 5.989790311884498619e-01 6.363106327077976410e-01 1.770835997126104825e-05
1.553643850493971692e-06 1.470018118763281867e-01 5.757273071226115535e-01 6.474726320848337435e-01 1.766840088527739803e-05
1.554914684808386688e-06 1.461772192229135736e-01 5.703705668983048982e-01 6.568174915177480422e-01 1.766253607258323329e-05
1.561718610761744113e-06 1.466154094064477109e-01 5.694908159780707191e-01 6.507545244071674118e-01 1.793717751396298586e-05
1.565854586583713613e-06 1.486137528142816300e-01 5.684310595106267794e-01 6.596372805193956301e-01 1.769734020845415800e-05
1.544734795232955573e-06 1.533390097547924213e-01 5.604790538130068889e-01 6.560416988731703203e-01 1.788431842571265736e-05
1.548543278876923417e-06 1.518153035491994207e-01 5.657544553691704614e-01 6.517347292806053849e-01 1.784034954606667764e-05
1.538453244479298653e-06 1.506379943858816572e-01 5.816015582083113866e-01 6.246738419167731093e-01 1.787724963718201137e-05
1.561059351715441090e-06 1.489679950893116334e-01 5.707358967827216301e-01 6.535186787639366557e-01 1.772882435848153234e-05
1.569958236560386957e-06 1.508352083891889572e-01 5.397563327681972334e-01 6.548837081508267488e-01 1.787441562926331477e-05
1.546876978205754561e-06 1.489697921099128186e-01 5.886150589649056242e-01 6.395609209103276793e-01 1.773741971141144523e-05
1.544283926482534456e-06 1.537356498117694314e-01 5.768942451733101162e-01 6.359623750527211294e-01 1.756569496554075818e-05
1.558667541012882412e-06 1.478614514773790023e-01 5.707864160872375692e-01 6.481658982701392624e-01 1.787216806798909568e-05
1.561508963221738834e-06 1.469542148402895876e-01 5.826433900694372170e-01 6.335546377750965741e-01 1.767525034220603363e-05
1.557819790041310368e-06 1.417793607364977171e-01 5.902732929717229293e-01 6.644038195117161205e-01 1.769063864862388899e-05
1.555396842407578434e-06 1.519626531010395132e-01 5.695300223472616885e-01 6.314875306928147136e-01 1.776616578896508502e-05
1.569233641334890678e-06 1.481294584438263284e-01 5.591541539988021947e-01 6.461188301244005228e-01 1.774690406575620994e-05
1.550789394253353382e-06 1.488227337183476995e-01 5.834594005958375629e-01 6.407085550227904491e-01 1.773907947342177803e-05
1.550313828731551631e-06 1.508924432646728819e-01 5.654522271048307847e-01 6.549866801587093113e-01 1.783460508744791931e-05
1.552272977267334042e-06 1.502032532904057915e-01 5.684606806236368604e-01 6.512360727415770212e-01 1.780671800703058626e-05
1.547248890458606810e-06 1.493727662960884217e-01 5.764496339279123749e-01 6.341095967609253758e-01 1.781218853059204216e-05
1.558642520995495239e-06 1.490388300504975616e-01 5.717358007831300215e-01 6.501220894134096540e-01 1.774341308860087190e-05
1.554209671201636103e-06 1.452085790641438057e-01 5.785378197377197829e-01 6.635945683202855161e-01 1.776574601996280559e-05
1.555189087446538473e-06 1.507806901445827852e-01 5.711063868905918994e-01 6.371062622776221263e-01 1.776609232938968730e-05
1.558499980413562691e-06 1.471989536164483026e-01 5.806654439681265822e-01 6.381941020859410729e-01 1.770894353084094883e-05
1.563067797891626568e-06 1.479299611477465914e-01 5.645491413448415763e-01 6.477158386299879389e-01 1.776452768741742808e-05
1.552938114890051179e-06 1.486664985184925070e-01 5.801501052269132375e-01 6.419348296540500209e-01 1.774353291087101645e-05
1.557767715675846558e-06 1.451263280710754500e-01 5.805196423846157305e-01 6.532495583257272864e-01 1.772849106404204370e-05
1.555640347386667483e-06 1.497911767817189932e-01 5.727537066020460532e-01 6.399313390860404960e-01 1.775951210795385221e-05
1.553312969498064850e-06 1.497449538653182199e-01 5.677958903606489249e-01 6.528566133174481534e-01 1.780586729343594488e-05
1.557592253503350474e-06 1.476445036600005367e-01 5.784132720868180311e-01 6.407600415514548287e-01 1.772590518929507500e-05
1.556953364971632661e-06 1.462940614513600912e-01 5.779714539206379786e-01 6.514508573035145966e-01 1.774185594885952519e-05
1.555870125464036570e-06 1.491791815989061964e-01 5.736668123827995958e-01 6.419472547740985302e-01 1.775642228011234397e-05
1.552807205125879649e-06 1.487508788043109820e-01 5.810909029536712733e-01 6.407288407209994485e-01 1.758290167367357698e-05
1.551635137948479097e-06 1.489287642696973946e-01 5.831518003269579031e-01 6.392414292111715524e-01 1.752504839481046985e-05
1.554379452539462046e-06 1.472618275649457131e-01 5.811801428864581398e-01 6.464601185958005480e-01 1.762923921897483273e-05
1.557887998173212970e-06 1.472126422639407073e-01 5.751088651061623258e-01 6.482826592925493570e-01 1.759641111145768405e-05
1.558877974829845328e-06 1.469218710130303640e-01 5.741006170820120991e-01 6.495522252202492464e-01 1.756698675157501892e-05
1.553748148090511193e-06 1.479455840636446085e-01 5.751206362443350706e-01 6.529743208626622719e-01 1.755047145794560307e-05
1.557738270138506029e-06 1.489657847222435050e-01 5.775639328572311770e-01 6.484624058404145908e-01 1.756080399103056883e-05
1.554360373931765286e-06 1.473455071243633674e-01 5.760487166261699654e-01 6.476458424920603640e-01 1.764957142878420055e-05
1.557021746700712435e-06 1.486220894742083243e-01 5.772425233536727651e-01 6.482891954331879703e-01 1.757963344752376631e-05
1.552091289919069275e-06 1.467620703175585017e-01 5.837581282249296732e-01 6.450797909197503177e-01 1.742027993127625137e-05
1.550781043703784421e-06 1.463067183709706731e-01 5.861625937132894926e-01 6.440713312210185615e-01 1.735565329981132523e-05
1.555439093326945191e-06 1.483391699041554102e-01 5.753449802569902127e-01 6.481896306669392427e-01 1.745087008582285257e-05
1.555651021484442159e-06 1.485546383719973385e-01 5.741779477310966495e-01 6.485355330811669594e-01 1.741519625919245925e-05
1.558148867283952422e-06 1.467716224918646506e-01 5.726690381007473185e-01 6.570435854858069913e-01 1.743012546533166394e-05
1.553741996003542427e-06 1.484045089496328629e-01 5.796170766044096423e-01 6.435839210548407463e-01 1.755616583721374219e-05
1.557205463484533033e-06 1.477604871869263037e-01 5.804378809541133055e-01 6.410419454210157797e-01 1.746483343276688944e-05
1.554005351587860030e-06 1.467393408614497685e-01 5.795941368849518716e-01 6.428281708456211607e-01 1.738975143728597680e-05
1.550200074161933272e-06 1.483665472619955794e-01 5.849334510777882690e-01 6.388755193087085615e-01 1.733150400751910734e-05
1.557359342212960824e-06 1.471746893565992753e-01 5.759963630312728844e-01 6.476838016857295877e-01 1.752577727136523405e-05
1.551934136998616768e-06 1.472936119559687951e-01 5.768195800365509829e-01 6.500425416138276846e-01 1.745803486176657467e-05
1.552856619133651702e-06 1.473753151213863521e-01 5.774527826971243005e-01 6.484674372800856013e-01 1.745922461169162874e-05
1.555043453731651508e-06 1.462379126619636205e-01 5.767746668233405538e-01 6.494539724701006156e-01 1.732792596711087789e-05
1.555303745277273366e-06 1.458045934044297776e-01 5.762061848671268249e-01 6.506279827531525894e-01 1.728227799309030367e-05
1.550499752129708876e-06 1.470930215771429905e-01 5.807067019133044239e-01 6.460621601529601410e-01 1.727917401125764492e-05
1.554059728407440953e-06 1.467794783946585468e-01 5.805518499339250571e-01 6.443164137077539433e-01 1.727370643075764993e-05
1.554300350262198930e-06 1.466603110493129858e-01 5.811716633812851196e-01 6.434862089932876783e-01 1.723660279457085620e-05
1.555708681759275072e-06 1.473520194911882020e-01 5.732119184686618185e-01 6.470666272975043043e-01 1.723918025649087465e-05
1.559383791400462373e-06 1.471246673972217978e-01 5.732654314024300257e-01 6.464860449221121463e-01 1.736428867460277842e-05
1.552054459002090907e-06 1.470985595956567915e-01 5.794044795739013987e-01 6.461363399875617031e-01 1.729406907734304209e-05
1.555097834908003146e-06 1.476220356065978401e-01 5.743021335063623889e-01 6.510433018862273880e-01 1.721543830459726452e-05
1.555316331572031642e-06 1.477985745556274488e-01 5.732437328306444480e-01 6.526863280943485668e-01 1.718057567805952477e-05
1.553230890380845328e-06 1.454336969898904486e-01 5.797679969703237735e-01 6.463390471727058495e-01 1.711009030085270961e-05
1.557298025414698686e-06 1.462238307239244473e-01 5.746868720860881519e-01 6.488193231403687200e-01 1.715762597210599647e-05
1.556380401292492113e-06 1.463769082764775908e-01 5.755124533964554034e-01 6.483498010886273866e-01 1.718150351552247946e-05
1.554843809709474074e-06 1.471400759034231509e-01 5.768117994658948922e-01 6.450600221052403827e-01 1.706520010170280266e-05
1.554803880905038629e-06 1.473205085517150514e-01 5.768192259944057154e-01 6.441812320322682917e-01 1.701265492862119168e-05
1.557285569269957405e-06 1.486990162002262417e-01 5.726389609285444937e-01 6.473118213464602588e-01 1.724406161906835429e-05
1.553940459186439973e-06 1.460051278516992235e-01 5.785204156630123773e-01 6.465092826531129155e-01 1.713353528154044675e-05
1.556576000464362760e-06 1.481275853384174668e-01 5.738865422358558899e-01 6.471415858660531928e-01 1.722061663838061714e-05
1.554401678910076598e-06 1.463765579118749272e-01 5.777094878132600364e-01 6.466199357153774585e-01 1.714877451898747792e-05
1.554284976751848695e-06 1.463905090672031339e-01 5.809940671680456914e-01 6.464055645888109325e-01 1.707880936842884003e-05
1.552775087402374032e-06 1.473710605982039845e-01 5.808861777488883993e-01 6.443446961977611354e-01 1.709540845055976997e-05
1.555749471361721375e-06 1.465508849327797070e-01 5.764528551581311611e-01 6.476489077327257649e-01 1.716643687915400597e-05
1.555434786872475854e-06 1.470438873787552891e-01 5.733394444747970109e-01 6.508733677888761671e-01 1.701224280534465992e-05
1.554772083012461314e-06 1.458509035303333368e-01 5.798238987370935016e-01 6.432483012569958358e-01 1.695212909561720163e-05
1.554706932633352652e-06 1.454966771150804361e-01 5.809282517832397019e-01 6.416893011311495254e-01 1.689946725382118769e-05
1.554772083012461314e-06 1.458509035303333368e-01 5.798238987370935016e-01 6.432483012569958358e-01 1.695212909561720163e-05
