1.345377072018519224e-06
1.148143856402830150e-06
1.345377072018519224e-06
1.348201462183198058e-06
1.346787786323576453e-06
1.345377072018519224e-06
1.307042755308160881e-06
1.291274433614661881e-06
1.328676156141866573e-06
1.324565513543057953e-06
1.321839186567663530e-06
1.317770674628213457e-06
1.312384791838027629e-06
1.299110748114920352e-06
1.278421903382652272e-06
1.335584219364968925e-06
1.339763644992881126e-06
1.307042755308160881e-06
1.334196866056913768e-06
1.341162605658436773e-06
1.343969309971381743e-06
1.313727130926627750e-06
1.307042755308160881e-06
1.331430788288405141e-06
1.336974460931522968e-06
1.316420063852575555e-06
1.321839186567663530e-06
1.321839186567663530e-06
1.336974460931522968e-06
1.317770674628213457e-06
1.313727130926627750e-06
1.327303109999638356e-06
1.323200945723896198e-06
1.324565513543057953e-06
1.335584219364968925e-06
1.315072218780876215e-06
1.331430788288405141e-06
1.311045193097781652e-06
1.331430788288405141e-06
1.339763644992881126e-06
1.319124059629140845e-06
1.317770674628213457e-06
1.320480227411752092e-06
1.319124059629140845e-06
1.324565513543057953e-06
1.324565513543057953e-06
1.328676156141866573e-06
1.330052045957015075e-06
1.317770674628213457e-06
1.320480227411752092e-06
1.315072218780876215e-06
1.328676156141866573e-06
1.331430788288405141e-06
1.320480227411752092e-06
1.319124059629140845e-06
1.325932898723527278e-06
1.328676156141866573e-06
1.327303109999638356e-06
1.324565513543057953e-06
1.331430788288405141e-06
1.323200945723896198e-06
1.321839186567663530e-06
1.323200945723896198e-06
1.320480227411752092e-06
1.325932898723527278e-06
1.324565513543057953e-06
1.324565513543057953e-06
1.327303109999638356e-06
1.328676156141866573e-06
1.324565513543057953e-06
1.327303109999638356e-06
1.324565513543057953e-06
1.323200945723896198e-06
1.325932898723527278e-06
1.325932898723527278e-06
1.324565513543057953e-06
1.324565513543057953e-06
1.323200945723896198e-06
1.324565513543057953e-06
1.325932898723527278e-06
1.327303109999638356e-06
1.324565513543057953e-06
1.327303109999638356e-06
1.324565513543057953e-06
1.325932898723527278e-06
1.324565513543057953e-06
1.323200945723896198e-06
1.325932898723527278e-06
1.325932898723527278e-06
1.327303109999638356e-06
1.324565513543057953e-06
1.327303109999638356e-06
1.324565513543057953e-06
1.323200945723896198e-06
1.325932898723527278e-06
1.323200945723896198e-06
1.324565513543057953e-06
1.325932898723527278e-06
1.325932898723527278e-06
1.323200945723896198e-06
1.325932898723527278e-06
1.325932898723527278e-06
1.325932898723527278e-06
1.327303109999638356e-06
1.324565513543057953e-06
1.325932898723527278e-06
1.325932898723527278e-06
1.324565513543057953e-06
1.327303109999638356e-06
1.325932898723527278e-06
1.325932898723527278e-06
1.325932898723527278e-06
1.327303109999638356e-06
1.324565513543057953e-06
1.325932898723527278e-06
1.325932898723527278e-06
1.325932898723527278e-06
1.324565513543057953e-06
1.325932898723527278e-06
1.325932898723527278e-06
1.325932898723527278e-06
1.325932898723527278e-06
