1.126000000000000112e+00 6.645767991954739881e-05
1.126987992296117014e+00 4.452939813557512668e-05
1.127977719913760390e+00 2.906684602706595538e-05
1.128969187428857879e+00 2.504679632731778428e-05
1.129962399433440456e+00 3.174168556846794828e-05
1.130957360535711942e+00 4.282136126634916094e-05
1.131954075360122047e+00 4.957762405685505044e-05
1.132952548547436100e+00 4.606586748350062146e-05
1.133952784754808318e+00 3.396442753249355418e-05
1.134954788655853974e+00 2.480892097622495039e-05
1.135958564940721782e+00 3.808955883961222082e-05
1.136964118316167838e+00 9.524583291976374596e-05
1.137971453505628228e+00 2.112950417178252821e-04
1.138980575249294080e+00 3.870282509272480911e-04
1.139991488304184397e+00 6.048881452100428151e-04
1.141004197444223101e+00 8.306508249527729199e-04
1.142018707460311200e+00 1.021145697158931057e-03
1.143035023160405395e+00 1.136096827975245291e-03
1.144053149369591793e+00 1.150526079173313978e-03
1.145073090930163184e+00 1.063653347508811782e-03
1.146094852701695865e+00 9.011136732547146092e-04
1.147118439561126468e+00 7.093483336686220823e-04
1.148143856402830121e+00 5.435580287249032905e-04
1.149171108138697273e+00 4.527703294026198897e-04
1.150200199698214076e+00 4.666102426947029368e-04
1.151231136028538549e+00 5.878856382994220118e-04
1.152263922094582727e+00 7.932422458241750272e-04
1.153298562879090827e+00 1.041522885376709251e-03
1.154335063382718740e+00 1.286971772964380038e-03
1.155373428624115739e+00 1.492907791955661772e-03
1.156413663640005973e+00 1.641462431804303033e-03
1.157455773485268402e+00 1.736430764597594184e-03
1.158499763233019175e+00 1.798693916494210898e-03
1.159545637974695120e+00 1.856188693403898471e-03
1.160593402820134123e+00 1.932152165668078996e-03
1.161643062897660617e+00 2.035772510570632143e-03
1.162694623354169066e+00 2.158340195480847132e-03
1.163748089355205462e+00 2.275937260672295827e-03
1.164803466085055916e+00 2.357397124530459086e-03
1.165860758746828818e+00 2.374542033221910351e-03
1.166919972562540542e+00 2.311142956973219822e-03
1.167981112773203378e+00 2.167777656447403885e-03
1.169044184638909245e+00 1.961432473628463204e-03
1.170109193438919171e+00 1.720615544135103937e-03
1.171176144471748781e+00 1.478180502914749938e-03
1.172245043055257785e+00 1.264492058057533046e-03
1.173315894526736125e+00 1.102917431292401449e-03
1.174388704242995241e+00 1.008266752156012670e-03
1.175463477580455329e+00 9.873816765918570423e-04
1.176540219935237941e+00 1.040240824996963107e-03
1.177618936723252130e+00 1.160090977360230414e-03
1.178699633380288825e+00 1.332152604080409034e-03
1.179782315362111200e+00 1.531881321518424209e-03
1.180866988144545493e+00 1.724856711863055570e-03
1.181953657223574483e+00 1.870465960568002718e-03
1.183042328115429642e+00 1.930390958293666786e-03
1.184133006356684392e+00 1.880785958927035052e-03
1.185225697504348696e+00 1.724737281175914858e-03
1.186320407135962984e+00 1.500139831192919340e-03
1.187417140849692743e+00 1.278347105112383414e-03
1.188515904264424883e+00 1.151143746434537315e-03
1.189616703019862110e+00 1.207296802896771701e-03
1.190719542776621509e+00 1.504030583364410331e-03
1.191824429216329584e+00 2.041772158242005728e-03
1.192931368041720619e+00 2.751136138432507157e-03
1.194040364976735713e+00 3.498741416623046916e-03
1.195151425766620035e+00 4.113447627849686414e-03
1.196264556178022742e+00 4.428303411740148673e-03
1.197379761999095793e+00 4.327856925417481078e-03
1.198497049039596751e+00 3.787432877211511194e-03
1.199616423130986265e+00 2.891805985039522502e-03
1.200737890126532648e+00 1.825522229896090441e-03
1.201861455901411802e+00 8.347747082431407166e-04
1.202987126352810021e+00 1.690702602662632996e-04
1.204114907400029022e+00 1.740416274523865324e-05
1.205244804984587415e+00 4.561884323774399535e-04
1.206376825070326175e+00 1.423789405200411593e-03
1.207510973643513230e+00 2.729946627476733789e-03
1.208647256712948925e+00 4.098348001895837575e-03
1.209785680310073053e+00 5.232045650067273720e-03
1.210926250489070988e+00 5.884707195373245665e-03
1.212068973326979604e+00 5.919084596488670760e-03
1.213213854923797186e+00 5.337603112535380112e-03
1.214360901402591786e+00 4.277657981140574849e-03
1.215510118909608916e+00 2.973798551920060155e-03
1.216661513614383239e+00 1.697714915145210604e-03
1.217815091709847364e+00 6.923803670645660609e-04
1.218970859412443097e+00 1.174430139740591808e-04
1.220128822962234905e+00 1.901431169890563331e-05
1.221288988623019378e+00 3.297305358585608955e-04
1.222451362682440701e+00 8.965992521969744439e-04
1.223615951452102335e+00 1.527086816396822739e-03
1.224782761267683151e+00 2.040005808784757166e-03
1.225951798489049782e+00 2.307825400933861092e-03
1.227123069500375196e+00 2.280660525231349191e-03
1.228296580710252384e+00 1.988034925254850236e-03
1.229472338551812483e+00 1.520720024424627179e-03
1.230650349482842243e+00 9.997960049103447617e-04
1.231830619985901931e+00 5.424282000320955607e-04
1.233013156568444346e+00 2.334091273508447550e-04
1.234197965762934945e+00 1.088007896585177215e-04
1.235385054126971083e+00 1.540785280097825549e-04
1.236574428243403911e+00 3.152352000420220366e-04
1.237766094720459620e+00 5.183512715396851713e-04
1.238960060191861778e+00 6.917288561736100513e-04
1.240156331316954574e+00 7.848850164003925772e-04
1.241354914780826935e+00 7.801643709285794844e-04
1.242555817294437093e+00 6.949152059658998768e-04
1.243759045594736268e+00 5.745060866170325752e-04
1.244964606444796784e+00 4.784756482147914836e-04
1.246172506633937749e+00 4.634930354066720492e-04
1.247382752977852505e+00 5.673852824646727485e-04
1.248595352318737195e+00 7.981938076584058593e-04
1.249810311525418882e+00 1.131086588467242497e-03
1.251027637493486333e+00 1.514128653833023965e-03
1.252247337145420136e+00 1.881711147956121200e-03
1.253469417430722599e+00 2.172329361184457529e-03
1.254693885326052527e+00 2.345949659680501582e-03
1.255920747835354900e+00 2.395932370055356940e-03
1.257150011989997207e+00 2.351661315325759109e-03
1.258381684848900894e+00 2.270544333766586625e-03
1.259615773498678593e+00 2.221300606384437725e-03
1.260852285053770450e+00 2.263484672388403271e-03
1.262091226656578691e+00 2.429960390781242107e-03
1.263332605477606396e+00 2.718739387525664734e-03
1.264576428715595835e+00 3.098041249051661401e-03
1.265822703597668353e+00 3.524188320062487511e-03
1.267071437379462040e+00 3.967274202793759884e-03
1.268322637345275172e+00 4.436038593791062981e-03
1.269576310808206099e+00 4.992452622365880707e-03
1.270832465110296461e+00 5.748859222155124418e-03
1.272091107622674411e+00 6.845745558476502325e-03
1.273352245745698719e+00 8.414895269187807822e-03
1.274615886909103546e+00 1.053862168236152815e-02
1.275882038572145216e+00 1.321883480119394327e-02
1.277150708223747877e+00 1.636839604950645483e-02
1.278421903382652269e+00 1.983144783017729007e-02
1.279695631597562944e+00 2.343057958015005646e-02
1.280971900447299028e+00 2.702943169107204988e-02
1.282250717540943441e+00 3.059271366082966931e-02
1.283532090517995217e+00 3.422414077173935310e-02
1.284816027048520271e+00 3.816752986900647654e-02
1.286102534833305722e+00 4.276633300964073625e-02
1.287391621604013325e+00 4.838947685171017532e-02
1.288683295123334016e+00 5.534266756835039963e-02
1.289977563185144005e+00 6.379054858934793404e-02
1.291274433614661987e+00 7.371382273751435343e-02
1.292573914268606350e+00 8.491646661500575066e-02
1.293876013035353711e+00 9.708374069736826206e-02
1.295180737835098794e+00 1.098760169466711928e-01
1.296488096620015629e+00 1.230311231646479958e-01
1.297798097374417203e+00 1.364446904686722473e-01
1.299110748114920444e+00 1.502014554428748594e-01
1.300426056890607862e+00 1.645441475927882646e-01
1.301744031783193201e+00 1.797873147461882537e-01
1.303064680907186412e+00 1.961983540566500372e-01
1.304388012410060194e+00 2.138805181277372014e-01
1.305714034472417628e+00 2.326936523606917551e-01
1.307042755308160942e+00 2.522387123697764078e-01
1.308374183164660698e+00 2.719140368548955133e-01
1.309708326322927663e+00 2.910301465114728536e-01
1.311045193097781558e+00 3.089518920216520748e-01
1.312384791838027587e+00 3.252276711633249051e-01
1.313727130926627851e+00 3.396682003984740628e-01
1.315072218780876323e+00 3.523514143734272075e-01
1.316420063852575595e+00 3.635514496047942967e-01
1.317770674628213401e+00 3.736120126799411523e-01
1.319124059629140922e+00 3.828010163665091503e-01
1.320480227411752194e+00 3.911891442743078429e-01
1.321839186567663527e+00 3.985881764673023797e-01
1.323200945723896238e+00 4.045674923259360845e-01
1.324565513543057849e+00 4.085443879395706523e-01
1.325932898723527265e+00 4.099225299260630395e-01
1.327303109999638409e+00 4.082393452090399832e-01
1.328676156141866516e+00 4.032813160604960534e-01
1.330052045957015094e+00 3.951363180882749293e-01
1.331430788288405109e+00 3.841709854682112679e-01
1.332812392016063274e+00 3.709427567684795424e-01
1.334196866056913677e+00 3.560742118426983294e-01
1.335584219364968961e+00 3.401263672248068248e-01
1.336974460931523057e+00 3.235054631958100280e-01
1.338367599785346362e+00 3.064256564050643061e-01
1.339763644992881142e+00 2.889321170491144786e-01
1.341162605658436702e+00 2.709710616685040430e-01
1.342564490924390119e+00 2.524806673923078448e-01
1.343969309971381643e+00 2.334730599228557468e-01
1.345377072018519193e+00 2.140831381638431952e-01
1.346787786323576430e+00 1.945724500403839818e-01
1.348201462183198140e+00 1.752912462900800272e-01
1.349618108933102745e+00 1.566143519914452442e-01
1.351037735948290130e+00 1.388728961711248600e-01
1.352460352643244823e+00 1.223027736967787216e-01
1.353885968472148260e+00 1.070230853524591491e-01
1.355314592929085071e+00 9.304681267630324215e-02
1.356746235548255131e+00 8.031554886736011478e-02
1.358180905904185831e+00 6.874358821768500327e-02
1.359618613611944804e+00 5.825580666470765723e-02
1.361059368327355079e+00 4.880820609759844303e-02
1.362503179747211357e+00 4.038763420316344305e-02
1.363950057609498057e+00 3.299503288684373092e-02
1.365400011693606253e+00 2.662184962524713136e-02
1.366853051820556830e+00 2.123038786586424129e-02
1.368309187853220088e+00 1.674592969166524212e-02
1.369768429696540002e+00 1.306295828437163686e-02
1.371230787297757381e+00 1.006204630622683019e-02
1.372696270646638572e+00 7.630139366647152935e-03
1.374164889775699727e+00 5.676311340731028318e-03
1.375636654760438393e+00 4.137549049929911682e-03
1.377111575719562442e+00 2.973501945316239271e-03
1.378589662815221883e+00 2.153550328044350967e-03
1.380070926253243568e+00 1.642280647374239587e-03
1.381555376283364778e+00 1.389572539098342949e-03
1.383043023199470367e+00 1.329154951151610307e-03
1.384533877339829910e+00 1.385787516768477055e-03
1.386027949087338174e+00 1.487732650585952589e-03
1.387525248869755812e+00 1.579277103116838877e-03
1.389025787159951619e+00 1.628390179886270986e-03
1.390529574476147223e+00 1.626884326545431853e-03
1.392036621382161998e+00 1.583621018464026866e-03
1.393546938487661091e+00 1.514030882829621233e-03
1.395060536448405220e+00 1.430406017064051512e-03
1.396577425966499586e+00 1.336681177852916793e-03
1.398097617790646341e+00 1.229174307250166477e-03
1.399621122716400601e+00 1.102036168817568896e-03
1.401147951586422913e+00 9.541455518074577931e-04
1.402678115290738603e+00 7.936875941292829409e-04
1.404211624766996236e+00 6.380297019200730901e-04
1.405748491000727851e+00 5.084564354053672632e-04
1.407288725025611198e+00 4.221659016312117566e-04
1.408832337923734634e+00 3.850775346294459654e-04
1.410379340825861805e+00 3.888118888217056632e-04
1.411929744911700313e+00 4.134908273624329322e-04
1.413483561410169731e+00 4.354753427522759434e-04
1.415040801599673825e+00 4.369458040727914206e-04
1.416601476808373228e+00 4.132938817134528073e-04
1.418165598414459661e+00 3.750705951338162772e-04
1.419733177846432826e+00 3.434319495536598214e-04
1.421304226583378183e+00 3.407445838598025488e-04
1.422878756155248059e+00 3.801219684628350751e-04
1.424456778143142976e+00 4.582548490355960137e-04
1.426038304179596539e+00 5.546911428361784918e-04
1.427623345948860090e+00 6.381683104363173242e-04
1.429211915187190263e+00 6.777297096766521497e-04
1.430804023683140525e+00 6.543412801501172042e-04
1.432399683277851388e+00 5.684100138355347017e-04
1.433998905865343287e+00 4.401504959519110419e-04
1.435601703392814343e+00 3.025499338507956762e-04
1.437208087860935457e+00 1.896214417411808313e-04
1.438818071324151404e+00 1.245165781978812820e-04
1.440431665890981705e+00 1.121171147169066121e-04
1.442048883724324604e+00 1.389099466008289930e-04
1.443669737041762158e+00 1.799978415828991179e-04
1.445294238115867769e+00 2.102132070186830406e-04
1.446922399274517490e+00 2.146654142696406784e-04
1.448554232901199557e+00 1.943430841770034270e-04
1.450189751435329688e+00 1.645004998727118137e-04
1.451828967372567725e+00 1.466192255215993743e-04
1.453471893265134263e+00 1.574848295521069912e-04
1.455118541722132175e+00 2.002015356526965992e-04
1.456768925409868798e+00 2.612250065767866619e-04
1.458423057052181004e+00 3.149995960582464317e-04
1.460080949430762276e+00 3.345498788823538417e-04
1.461742615385490884e+00 3.037359427620965981e-04
1.463408067814762958e+00 2.259599020745725064e-04
1.465077319675824219e+00 1.253450521439316559e-04
1.466750383985108819e+00 3.935689139683184372e-05
1.468427273818574630e+00 5.336287791484437116e-06
1.470108002312046080e+00 4.604848412967210540e-05
1.471792582661556104e+00 1.600098617982335437e-04
1.473481028123691416e+00 3.207011131415132528e-04
1.475173352015941353e+00 4.854005753854064020e-04
1.476869567717046916e+00 6.105752325536050905e-04
1.478569688667353610e+00 6.680543798458509104e-04
1.480273728369166264e+00 6.556949002308488103e-04
1.481981700387106970e+00 5.981965881391037741e-04
1.483693618348475241e+00 5.374426711789019075e-04
1.485409495943609492e+00 5.158160637727746004e-04
1.487129346926251872e+00 5.587974783347654430e-04
1.488853185113917732e+00 6.636523540982256029e-04
1.490581024388262232e+00 7.989144313524927481e-04
1.492312878695457590e+00 9.154231658666837305e-04
1.494048762046563450e+00 9.653324633018690436e-04
1.495788688517908360e+00 9.224009767390527886e-04
1.497532672251467467e+00 7.961654781881475447e-04
1.499280727455248874e+00 6.345615911926831988e-04
1.501032868403676668e+00 5.134763328897729451e-04
1.502789109437979942e+00 5.161738372840393892e-04
1.504549464966586036e+00 7.089436326008371298e-04
1.506313949465511781e+00 1.120518828949888584e-03
1.508082577478762509e+00 1.731474263216197960e-03
1.509855363618730850e+00 2.476533610651588269e-03
1.511632322566598186e+00 3.258729911382102305e-03
1.513413469072741879e+00 3.971065459787957025e-03
1.515198817957142063e+00 4.519718187383591108e-03
1.516988384109793087e+00 4.843236277303375470e-03
1.518782182491116739e+00 4.924088445882972113e-03
1.520580228132380585e+00 4.791443249049558151e-03
1.522382536136117182e+00 4.516140071813148395e-03
1.524189121676545966e+00 4.199865596554675125e-03
1.526000000000000023e+00 3.960537050657257988e-03
