1.126000000000000112e+00 4.323750333411311049e-05
1.126987992296117014e+00 4.405020580533294014e-05
1.127977719913760390e+00 3.748946259385930232e-05
1.128969187428857879e+00 3.493051914190676936e-05
1.129962399433440456e+00 3.090061726394367249e-05
1.130957360535711942e+00 1.769719056113671165e-05
1.131954075360122047e+00 6.752388008004682871e-06
1.132952548547436100e+00 5.527842640626348175e-06
1.133952784754808318e+00 8.868891226691992939e-06
1.134954788655853974e+00 2.413555725911153800e-05
1.135958564940721782e+00 6.086172866165222138e-05
1.136964118316167838e+00 1.052862101399078157e-04
1.137971453505628228e+00 1.494113555753073266e-04
1.138980575249294080e+00 2.115130244213638358e-04
1.139991488304184397e+00 2.915549972839761791e-04
1.141004197444223101e+00 3.688836725950765563e-04
1.142018707460311200e+00 4.659359764690015806e-04
1.143035023160405395e+00 6.132544740913210314e-04
1.144053149369591793e+00 7.351515989104897468e-04
1.145073090930163184e+00 7.039412609974626030e-04
1.146094852701695865e+00 5.296410980781052821e-04
1.147118439561126468e+00 3.586796701085039367e-04
1.148143856402830121e+00 2.783955836450609581e-04
1.149171108138697273e+00 2.622024809580121942e-04
1.150200199698214076e+00 2.898330196249015046e-04
1.151231136028538549e+00 3.731084002871687877e-04
1.152263922094582727e+00 4.866705037358755228e-04
1.153298562879090827e+00 6.013430186741616692e-04
1.154335063382718740e+00 7.429114556998382864e-04
1.155373428624115739e+00 9.221770608578650158e-04
1.156413663640005973e+00 1.084698733513340171e-03
1.157455773485268402e+00 1.198345289454662245e-03
1.158499763233019175e+00 1.280014981387970130e-03
1.159545637974695120e+00 1.298633571482885312e-03
1.160593402820134123e+00 1.204187438601009253e-03
1.161643062897660617e+00 1.078410387289794768e-03
1.162694623354169066e+00 1.083666729019460741e-03
1.163748089355205462e+00 1.243976605088927250e-03
1.164803466085055916e+00 1.436287160830738985e-03
1.165860758746828818e+00 1.575657733726572394e-03
1.166919972562540542e+00 1.644440909450750436e-03
1.167981112773203378e+00 1.593531383190196398e-03
1.169044184638909245e+00 1.391642778699335057e-03
1.170109193438919171e+00 1.123977315199825187e-03
1.171176144471748781e+00 9.063253825082603432e-04
1.172245043055257785e+00 7.697963503456524458e-04
1.173315894526736125e+00 7.155235386829954811e-04
1.174388704242995241e+00 7.651343102994742629e-04
1.175463477580455329e+00 8.811835129619773749e-04
1.176540219935237941e+00 9.636372869878221141e-04
1.177618936723252130e+00 9.762075328515744822e-04
1.178699633380288825e+00 9.627114951070407526e-04
1.179782315362111200e+00 9.439981448434826231e-04
1.180866988144545493e+00 9.243656944091667958e-04
1.181953657223574483e+00 9.568512216527373876e-04
1.183042328115429642e+00 1.069439618883698349e-03
1.184133006356684392e+00 1.185134412568804871e-03
1.185225697504348696e+00 1.222356599719514681e-03
1.186320407135962984e+00 1.188500185584365470e-03
1.187417140849692743e+00 1.101884504373829617e-03
1.188515904264424883e+00 9.524664010532771881e-04
1.189616703019862110e+00 8.055443178308889377e-04
1.190719542776621509e+00 8.020875781920182909e-04
1.191824429216329584e+00 1.007558396902101657e-03
1.192931368041720619e+00 1.383978995040292467e-03
1.194040364976735713e+00 1.893649358699827723e-03
1.195151425766620035e+00 2.473282661088563924e-03
1.196264556178022742e+00 2.939899738749302341e-03
1.197379761999095793e+00 3.087964083093845073e-03
1.198497049039596751e+00 2.859957596024420134e-03
1.199616423130986265e+00 2.325616887421749768e-03
1.200737890126532648e+00 1.586426633147380166e-03
1.201861455901411802e+00 8.048717138310225840e-04
1.202987126352810021e+00 2.163964110405426600e-04
1.204114907400029022e+00 2.454527434825014808e-07
1.205244804984587415e+00 1.967229322030666428e-04
1.206376825070326175e+00 7.602682487857649173e-04
1.207510973643513230e+00 1.578675223600169500e-03
1.208647256712948925e+00 2.446300758527230820e-03
1.209785680310073053e+00 3.146193124723329140e-03
1.210926250489070988e+00 3.559616454029190368e-03
1.212068973326979604e+00 3.633325810153537755e-03
1.213213854923797186e+00 3.330045946399182773e-03
1.214360901402591786e+00 2.707167257344314168e-03
1.215510118909608916e+00 1.948756196733311121e-03
1.216661513614383239e+00 1.230631516352102828e-03
1.217815091709847364e+00 6.322375410595885287e-04
1.218970859412443097e+00 2.075655865829829471e-04
1.220128822962234905e+00 1.788712422377993747e-05
1.221288988623019378e+00 6.095926791500370988e-05
1.222451362682440701e+00 2.698717897308108892e-04
1.223615951452102335e+00 5.821777361173346424e-04
1.224782761267683151e+00 9.273381470674348266e-04
1.225951798489049782e+00 1.193540418983613741e-03
1.227123069500375196e+00 1.300165344688003011e-03
1.228296580710252384e+00 1.256069931595119905e-03
1.229472338551812483e+00 1.093393836892332140e-03
1.230650349482842243e+00 8.245256295928469299e-04
1.231830619985901931e+00 5.026282430814389560e-04
1.233013156568444346e+00 2.295894512995500718e-04
1.234197965762934945e+00 7.192229244916774052e-05
1.235385054126971083e+00 3.665409209651679216e-05
1.236574428243403911e+00 1.108960646257326524e-04
1.237766094720459620e+00 2.506943331205856770e-04
1.238960060191861778e+00 3.731258648221044217e-04
1.240156331316954574e+00 4.272699374543546271e-04
1.241354914780826935e+00 4.274801479038256276e-04
1.242555817294437093e+00 3.929049046372017008e-04
1.243759045594736268e+00 3.318280130893419967e-04
1.244964606444796784e+00 2.880091419342401178e-04
1.246172506633937749e+00 3.124346910213786246e-04
1.247382752977852505e+00 4.040396316272396320e-04
1.248595352318737195e+00 5.494944009554649910e-04
1.249810311525418882e+00 7.627099951322592348e-04
1.251027637493486333e+00 1.020819790993226714e-03
1.252247337145420136e+00 1.249616130316102578e-03
1.253469417430722599e+00 1.418951957243609575e-03
1.254693885326052527e+00 1.549576432768423519e-03
1.255920747835354900e+00 1.622883980860793073e-03
1.257150011989997207e+00 1.614101049245991563e-03
1.258381684848900894e+00 1.585797490841296328e-03
1.259615773498678593e+00 1.613199233421836170e-03
1.260852285053770450e+00 1.680789141896818755e-03
1.262091226656578691e+00 1.768486923148526475e-03
1.263332605477606396e+00 1.923833098324983799e-03
1.264576428715595835e+00 2.151359143660721597e-03
1.265822703597668353e+00 2.386323814483868027e-03
1.267071437379462040e+00 2.642584951565280903e-03
1.268322637345275172e+00 3.008092700522451216e-03
1.269576310808206099e+00 3.490535575669076549e-03
1.270832465110296461e+00 4.070339302465384411e-03
1.272091107622674411e+00 4.845696333196292636e-03
1.273352245745698719e+00 5.915688152212978876e-03
1.274615886909103546e+00 7.249584566809933947e-03
1.275882038572145216e+00 8.856508149652993905e-03
1.277150708223747877e+00 1.085564068845353523e-02
1.278421903382652269e+00 1.320336700917437885e-02
1.279695631597562944e+00 1.564605756616457496e-02
1.280971900447299028e+00 1.807515819601430290e-02
1.282250717540943441e+00 2.059202009833610916e-02
1.283532090517995217e+00 2.320217331064050245e-02
1.284816027048520271e+00 2.588434112736649056e-02
1.286102534833305722e+00 2.892546279825579034e-02
1.287391621604013325e+00 3.272117639012387530e-02
1.288683295123334016e+00 3.736737008083692441e-02
1.289977563185144005e+00 4.287789989002479402e-02
1.291274433614661987e+00 4.949219631585563550e-02
1.292573914268606350e+00 5.728303745410773251e-02
1.293876013035353711e+00 6.585881543993442333e-02
1.295180737835098794e+00 7.488437472372291848e-02
1.296488096620015629e+00 8.439344514748234327e-02
1.297798097374417203e+00 9.429857732393792658e-02
1.299110748114920444e+00 1.043259810862034315e-01
1.300426056890607862e+00 1.146882346218594667e-01
1.301744031783193201e+00 1.259647654987343102e-01
1.303064680907186412e+00 1.381563333367056834e-01
1.304388012410060194e+00 1.507736751742914660e-01
1.305714034472417628e+00 1.638283489258220427e-01
1.307042755308160942e+00 1.776626488695080552e-01
1.308374183164660698e+00 1.919251687794004402e-01
1.309708326322927663e+00 2.058208679349758097e-01
1.311045193097781558e+00 2.191092507580291726e-01
1.312384791838027587e+00 2.317888667690282123e-01
1.313727130926627851e+00 2.433098937248383553e-01
1.315072218780876323e+00 2.532389620611125713e-01
1.316420063852575595e+00 2.621079174985470051e-01
1.317770674628213401e+00 2.705759997955394791e-01
1.319124059629140922e+00 2.784803489810295241e-01
1.320480227411752194e+00 2.855159996826167057e-01
1.321839186567663527e+00 2.917963326141390090e-01
1.323200945723896238e+00 2.969532459642427735e-01
1.324565513543057849e+00 2.998921549639579354e-01
1.325932898723527265e+00 3.001806647396693117e-01
1.327303109999638409e+00 2.984825763746204452e-01
1.328676156141866516e+00 2.951515043080492617e-01
1.330052045957015094e+00 2.897669660246317558e-01
1.331430788288405109e+00 2.823982044666011326e-01
1.332812392016063274e+00 2.738656549544970509e-01
1.334196866056913677e+00 2.644831825731079888e-01
1.335584219364968961e+00 2.539165136486691288e-01
1.336974460931523057e+00 2.423518657335705928e-01
1.338367599785346362e+00 2.304601136724327981e-01
1.339763644992881142e+00 2.182773283689388999e-01
1.341162605658436702e+00 2.053543099514246739e-01
1.342564490924390119e+00 1.917802511724419068e-01
1.343969309971381643e+00 1.779665033024299958e-01
1.345377072018519193e+00 1.638473457932881905e-01
1.346787786323576430e+00 1.493106960868772204e-01
1.348201462183198140e+00 1.349021928781105883e-01
1.349618108933102745e+00 1.212301040783548695e-01
1.351037735948290130e+00 1.082538710760466705e-01
1.352460352643244823e+00 9.583696859834850423e-02
1.353885968472148260e+00 8.430711209963664965e-02
1.355314592929085071e+00 7.389391170853512603e-02
1.356746235548255131e+00 6.431101348063815448e-02
1.358180905904185831e+00 5.533857381946374193e-02
1.359618613611944804e+00 4.716709064805175294e-02
1.361059368327355079e+00 3.989499754505107521e-02
1.362503179747211357e+00 3.332065710976007261e-02
1.363950057609498057e+00 2.738565835239754540e-02
1.365400011693606253e+00 2.225599121890878274e-02
1.366853051820556830e+00 1.791703189474762661e-02
1.368309187853220088e+00 1.416738652677404856e-02
1.369768429696540002e+00 1.096168548934168228e-02
1.371230787297757381e+00 8.365116453089209078e-03
1.372696270646638572e+00 6.290391980719653268e-03
1.374164889775699727e+00 4.589313471131310426e-03
1.375636654760438393e+00 3.247521104784252197e-03
1.377111575719562442e+00 2.274104036411660461e-03
1.378589662815221883e+00 1.578024212406587030e-03
1.380070926253243568e+00 1.085072526466631217e-03
1.381555376283364778e+00 7.974879707319872417e-04
1.383043023199470367e+00 6.807600013508898667e-04
1.384533877339829910e+00 6.547067536593526070e-04
1.386027949087338174e+00 6.909099118900047720e-04
1.387525248869755812e+00 7.833502276003840008e-04
1.389025787159951619e+00 8.776643606803797735e-04
1.390529574476147223e+00 9.326630089194367203e-04
1.392036621382161998e+00 9.669472769012230984e-04
1.393546938487661091e+00 9.820422292790402258e-04
1.395060536448405220e+00 9.426395921580586973e-04
1.396577425966499586e+00 8.570531179979925434e-04
1.398097617790646341e+00 7.697033687904153605e-04
1.399621122716400601e+00 6.821670867332516736e-04
1.401147951586422913e+00 5.763775754735545390e-04
1.402678115290738603e+00 4.757912306076864150e-04
1.404211624766996236e+00 4.046732644586707619e-04
1.405748491000727851e+00 3.453764643957915647e-04
1.407288725025611198e+00 2.877076832787730815e-04
1.408832337923734634e+00 2.517191718373262897e-04
1.410379340825861805e+00 2.377108930247526155e-04
1.411929744911700313e+00 2.244495769327863402e-04
1.413483561410169731e+00 2.153613061547793848e-04
1.415040801599673825e+00 2.237896437189683288e-04
1.416601476808373228e+00 2.364482553610661110e-04
1.418165598414459661e+00 2.410228997014981958e-04
1.419733177846432826e+00 2.511724103204645902e-04
1.421304226583378183e+00 2.717963909195512712e-04
1.422878756155248059e+00 2.859518640160158519e-04
1.424456778143142976e+00 2.911507043664690163e-04
1.426038304179596539e+00 3.016793143802343116e-04
1.427623345948860090e+00 3.144694384991586966e-04
1.429211915187190263e+00 3.136116521097532302e-04
1.430804023683140525e+00 2.992319663676473165e-04
1.432399683277851388e+00 2.817708978271954911e-04
1.433998905865343287e+00 2.623449113187908510e-04
1.435601703392814343e+00 2.374613016184864349e-04
1.437208087860935457e+00 2.114596857697058558e-04
1.438818071324151404e+00 1.987117647495420286e-04
1.440431665890981705e+00 2.141073020773235790e-04
1.442048883724324604e+00 2.476220699847185092e-04
1.443669737041762158e+00 2.561447457882299250e-04
1.445294238115867769e+00 2.105886665447133550e-04
1.446922399274517490e+00 1.380633660069654405e-04
1.448554232901199557e+00 8.303870939023688755e-05
1.450189751435329688e+00 5.458988431591111577e-05
1.451828967372567725e+00 5.186012835926702387e-05
1.453471893265134263e+00 9.790154435865421902e-05
1.455118541722132175e+00 1.979454214180000678e-04
1.456768925409868798e+00 3.066951286432786504e-04
1.458423057052181004e+00 3.775393583729664258e-04
1.460080949430762276e+00 3.990655853624204704e-04
1.461742615385490884e+00 3.644420197505774534e-04
1.463408067814762958e+00 2.675214228947237448e-04
1.465077319675824219e+00 1.426238448469610055e-04
1.466750383985108819e+00 4.762629768207229160e-05
1.468427273818574630e+00 7.447945320092736928e-06
1.470108002312046080e+00 2.011818405119693748e-05
1.471792582661556104e+00 8.653745984778868762e-05
1.473481028123691416e+00 1.858530394943947177e-04
1.475173352015941353e+00 2.672576015838075826e-04
1.476869567717046916e+00 3.057871328093135868e-04
1.478569688667353610e+00 3.170451040665411488e-04
1.480273728369166264e+00 3.071814815967769557e-04
1.481981700387106970e+00 2.758625830184219339e-04
1.483693618348475241e+00 2.602892673088573689e-04
1.485409495943609492e+00 3.005580727934476794e-04
1.487129346926251872e+00 3.810895641338312117e-04
1.488853185113917732e+00 4.685751356473502236e-04
1.490581024388262232e+00 5.621050932162667633e-04
1.492312878695457590e+00 6.502666035923614606e-04
1.494048762046563450e+00 6.820845855893996812e-04
1.495788688517908360e+00 6.313628930942338791e-04
1.497532672251467467e+00 5.317623100561356822e-04
1.499280727455248874e+00 4.246066751399742070e-04
1.501032868403676668e+00 3.324377953316460165e-04
1.502789109437979942e+00 2.874557314966166887e-04
1.504549464966586036e+00 3.306636616971419325e-04
1.506313949465511781e+00 4.887307831755888796e-04
1.508082577478762509e+00 7.748967806835942293e-04
1.509855363618730850e+00 1.174158564826518472e-03
1.511632322566598186e+00 1.617497936822346770e-03
1.513413469072741879e+00 2.024898519322288967e-03
1.515198817957142063e+00 2.368609292250163558e-03
1.516988384109793087e+00 2.638200842737605228e-03
1.518782182491116739e+00 2.779347432919384523e-03
1.520580228132380585e+00 2.746285876768468377e-03
1.522382536136117182e+00 2.586333636367811866e-03
1.524189121676545966e+00 2.405395902426295859e-03
1.526000000000000023e+00 2.277951475721495464e-03
