5.864580675830902839e-02
5.184878213219189236e-03
5.676683609463623742e-02
5.422958929824685942e-02
8.006548490945566976e-02
5.900069866410577457e-02
8.459186854692841984e-02
3.297960911385822841e-02
1.151083279861092046e-01
1.201464105948103073e-01
1.313380807350560675e-01
1.317420425894096636e-01
1.210706431138882516e-01
8.287943655928443898e-02
1.241557606032346779e-02
1.186653776150788514e-01
7.105231362296957065e-02
1.092392776045493646e-01
1.361330888315150089e-01
1.179031919881764895e-01
7.769919941074254766e-02
1.297695663245800324e-01
1.025294036793461677e-01
1.295109178523657367e-01
1.095722257051307408e-01
1.328889369574574042e-01
1.572355018267858340e-01
1.612514423436741950e-01
1.242414268343171035e-01
1.392604719121590673e-01
1.375976115582791259e-01
1.588441607178797954e-01
1.695729041664537362e-01
1.724517441198667178e-01
1.450066418665249546e-01
1.580729038932422170e-01
1.693990568211140857e-01
1.447513476568443591e-01
1.587490008625676574e-01
1.344134388661520074e-01
1.667846427063507941e-01
1.626242156854126875e-01
1.681778710381239550e-01
1.721375824861490766e-01
1.794832202212885974e-01
1.795200308372145170e-01
1.729510132753958596e-01
1.724539563315889701e-01
1.711345272707689991e-01
1.750105731682267407e-01
1.599898539266619013e-01
1.761670452274387288e-01
1.687735275231382615e-01
1.758225388657891630e-01
1.747094959364833278e-01
1.762463923213220818e-01
1.747756336358456675e-01
1.765665458938399102e-01
1.751503579668312327e-01
1.691234615418593379e-01
1.774333312292729059e-01
1.762459921039558342e-01
1.768210282341113049e-01
1.735589382865932728e-01
1.782118100681226447e-01
1.776069725183902215e-01
1.766911015148280029e-01
1.766556144608464607e-01
1.748588310516369648e-01
1.779830255944160056e-01
1.775473297198011946e-01
1.774078396636264987e-01
1.773411241105257996e-01
1.773327651497978441e-01
1.775504118879168147e-01
1.778344475239220235e-01
1.799461889068873222e-01
1.798669282744498055e-01
1.798021218504149421e-01
1.788597727755473765e-01
1.803778408417001378e-01
1.808077231165357013e-01
1.789957632566630263e-01
1.796429015684461172e-01
1.788908711099161108e-01
1.820800004432321650e-01
1.826808913121206468e-01
1.813989765218987360e-01
1.817501595681461080e-01
1.818326938553414540e-01
1.807511440473271724e-01
1.805390541274339289e-01
1.825309822005715121e-01
1.815146318605032338e-01
1.797167338242294521e-01
1.819237636985632234e-01
1.818194779595443955e-01
1.833149689926462100e-01
1.833967011970765726e-01
1.836011888506801637e-01
1.837132944288938641e-01
1.838206440789433849e-01
1.835453085445490906e-01
1.812924910812858670e-01
1.832767545725088043e-01
1.840060992727272637e-01
1.845972269451143788e-01
1.850688541221213734e-01
1.834371764466658783e-01
1.835925196249470204e-01
1.852879023478524179e-01
1.854952950689437718e-01
1.826515436459746344e-01
1.848845374762148885e-01
1.831571388268580514e-01
1.848196888686956529e-01
1.852847777325505318e-01
1.849134108042312929e-01
1.841455025454380168e-01
1.857045067792174320e-01
1.859332585066628407e-01
1.858525798330716572e-01
