5.759999999999999300e-08
6.047999999999999629e-08
6.047999999999999629e-08
5.759999999999999300e-08
5.407999999999997869e-08
5.759999999999999300e-08
5.445004800000001649e-08
5.324459212800001940e-08
5.604267827200001831e-08
5.572027062681602638e-08
5.154850996610662830e-08
4.986754267230712309e-08
5.181178469462155604e-08
4.955726240775686561e-08
5.107767239770719825e-08
5.357109876754237456e-08
5.738207145784183866e-08
5.089805221442731067e-08
5.090630270144877201e-08
5.017492947256982399e-08
5.452449596156154396e-08
5.153103732309799321e-08
5.104586159671942304e-08
5.312516881901287388e-08
5.330505919429299529e-08
5.207571811070438587e-08
4.812565538637045533e-08
4.667926796091739361e-08
5.013384375735773163e-08
5.129625294363950249e-08
4.794320811479084604e-08
4.728313441432018760e-08
4.607903475161579364e-08
4.499230567244064153e-08
4.846562534055515006e-08
4.469621506868474138e-08
4.175263892169435584e-08
4.183460791778441905e-08
4.726179554961045100e-08
4.647390444505410507e-08
4.500635013373145947e-08
4.307163850268119253e-08
4.378789040511053314e-08
4.166033133458771546e-08
4.025659151510223505e-08
3.900150892512647607e-08
3.998371987516789006e-08
3.960248327709001836e-08
4.073637529307451682e-08
4.093728840917956457e-08
4.349082683908429041e-08
4.028674867536696469e-08
4.086262791037878622e-08
4.152941977619541518e-08
4.321335801101517994e-08
4.054304769187846757e-08
4.204416793605396541e-08
3.706100944749569481e-08
4.355121466102197034e-08
4.112979109977599580e-08
4.146092440390362963e-08
4.035459360865260951e-08
4.065827978964566977e-08
4.228171815678441265e-08
4.063801453530696962e-08
3.796075892981034767e-08
4.254792697704530600e-08
4.150086706771225334e-08
4.072837485963678353e-08
4.133323001494602619e-08
3.919547512256985346e-08
4.195181541537385456e-08
4.037291107587332866e-08
4.130719497801101131e-08
3.969504738614297540e-08
4.155263550034976789e-08
4.149248420939236858e-08
4.168260511070584292e-08
4.046277357925013170e-08
4.033156965162487991e-08
4.013209969075928611e-08
3.988542718802518420e-08
4.078709730018477176e-08
4.034948708494652479e-08
4.069431621870588737e-08
4.042330554564956402e-08
4.037827184493666944e-08
4.058705075044802438e-08
4.061157416101571216e-08
3.921570057620051733e-08
4.109162281914919196e-08
4.129694642620036217e-08
4.072361061693304179e-08
4.152892392324638387e-08
4.037611936342522856e-08
3.999838500392778991e-08
4.022459396097172031e-08
3.985818908769557360e-08
3.961362132554897532e-08
4.036089338732404838e-08
4.056643795842977502e-08
4.063440316633701932e-08
4.045266130873720893e-08
4.055226129106753167e-08
4.039441708523203669e-08
4.005442020268014540e-08
3.991911106813857345e-08
3.994460954732734813e-08
3.998439287373411421e-08
4.005614910016354787e-08
4.060155499800298976e-08
4.075094471496805089e-08
4.083544212376953619e-08
4.010056589066188046e-08
4.067960766967282573e-08
4.020192386810912234e-08
4.022712513346083088e-08
4.069303272309408993e-08
4.016740116741577456e-08
3.992562897667749092e-08
4.044938398028087157e-08
4.052578074393939371e-08
