1.126000000000000112e+00 6.645726642271814692e-05
1.126987992296117014e+00 4.452897437889530204e-05
1.127977719913760390e+00 2.906653566402393299e-05
1.128969187428857879e+00 2.504667601617271137e-05
1.129962399433440456e+00 3.174175084490448709e-05
1.130957360535711942e+00 4.282152682136932721e-05
1.131954075360122047e+00 4.957775815293149709e-05
1.132952548547436100e+00 4.606584646968781384e-05
1.133952784754808318e+00 3.396418832385422775e-05
1.134954788655853974e+00 2.480848999200515150e-05
1.135958564940721782e+00 3.808904496621189350e-05
1.136964118316167838e+00 9.524538610630312572e-05
1.137971453505628228e+00 2.112947924558303400e-04
1.138980575249294080e+00 3.870282538356025295e-04
1.139991488304184397e+00 6.048883490356915570e-04
1.141004197444223101e+00 8.306510816272880040e-04
1.142018707460311200e+00 1.021145807625079005e-03
1.143035023160405395e+00 1.136096607989254279e-03
1.144053149369591793e+00 1.150525419940329587e-03
1.145073090930163184e+00 1.063652247393113807e-03
1.146094852701695865e+00 9.011122277990449552e-04
1.147118439561126468e+00 7.093466877842077552e-04
1.148143856402830121e+00 5.435563107288750827e-04
1.149171108138697273e+00 4.527685951336034081e-04
1.150200199698214076e+00 4.666084553984251623e-04
1.151231136028538549e+00 5.878836968175336691e-04
1.152263922094582727e+00 7.932400546103986292e-04
1.153298562879090827e+00 1.041520442280045476e-03
1.154335063382718740e+00 1.286969241461311236e-03
1.155373428624115739e+00 1.492905527337579086e-03
1.156413663640005973e+00 1.641460944855282307e-03
1.157455773485268402e+00 1.736430626449664890e-03
1.158499763233019175e+00 1.798695627453379079e-03
1.159545637974695120e+00 1.856192550195301860e-03
1.160593402820134123e+00 1.932158162447139517e-03
1.161643062897660617e+00 2.035780299869679923e-03
1.162694623354169066e+00 2.158349119881589409e-03
1.163748089355205462e+00 2.275946449553488665e-03
1.164803466085055916e+00 2.357405637060436005e-03
1.165860758746828818e+00 2.374549021046143231e-03
1.166919972562540542e+00 2.311147817768562443e-03
1.167981112773203378e+00 2.167780151361527706e-03
1.169044184638909245e+00 1.961432786266559172e-03
1.170109193438919171e+00 1.720614265739940987e-03
1.171176144471748781e+00 1.478178538150158464e-03
1.172245043055257785e+00 1.264490458855589868e-03
1.173315894526736125e+00 1.102917181929405051e-03
1.174388704242995241e+00 1.008268544427751460e-03
1.175463477580455329e+00 9.873857250369516125e-04
1.176540219935237941e+00 1.040246773191062487e-03
1.177618936723252130e+00 1.160097933377464852e-03
1.178699633380288825e+00 1.332159315958934224e-03
1.179782315362111200e+00 1.531886466745065439e-03
1.180866988144545493e+00 1.724859238102604718e-03
1.181953657223574483e+00 1.870465390179188413e-03
1.183042328115429642e+00 1.930387567196027547e-03
1.184133006356684392e+00 1.880780765929850658e-03
1.185225697504348696e+00 1.724731833015660321e-03
1.186320407135962984e+00 1.500135828399071876e-03
1.187417140849692743e+00 1.278345965915709571e-03
1.188515904264424883e+00 1.151146231999679694e-03
1.189616703019862110e+00 1.207302815908202704e-03
1.190719542776621509e+00 1.504039203984312281e-03
1.191824429216329584e+00 2.041781910109394856e-03
1.192931368041720619e+00 2.751145405250262146e-03
1.194040364976735713e+00 3.498748881273716638e-03
1.195151425766620035e+00 4.113452598305377544e-03
1.196264556178022742e+00 4.428305935215879133e-03
1.197379761999095793e+00 4.327857662685412679e-03
1.198497049039596751e+00 3.787432789199324246e-03
1.199616423130986265e+00 2.891805946261026029e-03
1.200737890126532648e+00 1.825522706083859779e-03
1.201861455901411802e+00 8.347756105092818575e-04
1.202987126352810021e+00 1.690710236844715335e-04
1.204114907400029022e+00 1.740401591099286497e-05
1.205244804984587415e+00 4.561867549961088979e-04
1.206376825070326175e+00 1.423786038047623664e-03
1.207510973643513230e+00 2.729942015157282072e-03
1.208647256712948925e+00 4.098343108907624190e-03
1.209785680310073053e+00 5.232041673591572052e-03
1.210926250489070988e+00 5.884705173943086121e-03
1.212068973326979604e+00 5.919085055129034295e-03
1.213213854923797186e+00 5.337605875770954494e-03
1.214360901402591786e+00 4.277662227498538021e-03
1.215510118909608916e+00 2.973803097076138918e-03
1.216661513614383239e+00 1.697718626724620738e-03
1.217815091709847364e+00 6.923825634980451671e-04
1.218970859412443097e+00 1.174437024321820210e-04
1.220128822962234905e+00 1.901417642395604579e-05
1.221288988623019378e+00 3.297306784955737736e-04
1.222451362682440701e+00 8.966007769685180621e-04
1.223615951452102335e+00 1.527090410970373662e-03
1.224782761267683151e+00 2.040011474135594496e-03
1.225951798489049782e+00 2.307832428857199865e-03
1.227123069500375196e+00 2.280667730639047205e-03
1.228296580710252384e+00 1.988041046548272468e-03
1.229472338551812483e+00 1.520724144671006936e-03
1.230650349482842243e+00 9.997978420581148280e-04
1.231830619985901931e+00 5.424281669983476231e-04
1.233013156568444346e+00 2.334081513450462489e-04
1.234197965762934945e+00 1.087999696572163370e-04
1.235385054126971083e+00 1.540787651058417036e-04
1.236574428243403911e+00 3.152369366758229390e-04
1.237766094720459620e+00 5.183544237416586823e-04
1.238960060191861778e+00 6.917329406136368082e-04
1.240156331316954574e+00 7.848893958432892311e-04
1.241354914780826935e+00 7.801684998335138002e-04
1.242555817294437093e+00 6.949187689479953281e-04
1.243759045594736268e+00 5.745089802755164090e-04
1.244964606444796784e+00 4.784778353212351351e-04
1.246172506633937749e+00 4.634943643818140060e-04
1.247382752977852505e+00 5.673853850189105284e-04
1.248595352318737195e+00 7.981921527129158577e-04
1.249810311525418882e+00 1.131082694362291674e-03
1.251027637493486333e+00 1.514122376073996070e-03
1.252247337145420136e+00 1.881702905182581305e-03
1.253469417430722599e+00 2.172320166066148400e-03
1.254693885326052527e+00 2.345940888866984275e-03
1.255920747835354900e+00 2.395925315420520136e-03
1.257150011989997207e+00 2.351656664746277266e-03
1.258381684848900894e+00 2.270541787134701655e-03
1.259615773498678593e+00 2.221298810749934224e-03
1.260852285053770450e+00 2.263481558341207383e-03
1.262091226656578691e+00 2.429953842837184914e-03
1.263332605477606396e+00 2.718728039676086318e-03
1.264576428715595835e+00 3.098025120602404276e-03
1.265822703597668353e+00 3.524169033660129111e-03
1.267071437379462040e+00 3.967254656066188274e-03
1.268322637345275172e+00 4.436022147777801683e-03
1.269576310808206099e+00 4.992442055446494331e-03
1.270832465110296461e+00 5.748855805722719210e-03
1.272091107622674411e+00 6.845748592743476288e-03
1.273352245745698719e+00 8.414902271477371978e-03
1.274615886909103546e+00 1.053862919223946294e-02
1.275882038572145216e+00 1.321883953769546413e-02
1.277150708223747877e+00 1.636839601232300059e-02
1.278421903382652269e+00 1.983144293880320652e-02
1.279695631597562944e+00 2.343057160076545548e-02
1.280971900447299028e+00 2.702942346032595478e-02
1.282250717540943441e+00 3.059270788597079002e-02
1.283532090517995217e+00 3.422413886506552733e-02
1.284816027048520271e+00 3.816753128733093442e-02
1.286102534833305722e+00 4.276633540095729075e-02
1.287391621604013325e+00 4.838947701409698765e-02
1.288683295123334016e+00 5.534266290528681853e-02
1.289977563185144005e+00 6.379053852174508543e-02
1.291274433614661987e+00 7.371380949789643755e-02
1.292573914268606350e+00 8.491645503044228938e-02
1.293876013035353711e+00 9.708373691299061747e-02
1.295180737835098794e+00 1.098760264345493565e-01
1.296488096620015629e+00 1.230311486610729949e-01
1.297798097374417203e+00 1.364447305753921369e-01
1.299110748114920444e+00 1.502015044568223989e-01
1.300426056890607862e+00 1.645441967459391475e-01
1.301744031783193201e+00 1.797873545684986751e-01
1.303064680907186412e+00 1.961983771671289567e-01
1.304388012410060194e+00 2.138805215687123173e-01
1.305714034472417628e+00 2.326936386896751585e-01
1.307042755308160942e+00 2.522386890917213687e-01
1.308374183164660698e+00 2.719140143005294719e-01
1.309708326322927663e+00 2.910301347737770383e-01
1.311045193097781558e+00 3.089518978826208961e-01
1.312384791838027587e+00 3.252276959664021638e-01
1.313727130926627851e+00 3.396682395361967921e-01
1.315072218780876323e+00 3.523514585557483425e-01
1.316420063852575595e+00 3.635514875154918779e-01
1.317770674628213401e+00 3.736120341986005622e-01
1.319124059629140922e+00 3.828010153705438401e-01
1.320480227411752194e+00 3.911891201886960601e-01
1.321839186567663527e+00 3.985881341434724390e-01
1.323200945723896238e+00 4.045674403652295692e-01
1.324565513543057849e+00 4.085443360546354152e-01
1.325932898723527265e+00 4.099224862025619975e-01
1.327303109999638409e+00 4.082393141112650170e-01
1.328676156141866516e+00 4.032812977366716511e-01
1.330052045957015094e+00 3.951363090811627066e-01
1.331430788288405109e+00 3.841709804796487049e-01
1.332812392016063274e+00 3.709427508127701723e-01
1.334196866056913677e+00 3.560742020481387216e-01
1.335584219364968961e+00 3.401263537153489391e-01
1.336974460931523057e+00 3.235054488327606115e-01
1.338367599785346362e+00 3.064256455645812394e-01
1.339763644992881142e+00 2.889321139198526844e-01
1.341162605658436702e+00 2.709710686782655920e-01
1.342564490924390119e+00 2.524806842847887034e-01
1.343969309971381643e+00 2.334730837509442491e-01
1.345377072018519193e+00 2.140831641426969578e-01
1.346787786323576430e+00 1.945724729254392771e-01
1.348201462183198140e+00 1.752912618015162738e-01
1.349618108933102745e+00 1.566143578337645392e-01
1.351037735948290130e+00 1.388728923699375783e-01
1.352460352643244823e+00 1.223027622228995553e-01
1.353885968472148260e+00 1.070230692359230712e-01
1.355314592929085071e+00 9.304679495381588950e-02
1.356746235548255131e+00 8.031553171860626728e-02
1.358180905904185831e+00 6.874357253890518715e-02
1.359618613611944804e+00 5.825579215131665434e-02
1.361059368327355079e+00 4.880819172877681744e-02
1.362503179747211357e+00 4.038761890083107653e-02
1.363950057609498057e+00 3.299501609289452048e-02
1.365400011693606253e+00 2.662183160273605756e-02
1.366853051820556830e+00 2.123036964976563606e-02
1.368309187853220088e+00 1.674591274481711245e-02
1.369768429696540002e+00 1.306294400891688280e-02
1.371230787297757381e+00 1.006203559281996715e-02
1.372696270646638572e+00 7.630132330470956563e-03
1.374164889775699727e+00 5.676307314936269999e-03
1.375636654760438393e+00 4.137546815817644968e-03
1.377111575719562442e+00 2.973500106256778564e-03
1.378589662815221883e+00 2.153547701327896812e-03
1.380070926253243568e+00 1.642276559098999325e-03
1.381555376283364778e+00 1.389566951092845171e-03
1.383043023199470367e+00 1.329148406504972310e-03
1.384533877339829910e+00 1.385780942033045188e-03
1.386027949087338174e+00 1.487727084416707668e-03
1.387525248869755812e+00 1.579273428379330451e-03
1.389025787159951619e+00 1.628388922679801414e-03
1.390529574476147223e+00 1.626885559555696272e-03
1.392036621382161998e+00 1.583624376797958125e-03
1.393546938487661091e+00 1.514035675103774913e-03
1.395060536448405220e+00 1.430411396944675185e-03
1.396577425966499586e+00 1.336686332749237359e-03
1.398097617790646341e+00 1.229178621236742212e-03
1.399621122716400601e+00 1.102039325307439593e-03
1.401147951586422913e+00 9.541475567001418473e-04
1.402678115290738603e+00 7.936887197476295190e-04
1.404211624766996236e+00 6.380303720843244399e-04
1.405748491000727851e+00 5.084570874000817744e-04
1.407288725025611198e+00 4.221668665858395149e-04
1.408832337923734634e+00 3.850789707718444907e-04
1.410379340825861805e+00 3.888137837002781272e-04
1.411929744911700313e+00 4.134930608631997000e-04
1.413483561410169731e+00 4.354777810948566325e-04
1.415040801599673825e+00 4.369483843224185532e-04
1.416601476808373228e+00 4.132966513651984948e-04
1.418165598414459661e+00 3.750736905964449576e-04
1.419733177846432826e+00 3.434355234436342022e-04
1.421304226583378183e+00 3.407487132105114125e-04
1.422878756155248059e+00 3.801265847611693359e-04
1.424456778143142976e+00 4.582597223505823218e-04
1.426038304179596539e+00 5.546959295909623805e-04
1.427623345948860090e+00 6.381726471968807244e-04
1.429211915187190263e+00 6.777333154209710508e-04
1.430804023683140525e+00 6.543440255614359517e-04
1.432399683277851388e+00 5.684119300614615513e-04
1.433998905865343287e+00 4.401517210735631717e-04
1.435601703392814343e+00 3.025506219275044591e-04
1.437208087860935457e+00 1.896216752990938855e-04
1.438818071324151404e+00 1.245163235450300401e-04
1.440431665890981705e+00 1.121162410717523451e-04
1.442048883724324604e+00 1.389083024176607705e-04
1.443669737041762158e+00 1.799953561801895772e-04
1.445294238115867769e+00 2.102099732416755297e-04
1.446922399274517490e+00 2.146617137644379588e-04
1.448554232901199557e+00 1.943393388631219673e-04
1.450189751435329688e+00 1.644971627654400902e-04
1.451828967372567725e+00 1.466166493955689152e-04
1.453471893265134263e+00 1.574831627244093423e-04
1.455118541722132175e+00 2.002006856246383768e-04
1.456768925409868798e+00 2.612246872153926695e-04
1.458423057052181004e+00 3.149994419230539209e-04
1.460080949430762276e+00 3.345495838413424712e-04
1.461742615385490884e+00 3.037353699916442201e-04
1.463408067814762958e+00 2.259591234199557293e-04
1.465077319675824219e+00 1.253443027712294996e-04
1.466750383985108819e+00 3.935645972069546532e-05
1.468427273818574630e+00 5.336387001383265490e-06
1.470108002312046080e+00 4.604915924893113898e-05
1.471792582661556104e+00 1.600109715744842576e-04
1.473481028123691416e+00 3.207023948485491680e-04
1.475173352015941353e+00 4.854017655385800610e-04
1.476869567717046916e+00 6.105761922254939215e-04
1.478569688667353610e+00 6.680551701464124484e-04
1.480273728369166264e+00 6.556957733583225608e-04
1.481981700387106970e+00 5.981978943918602343e-04
1.483693618348475241e+00 5.374447180845013522e-04
1.485409495943609492e+00 5.158189849998934175e-04
1.487129346926251872e+00 5.588011678741137446e-04
1.488853185113917732e+00 6.636564956154969832e-04
1.490581024388262232e+00 7.989186137884479342e-04
1.492312878695457590e+00 9.154270403132158890e-04
1.494048762046563450e+00 9.653358781741045065e-04
1.495788688517908360e+00 9.224040362244924135e-04
1.497532672251467467e+00 7.961684998692235803e-04
1.499280727455248874e+00 6.345649796802843839e-04
1.501032868403676668e+00 5.134804198873245320e-04
1.502789109437979942e+00 5.161787504986475525e-04
1.504549464966586036e+00 7.089492416385181732e-04
1.506313949465511781e+00 1.120524782751288612e-03
1.508082577478762509e+00 1.731480096108766863e-03
1.509855363618730850e+00 2.476538869349714529e-03
1.511632322566598186e+00 3.258734253385006229e-03
1.513413469072741879e+00 3.971068693679320055e-03
1.515198817957142063e+00 4.519720256411140225e-03
1.516988384109793087e+00 4.843237213786436707e-03
1.518782182491116739e+00 4.924088333246813033e-03
1.520580228132380585e+00 4.791442217471401054e-03
1.522382536136117182e+00 4.516138329498940555e-03
1.524189121676545966e+00 4.199863474483007432e-03
1.526000000000000023e+00 3.960535026439344908e-03
