1.169999999999999929e+00 2.019419030409206565e-03
1.170997803978423457e+00 2.146499707837549054e-03
1.171997311311695711e+00 2.270731251180717076e-03
1.172998526365247818e+00 2.391153319756398905e-03
1.174001453519440741e+00 2.506977639644773857e-03
1.175006097169629449e+00 2.617600041295897999e-03
1.176012461726227531e+00 2.722598747241336634e-03
1.177020551614769817e+00 2.821719271549452939e-03
1.178030371275979649e+00 2.914847499838228023e-03
1.179041925165833060e+00 3.001973599451069740e-03
1.180055217755623609e+00 3.083150271037701610e-03
1.181070253532030101e+00 3.158449416281086664e-03
1.182087036997180318e+00 3.227921502486077402e-03
1.183105572668720296e+00 3.291561720426578776e-03
1.184125865079878492e+00 3.349286457337079161e-03
1.185147918779535292e+00 3.400922679387215555e-03
1.186171738332289394e+00 3.446211611981388548e-03
1.187197328318526646e+00 3.484826728784520909e-03
1.188224693334487103e+00 3.516404641531902138e-03
1.189253837992334750e+00 3.540586160872546701e-03
1.190284766920226112e+00 3.557063705781302390e-03
1.191317484762379975e+00 3.565630485452173440e-03
1.192351996179146001e+00 3.566226539715316741e-03
1.193388305847076225e+00 3.558976838036223469e-03
1.194426418458995665e+00 3.544217196783744361e-03
1.195466338724070932e+00 3.522504733949194909e-03
1.196508071367884396e+00 3.494610860581490609e-03
1.197551621132503241e+00 3.461496303738892215e-03
1.198596992776553183e+00 3.424269244230801999e-03
1.199644191075289745e+00 3.384129201834559959e-03
1.200693220820671980e+00 3.342300677993004059e-03
1.201744086821433966e+00 3.299961645629374742e-03
1.202796793903159855e+00 3.258172649368854847e-03
1.203851346908357600e+00 3.217812466287319102e-03
1.204907750696531332e+00 3.179525934750769296e-03
1.205966010144259304e+00 3.143688690851057736e-03
1.207026130145265164e+00 3.110392214170358115e-03
1.208088115610496560e+00 3.079450883727340507e-03
1.209151971468198861e+00 3.050430830951611581e-03
1.210217702663993089e+00 3.022698428880343444e-03
1.211285314160950977e+00 2.995484464966292979e-03
1.212354810939672678e+00 2.967958587271971645e-03
1.213426197998365152e+00 2.939307636919000558e-03
1.214499480352917660e+00 2.908811081960643429e-03
1.215574663036982583e+00 2.875906989714625481e-03
1.216651751102053369e+00 2.840242795897949309e-03
1.217730749617542019e+00 2.801706473278256157e-03
1.218811663670860801e+00 2.760435447295073695e-03
1.219894498367501079e+00 2.716802595296684709e-03
1.220979258831113690e+00 2.671380725007387567e-03
1.222065950203591100e+00 2.624888877256279038e-03
1.223154577645146013e+00 2.578125467178148719e-03
1.224245146334395962e+00 2.531894517017965578e-03
1.225337661468442363e+00 2.486931924260183096e-03
1.226432128262956889e+00 2.443838775194334331e-03
1.227528551952260516e+00 2.403028131483460166e-03
1.228626937789410123e+00 2.364690518370862748e-03
1.229727291046279758e+00 2.328781619733875149e-03
1.230829617013647681e+00 2.295033584524861382e-03
1.231933921001278520e+00 2.262989063224477276e-03
1.233040208338010535e+00 2.232054841182913064e-03
1.234148484371839993e+00 2.201569942648752033e-03
1.235258754470008657e+00 2.170881550000245807e-03
1.236371024019089049e+00 2.139421179587163574e-03
1.237485298425072822e+00 2.106773379830653627e-03
1.238601583113456250e+00 2.072729797555490985e-03
1.239719883529332156e+00 2.037322748703980588e-03
1.240840205137473840e+00 2.000834314247783123e-03
1.241962553422427229e+00 1.963779289484239229e-03
1.243086933888599699e+00 1.926862833910005825e-03
1.244213352060349331e+00 1.890916168453905420e-03
1.245341813482075954e+00 1.856815915421157872e-03
1.246472323718312403e+00 1.825394460234275101e-03
1.247604888353815111e+00 1.797349853915602459e-03
1.248739512993656486e+00 1.773164142090237613e-03
1.249876203263318386e+00 1.753012712448218449e-03
1.251014964808782937e+00 1.736732411230047573e-03
1.252155803296628012e+00 1.723963666183673344e-03
1.253298724414120269e+00 1.713951443119732113e-03
1.254443733869309963e+00 1.705673224343300445e-03
1.255590837391125314e+00 1.697915830206166979e-03
1.256740040729469321e+00 1.689373379110423699e-03
1.257891349655314572e+00 1.678757904929193768e-03
1.259044769960800503e+00 1.664912675918706585e-03
1.260200307459330427e+00 1.646917667590858591e-03
1.261357967985669459e+00 1.624177021271995319e-03
1.262517757396041773e+00 1.596479676799283324e-03
1.263679681568230295e+00 1.564026620403755324e-03
1.264843746401676405e+00 1.527421166539500016e-03
1.266009957817578080e+00 1.487622143236955142e-03
1.267178321758992254e+00 1.445863458714870481e-03
1.268348844190933411e+00 1.403546940884449435e-03
1.269521531100478384e+00 1.362118208579232714e-03
1.270696388496864948e+00 1.322937339496672686e-03
1.271873422411597065e+00 1.287157005629590689e-03
1.273052638898546585e+00 1.255620417964231628e-03
1.274234044034058044e+00 1.228789847020368003e-03
1.275417643917051702e+00 1.206713780276701424e-03
1.276603444669130338e+00 1.189037174433161268e-03
1.277791452434683617e+00 1.175055087066746978e-03
1.278981673380993334e+00 1.163805618658676332e-03
1.280174113698342886e+00 1.154193978870498736e-03
1.281368779600121410e+00 1.145136016089571889e-03
1.282565677322933917e+00 1.135707076103195049e-03
1.283764813126709203e+00 1.125280866137327645e-03
1.284966193294808434e+00 1.113643272811135326e-03
1.286169824134135498e+00 1.101067872566591308e-03
1.287375711975248027e+00 1.088343102503118920e-03
1.288583863172465760e+00 1.076745513880401385e-03
1.289794284103985111e+00 1.067958868325764952e-03
1.291006981171990420e+00 1.063944610750469123e-03
1.292221960802766745e+00 1.066774943860097219e-03
1.293439229446812444e+00 1.078444790427810678e-03
1.294658793578954858e+00 1.100682839462268541e-03
1.295880659698463999e+00 1.134784188215812086e-03
1.297104834329168899e+00 1.181487499300153902e-03
1.298331324019572852e+00 1.240917943792037813e-03
1.299560135342971323e+00 1.312613539292877083e-03
1.300791274897567629e+00 1.395647050757804286e-03
1.302024749306592843e+00 1.488848810497124357e-03
1.303260565218422817e+00 1.591128180288043856e-03
1.304498729306700078e+00 1.701883561148185816e-03
1.305739248270451514e+00 1.821483525484966998e-03
1.306982128834209833e+00 1.951795444658395266e-03
1.308227377748136133e+00 2.096733469732540555e-03
1.309475001788141135e+00 2.262795315863557703e-03
1.310725007756007754e+00 2.459557247055236748e-03
1.311977402479516552e+00 2.700099000732777196e-03
1.313232192812567201e+00 3.001334958468842955e-03
1.314489385635306373e+00 3.384234277527707700e-03
1.315748987854250762e+00 3.873920376786594427e-03
1.317011006402416973e+00 4.499648401805260260e-03
1.318275448239444980e+00 5.294667269566230745e-03
1.319542320351728470e+00 6.295979788679705903e-03
1.320811629752543181e+00 7.544019404349331694e-03
1.322083383482175245e+00 9.082264714345032394e-03
1.323357588608052415e+00 1.095681264971981247e-02
1.324634252224874853e+00 1.321592799993864982e-02
1.325913381454747464e+00 1.590958098980166380e-02
1.327194983447309351e+00 1.908897640792446213e-02
1.328479065379870816e+00 2.280606815757368899e-02
1.329765634457545476e+00 2.711304309506946605e-02
1.331054697913385043e+00 3.206174882714972474e-02
1.332346263008514553e+00 3.770303298153163118e-02
1.333640337032270695e+00 4.408595748914352630e-02
1.334936927302335707e+00 5.125685156926110264e-02
1.336236041164878596e+00 5.925817203304944991e-02
1.337537685994691028e+00 6.812714946903099256e-02
1.338841869195329437e+00 7.789421364817876448e-02
1.340148598199253360e+00 8.858121041693893527e-02
1.341457880467967545e+00 1.001993638381965812e-01
1.342769723492164280e+00 1.127471531273508826e-01
1.344084134791865504e+00 1.262085911683231143e-01
1.345401121916566689e+00 1.405509722543871187e-01
1.346720692445381617e+00 1.557230161198375762e-01
1.348042853987187817e+00 1.716533039602756994e-01
1.349367614180772668e+00 1.882491496858248736e-01
1.350694980694980618e+00 2.053960356110355046e-01
1.352024961228860400e+00 2.229577287781937811e-01
1.353357563511815131e+00 2.407771717440948533e-01
1.354692795303751529e+00 2.586782105090198458e-01
1.356030664395230012e+00 2.764681836223572553e-01
1.357371178607617024e+00 2.939413523309813980e-01
1.358714345793236467e+00 3.108831044949449396e-01
1.360060173835524910e+00 3.270748178521079574e-01
1.361408670649183250e+00 3.422992242590665035e-01
1.362759844180333912e+00 3.563460789312805077e-01
1.364113702406676065e+00 3.690179103338430688e-01
1.365470253337642603e+00 3.801356095939242286e-01
1.366829505014558244e+00 3.895436147464082510e-01
1.368191465510798732e+00 3.971144555379429453e-01
1.369556142931950271e+00 4.027524486993870334e-01
1.370923545415969835e+00 4.063963703991890775e-01
1.372293681133348153e+00 4.080209799833836026e-01
1.373666558287272244e+00 4.076373243347723996e-01
1.375042185113787063e+00 4.052918119527518237e-01
1.376420569881963818e+00 4.010641065660104920e-01
1.377801720894062054e+00 3.950639480762501710e-01
1.379185646485699079e+00 3.874270603962879922e-01
1.380572355026016051e+00 3.783103481893294040e-01
1.381961854917847177e+00 3.678866151245185345e-01
1.383354154597889130e+00 3.563390532720430159e-01
1.384749262536873138e+00 3.438557557649615792e-01
1.386147187239734180e+00 3.306244928761807866e-01
1.387547937245787288e+00 3.168279661515825407e-01
1.388951521128897637e+00 3.026397180375649532e-01
1.390357947497658175e+00 2.882208281409052719e-01
1.391767224995565488e+00 2.737174750528014178e-01
1.393179362301194768e+00 2.592593881205499384e-01
1.394594368128380113e+00 2.449591603443059540e-01
1.396012251226393497e+00 2.309123452464328929e-01
1.397433020380123736e+00 2.171982202331954048e-01
1.398856684410259010e+00 2.038810691277289089e-01
1.400283252173469606e+00 1.910118188639778891e-01
1.401712732562590880e+00 1.786298605226012415e-01
1.403145134506808445e+00 1.667648927147540039e-01
1.404580466971843578e+00 1.554386445931817129e-01
1.406018738960141290e+00 1.446663644775264823e-01
1.407459959511057512e+00 1.344579955524475290e-01
1.408904137701048942e+00 1.248189992258724179e-01
1.410351282643864002e+00 1.157508262276612243e-01
1.411801403490733353e+00 1.072510721664708955e-01
1.413254509430563743e+00 9.931338514922642691e-02
1.414710609690132292e+00 9.192721585354497738e-02
1.416169713534280339e+00 8.507751350154441061e-02
1.417631830266112614e+00 7.874447372544221557e-02
1.419096969227191751e+00 7.290343644239123677e-02
1.420565139797739462e+00 6.752501453313379531e-02
1.422036351396835929e+00 6.257550908434403314e-02
1.423510613482621867e+00 5.801763656078689352e-02
1.424987935552499696e+00 5.381156028639632466e-02
1.426468327143339598e+00 4.991618597573692362e-02
1.427951797831682468e+00 4.629065164388024289e-02
1.429438357233948631e+00 4.289591860573847143e-02
1.430928015006643461e+00 3.969635451775480744e-02
1.432420780846568986e+00 3.666119290790401108e-02
1.433916664491031723e+00 3.376575699993896590e-02
1.435415675718056505e+00 3.099234866207035630e-02
1.436917824346597428e+00 2.833072499939107841e-02
1.438423120236754560e+00 2.577811375198738042e-02
1.439931573289987776e+00 2.333875197293257958e-02
1.441443193449334581e+00 2.102296777091796839e-02
1.442957990699629489e+00 1.884585936843575366e-02
1.444475975067722073e+00 1.682565656502952797e-02
1.445997156622699675e+00 1.498187441003535035e-02
1.447521545476108784e+00 1.333335825234347079e-02
1.449049151782180855e+00 1.189648424729009696e-02
1.450579985738055688e+00 1.068340344465164120e-02
1.452114057584009910e+00 9.700653450728666249e-03
1.453651377603684125e+00 8.948172583528450283e-03
1.455191956124314512e+00 8.418768179973929941e-03
1.456735803516961525e+00 8.098082769188413854e-03
1.458282930196745042e+00 7.965056234712386551e-03
1.459833346623076178e+00 7.992846604354468878e-03
1.461387063299896427e+00 8.150139695569907916e-03
1.462944090775910144e+00 8.402750937199018541e-03
1.464504439644828349e+00 8.715403267915108540e-03
1.466068120545604980e+00 9.053554458585678227e-03
1.467635144162680705e+00 9.385146193914730220e-03
1.469205521226225830e+00 9.682155699084054115e-03
1.470779262512385221e+00 9.921847793818019262e-03
1.472356378843524549e+00 1.008764952419752454e-02
1.473936881088478978e+00 1.016959895718171428e-02
1.475520780162802525e+00 1.016435196178247687e-02
1.477108087029018524e+00 1.007476331958333769e-02
1.478698812696874088e+00 9.909088822998275356e-03
1.480292968223593464e+00 9.679880885756501213e-03
1.481890564714135383e+00 9.402669766266419024e-03
1.483491613321448854e+00 9.094534489843004305e-03
1.485096125246735177e+00 8.772671275739390637e-03
1.486704111739707068e+00 8.453062717243423410e-03
1.488315584098853783e+00 8.149338761011008445e-03
1.489930553671703350e+00 7.871901896881699709e-03
1.491549031855090579e+00 7.627365580354014511e-03
1.493171030095424401e+00 7.418328766268001383e-03
1.494796559888958321e+00 7.243482685224839415e-03
1.496425632782061310e+00 7.098020769188410906e-03
1.498058260371491590e+00 6.974300857088500116e-03
1.499694454304671742e+00 6.862692064271680090e-03
1.501334226279966044e+00 6.752528094509873714e-03
1.502977588046958024e+00 6.633084882418595687e-03
1.504624551406733790e+00 6.494503282317850949e-03
1.506275128212160253e+00 6.328586525446448265e-03
1.507929330368173781e+00 6.129416330031989962e-03
1.509587169832064202e+00 5.893749470765190061e-03
1.511248658613763229e+00 5.621176652515813381e-03
1.512913808776134017e+00 5.314045943588612507e-03
1.514582632435264253e+00 4.977172108942365739e-03
1.516255141760759706e+00 4.617369430746602957e-03
1.517931348976038430e+00 4.242857802413685028e-03
1.519611266358630974e+00 3.862599214929960962e-03
1.521294906240478584e+00 3.485623849634930313e-03
1.522982281008235628e+00 3.120401940471527122e-03
1.524673403103572689e+00 2.774309900055103341e-03
1.526368285023483207e+00 2.453227823590909545e-03
1.528066939320591011e+00 2.161291582516091866e-03
1.529769378603459407e+00 1.900807653788014195e-03
1.531475615536904256e+00 1.672323999099129248e-03
1.533185662842307950e+00 1.474837021389737530e-03
1.534899533297934493e+00 1.306103990979782040e-03
1.536617239739249685e+00 1.163023162010656635e-03
1.538338795059238651e+00 1.042040546845005413e-03
1.540064212208731576e+00 9.395430555051415391e-04
1.541793504196726783e+00 8.522021436786349994e-04
1.543526684090717138e+00 7.772396268413919338e-04
1.545263765017021562e+00 7.125970388296169657e-04
1.547004760161113213e+00 6.570008100427198903e-04
1.548749682767955216e+00 6.099265237106341053e-04
1.550498546142336620e+00 5.714755307510864177e-04
1.552251363649210125e+00 5.421853519215418622e-04
1.554008148714031146e+00 5.228008695430614921e-04
1.555768914823102866e+00 5.140358775971432112e-04
1.557533675523920413e+00 5.163539856211888258e-04
1.559302444425517464e+00 5.297943296957992971e-04
1.561075235198817523e+00 5.538614853387209287e-04
1.562852061576985419e+00 5.874910879283753995e-04
1.564632937355781239e+00 6.290937958668300694e-04
1.566417876393919384e+00 6.766713086905218203e-04
1.568206892613425385e+00 7.279900924008823838e-04
1.570000000000000062e+00 7.807920795020350429e-04
