1.400000000000000148e-06 1.600000000000000033e-01 7.249999999999999778e-01 5.000000000000000000e-01 1.600000000000000266e-05
1.470000000000000113e-06 1.600000000000000033e-01 7.249999999999999778e-01 5.000000000000000000e-01 1.600000000000000266e-05
1.400000000000000148e-06 1.680000000000000104e-01 7.249999999999999778e-01 5.000000000000000000e-01 1.600000000000000266e-05
1.400000000000000148e-06 1.600000000000000033e-01 7.612499999999999822e-01 5.000000000000000000e-01 1.600000000000000266e-05
1.400000000000000148e-06 1.600000000000000033e-01 7.249999999999999778e-01 5.250000000000000222e-01 1.600000000000000266e-05
1.400000000000000148e-06 1.600000000000000033e-01 7.249999999999999778e-01 5.000000000000000000e-01 1.680000000000000517e-05
1.428000000000000134e-06 1.632000000000000395e-01 7.395000000000001572e-01 5.100000000000000089e-01 1.520000000000000016e-05
1.433600000000000132e-06 1.638400000000000412e-01 7.424000000000001709e-01 5.120000000000000107e-01 1.487999999999999983e-05
1.441440000000000128e-06 1.647360000000000213e-01 7.464600000000000124e-01 5.147999999999999243e-01 1.555199999999999611e-05
1.449727999999999785e-06 1.656832000000000304e-01 7.507520000000000859e-01 5.177599999999999980e-01 1.546239999999999616e-05
1.461331199999999982e-06 1.558092800000000222e-01 7.567608000000002333e-01 5.219039999999999235e-01 1.533696000000000299e-05
1.473597439999999780e-06 1.533711360000000468e-01 7.631129600000003954e-01 5.262847999999999971e-01 1.520435200000000171e-05
1.490770176000000004e-06 1.611577344000000578e-01 7.720059840000003115e-01 4.974179200000000689e-01 1.501870079999999855e-05
1.508924211199999637e-06 1.613892812800000742e-01 7.814071808000004893e-01 4.919015039999999894e-01 1.482244095999999501e-05
1.534339860479999630e-06 1.617134469120000972e-01 7.438188563200003323e-01 5.191785215999999981e-01 1.454767718399999142e-05
1.561207832575999357e-06 1.620561362944001327e-01 7.403326275840003134e-01 5.230142259199999089e-01 1.425721262079999053e-05
1.490075804671999133e-06 1.623988256768001126e-01 7.875963988480007005e-01 5.268499302400000417e-01 1.396674805759998963e-05
1.549066126540799054e-06 1.579823559475200812e-01 7.882749583872006305e-01 5.207899023360000879e-01 1.472144728063998567e-05
1.572673377157119193e-06 1.530588183265281232e-01 7.949321417420809333e-01 5.162418632704002253e-01 1.384266619289599125e-05
1.471243441002495702e-06 1.634739332071424578e-01 7.584835248048642509e-01 5.174943260723200433e-01 1.517894658375679487e-05
1.442206176400998414e-06 1.629562932828569899e-01 7.454926099219458813e-01 5.118937304289279400e-01 1.476661863350272203e-05
1.530365635266334005e-06 1.588527949812040263e-01 7.807880474057810050e-01 5.192330722522624509e-01 1.472935226739096470e-05
1.543677739644837256e-06 1.556162607328593073e-01 7.842058525446489181e-01 5.158848051645851251e-01 1.412928160383958144e-05
1.483919443264905538e-06 1.620988405241429176e-01 7.629849321593266120e-01 5.172126599134664326e-01 1.499525521227128345e-05
1.545452541953295313e-06 1.692101397496587889e-01 7.795252062132431714e-01 5.034654752022915680e-01 1.402023747250489137e-05
1.486172082841826456e-06 1.561429616561903211e-01 7.659851030873179312e-01 5.222914181604010331e-01 1.499713195768835630e-05
1.471006925717158236e-06 1.626445474384493606e-01 7.559289410800772435e-01 5.117405413132845027e-01 1.460234908123288027e-05
1.519977861095228214e-06 1.595163516612219667e-01 7.764377037987828523e-01 5.179218793379413155e-01 1.470712670981329942e-05
1.481394699888264028e-06 1.619809907584314201e-01 7.602792846870753962e-01 5.130517342276056381e-01 1.462457463881054555e-05
1.513225807884009630e-06 1.599476635032336391e-01 7.736099804542340141e-01 5.170696039436325497e-01 1.469268009738781749e-05
1.520556757596297477e-06 1.581180518734267293e-01 7.435260222803511398e-01 5.002115528069999151e-01 1.565532610693898716e-05
1.495409971433751142e-06 1.616496902612097886e-01 7.798840829486620718e-01 5.221882141892250084e-01 1.426224921623431581e-05
1.496302655161797660e-06 1.592317598627106534e-01 7.491060011878158953e-01 5.472746631226900194e-01 1.457555650703271213e-05
1.493778343954157096e-06 1.588002555792527859e-01 7.426457652653790653e-01 5.583492949472279587e-01 1.452617961643925488e-05
1.525250983372591789e-06 1.572027666406117241e-01 7.593925830709108427e-01 5.384181612227280089e-01 1.421511201642861226e-05
1.491152462783750632e-06 1.612420275945249670e-01 7.623562710688538413e-01 5.209236226425872918e-01 1.485873015299881515e-05
1.457555607078998775e-06 1.573995925257644923e-01 7.859736248097783928e-01 5.371503399532295830e-01 1.478711123229943243e-05
1.520902616134824650e-06 1.609585223944088594e-01 7.511959408057113929e-01 5.223235898118151477e-01 1.458957814245239326e-05
1.506682554005676328e-06 1.571868820298344405e-01 7.384331413239363373e-01 5.341947976130406728e-01 1.520347077055233902e-05
1.524124631063141048e-06 1.631111787843116112e-01 7.413113364799277516e-01 5.388529454229205040e-01 1.455112355424389298e-05
1.501430435292610187e-06 1.605718830496994376e-01 7.207670015232894301e-01 5.527880962314039026e-01 1.479895279728686198e-05
1.481453933805266170e-06 1.563926494747765739e-01 7.448479115149402308e-01 5.365788150755095298e-01 1.503964103764797138e-05
1.516657259043013061e-06 1.619354361551429977e-01 7.419302371110549910e-01 5.384549726121236057e-01 1.463661411383960492e-05
1.482977805896858271e-06 1.589360713689730031e-01 7.312570257112940286e-01 5.595607238067380473e-01 1.502000083799435712e-05
1.514265774343180470e-06 1.606045934649575901e-01 7.477066306641884097e-01 5.288400882609266551e-01 1.466490211417223634e-05
1.507584122359301186e-06 1.593357948797857193e-01 7.724618166500756278e-01 5.195170141989585710e-01 1.475700590991403544e-05
1.506507227122630209e-06 1.595521103095206006e-01 7.634152240028878600e-01 5.253394535546365152e-01 1.476434661520427940e-05
1.524004000603711979e-06 1.579896834209583989e-01 7.312961282781249572e-01 5.531478201525947824e-01 1.465947513908427271e-05
1.501437900968729118e-06 1.557179737666665176e-01 7.474685187027516609e-01 5.414936091992471612e-01 1.489073558834134870e-05
1.498394029353872329e-06 1.544744812889712327e-01 7.485761750210910837e-01 5.421013365166719167e-01 1.494155988324169542e-05
1.498698236318781167e-06 1.550941685775354961e-01 7.415968803650436758e-01 5.561699019257723142e-01 1.495278097767636019e-05
1.495584728713901180e-06 1.539920836000510940e-01 7.403749303052147290e-01 5.616358646587413794e-01 1.501035675037718157e-05
1.502087784175840156e-06 1.539226410491847385e-01 7.166721695472747511e-01 5.741891010737041334e-01 1.495174053071347935e-05
1.475824524123609572e-06 1.538582509890374650e-01 7.429416817796976602e-01 5.547972468441897398e-01 1.517351816348517073e-05
1.515572592219694132e-06 1.572666827453722271e-01 7.333341001409001692e-01 5.534364698236239333e-01 1.474943266835442918e-05
1.496701986007252514e-06 1.546929726663765492e-01 7.337650522606719017e-01 5.814469382679771092e-01 1.444790729113793642e-05
1.494705872407567667e-06 1.541941907936849876e-01 7.328314344480191256e-01 5.908973663989643965e-01 1.429679459525505522e-05
1.510775652880009829e-06 1.514366859518076758e-01 7.260001431173461750e-01 5.665314982620894835e-01 1.509388951513049453e-05
1.506851196629949753e-06 1.528064526384503852e-01 7.125900394458115628e-01 5.934023396352071655e-01 1.481059511394405769e-05
1.507933855762193795e-06 1.522241484128071531e-01 7.056143435944235431e-01 6.037840857223992774e-01 1.479456701906459949e-05
1.489661010795984519e-06 1.492407299267186904e-01 7.156365553890722264e-01 6.015985253703407531e-01 1.496995177421504600e-05
1.484478694511242766e-06 1.476355393629880108e-01 7.120970464387066379e-01 6.112309364796840727e-01 1.501405559538716936e-05
1.496102182974000047e-06 1.500699309484274657e-01 7.304684367392705324e-01 5.956626282826524843e-01 1.479256993772547794e-05
1.502812220139978231e-06 1.484316273369116479e-01 7.028030785549526094e-01 6.218265701471796802e-01 1.464683899300109224e-05
1.484435922877856688e-06 1.497850015391966882e-01 7.078990399178637372e-01 6.390489652978676993e-01 1.438448601939602039e-05
1.506166200129633178e-06 1.511476411796007502e-01 7.228324500574367928e-01 5.792220549933506657e-01 1.496974390337696156e-05
1.502295275399566523e-06 1.451105822299174619e-01 6.957610898932439225e-01 6.232435719821293185e-01 1.523920288828418382e-05
1.503413933278029155e-06 1.431941041426256778e-01 6.881602974197582601e-01 6.316028987249596716e-01 1.539746200771343330e-05
1.491282691385159451e-06 1.462410901368199345e-01 6.958651480308020165e-01 6.430770620522672232e-01 1.482514987000805233e-05
1.503561586099350276e-06 1.502889947471141019e-01 7.181131722027757069e-01 5.903966812286610688e-01 1.494443994753740320e-05
1.494936417758563047e-06 1.497000509435900406e-01 7.220185569924155722e-01 5.879005913310308973e-01 1.526709516219844535e-05
1.501180148838366854e-06 1.479137953301392638e-01 6.909732469093557983e-01 6.109597184149093696e-01 1.531117430726324695e-05
1.492768170808622833e-06 1.467446517646626702e-01 6.924725413284825715e-01 6.244508803434000166e-01 1.530599804134165885e-05
1.490609487750477514e-06 1.460357831681723950e-01 6.873444151536240998e-01 6.312617201663478506e-01 1.537830966010251269e-05
1.482329627164350845e-06 1.426176994397118369e-01 6.997146490304582134e-01 6.193301936980621925e-01 1.566044337872528428e-05
1.490284348930296628e-06 1.423088563073776347e-01 6.743888724476831964e-01 6.477855290362433127e-01 1.534525452220217602e-05
1.494122305713616508e-06 1.484065918822528862e-01 7.136833621970873898e-01 5.983804554294430700e-01 1.528077305019909991e-05
1.507608210944215264e-06 1.517067647882723025e-01 7.022802656762923146e-01 6.079760313617643686e-01 1.480003817426485657e-05
1.486753379325827182e-06 1.442082858757099129e-01 7.001636319434791922e-01 6.173432152892101010e-01 1.550987246794470909e-05
1.482986981465183216e-06 1.449284651160731019e-01 7.146978218110441317e-01 6.188999053946373508e-01 1.522878650999948688e-05
1.495907191833465472e-06 1.489220462666477618e-01 7.113211127239467135e-01 6.131390845625074304e-01 1.491765396613993451e-05
1.488355296514663840e-06 1.450331939441240336e-01 7.021161910800610695e-01 6.166074924120371614e-01 1.540623423012887168e-05
1.486231461766095079e-06 1.433743810848532030e-01 6.931745140235278102e-01 6.393926592153119648e-01 1.519693785585744968e-05
1.492741408022800417e-06 1.475259549927079306e-01 7.100943137667145022e-01 6.055575910919701599e-01 1.526610189118931231e-05
1.499180158373091966e-06 1.441015998560060685e-01 6.939597367131118411e-01 6.242728400099853969e-01 1.556447382899024012e-05
1.502120451145461552e-06 1.433948119546096800e-01 6.903322747679928595e-01 6.268812207160456840e-01 1.567455747571085359e-05
1.481293647783126051e-06 1.459402488789535157e-01 7.081241672084740424e-01 6.137152640011068749e-01 1.551346837106389628e-05
1.498619990566689419e-06 1.452557738934987797e-01 6.979246284234091879e-01 6.215761180854504353e-01 1.528719934777063248e-05
1.493198948177447419e-06 1.426168036764793312e-01 6.889230691976816479e-01 6.378086556886581882e-01 1.549500835079129044e-05
1.492821477549863515e-06 1.466668535123679395e-01 7.063893459671337638e-01 6.112015273963905537e-01 1.530616052161966001e-05
1.499371532099664289e-06 1.457630285523608682e-01 6.986104538391639807e-01 6.245963683623324547e-01 1.531484652844804369e-05
1.490283137742039056e-06 1.451609150005654936e-01 7.015026870629040845e-01 6.180055457033388766e-01 1.539024138233472712e-05
1.507658309659887419e-06 1.459607373342087233e-01 6.807507692089248552e-01 6.219462115032130534e-01 1.555687619751152322e-05
1.512592575298828132e-06 1.461671917778358532e-01 6.739613586885009333e-01 6.225554727249281717e-01 1.562249413501393320e-05
1.503758546419216173e-06 1.439399024666501992e-01 6.788038143495516152e-01 6.339424631441888947e-01 1.557978845624809674e-05
1.494735464602000463e-06 1.461896370793673294e-01 7.015618779340568878e-01 6.151811911522553356e-01 1.535404541017963711e-05
1.496406223016515449e-06 1.457245273598667679e-01 6.887234316975351378e-01 6.210099016818506623e-01 1.562548805506072476e-05
1.498232581245408985e-06 1.453378057501131804e-01 6.963144189963812458e-01 6.214770302148204806e-01 1.534639987154639914e-05
1.507922853242513783e-06 1.458901425526191731e-01 6.830700658314311502e-01 6.259690678685549958e-01 1.550490941618129623e-05
1.511450796342608813e-06 1.460359880630299201e-01 6.793835415851365855e-01 6.275617723015981531e-01 1.552784302295061005e-05
1.503849518537985520e-06 1.459341865240738612e-01 6.829605926319741727e-01 6.242943984185671535e-01 1.561215474482358575e-05
1.513746468066516238e-06 1.442031544132887921e-01 6.829976908212694875e-01 6.212579555200546944e-01 1.577501925642110087e-05
1.517942127518094834e-06 1.436948549430140110e-01 6.811027207198268041e-01 6.206193705553857409e-01 1.586882349943699130e-05
1.521061839439576526e-06 1.437602562440428167e-01 6.657246913300030045e-01 6.327029164724511379e-01 1.593288312328606699e-05
1.521253408213761597e-06 1.467012590845737097e-01 6.671112611208710463e-01 6.233315652112232375e-01 1.571570131678493045e-05
1.521153589120885824e-06 1.444315424051206831e-01 6.712369634447176159e-01 6.288207159072598529e-01 1.589691264269362100e-05
1.507518562929861083e-06 1.427831339829744861e-01 6.865267524623100970e-01 6.296310224776642261e-01 1.581057205378369270e-05
1.518849810289079028e-06 1.460155871917938331e-01 6.705089721056228802e-01 6.244339702328504105e-01 1.573230369575971368e-05
1.530922569306074563e-06 1.435827668105623123e-01 6.656967727406664093e-01 6.287240179960336128e-01 1.596217820611948857e-05
1.536049121026970781e-06 1.427038604851942893e-01 6.586379823049034465e-01 6.281513285970372618e-01 1.625233105073705503e-05
1.541674374583861926e-06 1.420666040717093181e-01 6.537515655995979058e-01 6.285877807427338038e-01 1.640181537764820680e-05
1.515100025651768234e-06 1.446596736971039743e-01 6.731877592213633132e-01 6.251673027099602376e-01 1.591112339864588927e-05
1.511935516920906884e-06 1.448750550744122845e-01 6.746859565175026274e-01 6.244559596527454737e-01 1.590091243715116806e-05
1.522447580449309514e-06 1.439021506193389199e-01 6.684278868279701635e-01 6.236092395198142846e-01 1.598207326445266822e-05
1.522221131966835283e-06 1.439947941818507104e-01 6.689194752359008955e-01 6.245212478876172035e-01 1.596717015564483140e-05
1.523003047141522484e-06 1.446672519555399217e-01 6.752180725050440646e-01 6.164543715206891594e-01 1.595981759680372664e-05
1.522663335793681867e-06 1.445085277060279005e-01 6.735567307994119179e-01 6.192978668872475279e-01 1.595510406393813637e-05
1.526740486493861118e-06 1.418090972134825323e-01 6.716528952069397151e-01 6.226688764220490446e-01 1.624951717160144903e-05
1.524557821269330403e-06 1.422363845022303064e-01 6.678436022761617963e-01 6.291533835815723563e-01 1.614448204648835140e-05
1.524226286311091708e-06 1.426340095628948479e-01 6.688433997677303289e-01 6.274286681600655946e-01 1.611134089954206343e-05
1.525802086833879387e-06 1.422058041788251403e-01 6.724504276524045920e-01 6.250929706901819927e-01 1.619008425234055325e-05
1.533225075008933657e-06 1.419101231119862805e-01 6.568062649415098431e-01 6.307842880763319116e-01 1.641693520970981406e-05
1.536281664507101252e-06 1.415531767457807177e-01 6.519469737858465397e-01 6.328172715805212567e-01 1.652655755176437455e-05
1.528334310963170050e-06 1.432809014494396405e-01 6.592008929245740667e-01 6.285872148959956718e-01 1.618641483975395237e-05
1.526245226056505401e-06 1.423939462011826751e-01 6.701317590750341946e-01 6.257044634261993421e-01 1.618944210513789623e-05
1.526026044050660098e-06 1.424892322727131233e-01 6.664359728024862317e-01 6.280997921433189024e-01 1.617245976157561288e-05
1.518725035523201277e-06 1.441097635800804300e-01 6.699114603653926192e-01 6.262906997832345946e-01 1.601228576085867288e-05
1.535484311823363356e-06 1.425451130105526987e-01 6.582716388322247258e-01 6.286779204928961695e-01 1.628525188253160752e-05
1.528037404196875626e-06 1.418293023931832819e-01 6.686835691538537407e-01 6.242919587529056624e-01 1.628300077922312136e-05
1.527286684468890283e-06 1.421466679654573573e-01 6.693215951102255978e-01 6.262312341674119986e-01 1.623545444381440677e-05
1.541298772296287847e-06 1.402584119214767000e-01 6.578961559707272588e-01 6.289433776699114853e-01 1.654495506988314403e-05
1.522675439458491522e-06 1.434357770398247689e-01 6.678087820963261034e-01 6.267549184134030282e-01 1.610550288993795346e-05
1.519415947050177541e-06 1.421793281027132483e-01 6.733508348095358365e-01 6.257869561284526982e-01 1.620008935117274912e-05
1.522227910885484890e-06 1.422433404615851271e-01 6.707119755135063643e-01 6.262928748922300670e-01 1.621499279416054544e-05
1.532187540846522008e-06 1.418939589682256808e-01 6.591817257839786004e-01 6.294858222116466173e-01 1.639014832361247688e-05
1.527436828414487267e-06 1.420831948510025422e-01 6.691939899189511820e-01 6.258433790845107092e-01 1.624496371089614833e-05
1.523747832406168385e-06 1.431144821104964604e-01 6.679837395078316309e-01 6.262623264813035329e-01 1.614100246779498772e-05
1.526428316079903288e-06 1.423572462968071550e-01 6.668854920727597113e-01 6.273382254652362100e-01 1.619456796510511390e-05
1.533994930298065895e-06 1.424019508870788264e-01 6.603540248965504844e-01 6.278007281448980681e-01 1.628480166186991164e-05
1.535486175528173418e-06 1.411117792480225674e-01 6.617357812226059011e-01 6.276417189823754184e-01 1.641799050848772248e-05
1.533431965481822220e-06 1.414622522489554779e-01 6.628291739225202761e-01 6.274003252946878106e-01 1.636951760136649034e-05
1.525013891709778354e-06 1.414484310161908398e-01 6.703555554442748310e-01 6.259431561786967801e-01 1.630807769021142868e-05
1.532423248545115660e-06 1.422350849096734315e-01 6.621042927424022340e-01 6.274756530508128760e-01 1.628887496682967899e-05
1.526750133703297798e-06 1.422516575160823749e-01 6.672451074889784728e-01 6.267289721227701227e-01 1.621225452792871539e-05
1.532353053224832816e-06 1.415356622778010387e-01 6.640000529687869468e-01 6.267786519863314254e-01 1.635221423693781654e-05
1.531357513516592690e-06 1.418810276532171954e-01 6.610820944579536285e-01 6.284470495198983819e-01 1.636871881473460577e-05
1.527556943570964981e-06 1.420324163594386957e-01 6.690919057659316938e-01 6.255330950181896554e-01 1.625257112456154294e-05
1.532803425077827926e-06 1.422874211882997064e-01 6.620199337480111579e-01 6.270989742664996314e-01 1.628444148534055291e-05
1.526249114801390538e-06 1.425770677662875074e-01 6.672489912771045750e-01 6.260613678857738229e-01 1.620818045577759745e-05
1.531284864000730354e-06 1.417179082382861721e-01 6.645686171727425151e-01 6.266531272687339005e-01 1.632700832523477651e-05
1.527941312071693455e-06 1.418699251864343758e-01 6.687652364762692869e-01 6.245401860059625054e-01 1.627691484829080635e-05
1.531754128776455337e-06 1.422364202225274987e-01 6.634343281515953095e-01 6.267857984168376806e-01 1.627806741318475091e-05
1.526911495676831235e-06 1.422078092847536279e-01 6.676144671443691170e-01 6.264897967018540070e-01 1.622031784725528090e-05
1.530597399527467106e-06 1.419113053944615066e-01 6.626840567195492193e-01 6.278642586195566366e-01 1.634548927669999321e-05
1.531393831294059165e-06 1.416350130941285701e-01 6.650184235282159406e-01 6.265295405927030492e-01 1.633228561446256047e-05
1.526006264079951378e-06 1.416261675051592450e-01 6.698353077021388380e-01 6.255969523584685721e-01 1.629296407132332128e-05
1.527012140401839359e-06 1.417329617306986589e-01 6.687151362807937094e-01 6.258050004186830328e-01 1.629035715614906841e-05
1.524613885205459120e-06 1.422667540881861759e-01 6.697298974265490923e-01 6.255633941129953302e-01 1.622197448672011761e-05
1.525800375770963937e-06 1.421561994142260810e-01 6.689053894943408629e-01 6.257324697469439645e-01 1.624127893407504528e-05
1.527040585255657942e-06 1.421727306996906359e-01 6.679099548686816545e-01 6.262984563651211589e-01 1.622676850271653195e-05
1.529989308336166765e-06 1.419355275874569500e-01 6.639656265288257364e-01 6.273980258992832848e-01 1.632690564627230315e-05
1.527121101035664484e-06 1.417928526564466718e-01 6.687904901778213285e-01 6.257506193385843352e-01 1.628279994983156264e-05
1.527864438371547802e-06 1.419024234210352342e-01 6.688305703342017905e-01 6.247387678084079798e-01 1.627204610354495502e-05
1.530626453749440286e-06 1.417144937471905841e-01 6.658331199757591135e-01 6.263302514778004149e-01 1.631634271648235764e-05
1.530222712769855532e-06 1.415783548089366295e-01 6.666947302443343437e-01 6.256018474517851535e-01 1.635349771356056203e-05
1.527597457570642477e-06 1.420687149188086806e-01 6.676972905594208418e-01 6.261765498052873635e-01 1.624894611461423586e-05
1.526317249383136823e-06 1.418688328537109633e-01 6.721317241964283040e-01 6.240136874800246147e-01 1.622217675734155984e-05
1.529346698019386578e-06 1.419238560090513857e-01 6.653946936206561746e-01 6.268057666759130342e-01 1.630857809070942392e-05
1.529035023206891805e-06 1.419105100553391952e-01 6.658924297056337815e-01 6.274997451179020747e-01 1.629164909493469959e-05
1.525636435611979591e-06 1.421768462524432564e-01 6.689136039560262814e-01 6.263760589045499483e-01 1.623747503337823105e-05
1.529753200575384622e-06 1.417954054356098115e-01 6.663722046723058456e-01 6.263382677774815832e-01 1.630254087193913582e-05
1.527589354770706936e-06 1.420614552069346948e-01 6.679762136007230122e-01 6.260478588478678441e-01 1.624967111660369592e-05
1.527208269542724498e-06 1.418407653970450710e-01 6.688507732954434015e-01 6.257071144745054436e-01 1.627675418477755802e-05
1.528988747129702174e-06 1.419455680791288366e-01 6.661341360497112785e-01 6.265512323443683806e-01 1.629737669747984637e-05
1.528739407279706355e-06 1.419348913161591064e-01 6.665323249176933196e-01 6.271064150979596130e-01 1.628383350086006691e-05
1.530012551713745182e-06 1.417780782696402009e-01 6.664848771337936739e-01 6.261708201858782186e-01 1.630358839809819537e-05
1.526020537203777219e-06 1.421479602738423831e-01 6.689492643180074971e-01 6.262074661272780673e-01 1.624049425161488598e-05
1.526719139743021539e-06 1.420832309231069845e-01 6.685179965607699337e-01 6.262010530875329328e-01 1.625153572724946207e-05
1.527513137725110491e-06 1.420173172449567811e-01 6.681511255396670457e-01 6.259797099731954084e-01 1.625508773023846834e-05
1.527487208765316885e-06 1.419940861669599652e-01 6.690436792718340575e-01 6.255678989094528575e-01 1.625740773660474731e-05
1.528433179732309984e-06 1.419160661323362882e-01 6.669960145932433138e-01 6.268265549732687791e-01 1.628241763764356513e-05
1.528632651612306597e-06 1.419246075427120779e-01 6.666774634988577031e-01 6.263824087703957488e-01 1.629325219493938870e-05
1.529451695279541130e-06 1.417906156951211638e-01 6.669580563661235972e-01 6.260780790436036858e-01 1.629822155543406926e-05
1.526258083671566252e-06 1.420865212984828985e-01 6.689295661134945226e-01 6.261073957967234760e-01 1.624774623824741632e-05
1.528892813248145463e-06 1.418423991757094549e-01 6.673030705719135147e-01 6.260832094753996380e-01 1.628938837492640567e-05
1.527264057387243060e-06 1.418714295510280499e-01 6.688893544907215105e-01 6.256792713614949264e-01 1.627288489514299656e-05
1.528403563042908739e-06 1.419385032675616609e-01 6.671507066534529962e-01 6.262195067982071484e-01 1.628608330327245907e-05
1.527507951933151769e-06 1.420126710293574124e-01 6.683296362861004258e-01 6.258973477604469204e-01 1.625555173151172413e-05
1.528243985538911406e-06 1.419316701392610292e-01 6.674055475289614181e-01 6.265748237605055504e-01 1.627741565743580157e-05
1.529058797976696366e-06 1.418313097894889352e-01 6.673751809472656671e-01 6.259760430167735645e-01 1.629005879166820419e-05
1.527644646103215152e-06 1.419275297824973692e-01 6.689098755307881783e-01 6.251612033780444833e-01 1.626737892584424958e-05
1.527181501823340469e-06 1.419163072601710429e-01 6.698683839572308063e-01 6.250931989722777748e-01 1.625122952903630829e-05
1.528189702329484334e-06 1.419346189662683000e-01 6.676263001816140630e-01 6.260224029286695080e-01 1.627998389278113251e-05
1.528691265455902827e-06 1.420086567428007207e-01 6.676245143963195350e-01 6.257706870358599183e-01 1.626726753622102653e-05
1.526749511858132106e-06 1.421197152856645274e-01 6.692384213193969256e-01 6.253917729882159104e-01 1.624097713751695055e-05
1.528654672905947663e-06 1.418817807513196583e-01 6.677012480123886151e-01 6.258737957617759307e-01 1.628146950219173480e-05
1.528567674452706409e-06 1.420051956801850201e-01 6.672202757285145003e-01 6.264916495804375707e-01 1.626929323387989925e-05
1.528752280122604829e-06 1.420207288597225281e-01 6.668823557680598757e-01 6.267577388209161215e-01 1.626967609548702918e-05
1.527522848268676803e-06 1.421003106829089313e-01 6.682365143333642843e-01 6.260261987241706461e-01 1.625033215020767302e-05
1.528456603594425146e-06 1.419200234893477908e-01 6.677949196185593017e-01 6.259004662801950225e-01 1.627602046559452535e-05
1.527719896437062613e-06 1.420111759595229228e-01 6.681077641745832851e-01 6.260162081244450283e-01 1.625830003198535983e-05
1.527703301902794832e-06 1.419963080696049762e-01 6.686789985631701461e-01 6.257526490436498001e-01 1.625978483605977702e-05
1.528265296754128834e-06 1.419487343090516385e-01 6.675450952909941504e-01 6.261162522590231205e-01 1.627784576100088653e-05
1.528666547255263501e-06 1.420079645302775861e-01 6.675436666627585502e-01 6.259148795447754265e-01 1.626767267575280243e-05
1.528637273215299327e-06 1.419064637370927306e-01 6.676050535556138366e-01 6.259973665255083031e-01 1.627903424852936769e-05
1.527690829849533051e-06 1.419391865719052959e-01 6.681192082623916839e-01 6.262347706684500137e-01 1.627003056882931641e-05
1.527861580395535784e-06 1.419512227146204342e-01 6.680184884824558189e-01 6.261787897218067389e-01 1.626961793754092562e-05
1.527409826761591722e-06 1.420585909561012661e-01 6.682231953402731905e-01 6.262248529662366447e-01 1.625490247165736890e-05
1.528004818127777810e-06 1.420567792751658842e-01 6.678916431565582457e-01 6.260618550677101712e-01 1.625843259629238829e-05
1.527886646998678170e-06 1.419696951127158990e-01 6.679962905504237547e-01 6.261583261573397952e-01 1.626766050282243107e-05
1.528325772293844349e-06 1.419600265832783037e-01 6.674801313784982648e-01 6.261913317233059884e-01 1.627613525557668840e-05
1.527876176412777147e-06 1.419980855917209739e-01 6.683872539962389947e-01 6.259004491510073986e-01 1.626168651562380079e-05
1.527889452040191372e-06 1.420099799036553534e-01 6.679302664853695726e-01 6.261112964156435590e-01 1.626049867236426636e-05
1.527641396299814744e-06 1.420479119009180058e-01 6.680226114179214081e-01 6.262782122890768743e-01 1.625778062410187564e-05
1.528002799206969867e-06 1.419620173077333625e-01 6.678588459316675552e-01 6.262413616935329497e-01 1.626955299680872102e-05
1.528294661304633549e-06 1.419959669585870998e-01 6.670175983805495257e-01 6.266250915297912893e-01 1.627161779746878219e-05
1.528790747419523643e-06 1.419253626724576722e-01 6.669802357439184037e-01 6.263860800880074464e-01 1.628105855833747537e-05
1.528589610973574448e-06 1.419468087874382056e-01 6.671626514868687075e-01 6.263672032231945019e-01 1.627698491984624373e-05
1.528255462282280774e-06 1.419576443463289872e-01 6.680432700238179144e-01 6.259360455246543165e-01 1.626936823392154802e-05
1.528287801475721813e-06 1.419892605014419218e-01 6.671970909181215159e-01 6.265045084788922747e-01 1.627122412384801435e-05
1.528115774256117217e-06 1.419706529822236940e-01 6.677311318910369442e-01 6.262914192709139183e-01 1.626950104422295666e-05
1.528374152725616803e-06 1.419690604026596359e-01 6.674281602485014897e-01 6.262513952947322826e-01 1.627476685123732989e-05
1.528025096522694294e-06 1.420090230589612923e-01 6.677882683339985137e-01 6.261873670486023391e-01 1.626225758466739294e-05
1.528585223669400755e-06 1.419584861659875796e-01 6.671741763351978216e-01 6.263920924946431157e-01 1.627544658265297415e-05
1.528349263934248036e-06 1.419978127029066783e-01 6.670581338501425650e-01 6.265984031399205456e-01 1.627115288475100560e-05
1.528644790265748878e-06 1.420051782220563552e-01 6.669364739075048787e-01 6.264769437524204676e-01 1.627166581065248542e-05
1.528529511120218820e-06 1.419809647090332638e-01 6.675608079713443166e-01 6.261213761284138979e-01 1.627021914048502977e-05
1.528380807191792817e-06 1.419948643039788405e-01 6.671461018213529215e-01 6.265149234129069322e-01 1.627098947950446085e-05
1.528629367103140427e-06 1.420051817136820937e-01 6.669932342717067586e-01 6.264798849180238660e-01 1.627119129529796886e-05
1.528412857071034724e-06 1.419762874581647072e-01 6.673865833445040696e-01 6.262994461518733846e-01 1.627367212776584308e-05
1.528133612108696760e-06 1.420082575832060379e-01 6.676746698129016888e-01 6.262482235549693410e-01 1.626366471450989555e-05
1.528581713826061801e-06 1.419678280688270733e-01 6.671833962138611351e-01 6.264120039118019623e-01 1.627421591289835985e-05
1.528392946037939753e-06 1.419992892983623356e-01 6.670905622258169743e-01 6.265770524280239728e-01 1.627078095457678569e-05
1.528900211287656316e-06 1.419732553044824319e-01 6.666749509008598196e-01 6.266557912410950504e-01 1.627999669525764578e-05
1.528843783458300287e-06 1.419718099917741394e-01 6.670928139579617167e-01 6.263584578932684943e-01 1.627656675146309698e-05
