1.169999999999999929e+00 7.809471703835563217e-01
1.170997803978423457e+00 7.724011497051276320e-01
1.171997311311695711e+00 7.767051951079140260e-01
1.172998526365247818e+00 7.922493374855402726e-01
1.174001453519440741e+00 8.148112775939631014e-01
1.175006097169629449e+00 8.383671602201754336e-01
1.176012461726227531e+00 8.553908100233084122e-01
1.177020551614769817e+00 8.606103785890387714e-01
1.178030371275979649e+00 8.521709210022214709e-01
1.179041925165833060e+00 8.316335473234124365e-01
1.180055217755623609e+00 8.064551903245112952e-01
1.181070253532030101e+00 7.873742200337419117e-01
1.182087036997180318e+00 7.824763185908617524e-01
1.183105572668720296e+00 7.950113138401083690e-01
1.184125865079878492e+00 8.219107867095948317e-01
1.185147918779535292e+00 8.532318115142593085e-01
1.186171738332289394e+00 8.772423375838108717e-01
1.187197328318526646e+00 8.859648365652517121e-01
1.188224693334487103e+00 8.769943803390425341e-01
1.189253837992334750e+00 8.555053787694733014e-01
1.190284766920226112e+00 8.323207944023998106e-01
1.191317484762379975e+00 8.172250954248193588e-01
1.192351996179146001e+00 8.163107700064499150e-01
1.193388305847076225e+00 8.311772163881280262e-01
1.194426418458995665e+00 8.565493594702106028e-01
1.195466338724070932e+00 8.825018389144239084e-01
1.196508071367884396e+00 8.997364047017580857e-01
1.197551621132503241e+00 9.022208588282056851e-01
1.198596992776553183e+00 8.901909952252721192e-01
1.199644191075289745e+00 8.709720885154099701e-01
1.200693220820671980e+00 8.534615769328574020e-01
1.201744086821433966e+00 8.443137066030739213e-01
1.202796793903159855e+00 8.474084028997166396e-01
1.203851346908357600e+00 8.615378663207826637e-01
1.204907750696531332e+00 8.809870889858161247e-01
1.205966010144259304e+00 8.998615565162054741e-01
1.207026130145265164e+00 9.131098477888163201e-01
1.208088115610496560e+00 9.170843191272011197e-01
1.209151971468198861e+00 9.119997454363879541e-01
1.210217702663993089e+00 9.002265452718306582e-01
1.211285314160950977e+00 8.847362625197439101e-01
1.212354810939672678e+00 8.706801661600944708e-01
1.213426197998365152e+00 8.632060956814014974e-01
1.214499480352917660e+00 8.646574305408744054e-01
1.215574663036982583e+00 8.752895676986446327e-01
1.216651751102053369e+00 8.925545350676650225e-01
1.217730749617542019e+00 9.105677717117909298e-01
1.218811663670860801e+00 9.236547753114325854e-01
1.219894498367501079e+00 9.279342533618369915e-01
1.220979258831113690e+00 9.210477588512476776e-01
1.222065950203591100e+00 9.051490595122075877e-01
1.223154577645146013e+00 8.866488604831772591e-01
1.224245146334395962e+00 8.722229495730557947e-01
1.225337661468442363e+00 8.677035209931550641e-01
1.226432128262956889e+00 8.760125174272381798e-01
1.227528551952260516e+00 8.940591627226233129e-01
1.228626937789410123e+00 9.147497512148563548e-01
1.229727291046279758e+00 9.301390187563455259e-01
1.230829617013647681e+00 9.331593014237863359e-01
1.231933921001278520e+00 9.223281942997045846e-01
1.233040208338010535e+00 9.035482160745579305e-01
1.234148484371839993e+00 8.851187347776916514e-01
1.235258754470008657e+00 8.743944023301859492e-01
1.236371024019089049e+00 8.760809456038424203e-01
1.237485298425072822e+00 8.890969300009159415e-01
1.238601583113456250e+00 9.077260973879054395e-01
1.239719883529332156e+00 9.253196595832421378e-01
1.240840205137473840e+00 9.351783632607588714e-01
1.241962553422427229e+00 9.334224993757067601e-01
1.243086933888599699e+00 9.220243993314543030e-01
1.244213352060349331e+00 9.058848642338753754e-01
1.245341813482075954e+00 8.905759906570390738e-01
1.246472323718312403e+00 8.818965094398537596e-01
1.247604888353815111e+00 8.823208671447491103e-01
1.248739512993656486e+00 8.900468420206767428e-01
1.249876203263318386e+00 9.018291123367481177e-01
1.251014964808782937e+00 9.134131760461867700e-01
1.252155803296628012e+00 9.206151325858061840e-01
1.253298724414120269e+00 9.223656893847574922e-01
1.254443733869309963e+00 9.192351174577417794e-01
1.255590837391125314e+00 9.117059061351827642e-01
1.256740040729469321e+00 9.019938101673186104e-01
1.257891349655314572e+00 8.926874614905004890e-01
1.259044769960800503e+00 8.853103989410109342e-01
1.260200307459330427e+00 8.820956712822141110e-01
1.261357967985669459e+00 8.844627708190631044e-01
1.262517757396041773e+00 8.910275525645761086e-01
1.263679681568230295e+00 8.996083320710203113e-01
1.264843746401676405e+00 9.073084425757095284e-01
1.266009957817578080e+00 9.099598730721945028e-01
1.267178321758992254e+00 9.056660366360143044e-01
1.268348844190933411e+00 8.958742309952959504e-01
1.269521531100478384e+00 8.834120296167464748e-01
1.270696388496864948e+00 8.729167098060121033e-01
1.271873422411597065e+00 8.689858734167924537e-01
1.273052638898546585e+00 8.724813648914029329e-01
1.274234044034058044e+00 8.815931337464820716e-01
1.275417643917051702e+00 8.928952900619140376e-01
1.276603444669130338e+00 9.005591835163802017e-01
1.277791452434683617e+00 9.000087147145972022e-01
1.278981673380993334e+00 8.909996919453315734e-01
1.280174113698342886e+00 8.761505452704648755e-01
1.281368779600121410e+00 8.607857102204631294e-01
1.282565677322933917e+00 8.513060782851017416e-01
1.283764813126709203e+00 8.504286483229825944e-01
1.284966193294808434e+00 8.568512798444432033e-01
1.286169824134135498e+00 8.672975222846732724e-01
1.287375711975248027e+00 8.762594877114358027e-01
1.288583863172465760e+00 8.787502485522826756e-01
1.289794284103985111e+00 8.738793921723783109e-01
1.291006981171990420e+00 8.630130102514954604e-01
1.292221960802766745e+00 8.487953733230632070e-01
1.293439229446812444e+00 8.355313618007444987e-01
1.294658793578954858e+00 8.257916349360476804e-01
1.295880659698463999e+00 8.195171233881970441e-01
1.297104834329168899e+00 8.160870898507570637e-01
1.298331324019572852e+00 8.133599491582467200e-01
1.299560135342971323e+00 8.083673512017357510e-01
1.300791274897567629e+00 8.004164573511686198e-01
1.302024749306592843e+00 7.898536453861015882e-01
1.303260565218422817e+00 7.765712989619787399e-01
1.304498729306700078e+00 7.615520985186409186e-01
1.305739248270451514e+00 7.454682543515062099e-01
1.306982128834209833e+00 7.274377028781784382e-01
1.308227377748136133e+00 7.074314480507249980e-01
1.309475001788141135e+00 6.857859494522721144e-01
1.310725007756007754e+00 6.616258730829188694e-01
1.311977402479516552e+00 6.346740941238144806e-01
1.313232192812567201e+00 6.049580376829487571e-01
1.314489385635306373e+00 5.713882616518491941e-01
1.315748987854250762e+00 5.340149630737307529e-01
1.317011006402416973e+00 4.946547214826905181e-01
1.318275448239444980e+00 4.549770337786334662e-01
1.319542320351728470e+00 4.168712763820129341e-01
1.320811629752543181e+00 3.820254040749569424e-01
1.322083383482175245e+00 3.498467130370662703e-01
1.323357588608052415e+00 3.185905928225225003e-01
1.324634252224874853e+00 2.871671144887975591e-01
1.325913381454747464e+00 2.546444106213208713e-01
1.327194983447309351e+00 2.213287968480430468e-01
1.328479065379870816e+00 1.896281669005167314e-01
1.329765634457545476e+00 1.618009513730359894e-01
1.331054697913385043e+00 1.390746375630831921e-01
1.332346263008514553e+00 1.220149576558624827e-01
1.333640337032270695e+00 1.096885443307093477e-01
1.334936927302335707e+00 1.002594294500256528e-01
1.336236041164878596e+00 9.234846062418361479e-02
1.337537685994691028e+00 8.472638391349046616e-02
1.338841869195329437e+00 7.651475229238526021e-02
1.340148598199253360e+00 6.803835494519380744e-02
1.341457880467967545e+00 5.998437544696800378e-02
1.342769723492164280e+00 5.274585689253147996e-02
1.344084134791865504e+00 4.678322695255772434e-02
1.345401121916566689e+00 4.199537023841792838e-02
1.346720692445381617e+00 3.760068599550853152e-02
1.348042853987187817e+00 3.307151897378780847e-02
1.349367614180772668e+00 2.807012329878770529e-02
1.350694980694980618e+00 2.247676556419326427e-02
1.352024961228860400e+00 1.689287850461546406e-02
1.353357563511815131e+00 1.206948171738527441e-02
1.354692795303751529e+00 8.375883264790776744e-03
1.356030664395230012e+00 5.938101687170998372e-03
1.357371178607617024e+00 4.588858553668266095e-03
1.358714345793236467e+00 3.948051687994221653e-03
1.360060173835524910e+00 3.772482528419408669e-03
1.361408670649183250e+00 3.957201017495224488e-03
1.362759844180333912e+00 4.239662160716067135e-03
1.364113702406676065e+00 4.338159609928651274e-03
1.365470253337642603e+00 4.103825010520452746e-03
1.366829505014558244e+00 3.468721427124436211e-03
1.368191465510798732e+00 2.659746060897242269e-03
1.369556142931950271e+00 2.058276280984277454e-03
1.370923545415969835e+00 1.846063392329334819e-03
1.372293681133348153e+00 1.962742310395722105e-03
1.373666558287272244e+00 2.215810752509723286e-03
1.375042185113787063e+00 2.385593891415352212e-03
1.376420569881963818e+00 2.309195154678783234e-03
1.377801720894062054e+00 2.055556855938788646e-03
1.379185646485699079e+00 1.786885075322878352e-03
1.380572355026016051e+00 1.574576523874795381e-03
1.381961854917847177e+00 1.524924874094564292e-03
1.383354154597889130e+00 1.678724013292802551e-03
1.384749262536873138e+00 1.958210735860595273e-03
1.386147187239734180e+00 2.338391944560491882e-03
1.387547937245787288e+00 2.719136013236874306e-03
1.388951521128897637e+00 2.917271485498996834e-03
1.390357947497658175e+00 2.908499304209408252e-03
1.391767224995565488e+00 2.702539212553632143e-03
1.393179362301194768e+00 2.364270823977669429e-03
1.394594368128380113e+00 2.141081274007762634e-03
1.396012251226393497e+00 2.237358359566799133e-03
1.397433020380123736e+00 2.737037210899477893e-03
1.398856684410259010e+00 3.709046364488205808e-03
1.400283252173469606e+00 5.152176810184911845e-03
1.401712732562590880e+00 6.841863071891481594e-03
1.403145134506808445e+00 8.596186193402988521e-03
1.404580466971843578e+00 1.023758880255773093e-02
1.406018738960141290e+00 1.138581510228369072e-02
1.407459959511057512e+00 1.200342069700524421e-02
1.408904137701048942e+00 1.228549796043574074e-02
1.410351282643864002e+00 1.247219943045686438e-02
1.411801403490733353e+00 1.323340065283730438e-02
1.413254509430563743e+00 1.525991394909114070e-02
1.414710609690132292e+00 1.878126301287331990e-02
1.416169713534280339e+00 2.381480016494866639e-02
1.417631830266112614e+00 3.010589115592250675e-02
1.419096969227191751e+00 3.674195522775142164e-02
1.420565139797739462e+00 4.300745270980786683e-02
1.422036351396835929e+00 4.874077176023177554e-02
1.423510613482621867e+00 5.368504369250613056e-02
1.424987935552499696e+00 5.832103408620570306e-02
1.426468327143339598e+00 6.373785646684476669e-02
1.427951797831682468e+00 7.037405097360875661e-02
1.429438357233948631e+00 7.866406323012591073e-02
1.430928015006643461e+00 8.896927488101499804e-02
1.432420780846568986e+00 1.003533886920238288e-01
1.433916664491031723e+00 1.118115816042382499e-01
1.435415675718056505e+00 1.229701168438618875e-01
1.436917824346597428e+00 1.329840914771689975e-01
1.438423120236754560e+00 1.420626675929685112e-01
1.439931573289987776e+00 1.519370575601051432e-01
1.441443193449334581e+00 1.637531228507745906e-01
1.442957990699629489e+00 1.786637624461813179e-01
1.444475975067722073e+00 1.978107279215550462e-01
1.445997156622699675e+00 2.197975686834242881e-01
1.447521545476108784e+00 2.417503055283337088e-01
1.449049151782180855e+00 2.612143543598521300e-01
1.450579985738055688e+00 2.746802625449468183e-01
1.452114057584009910e+00 2.796447837536109038e-01
1.453651377603684125e+00 2.772082612762877818e-01
1.455191956124314512e+00 2.694799459214805015e-01
1.456735803516961525e+00 2.596985967347150703e-01
1.458282930196745042e+00 2.526455792128965427e-01
1.459833346623076178e+00 2.504505386266757672e-01
1.461387063299896427e+00 2.520008029625535606e-01
1.462944090775910144e+00 2.556016715495014191e-01
1.464504439644828349e+00 2.579944618377141841e-01
1.466068120545604980e+00 2.552715099338782045e-01
1.467635144162680705e+00 2.468522084248934434e-01
1.469205521226225830e+00 2.337079753396915649e-01
1.470779262512385221e+00 2.171618697102621620e-01
1.472356378843524549e+00 2.009872903091501906e-01
1.473936881088478978e+00 1.882297080899267838e-01
1.475520780162802525e+00 1.794526504960607116e-01
1.477108087029018524e+00 1.751326144472146185e-01
1.478698812696874088e+00 1.741560470540849670e-01
1.480292968223593464e+00 1.731660997934082735e-01
1.481890564714135383e+00 1.702693971040171173e-01
1.483491613321448854e+00 1.645227927035028681e-01
1.485096125246735177e+00 1.548414347285480552e-01
1.486704111739707068e+00 1.429359153216900880e-01
1.488315584098853783e+00 1.313297214453224004e-01
1.489930553671703350e+00 1.210839666532220610e-01
1.491549031855090579e+00 1.138712077188608202e-01
1.493171030095424401e+00 1.103402268735962227e-01
1.494796559888958321e+00 1.085916285722644814e-01
1.496425632782061310e+00 1.071233007474608340e-01
1.498058260371491590e+00 1.045885916535131410e-01
1.499694454304671742e+00 9.866471460030615259e-02
1.501334226279966044e+00 8.929968400151919172e-02
1.502977588046958024e+00 7.771880194076535853e-02
1.504624551406733790e+00 6.459188718958810971e-02
1.506275128212160253e+00 5.222787059870551835e-02
1.507929330368173781e+00 4.260383604059569257e-02
1.509587169832064202e+00 3.597025286167492703e-02
1.511248658613763229e+00 3.262708721003457213e-02
1.512913808776134017e+00 3.212343771765141520e-02
1.514582632435264253e+00 3.267812343852826568e-02
1.516255141760759706e+00 3.328229683492501395e-02
1.517931348976038430e+00 3.345589429791986230e-02
1.519611266358630974e+00 3.211027969176193791e-02
1.521294906240478584e+00 2.966853095848134489e-02
1.522982281008235628e+00 2.668501369913006335e-02
1.524673403103572689e+00 2.299656941348991041e-02
1.526368285023483207e+00 1.968143751851839790e-02
1.528066939320591011e+00 1.719568335877149148e-02
1.529769378603459407e+00 1.561122732351970938e-02
1.531475615536904256e+00 1.584155468282130719e-02
1.533185662842307950e+00 1.804721912061515998e-02
1.534899533297934493e+00 2.175374324446718854e-02
1.536617239739249685e+00 2.710434138803505602e-02
1.538338795059238651e+00 3.327189738180996031e-02
1.540064212208731576e+00 3.867852709685018486e-02
1.541793504196726783e+00 4.328564724259775787e-02
1.543526684090717138e+00 4.618515679656792772e-02
1.545263765017021562e+00 4.685521637652897281e-02
1.547004760161113213e+00 4.722571847143242768e-02
1.548749682767955216e+00 4.821024446258256879e-02
1.550498546142336620e+00 5.069332589127858307e-02
1.552251363649210125e+00 5.662000659571408967e-02
1.554008148714031146e+00 6.538266006199069946e-02
1.555768914823102866e+00 7.499174666119029498e-02
1.557533675523920413e+00 8.540830457085035743e-02
1.559302444425517464e+00 9.455377779564509699e-02
1.561075235198817523e+00 1.001397798603743672e-01
1.562852061576985419e+00 1.034119247125412089e-01
1.564632937355781239e+00 1.032154778966001829e-01
1.566417876393919384e+00 9.980460057210069347e-02
1.568206892613425385e+00 9.756231476650108203e-02
1.570000000000000062e+00 9.783637991742663576e-02
