5.600000000000000514e-08
5.880000000000000374e-08
5.880000000000001036e-08
5.600000000000000514e-08
5.320000000000000654e-08
5.600000000000000514e-08
5.709715200000002034e-08
5.731096985600001806e-08
5.760708271718401466e-08
5.791595684377395471e-08
5.442859101531657504e-08
5.353154982951433160e-08
6.037245727377922963e-08
6.186713834319970283e-08
5.965152701916042971e-08
6.033948966558844027e-08
5.724797907314128913e-08
5.863737341498157181e-08
5.822308031176488605e-08
5.802370823945758089e-08
5.735653128323701267e-08
5.843790720512932094e-08
5.814740467393690816e-08
5.806522473587710748e-08
6.492343845407307378e-08
5.542740665456031491e-08
5.840834430205146570e-08
5.844264946440344872e-08
5.842351270506433993e-08
5.844349579371023626e-08
6.008143651520548777e-08
5.775133277952180621e-08
5.393292153061399125e-08
5.238250805514101962e-08
5.533758676169494955e-08
5.759371089936789000e-08
5.309317407946388002e-08
5.846812707889503955e-08
5.515849372865651778e-08
5.732098588930382812e-08
5.390860266699987490e-08
5.368468094158688231e-08
5.667785738220485412e-08
5.190547501372354488e-08
5.729258331550504076e-08
5.770891699649023376e-08
5.704622511425660745e-08
5.379584345308251634e-08
5.359959600194938722e-08
5.299344580373344656e-08
5.158179128694440944e-08
5.047942935700258214e-08
4.922487232335919310e-08
5.054560041525995346e-08
5.321900195838362581e-08
4.845364438906903066e-08
4.714395706288125573e-08
4.958594829654395322e-08
4.681089457783407180e-08
4.547448242488879493e-08
4.428592876006711554e-08
4.260166634859532351e-08
4.539090350149421239e-08
4.217860223906181006e-08
4.012805215239223576e-08
4.789577929803166583e-08
4.106625136759645284e-08
3.965426606845227711e-08
3.892009185008479339e-08
4.627877687708370596e-08
4.611228736185293671e-08
4.319227393208220026e-08
4.113309616859581278e-08
4.013390284019935256e-08
4.023802451843160461e-08
3.734893895526201883e-08
4.452707681171603758e-08
4.483075637904209671e-08
4.102121989245321716e-08
4.095435516354544040e-08
4.309119168478578123e-08
4.137973016021795346e-08
3.842046124590022311e-08
4.343167927478495421e-08
4.058496935252982779e-08
4.018419845802564935e-08
4.175358734460274363e-08
4.118826201605279183e-08
3.856527617373336298e-08
4.256321298160777186e-08
4.102278283538274307e-08
4.131859514855162669e-08
4.159705392063078527e-08
4.172487118397954644e-08
3.961673405732817378e-08
4.204430927933818319e-08
4.132187588115261316e-08
4.121165727027197283e-08
4.114173435984969874e-08
4.110343931376540070e-08
4.122674976645155166e-08
4.133723530049792839e-08
4.137534132735733400e-08
4.015810336948086479e-08
4.203050781571588196e-08
4.077451930223316279e-08
3.986063249460266540e-08
4.164571838197227094e-08
4.080584759744236347e-08
4.075464031578365774e-08
4.067343439523526347e-08
4.107676743258846748e-08
4.112991026303470916e-08
4.123049901711493881e-08
4.115095403392803796e-08
4.225304825016785569e-08
4.188443692667840945e-08
4.084716764737157711e-08
4.020859797149758997e-08
4.049971587551708088e-08
4.067327235233650029e-08
4.016700668105189160e-08
3.992479699078524766e-08
4.066619342195518044e-08
4.067246527203157387e-08
4.043341446120261233e-08
4.089558905820952927e-08
4.063670577444932133e-08
4.071181334437260436e-08
4.057235905302486425e-08
4.010753221833000869e-08
4.075950780834590262e-08
4.042053557666760989e-08
4.045880078967924885e-08
4.027640209213758898e-08
4.060031572281348510e-08
4.075055859765626016e-08
4.048935368988980287e-08
4.065232481258949367e-08
4.034039994366104383e-08
4.041267108835867565e-08
4.034405467638236864e-08
4.059851373383947970e-08
4.053401176326223355e-08
4.047260895601398166e-08
4.036376210260160405e-08
4.062265737501380440e-08
4.066460450347100387e-08
4.068604201352201212e-08
4.051009349305988697e-08
4.069400912252358038e-08
4.065631744502819421e-08
4.055176723129931992e-08
4.041563007990052915e-08
4.050268185137271031e-08
4.045844612566903135e-08
4.049312893935999358e-08
4.060799976065966593e-08
4.058968464571367685e-08
4.056596212518074459e-08
4.045709248042850397e-08
4.051901811202248906e-08
4.067975603288368442e-08
4.052671746619591147e-08
4.055600860982765552e-08
4.056429428632921048e-08
4.070744526419862368e-08
4.050104982129811984e-08
4.041369623460297628e-08
4.052141758660182156e-08
4.052585221370998025e-08
4.057597001062620290e-08
4.053973539454341647e-08
4.052538611442303176e-08
4.045549754093774958e-08
4.054593140242535232e-08
4.054167030333570752e-08
4.054245583493005358e-08
4.056873123425663076e-08
4.060606621309342640e-08
4.047238122895991994e-08
4.052827826835061894e-08
4.054470865700398709e-08
4.054130625633356119e-08
4.054413874211203480e-08
4.055299722862471579e-08
4.054384191464656601e-08
4.057619950236646570e-08
4.049912194845468025e-08
4.055699081208204571e-08
4.063530517220703342e-08
4.062714276234584810e-08
4.055843568977658351e-08
4.062023300180899165e-08
4.064147242561997209e-08
4.057178832425539522e-08
4.053771132394781614e-08
4.051815589632999912e-08
4.058765176895179297e-08
4.057457301224586359e-08
4.056850871553560804e-08
4.059240746855480146e-08
4.055429608245294864e-08
4.060372733600836808e-08
4.056498195988082757e-08
4.052347548482355451e-08
4.053751212189731749e-08
4.055118113096090059e-08
4.058415063770370594e-08
4.054567192100746682e-08
4.055098250112160363e-08
4.058147606914369396e-08
4.056235362039711228e-08
4.054849078656933091e-08
4.053755539635912415e-08
4.051335774797123128e-08
4.053228719344959062e-08
4.053512643367878364e-08
4.057612837021680625e-08
4.052434575636239829e-08
4.053758877988971403e-08
4.054833042284156654e-08
4.055742796629742715e-08
4.053564430754406974e-08
4.051822782345851369e-08
4.054134759353003527e-08
4.056996103472925358e-08
4.052728122274506455e-08
4.054062032680192430e-08
4.054620798370232314e-08
4.055348643312646804e-08
4.053605828414122401e-08
4.052212411413703813e-08
4.051959579860532226e-08
4.054995634751599411e-08
