1.763903330163786110e-03
4.365939666570414421e-03
1.404642669696864804e-03
2.991414541549839226e-03
2.835556037479026320e-03
1.375590793690856847e-03
5.543001793733499591e-03
9.015755269858639204e-03
1.472196836895633097e-02
3.423084258721474649e-02
5.692911242930250720e-02
9.719604106196538806e-02
1.053887913369859347e-01
1.227947646400429776e-01
1.316189540951111514e-01
8.423142864683992592e-02
1.229510081585897113e-01
6.600658571841457045e-02
3.622240600118526582e-02
9.162612974184979053e-02
1.347790940144169211e-02
1.052393883964972826e-01
7.695173739379192190e-02
1.248562228374490851e-01
4.568381784208844221e-02
1.298312592015809508e-01
6.826645263055150514e-02
1.228643417248727471e-01
1.017610347370347251e-01
1.355445808753605319e-01
1.046156096432261928e-01
1.321183312370784735e-01
1.462414766455239212e-01
1.491358237834307099e-01
1.204781804628489578e-01
1.373976479374602322e-01
1.195331084960102042e-01
1.391030739719465725e-01
1.447485745177836958e-01
1.359902900684096250e-01
1.367572534778134508e-01
1.069143733309448063e-01
1.456062434642855508e-01
1.279878552668397840e-01
1.450690067798046379e-01
1.427888493513800039e-01
1.470852927132222654e-01
1.490086124844641202e-01
1.489337401019023566e-01
1.468801102583017493e-01
1.564964939150838008e-01
1.600479514506482071e-01
1.570157995756905900e-01
1.143854297663627340e-01
1.541076079999705584e-01
1.683727939315802780e-01
1.684708630432151244e-01
1.642991776241638779e-01
1.856345994086984197e-01
1.897084457605953955e-01
1.940163063879591643e-01
1.997403058165592715e-01
1.882928302203040194e-01
1.864584595942202216e-01
1.678690123996715855e-01
1.755177146537217070e-01
2.071015046778470481e-01
2.072520790288269743e-01
1.762730654579465761e-01
1.862559434703409122e-01
1.844849238503120381e-01
1.956970043634181644e-01
2.085756147588781195e-01
2.060006710276952036e-01
1.924297118706553844e-01
1.899994477513778091e-01
1.956080103687187211e-01
1.932299159617788253e-01
1.984574002234961720e-01
2.066776247465147709e-01
1.989957976380936355e-01
2.040293670557533634e-01
1.966822098881096936e-01
2.023811099204277375e-01
2.104691344579269763e-01
2.125227571706360952e-01
1.974519422164086324e-01
2.096548512189630731e-01
2.012286582710591798e-01
2.064868218829973012e-01
2.061775043953407438e-01
2.074179280733380593e-01
2.094828259159922379e-01
2.082563945677373685e-01
2.098789285456389986e-01
2.087744280891695448e-01
2.062799301649312078e-01
2.104043477976891008e-01
2.135000256746440450e-01
2.128129816737406310e-01
2.108976732779168084e-01
2.141429899994258534e-01
2.160206763519648687e-01
2.144946935188029591e-01
2.095367401245843419e-01
2.151907158195894565e-01
2.118017815215404165e-01
2.128897335170388816e-01
2.156363035655489979e-01
2.154582989101650747e-01
2.126371000995183891e-01
2.137175294143334459e-01
2.118837479100557919e-01
2.115748594950398465e-01
2.135613807481859250e-01
2.121411684093444661e-01
2.130425277715862209e-01
2.151263557321231590e-01
2.154786894255119878e-01
2.155290628838363032e-01
2.161337417471916600e-01
2.145356957964628941e-01
2.101515974618168026e-01
2.121884027309801912e-01
2.153000662540906496e-01
2.151102643403781933e-01
2.128627078881619450e-01
2.147582082232060152e-01
2.161968378782078704e-01
2.167960272215085638e-01
2.112899638080727449e-01
2.142130538521942462e-01
2.137790124572427064e-01
2.146504405527245030e-01
2.143836159642388550e-01
2.166780447265563014e-01
2.143391044498253462e-01
2.158167254955941083e-01
2.155774931566298014e-01
2.160466035558132325e-01
2.156835203814155555e-01
2.148748065019468190e-01
2.148840025694095379e-01
2.154735486097033026e-01
2.150800018159906846e-01
2.140289981679859010e-01
2.163593792676085092e-01
2.158311818214933564e-01
2.146654011557567743e-01
2.148446732275257065e-01
2.159392799162838383e-01
2.146142654498612301e-01
2.161545837530164660e-01
2.147591878280396549e-01
2.153391959520827015e-01
2.147609098417235518e-01
2.159935167578636017e-01
2.154705525182201431e-01
2.143792359174230833e-01
2.153728163834015275e-01
2.154535451063424589e-01
2.159844802721899160e-01
2.156451069969922418e-01
2.157418847855154809e-01
2.150351971577579291e-01
2.161818917496729497e-01
2.157776886360698587e-01
2.158361372440543990e-01
2.157999211226820924e-01
2.149096380748349022e-01
2.154566127009628906e-01
2.164044235913490100e-01
2.164996229479214107e-01
2.155280088180190901e-01
2.166511305218203898e-01
2.153483450748355510e-01
2.154765338820658627e-01
2.154120791887908781e-01
2.157333101813315723e-01
2.165442091829207216e-01
2.166695621898800106e-01
2.158483090884683320e-01
2.155634164305857692e-01
2.149723137550630103e-01
2.154281337985829714e-01
2.159040686269686204e-01
2.156317269848209150e-01
2.166034557905442692e-01
2.160950529838738254e-01
2.159553374155879502e-01
2.162089111934693553e-01
2.154587961722942702e-01
2.165290256651926926e-01
2.162576705920909725e-01
2.155532927244581398e-01
2.162306452535995849e-01
2.171961059725781851e-01
2.164358961868241560e-01
2.160841609202047986e-01
2.164851321961785424e-01
2.165520329677971811e-01
2.166030990440027115e-01
2.166432868988264204e-01
2.160661959986650837e-01
2.157021817725628954e-01
2.156650749335250750e-01
2.160998099768138281e-01
2.165461320744772045e-01
2.156526345288447555e-01
2.160828575105009919e-01
2.163209662578229608e-01
2.166353132697546591e-01
2.161415748510347457e-01
2.156545375265565834e-01
2.165439211161024058e-01
2.161376089282740498e-01
2.161359119795061567e-01
2.161394317235249829e-01
2.157994935779123102e-01
2.161247795730845134e-01
2.164076738547512924e-01
2.167435634135728706e-01
2.166385324312636307e-01
2.161127335579308695e-01
2.160418287911685387e-01
2.168953579794828390e-01
2.161234746926203321e-01
2.157767807508502167e-01
2.169050219386912115e-01
2.162674788343669774e-01
2.165546929997120007e-01
2.161989248319349521e-01
2.155414215231971908e-01
2.170529478337443197e-01
2.164765007440492273e-01
