1.169999999999999929e+00 1.133480191298317325e-03
1.170997803978423457e+00 1.267013462270750318e-03
1.171997311311695711e+00 1.418815614851753849e-03
1.172998526365247818e+00 1.379324923422050762e-03
1.174001453519440741e+00 1.154088450148296838e-03
1.175006097169629449e+00 1.055016163354942620e-03
1.176012461726227531e+00 1.165928429666901337e-03
1.177020551614769817e+00 1.266983226182788165e-03
1.178030371275979649e+00 1.299630739092682208e-03
1.179041925165833060e+00 1.363029207654417509e-03
1.180055217755623609e+00 1.431627219238129373e-03
1.181070253532030101e+00 1.446590546800683927e-03
1.182087036997180318e+00 1.427255225832380027e-03
1.183105572668720296e+00 1.386907453869101530e-03
1.184125865079878492e+00 1.362109538870356993e-03
1.185147918779535292e+00 1.417794298936054945e-03
1.186171738332289394e+00 1.504102864046727613e-03
1.187197328318526646e+00 1.495246774378725845e-03
1.188224693334487103e+00 1.390038553021762406e-03
1.189253837992334750e+00 1.318512736766170841e-03
1.190284766920226112e+00 1.359945101986528805e-03
1.191317484762379975e+00 1.443810753227734757e-03
1.192351996179146001e+00 1.468577187131363997e-03
1.193388305847076225e+00 1.459174494756536669e-03
1.194426418458995665e+00 1.486875052612790559e-03
1.195466338724070932e+00 1.516934632870122791e-03
1.196508071367884396e+00 1.505299584277853837e-03
1.197551621132503241e+00 1.491586380608667019e-03
1.198596992776553183e+00 1.442676500622652866e-03
1.199644191075289745e+00 1.263673851524848993e-03
1.200693220820671980e+00 1.058217809808544409e-03
1.201744086821433966e+00 1.022885013381314356e-03
1.202796793903159855e+00 1.089342445135474142e-03
1.203851346908357600e+00 1.080607890591942996e-03
1.204907750696531332e+00 1.065240110022677234e-03
1.205966010144259304e+00 1.144331789895659248e-03
1.207026130145265164e+00 1.198956492558864726e-03
1.208088115610496560e+00 1.165245930020279838e-03
1.209151971468198861e+00 1.150591928212278811e-03
1.210217702663993089e+00 1.181026657885886778e-03
1.211285314160950977e+00 1.237531704492108361e-03
1.212354810939672678e+00 1.351993802018366985e-03
1.213426197998365152e+00 1.391959572771817293e-03
1.214499480352917660e+00 1.182264078865744592e-03
1.215574663036982583e+00 8.999303145233466692e-04
1.216651751102053369e+00 8.272688005761890361e-04
1.217730749617542019e+00 8.866973616315284180e-04
1.218811663670860801e+00 8.787189563398284126e-04
1.219894498367501079e+00 8.457734762379755635e-04
1.220979258831113690e+00 8.727974490922830271e-04
1.222065950203591100e+00 8.902231802112118295e-04
1.223154577645146013e+00 8.538835520295696762e-04
1.224245146334395962e+00 8.162794885999744400e-04
1.225337661468442363e+00 7.884767340846385395e-04
1.226432128262956889e+00 7.767148677732194561e-04
1.227528551952260516e+00 8.482836480210945987e-04
1.228626937789410123e+00 9.554270962877850493e-04
1.229727291046279758e+00 9.260161991270872070e-04
1.230829617013647681e+00 7.730863780412989801e-04
1.231933921001278520e+00 6.911458492210513331e-04
1.233040208338010535e+00 7.125270474423594114e-04
1.234148484371839993e+00 7.166975843671169509e-04
1.235258754470008657e+00 6.903671281045550660e-04
1.236371024019089049e+00 6.890971361476919219e-04
1.237485298425072822e+00 7.002601069356408645e-04
1.238601583113456250e+00 7.008355826693979948e-04
1.239719883529332156e+00 6.931960025023478113e-04
1.240840205137473840e+00 6.598606311059312555e-04
1.241962553422427229e+00 6.032974767698169117e-04
1.243086933888599699e+00 5.882196778562654360e-04
1.244213352060349331e+00 6.497256463319677411e-04
1.245341813482075954e+00 7.097869570588106851e-04
1.246472323718312403e+00 6.918832243803879839e-04
1.247604888353815111e+00 6.543702807753617665e-04
1.248739512993656486e+00 6.696279403878947290e-04
1.249876203263318386e+00 6.909985272674845158e-04
1.251014964808782937e+00 6.813763664144519786e-04
1.252155803296628012e+00 6.890022119318189647e-04
1.253298724414120269e+00 7.236155682596473893e-04
1.254443733869309963e+00 7.555900386665941179e-04
1.255590837391125314e+00 7.903742391691317027e-04
1.256740040729469321e+00 8.095745922578955834e-04
1.257891349655314572e+00 7.730864263582393810e-04
1.259044769960800503e+00 7.118162164862608735e-04
1.260200307459330427e+00 6.857318928885049658e-04
1.261357967985669459e+00 6.926468998052900602e-04
1.262517757396041773e+00 6.899462415457590725e-04
1.263679681568230295e+00 6.637478524196606952e-04
1.264843746401676405e+00 6.472483675999567750e-04
1.266009957817578080e+00 6.591936058528406360e-04
1.267178321758992254e+00 6.731824105938640640e-04
1.268348844190933411e+00 6.843562971181782646e-04
1.269521531100478384e+00 7.040992800175280677e-04
1.270696388496864948e+00 7.209867617276717816e-04
1.271873422411597065e+00 7.765827030147200594e-04
1.273052638898546585e+00 9.040103188550309334e-04
1.274234044034058044e+00 9.698694028777067209e-04
1.275417643917051702e+00 8.653699087367500761e-04
1.276603444669130338e+00 7.197907807949776009e-04
1.277791452434683617e+00 6.597040886776819489e-04
1.278981673380993334e+00 6.398484140138222930e-04
1.280174113698342886e+00 6.326021475365686949e-04
1.281368779600121410e+00 6.591934014169174762e-04
1.282565677322933917e+00 6.846026954748450069e-04
1.283764813126709203e+00 6.967233022986843525e-04
1.284966193294808434e+00 7.181421998302356478e-04
1.286169824134135498e+00 7.223151964532889243e-04
1.287375711975248027e+00 7.298059380274865603e-04
1.288583863172465760e+00 8.192364319534883735e-04
1.289794284103985111e+00 9.259203120999685887e-04
1.291006981171990420e+00 9.031429797482830530e-04
1.292221960802766745e+00 7.828183015596840285e-04
1.293439229446812444e+00 7.041493682603673469e-04
1.294658793578954858e+00 6.921126102287072359e-04
1.295880659698463999e+00 6.990105089055824060e-04
1.297104834329168899e+00 7.098273637772343613e-04
1.298331324019572852e+00 7.201222075102241878e-04
1.299560135342971323e+00 7.271745243022665608e-04
1.300791274897567629e+00 7.359255699465908030e-04
1.302024749306592843e+00 7.452801863931239916e-04
1.303260565218422817e+00 7.737320900000550002e-04
1.304498729306700078e+00 8.409379293390046662e-04
1.305739248270451514e+00 9.051630506369500980e-04
1.306982128834209833e+00 9.179183498329526346e-04
1.308227377748136133e+00 9.095077570662525070e-04
1.309475001788141135e+00 9.408638196786753109e-04
1.310725007756007754e+00 1.034594161311439692e-03
1.311977402479516552e+00 1.194604862915898177e-03
1.313232192812567201e+00 1.440862729406923318e-03
1.314489385635306373e+00 1.806844509924975233e-03
1.315748987854250762e+00 2.327973934513212148e-03
1.317011006402416973e+00 3.036297223227252956e-03
1.318275448239444980e+00 3.918365598742402922e-03
1.319542320351728470e+00 4.885837222591969675e-03
1.320811629752543181e+00 5.893714150047926759e-03
1.322083383482175245e+00 7.056563755898355265e-03
1.323357588608052415e+00 8.569374465377203182e-03
1.324634252224874853e+00 1.064300521974110257e-02
1.325913381454747464e+00 1.349288596390093437e-02
1.327194983447309351e+00 1.719608211786118404e-02
1.328479065379870816e+00 2.169487992838102855e-02
1.329765634457545476e+00 2.698267920483451293e-02
1.331054697913385043e+00 3.301535147477482196e-02
1.332346263008514553e+00 3.961532415239027438e-02
1.333640337032270695e+00 4.669328604084324597e-02
1.334936927302335707e+00 5.426279626139917517e-02
1.336236041164878596e+00 6.227850802681767634e-02
1.337537685994691028e+00 7.073353608398751102e-02
1.338841869195329437e+00 7.969265869958230830e-02
1.340148598199253360e+00 8.929979493665200774e-02
1.341457880467967545e+00 9.996658732981263118e-02
1.342769723492164280e+00 1.121183327353062059e-01
1.344084134791865504e+00 1.258018224093409854e-01
1.345401121916566689e+00 1.409123500338680113e-01
1.346720692445381617e+00 1.572048815984214143e-01
1.348042853987187817e+00 1.739705165400108056e-01
1.349367614180772668e+00 1.905236860765768814e-01
1.350694980694980618e+00 2.066313686819497564e-01
1.352024961228860400e+00 2.220274788661049381e-01
1.353357563511815131e+00 2.363847699270096303e-01
1.354692795303751529e+00 2.496879846839551997e-01
1.356030664395230012e+00 2.619186770605091974e-01
1.357371178607617024e+00 2.729782143846475884e-01
1.358714345793236467e+00 2.830534459335424802e-01
1.360060173835524910e+00 2.923237224216545527e-01
1.361408670649183250e+00 3.006198496498398431e-01
1.362759844180333912e+00 3.075740133684819466e-01
1.364113702406676065e+00 3.126816971714814208e-01
1.365470253337642603e+00 3.155698918601451131e-01
1.366829505014558244e+00 3.161892946707494656e-01
1.368191465510798732e+00 3.144001773724415805e-01
1.369556142931950271e+00 3.102161154991423531e-01
1.370923545415969835e+00 3.043188831262432226e-01
1.372293681133348153e+00 2.971808019695802439e-01
1.373666558287272244e+00 2.886714403923310579e-01
1.375042185113787063e+00 2.791418170968316126e-01
1.376420569881963818e+00 2.691528830864579613e-01
1.377801720894062054e+00 2.584508257426438305e-01
1.379185646485699079e+00 2.468264331719477733e-01
1.380572355026016051e+00 2.347461737033634810e-01
1.381961854917847177e+00 2.224059451051273728e-01
1.383354154597889130e+00 2.097329639111960298e-01
1.384749262536873138e+00 1.969875173624863751e-01
1.386147187239734180e+00 1.842937601258443359e-01
1.387547937245787288e+00 1.715741260146377012e-01
1.388951521128897637e+00 1.590559836218900791e-01
1.390357947497658175e+00 1.468917820869541369e-01
1.391767224995565488e+00 1.349918119420949747e-01
1.393179362301194768e+00 1.235964887335587736e-01
1.394594368128380113e+00 1.130252480268691129e-01
1.396012251226393497e+00 1.031536907222480870e-01
1.397433020380123736e+00 9.384456509674836411e-02
1.398856684410259010e+00 8.524222443100616664e-02
1.400283252173469606e+00 7.741092272116539830e-02
1.401712732562590880e+00 7.025781479426622400e-02
1.403145134506808445e+00 6.369824962384069977e-02
1.404580466971843578e+00 5.764316785065196069e-02
1.406018738960141290e+00 5.203303563165163209e-02
1.407459959511057512e+00 4.687590541118808601e-02
1.408904137701048942e+00 4.215035723647115457e-02
1.410351282643864002e+00 3.778671234346823310e-02
1.411801403490733353e+00 3.375288429284893643e-02
1.413254509430563743e+00 3.008855519992765376e-02
1.414710609690132292e+00 2.685406926875378783e-02
1.416169713534280339e+00 2.405337944011868775e-02
1.417631830266112614e+00 2.164816346749704259e-02
1.419096969227191751e+00 1.961290398506426724e-02
1.420565139797739462e+00 1.788987870641357142e-02
1.422036351396835929e+00 1.638073362629434773e-02
1.423510613482621867e+00 1.504055387217713077e-02
1.424987935552499696e+00 1.386153727166320425e-02
1.426468327143339598e+00 1.279229602921679726e-02
1.427951797831682468e+00 1.177664640778780004e-02
1.429438357233948631e+00 1.079527797328086111e-02
1.430928015006643461e+00 9.843659042093173828e-03
1.432420780846568986e+00 8.945747365132485432e-03
1.433916664491031723e+00 8.143274137159131967e-03
1.435415675718056505e+00 7.440842995216115710e-03
1.436917824346597428e+00 6.827734107144406428e-03
1.438423120236754560e+00 6.312802237471248565e-03
1.439931573289987776e+00 5.883278140781207470e-03
1.441443193449334581e+00 5.502332970786406527e-03
1.442957990699629489e+00 5.161071332911224344e-03
1.444475975067722073e+00 4.877569189153814141e-03
1.445997156622699675e+00 4.673717395978526853e-03
1.447521545476108784e+00 4.551951852174439782e-03
1.449049151782180855e+00 4.444638203853959642e-03
1.450579985738055688e+00 4.252583016617897047e-03
1.452114057584009910e+00 3.980520674008326126e-03
1.453651377603684125e+00 3.741260425256544113e-03
1.455191956124314512e+00 3.621540201539391862e-03
1.456735803516961525e+00 3.621628309888566630e-03
1.458282930196745042e+00 3.697451994951969374e-03
1.459833346623076178e+00 3.822615361383431120e-03
1.461387063299896427e+00 3.999849538145010090e-03
1.462944090775910144e+00 4.185642114396417521e-03
1.464504439644828349e+00 4.288986641773111057e-03
1.466068120545604980e+00 4.297029428644569445e-03
1.467635144162680705e+00 4.258195536437942887e-03
1.469205521226225830e+00 4.159157110460912250e-03
1.470779262512385221e+00 3.989092407198721428e-03
1.472356378843524549e+00 3.812077014809035595e-03
1.473936881088478978e+00 3.660143602641083120e-03
1.475520780162802525e+00 3.518651826210555944e-03
1.477108087029018524e+00 3.409980755883394894e-03
1.478698812696874088e+00 3.347280433795588213e-03
1.480292968223593464e+00 3.304037543524948259e-03
1.481890564714135383e+00 3.273941321361078204e-03
1.483491613321448854e+00 3.248577481635817488e-03
1.485096125246735177e+00 3.198524079759674024e-03
1.486704111739707068e+00 3.129920636156869381e-03
1.488315584098853783e+00 3.061151801558875934e-03
1.489930553671703350e+00 2.975417552830214064e-03
1.491549031855090579e+00 2.859947885071617395e-03
1.493171030095424401e+00 2.726165733583702910e-03
1.494796559888958321e+00 2.593104424556834289e-03
1.496425632782061310e+00 2.485462321469047910e-03
1.498058260371491590e+00 2.410718475679830223e-03
1.499694454304671742e+00 2.354345199075268732e-03
1.501334226279966044e+00 2.310215756750627885e-03
1.502977588046958024e+00 2.274253964567889055e-03
1.504624551406733790e+00 2.235449151872468190e-03
1.506275128212160253e+00 2.189895307973270446e-03
1.507929330368173781e+00 2.130179093407811707e-03
1.509587169832064202e+00 2.050070479678024922e-03
1.511248658613763229e+00 1.959679197859418281e-03
1.512913808776134017e+00 1.857125651070548437e-03
1.514582632435264253e+00 1.730998718655735701e-03
1.516255141760759706e+00 1.592331352939616116e-03
1.517931348976038430e+00 1.446537429359363944e-03
1.519611266358630974e+00 1.281316917343551173e-03
1.521294906240478584e+00 1.105422788769544473e-03
1.522982281008235628e+00 9.373443462558766212e-04
1.524673403103572689e+00 7.805167548666065930e-04
1.526368285023483207e+00 6.398882291409668582e-04
1.528066939320591011e+00 5.198463435944744018e-04
1.529769378603459407e+00 4.187869527620294665e-04
1.531475615536904256e+00 3.429131258694313343e-04
1.533185662842307950e+00 2.961928216975421202e-04
1.534899533297934493e+00 2.755516956019891136e-04
1.536617239739249685e+00 2.820852925289064330e-04
1.538338795059238651e+00 3.082090663498773505e-04
1.540064212208731576e+00 3.385372775842791044e-04
1.541793504196726783e+00 3.681820272700855965e-04
1.543526684090717138e+00 3.916794135636844122e-04
1.545263765017021562e+00 3.996386316369528765e-04
1.547004760161113213e+00 3.906747996870460005e-04
1.548749682767955216e+00 3.608813259638366140e-04
1.550498546142336620e+00 3.071392066839141797e-04
1.552251363649210125e+00 2.416554070196280603e-04
1.554008148714031146e+00 1.766632921603333330e-04
1.555768914823102866e+00 1.189299364119177869e-04
1.557533675523920413e+00 7.924249855425080505e-05
1.559302444425517464e+00 6.100938378289945380e-05
1.561075235198817523e+00 5.925037921925060269e-05
1.562852061576985419e+00 7.199134787842750339e-05
1.564632937355781239e+00 9.551141367888803431e-05
1.566417876393919384e+00 1.244364437923841207e-04
1.568206892613425385e+00 1.528250740329459127e-04
1.570000000000000062e+00 1.713002622664281825e-04
