1.169999999999999929e+00 2.004200318958088058e-03
1.170997803978423457e+00 2.135937157028888669e-03
1.171997311311695711e+00 2.264958619128252214e-03
1.172998526365247818e+00 2.390172295031065420e-03
1.174001453519440741e+00 2.510675916839005730e-03
1.175006097169629449e+00 2.625772396850486676e-03
1.176012461726227531e+00 2.734969610211334008e-03
1.177020551614769817e+00 2.837965310098712786e-03
1.178030371275979649e+00 2.934618859211033000e-03
1.179041925165833060e+00 3.024912622303508897e-03
1.180055217755623609e+00 3.108906793689626431e-03
1.181070253532030101e+00 3.186692047665374335e-03
1.182087036997180318e+00 3.258344634957981850e-03
1.183105572668720296e+00 3.323888368267353347e-03
1.184125865079878492e+00 3.383267343149458633e-03
1.185147918779535292e+00 3.436332264915283995e-03
1.186171738332289394e+00 3.482841976261398954e-03
1.187197328318526646e+00 3.522480317428528050e-03
1.188224693334487103e+00 3.554886939046883378e-03
1.189253837992334750e+00 3.579699274680592496e-03
1.190284766920226112e+00 3.596601705558560413e-03
1.191317484762379975e+00 3.605377130417742031e-03
1.192351996179146001e+00 3.605955769528040346e-03
1.193388305847076225e+00 3.598456121762037829e-03
1.194426418458995665e+00 3.583213550741082103e-03
1.195466338724070932e+00 3.560792953728939263e-03
1.196508071367884396e+00 3.531983284053296333e-03
1.197551621132503241e+00 3.497773247288482254e-03
1.198596992776553183e+00 3.459309148349032099e-03
1.199644191075289745e+00 3.417837495856401037e-03
1.200693220820671980e+00 3.374636434098677012e-03
1.201744086821433966e+00 3.330941239776418362e-03
1.202796793903159855e+00 3.287869874372530664e-03
1.203851346908357600e+00 3.246354833758776336e-03
1.204907750696531332e+00 3.207087233485527746e-03
1.205966010144259304e+00 3.170478208320155408e-03
1.207026130145265164e+00 3.136641340470408719e-03
1.208088115610496560e+00 3.105398070221403010e-03
1.209151971468198861e+00 3.076306041107026643e-03
1.210217702663993089e+00 3.048708278391782951e-03
1.211285314160950977e+00 3.021799196245538409e-03
1.212354810939672678e+00 2.994701866625930527e-03
1.213426197998365152e+00 2.966549919306205561e-03
1.214499480352917660e+00 2.936566984324842384e-03
1.215574663036982583e+00 2.904136779891003644e-03
1.216651751102053369e+00 2.868857770461681698e-03
1.217730749617542019e+00 2.830577691858186546e-03
1.218811663670860801e+00 2.789405035132357970e-03
1.219894498367501079e+00 2.745696636741982652e-03
1.220979258831113690e+00 2.700022659283542095e-03
1.222065950203591100e+00 2.653112280436452711e-03
1.223154577645146013e+00 2.605785162950969777e-03
1.224245146334395962e+00 2.558875101151695912e-03
1.225337661468442363e+00 2.513153006514533879e-03
1.226432128262956889e+00 2.469256524629482186e-03
1.227528551952260516e+00 2.427633036914979975e-03
1.228626937789410123e+00 2.388501618883641289e-03
1.229727291046279758e+00 2.351837789520449303e-03
1.230829617013647681e+00 2.317382738731560508e-03
1.231933921001278520e+00 2.284676356047992112e-03
1.233040208338010535e+00 2.253111029983310889e-03
1.234148484371839993e+00 2.222001078903573269e-03
1.235258754470008657e+00 2.190661029357186818e-03
1.236371024019089049e+00 2.158484952590732867e-03
1.237485298425072822e+00 2.125018817413738478e-03
1.238601583113456250e+00 2.090018354448866002e-03
1.239719883529332156e+00 2.053486210058639520e-03
1.240840205137473840e+00 2.015684080805738194e-03
1.241962553422427229e+00 1.977117883687395418e-03
1.243086933888599699e+00 1.938496614393039105e-03
1.244213352060349331e+00 1.900668135597834933e-03
1.245341813482075954e+00 1.864537480149659494e-03
1.246472323718312403e+00 1.830975129557433669e-03
1.247604888353815111e+00 1.800723952399199820e-03
1.248739512993656486e+00 1.774313926954621369e-03
1.249876203263318386e+00 1.751967228045982162e-03
1.251014964808782937e+00 1.733563380996487645e-03
1.252155803296628012e+00 1.718778237617402983e-03
1.253298724414120269e+00 1.706879112904656449e-03
1.254443733869309963e+00 1.696852252264551258e-03
1.255590837391125314e+00 1.687478842634058084e-03
1.256740040729469321e+00 1.677433435522937251e-03
1.257891349655314572e+00 1.665396284363649792e-03
1.259044769960800503e+00 1.650169500490028269e-03
1.260200307459330427e+00 1.630786225555415012e-03
1.261357967985669459e+00 1.606602305522894254e-03
1.262517757396041773e+00 1.577361252061970903e-03
1.263679681568230295e+00 1.543225518252947783e-03
1.264843746401676405e+00 1.504770128433738363e-03
1.266009957817578080e+00 1.462938230024361319e-03
1.267178321758992254e+00 1.418961851341359222e-03
1.268348844190933411e+00 1.374254686821632654e-03
1.269521531100478384e+00 1.330286720658989483e-03
1.270696388496864948e+00 1.288452612495614167e-03
1.271873422411597065e+00 1.249946754721140444e-03
1.273052638898546585e+00 1.215657630770376014e-03
1.274234044034058044e+00 1.186092546623700216e-03
1.275417643917051702e+00 1.161341093746506847e-03
1.276603444669130338e+00 1.141082069903506671e-03
1.277791452434683617e+00 1.124634367772664977e-03
1.278981673380993334e+00 1.111047934372635894e-03
1.280174113698342886e+00 1.099226725919451092e-03
1.281368779600121410e+00 1.088072039786718449e-03
1.282565677322933917e+00 1.076632058902876827e-03
1.283764813126709203e+00 1.064242179835088627e-03
1.284966193294808434e+00 1.050640899229976109e-03
1.286169824134135498e+00 1.036047769506496076e-03
1.287375711975248027e+00 1.021193135938461326e-03
1.288583863172465760e+00 1.007293827927554022e-03
1.289794284103985111e+00 9.959743598772095776e-04
1.291006981171990420e+00 9.891390513159909435e-04
1.292221960802766745e+00 9.888062714494994399e-04
1.293439229446812444e+00 9.969211857280544688e-04
1.294658793578954858e+00 1.015167387885752793e-03
1.295880659698463999e+00 1.044800176312276219e-03
1.297104834329168899e+00 1.086524648389306826e-03
1.298331324019572852e+00 1.140440086563895101e-03
1.299560135342971323e+00 1.206068341779713499e-03
1.300791274897567629e+00 1.282478332365748078e-03
1.302024749306592843e+00 1.368511800834385558e-03
1.303260565218422817e+00 1.463107681050372080e-03
1.304498729306700078e+00 1.565714486054269917e-03
1.305739248270451514e+00 1.676772721313111222e-03
1.306982128834209833e+00 1.798243112285515238e-03
1.308227377748136133e+00 1.934151968228382508e-03
1.309475001788141135e+00 2.091122703089389172e-03
1.310725007756007754e+00 2.278862636482896758e-03
1.311977402479516552e+00 2.510576736878827528e-03
1.313232192812567201e+00 2.803284765156996861e-03
1.314489385635306373e+00 3.178024940699672451e-03
1.315748987854250762e+00 3.659935207362413710e-03
1.317011006402416973e+00 4.278211696245086404e-03
1.318275448239444980e+00 5.065952244328145691e-03
1.319542320351728470e+00 6.059899985868849766e-03
1.320811629752543181e+00 7.300107295744759535e-03
1.322083383482175245e+00 8.829543080071486361e-03
1.323357588608052415e+00 1.069366614932053261e-02
1.324634252224874853e+00 1.293998402837744088e-02
1.325913381454747464e+00 1.561761023892918078e-02
1.327194983447309351e+00 1.877682435121824991e-02
1.328479065379870816e+00 2.246862877503474909e-02
1.329765634457545476e+00 2.674428542598138864e-02
1.331054697913385043e+00 3.165480530681796800e-02
1.332346263008514553e+00 3.725035597941836474e-02
1.333640337032270695e+00 4.357954709189994225e-02
1.334936927302335707e+00 5.068855359179970377e-02
1.336236041164878596e+00 5.862004071334674798e-02
1.337537685994691028e+00 6.741186458581786833e-02
1.338841869195329437e+00 7.709553721512631130e-02
1.340148598199253360e+00 8.769446399400367131e-02
1.341457880467967545e+00 9.922190645427128586e-02
1.342769723492164280e+00 1.116788188079750332e-01
1.344084134791865504e+00 1.250520904828203439e-01
1.345401121916566689e+00 1.393122224850115720e-01
1.346720692445381617e+00 1.544113686841475652e-01
1.348042853987187817e+00 1.702816554106877101e-01
1.349367614180772668e+00 1.868339227593042162e-01
1.350694980694980618e+00 2.039570230758151193e-01
1.352024961228860400e+00 2.215177997768580931e-01
1.353357563511815131e+00 2.393618474727979006e-01
1.354692795303751529e+00 2.573151228791065170e-01
1.356030664395230012e+00 2.751864365245049182e-01
1.357371178607617024e+00 2.927708098433274841e-01
1.358714345793236467e+00 3.098536335524895713e-01
1.360060173835524910e+00 3.262155143906019239e-01
1.361408670649183250e+00 3.416376516960732967e-01
1.362759844180333912e+00 3.559075462357220720e-01
1.364113702406676065e+00 3.688248141620188991e-01
1.365470253337642603e+00 3.802068613923707541e-01
1.366829505014558244e+00 3.898941696959077330e-01
1.368191465510798732e+00 3.977549560384644467e-01
1.369556142931950271e+00 4.036889909789680986e-01
1.370923545415969835e+00 4.076303988697918546e-01
1.372293681133348153e+00 4.095493101670847347e-01
1.373666558287272244e+00 4.094522914865059149e-01
1.375042185113787063e+00 4.073815388391007764e-01
1.376420569881963818e+00 4.034128801858340441e-01
1.377801720894062054e+00 3.976526914639573196e-01
1.379185646485699079e+00 3.902338821602896468e-01
1.380572355026016051e+00 3.813111493212693603e-01
1.381961854917847177e+00 3.710557301419372678e-01
1.383354154597889130e+00 3.596499012125966011e-01
1.384749262536873138e+00 3.472814761774751791e-01
1.386147187239734180e+00 3.341385429058650325e-01
1.387547937245787288e+00 3.204046571227041618e-01
1.388951521128897637e+00 3.062546734884238342e-01
1.390357947497658175e+00 2.918513498276013585e-01
1.391767224995565488e+00 2.773428086771909662e-01
1.393179362301194768e+00 2.628608860672759784e-01
1.394594368128380113e+00 2.485203441385649692e-01
1.396012251226393497e+00 2.344188754116146578e-01
1.397433020380123736e+00 2.206377854477836742e-01
1.398856684410259010e+00 2.072432098522946908e-01
1.400283252173469606e+00 1.942877028199530842e-01
1.401712732562590880e+00 1.818120285246967449e-01
1.403145134506808445e+00 1.698469934253845071e-01
1.404580466971843578e+00 1.584151758673319199e-01
1.406018738960141290e+00 1.475324372225083891e-01
1.407459959511057512e+00 1.372091335848287796e-01
1.408904137701048942e+00 1.274509856287455445e-01
1.410351282643864002e+00 1.182596033662379892e-01
1.411801403490733353e+00 1.096326989840701871e-01
1.413254509430563743e+00 1.015640518130256631e-01
1.414710609690132292e+00 9.404331241558279431e-02
1.416169713534280339e+00 8.705574613525059180e-02
1.417631830266112614e+00 8.058201941895688780e-02
1.419096969227191751e+00 7.459812487817374382e-02
1.420565139797739462e+00 6.907552433232165556e-02
1.422036351396835929e+00 6.398156469196714102e-02
1.423510613482621867e+00 5.928019182047137431e-02
1.424987935552499696e+00 5.493295520888055727e-02
1.426468327143339598e+00 5.090026433634715214e-02
1.427951797831682468e+00 4.714282882421048232e-02
1.429438357233948631e+00 4.362319147547927961e-02
1.430928015006643461e+00 4.030724805548631384e-02
1.432420780846568986e+00 3.716564157009651787e-02
1.433916664491031723e+00 3.417492241150477117e-02
1.435415675718056505e+00 3.131837882921345573e-02
1.436917824346597428e+00 2.858646371921313295e-02
1.438423120236754560e+00 2.597677198612338353e-02
1.439931573289987776e+00 2.349355544783027563e-02
1.441443193449334581e+00 2.114679678109101027e-02
1.442957990699629489e+00 1.895089755846787044e-02
1.444475975067722073e+00 1.692306528325557974e-02
1.445997156622699675e+00 1.508150806365682328e-02
1.447521545476108784e+00 1.344352929573687343e-02
1.449049151782180855e+00 1.202380560310698822e-02
1.450579985738055688e+00 1.083269347085188614e-02
1.452114057584009910e+00 9.874915772003721101e-03
1.453651377603684125e+00 9.148651703106141717e-03
1.455191956124314512e+00 8.645074476006930908e-03
1.456735803516961525e+00 8.348378357368237482e-03
1.458282930196745042e+00 8.236290014009509108e-03
1.459833346623076178e+00 8.281024352916260128e-03
1.461387063299896427e+00 8.450613518835430396e-03
1.462944090775910144e+00 8.710511814189941804e-03
1.464504439644828349e+00 9.025360955515589895e-03
1.466068120545604980e+00 9.360790580288822979e-03
1.467635144162680705e+00 9.685128853923046302e-03
1.469205521226225830e+00 9.970907231688972902e-03
1.470779262512385221e+00 1.019606101240448821e-02
1.472356378843524549e+00 1.034475175274379016e-02
1.473936881088478978e+00 1.040776687007301422e-02
1.475520780162802525e+00 1.038248350528143613e-02
1.477108087029018524e+00 1.027241547689638525e-02
1.478698812696874088e+00 1.008639153604011691e-02
1.480292968223593464e+00 9.837437983101663536e-03
1.481890564714135383e+00 9.541457293883618546e-03
1.483491613321448854e+00 9.215805515553206553e-03
1.485096125246735177e+00 8.877874225715915585e-03
1.486704111739707068e+00 8.543777831823796270e-03
1.488315584098853783e+00 8.227234572824220285e-03
1.489930553671703350e+00 7.938710977142434538e-03
1.491549031855090579e+00 7.684876389500923909e-03
1.493171030095424401e+00 7.468388474305705238e-03
1.494796559888958321e+00 7.288004452377389725e-03
1.496425632782061310e+00 7.138988317473424043e-03
1.498058260371491590e+00 7.013763292271535214e-03
1.499694454304671742e+00 6.902742846142233442e-03
1.501334226279966044e+00 6.795263758736193836e-03
1.502977588046958024e+00 6.680541474282356354e-03
1.504624551406733790e+00 6.548571280931760920e-03
1.506275128212160253e+00 6.390908057298660440e-03
1.507929330368173781e+00 6.201271383134641588e-03
1.509587169832064202e+00 5.975940295182168537e-03
1.511248658613763229e+00 5.713921257570212832e-03
1.512913808776134017e+00 5.416892323852189398e-03
1.514582632435264253e+00 5.088944393639919031e-03
1.516255141760759706e+00 4.736155519958620136e-03
1.517931348976038430e+00 4.366045325748866938e-03
1.519611266358630974e+00 3.986963045011795125e-03
1.521294906240478584e+00 3.607464243157337911e-03
1.522982281008235628e+00 3.235728044241700362e-03
1.524673403103572689e+00 2.879059246691428355e-03
1.526368285023483207e+00 2.543508925077072116e-03
1.528066939320591011e+00 2.233634122957945441e-03
1.529769378603459407e+00 1.952403313283657604e-03
1.531475615536904256e+00 1.701240737555961748e-03
1.533185662842307950e+00 1.480190741916197683e-03
1.534899533297934493e+00 1.288173818808524117e-03
1.536617239739249685e+00 1.123299963232900038e-03
1.538338795059238651e+00 9.832025459247308464e-04
1.540064212208731576e+00 8.653572080942603315e-04
1.541793504196726783e+00 7.673549555531016366e-04
1.543526684090717138e+00 6.871060293074985302e-04
1.545263765017021562e+00 6.229603790933870922e-04
1.547004760161113213e+00 5.737406539650266547e-04
1.548749682767955216e+00 5.386935057469016339e-04
1.550498546142336620e+00 5.173737020854031693e-04
1.552251363649210125e+00 5.094822502218807709e-04
1.554008148714031146e+00 5.146838539686575528e-04
1.555768914823102866e+00 5.324302530707543174e-04
1.557533675523920413e+00 5.618143078686793331e-04
1.559302444425517464e+00 6.014753592991759932e-04
1.561075235198817523e+00 6.495699320334309169e-04
1.562852061576985419e+00 7.038139699147812674e-04
1.564632937355781239e+00 7.615943350127933175e-04
1.566417876393919384e+00 8.201391443294248247e-04
1.568206892613425385e+00 8.767294991273633835e-04
1.570000000000000062e+00 9.289299961911456297e-04
