1.126000000000000112e+00 1.677380233810243698e-04
1.126987992296117014e+00 1.641429267257253351e-04
1.127977719913760390e+00 1.500138111646991601e-04
1.128969187428857879e+00 1.412024911178208031e-04
1.129962399433440456e+00 1.353555719540393948e-04
1.130957360535711942e+00 1.221301760960886637e-04
1.131954075360122047e+00 1.198650022915865356e-04
1.132952548547436100e+00 1.086591538582160077e-04
1.133952784754808318e+00 1.020411809478507863e-04
1.134954788655853974e+00 9.817721478747004182e-05
1.135958564940721782e+00 8.749631799566486544e-05
1.136964118316167838e+00 8.731920581318846795e-05
1.137971453505628228e+00 7.843475738273905965e-05
1.138980575249294080e+00 7.313260997390545509e-05
1.139991488304184397e+00 6.905464806508673586e-05
1.141004197444223101e+00 5.749646366922330946e-05
1.142018707460311200e+00 5.567867667607124637e-05
1.143035023160405395e+00 4.646630436542492485e-05
1.144053149369591793e+00 4.275651860505642269e-05
1.145073090930163184e+00 4.105858776421147309e-05
1.146094852701695865e+00 3.435015265202806387e-05
1.147118439561126468e+00 3.719163664538689803e-05
1.148143856402830121e+00 3.110161534411049063e-05
1.149171108138697273e+00 3.170541880827851901e-05
1.150200199698214076e+00 3.124730571330171366e-05
1.151231136028538549e+00 2.554641421919436772e-05
1.152263922094582727e+00 3.008766610458988710e-05
1.153298562879090827e+00 2.110699147916517121e-05
1.154335063382718740e+00 2.130999517330052248e-05
1.155373428624115739e+00 1.718603440959834414e-05
1.156413663640005973e+00 4.503001870326892172e-06
1.157455773485268402e+00 5.845968460312273898e-06
1.158499763233019175e+00 7.160771332566346443e-06
1.159545637974695120e+00 5.479003390965301478e-05
1.160593402820134123e+00 5.639465411801275507e-05
1.161643062897660617e+00 2.195287445700312503e-05
1.162694623354169066e+00 1.411119814336928848e-04
1.163748089355205462e+00 1.893557920399851309e-04
1.164803466085055916e+00 7.667528741145760980e-05
1.165860758746828818e+00 1.135996445104308592e-04
1.166919972562540542e+00 2.166818840878492150e-04
1.167981112773203378e+00 1.928725252796597677e-04
1.169044184638909245e+00 1.191925705053294268e-04
1.170109193438919171e+00 1.064097719746866802e-04
1.171176144471748781e+00 2.959911422247557956e-04
1.172245043055257785e+00 5.601448307218845606e-04
1.173315894526736125e+00 5.382396497707781250e-04
1.174388704242995241e+00 3.113591457154180151e-04
1.175463477580455329e+00 1.826307501184250889e-04
1.176540219935237941e+00 1.788215785485728064e-04
1.177618936723252130e+00 3.135274627869804177e-04
1.178699633380288825e+00 4.843387321466940845e-04
1.179782315362111200e+00 4.237189335517537619e-04
1.180866988144545493e+00 2.205935871218322379e-04
1.181953657223574483e+00 1.016597527126700631e-04
1.183042328115429642e+00 8.598892776293107286e-05
1.184133006356684392e+00 1.949551780499834139e-04
1.185225697504348696e+00 4.053750439553712175e-04
1.186320407135962984e+00 5.501928154681354211e-04
1.187417140849692743e+00 5.026524612928743663e-04
1.188515904264424883e+00 3.675295194496340338e-04
1.189616703019862110e+00 3.116204054599982327e-04
1.190719542776621509e+00 3.552115181409230414e-04
1.191824429216329584e+00 5.140217025814813054e-04
1.192931368041720619e+00 7.890993588249458051e-04
1.194040364976735713e+00 1.093949447359710350e-03
1.195151425766620035e+00 1.273234997764504306e-03
1.196264556178022742e+00 1.210099180876055957e-03
1.197379761999095793e+00 1.032806982747092300e-03
1.198497049039596751e+00 9.076287354949370400e-04
1.199616423130986265e+00 8.798639221545348499e-04
1.200737890126532648e+00 9.648926134321764376e-04
1.201861455901411802e+00 1.102672912663835636e-03
1.202987126352810021e+00 1.231240596907738714e-03
1.204114907400029022e+00 1.292523351820100029e-03
1.205244804984587415e+00 1.261841812055736114e-03
1.206376825070326175e+00 1.204023113696532470e-03
1.207510973643513230e+00 1.155169229747721659e-03
1.208647256712948925e+00 1.150236590411342005e-03
1.209785680310073053e+00 1.191609326609719679e-03
1.210926250489070988e+00 1.246497410506768391e-03
1.212068973326979604e+00 1.309934879872561974e-03
1.213213854923797186e+00 1.351466429773154733e-03
1.214360901402591786e+00 1.382566010966487487e-03
1.215510118909608916e+00 1.415265626107604967e-03
1.216661513614383239e+00 1.446219941444031347e-03
1.217815091709847364e+00 1.496126173274166466e-03
1.218970859412443097e+00 1.541327352735205949e-03
1.220128822962234905e+00 1.585860007321177653e-03
1.221288988623019378e+00 1.626156039918521742e-03
1.222451362682440701e+00 1.650440250313587329e-03
1.223615951452102335e+00 1.679952844666389531e-03
1.224782761267683151e+00 1.692776847429635365e-03
1.225951798489049782e+00 1.694096780549495885e-03
1.227123069500375196e+00 1.676392021114247143e-03
1.228296580710252384e+00 1.628338020484173827e-03
1.229472338551812483e+00 1.583873207144025422e-03
1.230650349482842243e+00 1.546695916017656967e-03
1.231830619985901931e+00 1.554248643421622233e-03
1.233013156568444346e+00 1.619815112514344773e-03
1.234197965762934945e+00 1.731549457866270268e-03
1.235385054126971083e+00 1.884618094072346064e-03
1.236574428243403911e+00 2.012955193822088887e-03
1.237766094720459620e+00 2.090356903921231080e-03
1.238960060191861778e+00 2.100257332717550465e-03
1.240156331316954574e+00 2.062743115965414483e-03
1.241354914780826935e+00 2.051448973698673760e-03
1.242555817294437093e+00 2.089480882327482674e-03
1.243759045594736268e+00 2.222633295109431584e-03
1.244964606444796784e+00 2.439012689105029500e-03
1.246172506633937749e+00 2.682229945483513046e-03
1.247382752977852505e+00 2.889730089836074420e-03
1.248595352318737195e+00 2.954003266477731558e-03
1.249810311525418882e+00 2.883654595818734012e-03
1.251027637493486333e+00 2.730613672965198982e-03
1.252247337145420136e+00 2.576194249241746132e-03
1.253469417430722599e+00 2.526034187465709541e-03
1.254693885326052527e+00 2.602473346195668599e-03
1.255920747835354900e+00 2.844577832949743944e-03
1.257150011989997207e+00 3.207562083829744101e-03
1.258381684848900894e+00 3.594744585963335990e-03
1.259615773498678593e+00 3.916709265231715920e-03
1.260852285053770450e+00 4.080595720091793714e-03
1.262091226656578691e+00 4.159922934666009445e-03
1.263332605477606396e+00 4.237562438729216424e-03
1.264576428715595835e+00 4.394862131759318113e-03
1.265822703597668353e+00 4.703538974706754708e-03
1.267071437379462040e+00 5.104087427803973877e-03
1.268322637345275172e+00 5.545627323920858040e-03
1.269576310808206099e+00 5.874984958967915255e-03
1.270832465110296461e+00 5.976860726033022403e-03
1.272091107622674411e+00 5.887895851704256361e-03
1.273352245745698719e+00 5.684824664496182685e-03
1.274615886909103546e+00 5.577648375049689376e-03
1.275882038572145216e+00 5.677357233088645670e-03
1.277150708223747877e+00 6.032093382450305456e-03
1.278421903382652269e+00 6.647326146316550298e-03
1.279695631597562944e+00 7.357827035101295945e-03
1.280971900447299028e+00 8.045715187823584968e-03
1.282250717540943441e+00 8.559418352065570335e-03
1.283532090517995217e+00 8.908990271114077680e-03
1.284816027048520271e+00 9.276119094897554429e-03
1.286102534833305722e+00 9.777162676977469574e-03
1.287391621604013325e+00 1.059763523383526126e-02
1.288683295123334016e+00 1.173005668042783646e-02
1.289977563185144005e+00 1.308962384619809932e-02
1.291274433614661987e+00 1.453646470073443470e-02
1.292573914268606350e+00 1.578326731934578606e-02
1.293876013035353711e+00 1.682497933219283259e-02
1.295180737835098794e+00 1.778097782320023357e-02
1.296488096620015629e+00 1.900685333459174037e-02
1.297798097374417203e+00 2.092495155912104873e-02
1.299110748114920444e+00 2.365383550805631729e-02
1.300426056890607862e+00 2.727160191192557967e-02
1.301744031783193201e+00 3.145745090346999118e-02
1.303064680907186412e+00 3.586408201162535891e-02
1.304388012410060194e+00 4.042722223145581856e-02
1.305714034472417628e+00 4.525636435468526064e-02
1.307042755308160942e+00 5.102449815136912703e-02
1.308374183164660698e+00 5.816882820452128067e-02
1.309708326322927663e+00 6.678485812127313292e-02
1.311045193097781558e+00 7.652715718466046591e-02
1.312384791838027587e+00 8.628951424189050534e-02
1.313727130926627851e+00 9.556362703289630889e-02
1.315072218780876323e+00 1.045088271783597283e-01
1.316420063852575595e+00 1.139657447346093394e-01
1.317770674628213401e+00 1.249001060665283214e-01
1.319124059629140922e+00 1.366743578935544490e-01
1.320480227411752194e+00 1.477461743356009716e-01
1.321839186567663527e+00 1.561991191982837479e-01
1.323200945723896238e+00 1.609449943304248898e-01
1.324565513543057849e+00 1.625620672831639135e-01
1.325932898723527265e+00 1.609839560470386899e-01
1.327303109999638409e+00 1.552977472644011814e-01
1.328676156141866516e+00 1.444437107704606982e-01
1.330052045957015094e+00 1.284014299357738031e-01
1.331430788288405109e+00 1.095124628308396936e-01
1.332812392016063274e+00 8.978272372916469568e-02
1.334196866056913677e+00 6.999960663409594830e-02
1.335584219364968961e+00 5.117583845689131078e-02
1.336974460931523057e+00 3.454340473985794552e-02
1.338367599785346362e+00 2.149215353924698729e-02
1.339763644992881142e+00 1.242563170906811794e-02
1.341162605658436702e+00 6.732462195904099188e-03
1.342564490924390119e+00 3.722566111470058513e-03
1.343969309971381643e+00 2.405176198084876815e-03
1.345377072018519193e+00 1.944227816075842297e-03
1.346787786323576430e+00 1.857620216694943604e-03
1.348201462183198140e+00 1.904209149289377108e-03
1.349618108933102745e+00 2.036939282641333279e-03
1.351037735948290130e+00 2.174336862761289298e-03
1.352460352643244823e+00 2.339124006498815526e-03
1.353885968472148260e+00 2.506016999431927208e-03
1.355314592929085071e+00 2.675876601026316599e-03
1.356746235548255131e+00 2.871959764738562289e-03
1.358180905904185831e+00 3.050118136287908576e-03
1.359618613611944804e+00 3.265200681195838239e-03
1.361059368327355079e+00 3.477455892882565149e-03
1.362503179747211357e+00 3.707053978464325272e-03
1.363950057609498057e+00 3.963833203834163897e-03
1.365400011693606253e+00 4.191050890783839904e-03
1.366853051820556830e+00 4.436944987211566792e-03
1.368309187853220088e+00 4.630997009941498557e-03
1.369768429696540002e+00 4.804414532589736109e-03
1.371230787297757381e+00 4.974331315539141062e-03
1.372696270646638572e+00 5.110131939557463476e-03
1.374164889775699727e+00 5.299065145179060986e-03
1.375636654760438393e+00 5.478490262613757919e-03
1.377111575719562442e+00 5.692504113886443819e-03
1.378589662815221883e+00 5.933733315145566824e-03
1.380070926253243568e+00 6.145291999614995587e-03
1.381555376283364778e+00 6.400527354394672068e-03
1.383043023199470367e+00 6.614299060172940115e-03
1.384533877339829910e+00 6.845199849667395198e-03
1.386027949087338174e+00 7.085905256768086809e-03
1.387525248869755812e+00 7.278572408269498584e-03
1.389025787159951619e+00 7.496584260479295832e-03
1.390529574476147223e+00 7.626882578403782961e-03
1.392036621382161998e+00 7.729167085317113946e-03
1.393546938487661091e+00 7.801770931098209357e-03
1.395060536448405220e+00 7.814627494584560144e-03
1.396577425966499586e+00 7.891150023414972639e-03
1.398097617790646341e+00 7.945471189653975641e-03
1.399621122716400601e+00 8.059409600690630934e-03
1.401147951586422913e+00 8.209645438623239949e-03
1.402678115290738603e+00 8.326111580874422102e-03
1.404211624766996236e+00 8.492337488248451194e-03
1.405748491000727851e+00 8.579457804714255703e-03
1.407288725025611198e+00 8.671123294552806823e-03
1.408832337923734634e+00 8.751140519139138929e-03
1.410379340825861805e+00 8.771402789873190484e-03
1.411929744911700313e+00 8.841606008092238803e-03
1.413483561410169731e+00 8.829263128626189949e-03
1.415040801599673825e+00 8.822549368173036172e-03
1.416601476808373228e+00 8.796026395930439667e-03
1.418165598414459661e+00 8.708758499853698834e-03
1.419733177846432826e+00 8.697061427401661660e-03
1.421304226583378183e+00 8.649606887510452938e-03
1.422878756155248059e+00 8.685196657794725869e-03
1.424456778143142976e+00 8.770983844304462707e-03
1.426038304179596539e+00 8.844654606732988908e-03
1.427623345948860090e+00 9.001568944280240528e-03
1.429211915187190263e+00 9.073097243144034874e-03
1.430804023683140525e+00 9.160555993253763005e-03
1.432399683277851388e+00 9.216249668292630579e-03
1.433998905865343287e+00 9.200487293839518937e-03
1.435601703392814343e+00 9.249169654900335144e-03
1.437208087860935457e+00 9.212942245756054402e-03
1.438818071324151404e+00 9.221606310301685636e-03
1.440431665890981705e+00 9.218258590182925108e-03
1.442048883724324604e+00 9.155916370849127503e-03
1.443669737041762158e+00 9.170260533528724195e-03
1.445294238115867769e+00 9.108346800215648756e-03
1.446922399274517490e+00 9.128358036649191973e-03
1.448554232901199557e+00 9.177128842060401984e-03
1.450189751435329688e+00 9.212271101096380574e-03
1.451828967372567725e+00 9.351874835443587178e-03
1.453471893265134263e+00 9.390870771790141291e-03
1.455118541722132175e+00 9.460481701004320315e-03
1.456768925409868798e+00 9.467948744256927257e-03
1.458423057052181004e+00 9.374320397399374047e-03
1.460080949430762276e+00 9.335488297958449005e-03
1.461742615385490884e+00 9.178469249948362219e-03
1.463408067814762958e+00 9.089794763966456068e-03
1.465077319675824219e+00 8.992189940799017941e-03
1.466750383985108819e+00 8.848210057804995615e-03
1.468427273818574630e+00 8.800788574557648347e-03
1.470108002312046080e+00 8.648745848032041508e-03
1.471792582661556104e+00 8.581269021673002678e-03
1.473481028123691416e+00 8.511747682992384934e-03
1.475173352015941353e+00 8.415407319810795650e-03
1.476869567717046916e+00 8.437481857280224387e-03
1.478569688667353610e+00 8.352923934933260963e-03
1.480273728369166264e+00 8.341186783172633082e-03
1.481981700387106970e+00 8.274232693202208597e-03
1.483693618348475241e+00 8.117401585561970223e-03
1.485409495943609492e+00 8.027709328689167090e-03
1.487129346926251872e+00 7.795828189525194456e-03
1.488853185113917732e+00 7.653822815557119463e-03
1.490581024388262232e+00 7.497417060229105701e-03
1.492312878695457590e+00 7.313040399472209470e-03
1.494048762046563450e+00 7.253170168528665605e-03
1.495788688517908360e+00 7.078410783256114738e-03
1.497532672251467467e+00 7.008620344568460697e-03
1.499280727455248874e+00 6.907264242442194557e-03
1.501032868403676668e+00 6.764037412076454210e-03
1.502789109437979942e+00 6.735664884902501683e-03
1.504549464966586036e+00 6.575923826925885417e-03
1.506313949465511781e+00 6.520592716498799062e-03
1.508082577478762509e+00 6.409501179130173108e-03
1.509855363618730850e+00 6.225614788474363032e-03
1.511632322566598186e+00 6.124110616047868418e-03
1.513413469072741879e+00 5.850924866115650089e-03
1.515198817957142063e+00 5.673814785432129172e-03
1.516988384109793087e+00 5.451549744620674993e-03
1.518782182491116739e+00 5.191391543921063632e-03
1.520580228132380585e+00 5.062698366953373962e-03
1.522382536136117182e+00 4.801059524479162240e-03
1.524189121676545966e+00 4.662663601472702424e-03
1.526000000000000023e+00 4.477847923784666027e-03
