2.668422945690006320e-02
1.424156420202967940e-02
1.950072779893308531e-02
2.242553737549418322e-02
1.800630222415208542e-03
4.242221464172696993e-02
1.884811328197776590e-03
5.476592089894159049e-02
2.214406338643811617e-02
5.708870735587504019e-02
1.016543971067466849e-02
6.445809662643542381e-02
2.450244139111242003e-02
6.404604494542674720e-02
2.433657388499418928e-02
7.451408941423616483e-02
5.162739896841576220e-02
7.159061439888457501e-02
4.569697530699028121e-02
7.554336483325983786e-02
6.005427074119630559e-02
7.487035644912624910e-02
6.392729389064247258e-02
7.648674860091160543e-02
6.381732319657326680e-02
7.881958449151654778e-02
7.115689328192986718e-02
7.483487998239191086e-02
7.542039771330431852e-02
7.849538783992172919e-02
7.487667044786112946e-02
7.746529862498230390e-02
7.567864799083585947e-02
7.820245770935822793e-02
7.275209885983796587e-02
8.060990521590172264e-02
7.918742531005307228e-02
7.820774617282835739e-02
7.895881799226878162e-02
7.779848412032257243e-02
7.871763955908980814e-02
7.946707747900837171e-02
8.010400303425764534e-02
8.043203052320620217e-02
7.819763936857979103e-02
7.947427195876605177e-02
7.960485054656366022e-02
7.810627983048584744e-02
7.931249600141081213e-02
7.940916997435952529e-02
7.873822524359708197e-02
7.933092757566378994e-02
7.948240113446074229e-02
8.027348150642954483e-02
7.953433830393238924e-02
7.940185367119859117e-02
7.872390598643923265e-02
8.049436739219069381e-02
7.996839788283527373e-02
7.939294398712352929e-02
7.899132824559769450e-02
7.936477172522932166e-02
8.063163418158524054e-02
7.884632404611732759e-02
7.935824761347215484e-02
7.997437835373322201e-02
7.892607716808305862e-02
7.926963831992099585e-02
8.076778564045150599e-02
8.002184785852521631e-02
7.958556511362346875e-02
7.827989138965152360e-02
7.905806984001677307e-02
8.049825253155193372e-02
7.996964071829273935e-02
7.945501893219807099e-02
7.945550790807849595e-02
7.929014811033140153e-02
8.041191319097854007e-02
8.022142473507326565e-02
7.923077636954414804e-02
7.927587477060832333e-02
8.048856520688020544e-02
8.054393934491409224e-02
8.022523503267647849e-02
8.046963794528418090e-02
8.038995815228536235e-02
8.038721009049623611e-02
8.049316184399968321e-02
8.030140075077366046e-02
8.060906993808612808e-02
8.075029790698290411e-02
8.070742577096436110e-02
7.985905329049451662e-02
8.062802133681570838e-02
8.050226608116006766e-02
8.070307358396025532e-02
