1.120000000000000107e+00 9.785451886561168378e-01
1.120986610288935870e+00 9.285370198518828611e-01
1.121974960324457982e+00 9.117265111996722959e-01
1.122965054712319333e+00 9.187797583865185969e-01
1.123956898074545130e+00 9.176060520679076848e-01
1.124950495049505061e+00 9.571604118995576949e-01
1.125945850291983907e+00 9.920146317973469463e-01
1.126942968473255480e+00 9.850622858617883448e-01
1.127941854281155898e+00 9.979780854905061505e-01
1.128942512420155975e+00 9.844799020111648646e-01
1.129944947611436712e+00 9.430861946516386762e-01
1.130949164592961464e+00 9.466710193247758198e-01
1.131955168119551880e+00 9.340953393339126443e-01
1.132962962962963172e+00 9.205530209953353138e-01
1.133972553911958725e+00 9.628837980414325370e-01
1.134983945772386926e+00 9.722805147783040169e-01
1.135997143367255990e+00 9.797235369761584378e-01
1.137012151536811899e+00 1.023350074396676135e+00
1.138028975138615895e+00 9.957773397635215629e-01
1.139047619047619087e+00 9.704602561207823497e-01
1.140068088156244608e+00 9.772825914857152796e-01
1.141090387374462223e+00 9.228453155246204576e-01
1.142114521629869150e+00 9.205535176553737431e-01
1.143140495867768669e+00 9.754103740833132141e-01
1.144168315051249829e+00 9.581365683504505792e-01
1.145197984161267168e+00 1.005234565249878642e+00
1.146229508196721314e+00 1.062172746682818136e+00
1.147262892174540250e+00 9.820784517835964289e-01
1.148298141129760142e+00 1.005191552073888994e+00
1.149335260115607271e+00 1.010458202674003214e+00
1.150374254203579971e+00 8.560026742330942851e-01
1.151415128483532779e+00 9.029255206338369089e-01
1.152457888063756597e+00 9.430076916526568542e-01
1.153502538071066175e+00 6.378577672133834975e-01
1.154549083650880270e+00 5.906790150707630360e-01
1.155597529967308246e+00 8.160581206254972075e-01
1.156647882203235778e+00 5.608912478344988406e-01
1.157700145560407679e+00 3.443358469568489344e-01
1.158754325259515605e+00 6.344938731376325025e-01
1.159810426540284434e+00 6.618223870312900381e-01
1.160868454661558191e+00 3.807914086604963222e-01
1.161928414901388207e+00 3.725283501206315129e-01
1.162990312557119488e+00 5.294750493392994528e-01
1.164054152945481313e+00 5.913302089205361156e-01
1.165119941402673609e+00 4.799605190652841968e-01
1.166187683284457544e+00 2.467835992595908134e-01
1.167257383966245010e+00 2.493138895200470995e-01
1.168329048843187667e+00 4.708799301171575080e-01
1.169402683330270198e+00 5.509450755232988550e-01
1.170478292862398906e+00 5.040348733418533733e-01
1.171555882894494527e+00 3.820129179123022412e-01
1.172635458901585048e+00 1.695512493168808421e-01
1.173717026378896966e+00 1.419290497848989807e-01
1.174800590841949877e+00 3.511393984862629658e-01
1.175886157826649736e+00 4.828343105408997027e-01
1.176973732889382340e+00 4.993917818673923592e-01
1.178063321607110137e+00 4.362025414355262809e-01
1.179154929577464817e+00 2.553173159549527171e-01
1.180248562418846570e+00 1.200182798304557097e-01
1.181344225770516454e+00 1.348287516886325921e-01
1.182441925292696538e+00 2.309080343653692469e-01
1.183541666666666936e+00 3.345915270724337809e-01
1.184643455594861505e+00 3.822234535189159010e-01
1.185747297800969102e+00 3.573975288120428973e-01
1.186853199030031725e+00 2.894914838647785205e-01
1.187961165048543544e+00 1.972957852325710193e-01
1.189071201644552378e+00 1.549196152379152813e-01
1.190183314627759170e+00 1.981629775952375994e-01
1.191297509829620127e+00 2.540791018706455850e-01
1.192413793103448416e+00 2.938268326226141092e-01
1.193532170324516972e+00 3.142997980058710450e-01
1.194652647390161526e+00 2.927025255837241158e-01
1.195775230219883634e+00 2.544946998797808502e-01
1.196899924755455258e+00 2.204387926295400257e-01
1.198026736961024463e+00 1.934577717205627490e-01
1.199155672823219110e+00 1.973030744196380415e-01
1.200286738351254545e+00 2.137032251323433552e-01
1.201419939577039298e+00 2.209584247489642939e-01
1.202555282555282767e+00 2.324529711455068093e-01
1.203692773363602031e+00 2.370368759064762354e-01
1.204832418102632197e+00 2.337627750898932932e-01
1.205974222896133652e+00 2.412650581689493035e-01
1.207118193891102420e+00 2.442084295612280687e-01
1.208264337257880960e+00 2.431583540869878268e-01
1.209412659190268302e+00 2.456301643760922249e-01
1.210563165905631733e+00 2.334230223191632592e-01
1.211715863645020042e+00 2.194757600192997482e-01
1.212870758673274985e+00 2.113976924686868375e-01
1.214027857279145195e+00 1.999289375068362962e-01
1.215187165775401201e+00 1.985057785159421995e-01
1.216348690498948670e+00 2.036924483862313784e-01
1.217512437810945425e+00 2.027274566691062152e-01
1.218678414096916462e+00 2.060184819940543977e-01
1.219846625766871195e+00 2.082313880999999145e-01
1.221017079255421356e+00 2.064892578835780812e-01
1.222189781021898014e+00 2.152544797430725743e-01
1.223364737550471038e+00 2.224156550609794891e-01
1.224541955350269662e+00 2.240730848973668254e-01
1.225721440955499952e+00 2.258212423631585919e-01
1.226903200925568926e+00 2.140717132498050346e-01
1.228087241845204014e+00 1.937458557319925445e-01
1.229273570324574960e+00 1.744165748315468223e-01
1.230462192999420168e+00 1.541660475304257316e-01
1.231653116531165493e+00 1.498478206097613175e-01
1.232846347607053028e+00 1.656743044329985759e-01
1.234041892940263896e+00 1.866882230028578671e-01
1.235239759270044813e+00 2.113775886213350996e-01
1.236439953361834654e+00 2.287290874839680299e-01
1.237642482007391687e+00 2.279935055104525266e-01
1.238847352024922355e+00 2.173185075644203934e-01
1.240054570259208955e+00 1.939555189404203739e-01
1.241264143581740198e+00 1.654130797497245509e-01
1.242476078890841773e+00 1.570607968542572508e-01
1.243690383111806241e+00 1.688591351975845534e-01
1.244907063197026043e+00 1.938846896519534901e-01
1.246126126126126277e+00 2.218822969206482587e-01
1.247347578906096821e+00 2.330239037190603990e-01
1.248571428571428665e+00 2.298074285496042035e-01
1.249797682184246694e+00 2.163063172839125026e-01
1.251026346834447800e+00 1.888354467940441817e-01
1.252257429639834774e+00 1.643479761038921239e-01
1.253490937746257305e+00 1.576357140443649663e-01
1.254726878327745876e+00 1.710190872664971995e-01
1.255965258586656086e+00 2.062462802497255498e-01
1.257206085753803881e+00 2.421938595523000504e-01
1.258449367088607884e+00 2.607240026320005732e-01
1.259695109879231945e+00 2.636254584297754167e-01
1.260943321442727028e+00 2.444432102912446336e-01
1.262194009125173766e+00 2.115249598970409539e-01
1.263447180301827011e+00 1.849680719696384090e-01
1.264702842377261049e+00 1.709310856750463903e-01
1.265961002785515266e+00 1.787103818589461102e-01
1.267221668990240913e+00 2.045461504598086178e-01
1.268484848484848548e+00 2.276911227849368891e-01
1.269750548792656364e+00 2.430842435469948437e-01
1.271018777467039618e+00 2.453000105173544776e-01
1.272289542091581849e+00 2.293185962741724759e-01
1.273562850280224534e+00 2.098476833800330399e-01
1.274838709677419413e+00 1.953303548259444911e-01
1.276117127958283470e+00 1.919621169368366242e-01
1.277398112828749488e+00 2.091288072179971202e-01
1.278681672025723692e+00 2.325145271291479687e-01
1.279967813317239855e+00 2.491155854155134020e-01
1.281256544502618056e+00 2.562446526057349794e-01
1.282547873412618555e+00 2.451744573355025825e-01
1.283841807909604560e+00 2.249872422702701991e-01
1.285138355887699424e+00 2.096380920429443684e-01
1.286437525272947857e+00 2.018206146439877058e-01
1.287739324023477128e+00 2.110301161622616661e-01
1.289043760129659821e+00 2.347041373232456318e-01
1.290350841614277044e+00 2.569773297161772607e-01
1.291660576532683846e+00 2.748330940453526106e-01
1.292972972972973089e+00 2.812821191964084422e-01
1.294288039056143313e+00 2.736542278888112190e-01
1.295605782936265937e+00 2.672962390073179151e-01
1.296926212800652234e+00 2.657416099267944087e-01
1.298249336870026749e+00 2.716265792431376558e-01
1.299575163398692945e+00 2.885098795436442654e-01
1.300903700674708841e+00 3.014257994394746176e-01
1.302234957020057315e+00 3.061253570588243211e-01
1.303568940790821529e+00 3.058035620498705809e-01
1.304905660377358556e+00 2.972126736775342892e-01
1.306245124204475472e+00 2.931284114774224681e-01
1.307587340731607206e+00 3.005497772116024202e-01
1.308932318452993515e+00 3.122187140138105166e-01
1.310280065897858393e+00 3.297900087964860116e-01
1.311630591630591924e+00 3.451492041114462839e-01
1.312983904250928813e+00 3.504275649928231817e-01
1.314340012394133783e+00 3.560048461712883583e-01
1.315698924731182995e+00 3.610762285537696403e-01
1.317060649968950559e+00 3.660011090619435525e-01
1.318425196850393943e+00 3.754985234549392259e-01
1.319792574154739828e+00 3.780058419677073123e-01
1.321162790697674394e+00 3.762943675047858427e-01
1.322535855331531840e+00 3.797053814738090005e-01
1.323911776945484675e+00 3.856143629904674741e-01
1.325290564465736454e+00 4.011964330134148438e-01
1.326672226855713399e+00 4.243292198858440445e-01
1.328056773116260025e+00 4.445879140774016691e-01
1.329444212285833871e+00 4.704705089653551942e-01
1.330834553440702894e+00 4.998398776212820138e-01
1.332227805695142653e+00 5.249175585725370796e-01
1.333623978201635030e+00 5.531594834157724794e-01
1.335023080151070074e+00 5.800905246753019773e-01
1.336425120772946951e+00 6.071213460775640725e-01
1.337830109335576223e+00 6.436326502181431986e-01
1.339238055146285022e+00 6.784596934624543829e-01
1.340648967551622439e+00 7.112302328860229395e-01
1.342062855937566024e+00 7.447924916959792752e-01
1.343479729729729844e+00 7.647832589553308358e-01
1.344899598393574536e+00 7.766146398435480602e-01
1.346322471434617141e+00 7.853651021683286659e-01
1.347748358398644486e+00 7.850795397513045115e-01
1.349177268871925683e+00 7.903876852836444478e-01
1.350609212481426624e+00 8.038432237768393662e-01
1.352044198895027804e+00 8.167217464266560700e-01
1.353482237821739931e+00 8.369593545273545931e-01
1.354923339011925076e+00 8.543213099812112521e-01
1.356367512257514507e+00 8.590964031717657212e-01
1.357814767392232280e+00 8.612445093147619302e-01
1.359265114291817955e+00 8.532982249688104703e-01
1.360718562874251747e+00 8.401629458733642641e-01
1.362175123099978791e+00 8.365037514347077874e-01
1.363634804972139181e+00 8.347588229819723482e-01
1.365097618536794899e+00 8.406614239285110646e-01
1.366563573883161631e+00 8.569362069524970593e-01
1.368032681143840135e+00 8.671898846408652162e-01
1.369504950495049833e+00 8.755065518046331041e-01
1.370980392156863070e+00 8.803530127419951778e-01
1.372459016393442699e+00 8.722696173931989705e-01
1.373940833513280335e+00 8.655678395419668103e-01
1.375425853869433945e+00 8.592295564603988911e-01
1.376914087859770763e+00 8.504470084632865801e-01
1.378405545927209763e+00 8.528024327594717624e-01
1.379900238559965464e+00 8.574942426352679670e-01
1.381398176291793511e+00 8.622745450261267708e-01
1.382899369702238923e+00 8.744324890097301406e-01
1.384403829416884335e+00 8.794976593780872154e-01
1.385911566107602244e+00 8.795551270359697194e-01
1.387422590492804364e+00 8.795311750377879934e-01
1.388936913337699419e+00 8.681207397681296456e-01
1.390454545454545610e+00 8.569889676151088986e-01
1.391975497702909959e+00 8.513467025791943144e-01
1.393499780989925885e+00 8.450118023914033882e-01
1.395027406270554771e+00 8.512102067267253158e-01
1.396558384547849085e+00 8.652408227854339051e-01
1.398092726873214842e+00 8.764941019161710534e-01
1.399630444346678271e+00 8.919535548776091893e-01
1.401171548117154941e+00 8.976935642500960544e-01
1.402716049382716212e+00 8.894646228135668631e-01
1.404263959390863237e+00 8.791249941200963702e-01
1.405815289438798299e+00 8.599688985810171049e-01
1.407370050873700595e+00 8.438840232501718663e-01
1.408928255093002901e+00 8.435626251855888880e-01
1.410489913544668905e+00 8.491561053811925719e-01
1.412055037727474760e+00 8.665370862401033936e-01
1.413623639191290859e+00 8.905706069634115041e-01
1.415195729537366942e+00 9.020573374093808772e-01
1.416771320418615199e+00 9.073189240213670459e-01
1.418350423539902039e+00 9.010711957470245448e-01
1.419933050658335194e+00 8.803391758947368695e-01
1.421519213583556818e+00 8.652558172405288017e-01
1.423108924178036361e+00 8.532080830960278028e-01
1.424702194357366780e+00 8.482326728828292195e-01
1.426299036090562744e+00 8.616034578369693442e-01
1.427899461400359282e+00 8.770914143430742493e-01
1.429503482363513989e+00 8.933113762868276631e-01
1.431111111111111445e+00 9.095793797345985698e-01
1.432722359828867420e+00 9.079503835192991312e-01
1.434337240757439291e+00 8.988391087549396641e-01
1.435955766192733130e+00 8.859715870244723179e-01
1.437577948486218116e+00 8.647804319018495001e-01
1.439203800045238735e+00 8.549892423530666141e-01
1.440833333333333410e+00 8.546499708150685493e-01
1.442466560870550918e+00 8.588333386835792504e-01
1.444103495233772350e+00 8.782308129303436628e-01
1.445744149057032635e+00 8.964274970134198384e-01
1.447388535031847390e+00 9.076466374673667348e-01
1.449036665907538435e+00 9.180029685544853768e-01
1.450688554491564197e+00 9.103775733099209733e-01
1.452344213649851890e+00 8.936591949223304798e-01
1.454003656307129910e+00 8.776592319136795606e-01
1.455666895447266240e+00 8.559306421536527765e-01
1.457333944113605506e+00 8.481771936374087328e-01
1.459004815409310041e+00 8.568927237647007145e-01
1.460679522497704275e+00 8.702446620208291739e-01
1.462358078602620015e+00 8.969978413541410678e-01
1.464040497008743946e+00 9.209208595602823566e-01
1.465726791061967349e+00 9.280845467518655800e-01
1.467416974169741817e+00 9.293382393623342841e-01
1.469111059801431418e+00 9.117679855546891865e-01
1.470809061488673297e+00 8.844004734874414408e-01
1.472510992825735165e+00 8.675805751647120978e-01
1.474216867469879455e+00 8.539342778107842369e-01
1.475926699141730580e+00 8.579168585067170616e-01
1.477640501625638869e+00 8.825875949883408289e-01
1.479358288770053598e+00 9.057205261685847830e-01
1.481080074487895804e+00 9.319448386301748544e-01
1.482805872756933319e+00 9.480321266669778923e-01
1.484535697620158690e+00 9.378880811588869992e-01
1.486269563186171316e+00 9.220435976580173554e-01
1.488007483629560479e+00 8.966716573133964863e-01
1.489749473191290141e+00 8.692955029727803540e-01
1.491495546179090415e+00 8.643504165271361783e-01
1.493245716967847914e+00 8.687877862455184452e-01
1.495000000000000107e+00 8.860966003253205603e-01
1.496758409785932775e+00 9.196343633536931961e-01
1.498520960904380805e+00 9.403296402109885266e-01
1.500287668002829644e+00 9.537653387902013113e-01
1.502058545797922973e+00 9.568127926553221529e-01
1.503833609075868827e+00 9.335169525965764104e-01
1.505612872692853932e+00 9.106269657954896291e-01
1.507396351575456261e+00 8.879094432237770729e-01
1.509184060721062703e+00 8.662820614536880237e-01
1.510976015198290279e+00 8.719952315076163751e-01
1.512772230147408692e+00 8.886608820166256306e-01
1.514572720780766657e+00 9.105436842185141710e-01
1.516377502383222220e+00 9.459075458802227443e-01
1.518186590312574857e+00 9.624317916701977671e-01
1.520000000000000240e+00 9.645097844547972921e-01
