1.499999999999999932e-07
1.575000000000000008e-07
1.274999999999999439e-07
1.499999999999999932e-07
1.282499999999999209e-07
1.511588541666667128e-07
1.737303240740741879e-07
1.369936844939557410e-07
1.402722702689186674e-07
1.488652220597472039e-07
1.623233084566432400e-07
1.422559908084168378e-07
1.440305568022281388e-07
1.487762665055380822e-07
1.431823816046889035e-07
1.486054751406598550e-07
1.442393301619339636e-07
1.478987431891225921e-07
1.437066974766314385e-07
1.477273690580556896e-07
1.539241706024172473e-07
1.446800740471720850e-07
1.449127403313729790e-07
1.478421415508667290e-07
1.456041741759458763e-07
1.460814850131576067e-07
1.446782414908755190e-07
1.436635239623074862e-07
1.477109570540065241e-07
1.453144175721900828e-07
1.458030258092987247e-07
1.460247163670610538e-07
1.428441941305955340e-07
1.438829656651876500e-07
1.444103573098596129e-07
1.441096135142574825e-07
1.424249452048877330e-07
1.452740293688482330e-07
1.454899664257491700e-07
1.442182030922225352e-07
1.443888209242615921e-07
1.446181152743651405e-07
1.433579113907438428e-07
1.448744169385180156e-07
1.450314527652920132e-07
1.443014939291356171e-07
1.448392334922389985e-07
1.444134653518287965e-07
1.443860186334668699e-07
1.448969836713295363e-07
1.443598254400830128e-07
1.447125109771608748e-07
1.444540075023872350e-07
1.447028836796243178e-07
1.443956005919295692e-07
1.443773101074465356e-07
1.440524600482153383e-07
1.438358027597477255e-07
1.441611910699381284e-07
1.439866276990650010e-07
1.443104147817991212e-07
1.443205298716370287e-07
1.441781020031720409e-07
1.442828477424368421e-07
1.442056652882377318e-07
1.442667674257268119e-07
1.442311668062104950e-07
1.442573413204520313e-07
1.442060406447167725e-07
1.441126923225564023e-07
1.441373800210141902e-07
1.441890346790360713e-07
1.441548421349290848e-07
1.441715950168257690e-07
1.440926137593734457e-07
1.440678858418021447e-07
1.439529642172469247e-07
1.438742970378441355e-07
1.439562696698806834e-07
1.439108333987347252e-07
1.439065969557540032e-07
1.439401917650773829e-07
1.438471711413859877e-07
1.440096870191586477e-07
1.439455509806995832e-07
1.439540662570905610e-07
1.440203951992086947e-07
1.439940729777250045e-07
1.440074061789786084e-07
1.439102081268831364e-07
1.439974372097651014e-07
1.439617249688115163e-07
1.439688712731750793e-07
1.440116208598015494e-07
1.440094067006309452e-07
1.439651838717954338e-07
1.440019459003702483e-07
1.439748576573666015e-07
1.439963023166919058e-07
1.440042954286457958e-07
1.439725076336064525e-07
1.439993215737920474e-07
1.439812626571374462e-07
1.439850248426762693e-07
1.440164210359793151e-07
1.440310587831504633e-07
1.439927171752444631e-07
1.440018832606746215e-07
1.440081462900617758e-07
1.439970049406603199e-07
1.439970838937350607e-07
1.439980837553159286e-07
1.440099490098458621e-07
1.439890181847286666e-07
1.440002571504630929e-07
1.440157894058536525e-07
1.440102120082368977e-07
1.440111867992163406e-07
1.440089097932211196e-07
1.440056343226238068e-07
1.440058096389702833e-07
1.439991730789554715e-07
1.439953986203768049e-07
1.439995188366646197e-07
1.439992451127851434e-07
1.439994468047821442e-07
1.440059921066370508e-07
1.439976055917759554e-07
1.440007164324349057e-07
1.439997113101008824e-07
1.440004519262317327e-07
1.439998656049776975e-07
1.440002976310539563e-07
1.440043523497458629e-07
1.439990111629667880e-07
1.439992000677595145e-07
1.440027578630832830e-07
1.439974053751076430e-07
1.440019032112114640e-07
1.439983424227910031e-07
1.439984683588020120e-07
1.440008402227707459e-07
1.439972718971231068e-07
1.440002704533951827e-07
1.439978965956775183e-07
1.439979805527883891e-07
1.439995617956206825e-07
1.439971829117086648e-07
1.439991819487211180e-07
1.439975993774556074e-07
1.439976553487606636e-07
1.439987095107316920e-07
1.439971235880584057e-07
1.439984562791767686e-07
1.439974012319092973e-07
1.439974385460671753e-07
1.439981413207513382e-07
1.439970840389401983e-07
1.439979724995865648e-07
1.439972691348494571e-07
