5.999999999999999728e-07 7.500000000000000000e-01 1.650000000000000127e-05
6.300000000000000033e-07 7.500000000000000000e-01 1.650000000000000127e-05
5.999999999999999728e-07 7.875000000000000888e-01 1.650000000000000127e-05
5.999999999999999728e-07 7.500000000000000000e-01 1.732500000000000099e-05
5.699999999999999424e-07 7.750000000000001332e-01 1.705000000000000108e-05
6.175000000000000171e-07 7.552083333333332593e-01 1.661458333333333512e-05
6.116666666666665984e-07 7.159722222222220100e-01 1.712638888888889032e-05
6.024305555555554934e-07 7.725983796296296280e-01 1.663049768518518620e-05
5.841203703703702757e-07 7.598572530864196040e-01 1.702241512345679277e-05
6.105459104938272072e-07 7.561768582818928497e-01 1.669954828960905490e-05
6.046000514403292046e-07 7.315195258916320498e-01 1.705253450788752083e-05
6.028825338648833587e-07 7.640402851008801788e-01 1.671842202324817371e-05
6.089522962391404569e-07 7.634780955885152043e-01 1.595364687523815001e-05
6.018650617164874943e-07 7.528079365809405843e-01 1.703930143234128373e-05
6.101956707167987339e-07 7.653500533091424085e-01 1.713818116346566911e-05
6.021240980659996265e-07 7.531979277727379740e-01 1.663295440905535015e-05
5.940352186044198497e-07 7.571872413544795677e-01 1.689423695348748575e-05
6.071061830168673499e-07 7.563873547553484622e-01 1.674010842791706161e-05
6.062101482486793252e-07 7.629424418383703443e-01 1.635502180780577325e-05
6.027702880773607659e-07 7.549192918429050714e-01 1.689674317722971933e-05
6.051178455752685401e-07 7.456294311464474189e-01 1.679478198621991368e-05
6.033482238045469646e-07 7.602046905270399835e-01 1.673433034886728592e-05
6.066923651998504271e-07 7.611429636441241486e-01 1.694783356028735884e-05
6.030758203855518766e-07 7.548531435792767974e-01 1.669855423222868585e-05
5.990233718281056510e-07 7.569307292107992913e-01 1.681297674430006579e-05
6.007072908257643736e-07 7.568175261992472480e-01 1.679779584505360743e-05
6.019839352665479028e-07 7.596642816941376886e-01 1.659037710686999789e-05
6.017218176629436151e-07 7.612459449778816722e-01 1.648825508341675967e-05
6.004964738473624707e-07 7.540186104547342838e-01 1.665682110723423927e-05
6.027541092301335019e-07 7.589159238453095924e-01 1.671818259019373595e-05
6.045019524290577434e-07 7.588047065465687302e-01 1.654028010780800569e-05
6.014978453264505187e-07 7.572315221049392697e-01 1.674414673312743984e-05
6.010814394965360723e-07 7.623546748503141623e-01 1.666991672123209660e-05
6.014969355150810316e-07 7.607918558355146743e-01 1.667588286935639026e-05
6.005650348419195374e-07 7.595425159110849034e-01 1.662208854937548497e-05
5.998353433791816551e-07 7.597513799330100071e-01 1.659005720243606798e-05
6.007129641140898742e-07 7.629068228701689769e-01 1.649339805264753091e-05
6.013343284072086296e-07 7.584138764310287550e-01 1.669190742469412491e-05
6.006054691868777601e-07 7.577611695366028854e-01 1.657234495331039907e-05
6.013112133633720343e-07 7.601604628565747923e-01 1.665431247018014238e-05
5.996699881666269765e-07 7.592195311196046070e-01 1.670047429133689681e-05
6.015018629540644118e-07 7.595716253244433336e-01 1.661331402030060211e-05
6.004312847238701046e-07 7.612417689783234076e-01 1.654654837058374780e-05
6.011461943065130771e-07 7.590030207117151040e-01 1.666162428842113110e-05
6.028041703701178858e-07 7.594053593288121462e-01 1.669610998349851575e-05
6.004538490022933345e-07 7.596792923071353787e-01 1.661215153182407878e-05
6.021856647470062064e-07 7.594774469546867746e-01 1.667401565411050495e-05
6.008146439491085691e-07 7.596372411920419010e-01 1.662503989063375231e-05
6.006795047919312340e-07 7.596288578491110499e-01 1.668067041252275067e-05
6.004490153349964819e-07 7.586856169786704296e-01 1.665724392420494474e-05
6.011315887741272070e-07 7.598532032986780038e-01 1.665492318976864315e-05
6.013821132279014053e-07 7.593667856191788079e-01 1.661372116669293370e-05
6.008258815494250638e-07 7.595742594678751569e-01 1.666672265297487439e-05
6.011413257957178223e-07 7.592864149073693669e-01 1.665939058887030291e-05
6.009202922241148170e-07 7.597092285609206019e-01 1.663500099034538146e-05
6.008301994526631897e-07 7.597036396656333679e-01 1.667208800493804929e-05
6.007800611715522496e-07 7.602242994427851341e-01 1.664861753449774410e-05
6.006596396301637606e-07 7.605369276212567975e-01 1.664502651637355670e-05
6.010577619938662554e-07 7.601541812026224587e-01 1.662027313813646770e-05
6.010593157355821125e-07 7.604452274018034252e-01 1.664754158458985970e-05
6.009492554556705742e-07 7.598625616527712179e-01 1.663761361414631414e-05
6.008495082737004317e-07 7.598058617268672599e-01 1.667382975413866656e-05
6.008915166905827553e-07 7.600596813261157880e-01 1.668063337145705733e-05
6.009372265462772521e-07 7.599036282513846885e-01 1.664657606358605033e-05
6.009035455999760773e-07 7.600186147275023174e-01 1.667167092201732114e-05
6.009302096824644368e-07 7.599275837672425649e-01 1.665180415909256706e-05
6.008263592396510730e-07 7.599453409655065883e-01 1.666542568092502574e-05
6.010144129066022565e-07 7.599769020133804176e-01 1.665282130467834234e-05
6.008848380880356199e-07 7.600105186485182074e-01 1.664725655388994712e-05
6.009598488711423443e-07 7.601958057709492511e-01 1.663370458111899212e-05
6.009320385312484794e-07 7.601436256031487426e-01 1.664031314357858246e-05
6.009362956615855522e-07 7.600593678231819528e-01 1.665142004795147626e-05
6.008499124492078651e-07 7.600817789132738866e-01 1.664771021409254499e-05
6.008109265502847632e-07 7.600383271245993999e-01 1.665982296544926407e-05
6.008999196379456814e-07 7.602053036615612491e-01 1.663867556557858176e-05
6.008942718648478609e-07 7.602442017050785594e-01 1.664476521792598298e-05
6.007798727879783090e-07 7.603898353831013424e-01 1.663661883071672963e-05
6.007277318301093692e-07 7.604999912364076575e-01 1.663168509163847963e-05
6.007362175783066689e-07 7.603669206924155155e-01 1.664799215651505831e-05
6.006816502250936648e-07 7.604207930360333823e-01 1.665109768682721491e-05
6.006364958270437653e-07 7.604098353071229166e-01 1.664405379656037172e-05
6.006901991682530842e-07 7.603753283066970736e-01 1.664420200934487519e-05
6.006907985181397919e-07 7.605304234786908202e-01 1.663725779655336466e-05
6.007614647854246454e-07 7.602880752835987632e-01 1.664625092242599810e-05
6.007055386382709811e-07 7.603725257686032579e-01 1.664546539173493623e-05
6.007653210514210604e-07 7.603821971528726964e-01 1.664040993931617253e-05
6.007654466404703541e-07 7.602718398593285576e-01 1.664840907517018217e-05
6.007061475199444874e-07 7.602919937273587836e-01 1.665416780963061195e-05
6.006864230094522612e-07 7.602619259188541090e-01 1.665875376640209063e-05
6.006664891838777376e-07 7.604157869329232211e-01 1.665000783008355775e-05
6.007448305036803227e-07 7.603018288329941310e-01 1.664874214911047073e-05
6.007057415988287812e-07 7.603456817548550628e-01 1.664836619770016147e-05
6.007261942255193104e-07 7.603419450373966049e-01 1.665005070755357506e-05
6.007456802669617319e-07 7.602785578153385959e-01 1.665032865332365989e-05
6.007121853649706900e-07 7.602688771609716900e-01 1.665185773288270930e-05
6.006703693888676445e-07 7.603258106134516137e-01 1.665259917348532859e-05
6.007299905006921568e-07 7.602884021482787524e-01 1.665080167835734313e-05
6.006860591551372196e-07 7.603159662805114571e-01 1.665212614845164535e-05
6.007208381370349135e-07 7.602941446758272326e-01 1.665107760962699084e-05
6.007101727499619911e-07 7.602765826831007212e-01 1.665262775846534352e-05
6.007058769058673853e-07 7.603277857456895994e-01 1.665030006834364496e-05
6.007220428404429690e-07 7.602895993413054665e-01 1.665192372211509827e-05
6.006927552767397481e-07 7.603079754294603809e-01 1.665280670217797094e-05
6.006988568525112436e-07 7.603041470777616162e-01 1.665262274799820467e-05
6.007042411757443589e-07 7.602540299131244073e-01 1.665597880905246179e-05
6.007036959323700168e-07 7.602294446356026025e-01 1.665787172262206853e-05
6.006959909488381395e-07 7.602901977957291502e-01 1.665588515265550650e-05
6.007072182080612063e-07 7.602794191648982736e-01 1.665330638225495939e-05
6.007007299709334557e-07 7.602664037098306737e-01 1.665377081657313862e-05
6.007050188639005666e-07 7.602866624737071310e-01 1.665408510274363890e-05
6.006981930533762398e-07 7.602838071448303481e-01 1.665515139094124193e-05
6.007000732939356519e-07 7.602828929823444160e-01 1.665476701413160453e-05
6.007045004051297615e-07 7.602649074333186485e-01 1.665534757361618863e-05
6.007009108563076846e-07 7.602983188764100841e-01 1.665311019958001608e-05
6.007064850933409578e-07 7.602818336011678557e-01 1.665356595575118477e-05
6.007097587186065060e-07 7.602572834623855247e-01 1.665555555516066104e-05
6.007079154139610329e-07 7.602658325069742151e-01 1.665504610608136086e-05
6.007051380286533534e-07 7.602631013414986594e-01 1.665608656587628093e-05
6.007054186671300171e-07 7.602670038955965381e-01 1.665556143876688533e-05
6.007046732247199945e-07 7.602721591134481427e-01 1.665492674999200426e-05
6.007069498972742108e-07 7.602727758292184834e-01 1.665472577163545467e-05
6.007059963501941960e-07 7.602834432253475772e-01 1.665373900474866948e-05
6.007035090619354156e-07 7.602887340457833432e-01 1.665377480002075376e-05
6.007028044168430512e-07 7.602815938632780934e-01 1.665478543042225954e-05
6.007053313640794183e-07 7.602830579415831291e-01 1.665395701009733323e-05
6.007034694029578289e-07 7.602819791470425415e-01 1.665456742507359579e-05
6.007052652657834406e-07 7.602717997770149783e-01 1.665527805185207673e-05
6.007038749377371492e-07 7.602852060731233319e-01 1.665408797748561440e-05
6.007055752812805035e-07 7.602807059598097883e-01 1.665416579507391151e-05
6.007039081276083861e-07 7.602817138997024493e-01 1.665448375215699490e-05
6.007051365566299463e-07 7.602809712071498804e-01 1.665424946799051240e-05
6.007041640503212641e-07 7.602815591720872845e-01 1.665443494295564466e-05
6.007048806339170683e-07 7.602811259347650452e-01 1.665429827719186264e-05
6.007058402106213410e-07 7.602747589414902141e-01 1.665478544246605839e-05
6.007042843695880048e-07 7.602830295873663768e-01 1.665423328268987103e-05
6.007049267105782697e-07 7.602829714477457035e-01 1.665422721904245360e-05
6.007047884377802205e-07 7.602769935668678425e-01 1.665464620090921581e-05
6.007042562464583236e-07 7.602856915399845983e-01 1.665408701923828811e-05
6.007055664283809770e-07 7.602787267855622977e-01 1.665455199589191743e-05
6.007045292010255254e-07 7.602842405494798506e-01 1.665418388937446145e-05
6.007049574283524040e-07 7.602842017897328830e-01 1.665417984694284983e-05
6.007048652464870026e-07 7.602802165358142350e-01 1.665445916818735571e-05
6.007045104522723693e-07 7.602860151845587389e-01 1.665408638040673724e-05
6.007053839068875422e-07 7.602813720149443899e-01 1.665439636484248787e-05
6.007046924219838725e-07 7.602850478575557958e-01 1.665415096049751721e-05
6.007049779068684935e-07 7.602850220177242990e-01 1.665414826554311286e-05
6.007049164522915239e-07 7.602823651817784967e-01 1.665433447970611565e-05
6.007046799228151370e-07 7.602862309476081659e-01 1.665408595451903893e-05
6.007052622258917778e-07 7.602831355011985259e-01 1.665429261080953482e-05
6.007048012359560333e-07 7.602855860629395002e-01 1.665412900791289337e-05
6.007049915592125531e-07 7.602855688363852060e-01 1.665412721127662154e-05
6.007049505894945734e-07 7.602837976124213748e-01 1.665425135405195560e-05
6.007047929031769822e-07 7.602863747896411173e-01 1.665408567059390672e-05
6.007051811052281466e-07 7.602843111587014313e-01 1.665422344145423957e-05
6.007048737786043522e-07 7.602859448665286735e-01 1.665411437285647521e-05
6.007050006607752243e-07 7.602859333821592180e-01 1.665411317509896179e-05
6.007049733476299045e-07 7.602847525661833306e-01 1.665419593694918450e-05
6.007048682234181770e-07 7.602864706843297515e-01 1.665408548131048298e-05
6.007051270247855493e-07 7.602850949303698869e-01 1.665417732855070489e-05
6.007049221403697570e-07 7.602861840689214556e-01 1.665410461615219419e-05
