1.120000000000000107e+00 1.652635061338219398e-04
1.120986610288935870e+00 1.599634591572406572e-04
1.121974960324457982e+00 1.548186497592638161e-04
1.122965054712319333e+00 1.493217611235449162e-04
1.123956898074545130e+00 1.477359622184187880e-04
1.124950495049505061e+00 1.391290367619668861e-04
1.125945850291983907e+00 1.333486972051838157e-04
1.126942968473255480e+00 1.242179251681284206e-04
1.127941854281155898e+00 1.133535894515204552e-04
1.128942512420155975e+00 1.073531756743538213e-04
1.129944947611436712e+00 9.635378274085102106e-05
1.130949164592961464e+00 9.076461691876710244e-05
1.131955168119551880e+00 8.319357772521884830e-05
1.132962962962963172e+00 7.463829934044811226e-05
1.133972553911958725e+00 7.071138066191749543e-05
1.134983945772386926e+00 6.155848871614930519e-05
1.135997143367255990e+00 5.832252432386131439e-05
1.137012151536811899e+00 5.273251760388082698e-05
1.138028975138615895e+00 4.669683986257740780e-05
1.139047619047619087e+00 4.458678817878397458e-05
1.140068088156244608e+00 3.625537171713947497e-05
1.141090387374462223e+00 3.393072023712295516e-05
1.142114521629869150e+00 2.817796857153250913e-05
1.143140495867768669e+00 2.332028433185416683e-05
1.144168315051249829e+00 2.245685125469451415e-05
1.145197984161267168e+00 1.592918718372665822e-05
1.146229508196721314e+00 1.687040235211478687e-05
1.147262892174540250e+00 1.180007124544927695e-05
1.148298141129760142e+00 9.598703231747370698e-06
1.149335260115607271e+00 8.769050256283057664e-06
1.150374254203579971e+00 1.248347871066030120e-06
1.151415128483532779e+00 6.084586182227062645e-06
1.152457888063756597e+00 1.330641676109836034e-06
1.153502538071066175e+00 1.779072996442678564e-05
1.154549083650880270e+00 2.893486089648412694e-05
1.155597529967308246e+00 7.178091770412336001e-06
1.156647882203235778e+00 6.792229725655547529e-05
1.157700145560407679e+00 1.090354797927906098e-04
1.158754325259515605e+00 4.075941032097888202e-05
1.159810426540284434e+00 4.150276887364140065e-05
1.160868454661558191e+00 9.818088437592801122e-05
1.161928414901388207e+00 9.193672174556246691e-05
1.162990312557119488e+00 5.309698795781507297e-05
1.164054152945481313e+00 5.479475177537647244e-05
1.165119941402673609e+00 1.990290773585104748e-04
1.166187683284457544e+00 4.461101682256069976e-04
1.167257383966245010e+00 5.019452088865077608e-04
1.168329048843187667e+00 3.122406174836251909e-04
1.169402683330270198e+00 1.974743810655910016e-04
1.170478292862398906e+00 2.459223046756718253e-04
1.171555882894494527e+00 4.561444434054362442e-04
1.172635458901585048e+00 8.026037420831713199e-04
1.173717026378896966e+00 8.453214388242833409e-04
1.174800590841949877e+00 5.390679940012663412e-04
1.175886157826649736e+00 3.330088363957800892e-04
1.176973732889382340e+00 3.142190230267612378e-04
1.178063321607110137e+00 4.912098627352802895e-04
1.179154929577464817e+00 8.847778195789584134e-04
1.180248562418846570e+00 1.244464728752976831e-03
1.181344225770516454e+00 1.282773782889720573e-03
1.182441925292696538e+00 1.019633921488231898e-03
1.183541666666666936e+00 7.882802738746191992e-04
1.184643455594861505e+00 7.311035656130326302e-04
1.185747297800969102e+00 8.258924989100964497e-04
1.186853199030031725e+00 1.080735278650788193e-03
1.187961165048543544e+00 1.328456932528569116e-03
1.189071201644552378e+00 1.405396692484895326e-03
1.190183314627759170e+00 1.267537640790272193e-03
1.191297509829620127e+00 1.035106831630469397e-03
1.192413793103448416e+00 8.985057326627808854e-04
1.193532170324516972e+00 8.722263186527791107e-04
1.194652647390161526e+00 9.631521417113745112e-04
1.195775230219883634e+00 1.127289334481852440e-03
1.196899924755455258e+00 1.267566685837665658e-03
1.198026736961024463e+00 1.354492060914168133e-03
1.199155672823219110e+00 1.344290315784585051e-03
1.200286738351254545e+00 1.297465614357650072e-03
1.201419939577039298e+00 1.266274097784894073e-03
1.202555282555282767e+00 1.252505641380346731e-03
1.203692773363602031e+00 1.285203975921812283e-03
1.204832418102632197e+00 1.315213182148049654e-03
1.205974222896133652e+00 1.342636202599616687e-03
1.207118193891102420e+00 1.365005433105160107e-03
1.208264337257880960e+00 1.373663789583342296e-03
1.209412659190268302e+00 1.413510708185773028e-03
1.210563165905631733e+00 1.461902069198293313e-03
1.211715863645020042e+00 1.531886832569266015e-03
1.212870758673274985e+00 1.608029112021393432e-03
1.214027857279145195e+00 1.660205048313724216e-03
1.215187165775401201e+00 1.714251912978278884e-03
1.216348690498948670e+00 1.745727493499930460e-03
1.217512437810945425e+00 1.782024589529921082e-03
1.218678414096916462e+00 1.819527136506755806e-03
1.219846625766871195e+00 1.827824238928620840e-03
1.221017079255421356e+00 1.816720383687844701e-03
1.222189781021898014e+00 1.749765117743128096e-03
1.223364737550471038e+00 1.663680074137827451e-03
1.224541955350269662e+00 1.591718899907907303e-03
1.225721440955499952e+00 1.560084129977248359e-03
1.226903200925568926e+00 1.621013612554304513e-03
1.228087241845204014e+00 1.751177863249115665e-03
1.229273570324574960e+00 1.945890773552112372e-03
1.230462192999420168e+00 2.139679138526637443e-03
1.231653116531165493e+00 2.261924043148805068e-03
1.232846347607053028e+00 2.308537264290842078e-03
1.234041892940263896e+00 2.273075846487254692e-03
1.235239759270044813e+00 2.241712577828434711e-03
1.236439953361834654e+00 2.266283014258492837e-03
1.237642482007391687e+00 2.377729387813575391e-03
1.238847352024922355e+00 2.597417869906947993e-03
1.240054570259208955e+00 2.843704307193901677e-03
1.241264143581740198e+00 3.048435852837979871e-03
1.242476078890841773e+00 3.096398379640107751e-03
1.243690383111806241e+00 2.956839933690063368e-03
1.244907063197026043e+00 2.733324529713669713e-03
1.246126126126126277e+00 2.520786625928068611e-03
1.247347578906096821e+00 2.446715837691385356e-03
1.248571428571428665e+00 2.542165717659858066e-03
1.249797682184246694e+00 2.806180045274140038e-03
1.251026346834447800e+00 3.207587710423973146e-03
1.252257429639834774e+00 3.618809902360957832e-03
1.253490937746257305e+00 3.949909439804129459e-03
1.254726878327745876e+00 4.098532175138167206e-03
1.255965258586656086e+00 4.107685227314398016e-03
1.257206085753803881e+00 4.121432624717645196e-03
1.258449367088607884e+00 4.232366272700943850e-03
1.259695109879231945e+00 4.545028779510751522e-03
1.260943321442727028e+00 5.026051075567734491e-03
1.262194009125173766e+00 5.603974232515873156e-03
1.263447180301827011e+00 6.136009300198489759e-03
1.264702842377261049e+00 6.419760822197452532e-03
1.265961002785515266e+00 6.441842448228846975e-03
1.267221668990240913e+00 6.273603707480357276e-03
1.268484848484848548e+00 6.113861669243175583e-03
1.269750548792656364e+00 6.128011291614817412e-03
1.271018777467039618e+00 6.359005901485494799e-03
1.272289542091581849e+00 6.854311298166403110e-03
1.273562850280224534e+00 7.498918133224385767e-03
1.274838709677419413e+00 8.164741355565474298e-03
1.276117127958283470e+00 8.699130959193938917e-03
1.277398112828749488e+00 9.025252750916276309e-03
1.278681672025723692e+00 9.314643907658794533e-03
1.279967813317239855e+00 9.711983804072990903e-03
1.281256544502618056e+00 1.040141158843466314e-02
1.282547873412618555e+00 1.144599936851233533e-02
1.283841807909604560e+00 1.276741125432132723e-02
1.285138355887699424e+00 1.426463937708676022e-02
1.286437525272947857e+00 1.566633767838401109e-02
1.287739324023477128e+00 1.689738766354096505e-02
1.289043760129659821e+00 1.803798958251284779e-02
1.290350841614277044e+00 1.931954536396781816e-02
1.291660576532683846e+00 2.113010446587679225e-02
1.292972972972973089e+00 2.366281606040810531e-02
1.294288039056143313e+00 2.711129596735417299e-02
1.295605782936265937e+00 3.137821696563799362e-02
1.296926212800652234e+00 3.616281385022707823e-02
1.298249336870026749e+00 4.133978168637748168e-02
1.299575163398692945e+00 4.693030454937874296e-02
1.300903700674708841e+00 5.347759636347441947e-02
1.302234957020057315e+00 6.147715036934685989e-02
1.303568940790821529e+00 7.114018993825177439e-02
1.304905660377358556e+00 8.235006015009618818e-02
1.306245124204475472e+00 9.418630028387420250e-02
1.307587340731607206e+00 1.058504038630583011e-01
1.308932318452993515e+00 1.170117942766118746e-01
1.310280065897858393e+00 1.280363234489399760e-01
1.311630591630591924e+00 1.397536495287925451e-01
1.312983904250928813e+00 1.519811528758794883e-01
1.314340012394133783e+00 1.636726496532892317e-01
1.315698924731182995e+00 1.731509135746272798e-01
1.317060649968950559e+00 1.792636054678562185e-01
1.318425196850393943e+00 1.826407186136645711e-01
1.319792574154739828e+00 1.838411391444757514e-01
1.321162790697674394e+00 1.821869317063966875e-01
1.322535855331531840e+00 1.757139594143250216e-01
1.323911776945484675e+00 1.626321549988747339e-01
1.325290564465736454e+00 1.437708616090635216e-01
1.326672226855713399e+00 1.214539335636503070e-01
1.328056773116260025e+00 9.775800996279028487e-02
1.329444212285833871e+00 7.437168759490245251e-02
1.330834553440702894e+00 5.292897579080656917e-02
1.332227805695142653e+00 3.508722639550240080e-02
1.333623978201635030e+00 2.154284486015732927e-02
1.335023080151070074e+00 1.224194848045485721e-02
1.336425120772946951e+00 6.702022743438548757e-03
1.337830109335576223e+00 3.781679647290307322e-03
1.339238055146285022e+00 2.420736141311581949e-03
1.340648967551622439e+00 1.845804755162637001e-03
1.342062855937566024e+00 1.603122244988060014e-03
1.343479729729729844e+00 1.545749019698036729e-03
1.344899598393574536e+00 1.567231064294831054e-03
1.346322471434617141e+00 1.648006290982096311e-03
1.347748358398644486e+00 1.734206803635062865e-03
1.349177268871925683e+00 1.826839324615641899e-03
1.350609212481426624e+00 1.939574885806790447e-03
1.352044198895027804e+00 2.052376526500739127e-03
1.353482237821739931e+00 2.199443655776071611e-03
1.354923339011925076e+00 2.345344345772173988e-03
1.356367512257514507e+00 2.511711062038706008e-03
1.357814767392232280e+00 2.690097657845179607e-03
1.359265114291817955e+00 2.867996362951083511e-03
1.360718562874251747e+00 3.079854060425210767e-03
1.362175123099978791e+00 3.286225598552487345e-03
1.363634804972139181e+00 3.521257128560198370e-03
1.365097618536794899e+00 3.754197784314552890e-03
1.366563573883161631e+00 3.968022491983923088e-03
1.368032681143840135e+00 4.179837788560776188e-03
1.369504950495049833e+00 4.340821655487268546e-03
1.370980392156863070e+00 4.506621735704549950e-03
1.372459016393442699e+00 4.658801011185779474e-03
1.373940833513280335e+00 4.818760397293593047e-03
1.375425853869433945e+00 5.019042191777465904e-03
1.376914087859770763e+00 5.212567660754104625e-03
1.378405545927209763e+00 5.448302672088278613e-03
1.379900238559965464e+00 5.671824357881376233e-03
1.381398176291793511e+00 5.894858644259366558e-03
1.382899369702238923e+00 6.132707261367774908e-03
1.384403829416884335e+00 6.339414160458712970e-03
1.385911566107602244e+00 6.577408592395125007e-03
1.387422590492804364e+00 6.781936461570715370e-03
1.388936913337699419e+00 6.967877153210611657e-03
1.390454545454545610e+00 7.128747920416187225e-03
1.391975497702909959e+00 7.210869796821220076e-03
1.393499780989925885e+00 7.291309736977375985e-03
1.395027406270554771e+00 7.325263603752726026e-03
1.396558384547849085e+00 7.378671947168813708e-03
1.398092726873214842e+00 7.471002615501578549e-03
1.399630444346678271e+00 7.565486275190130838e-03
1.401171548117154941e+00 7.724314505180973796e-03
1.402716049382716212e+00 7.855027918339493528e-03
1.404263959390863237e+00 7.991735946023741793e-03
1.405815289438798299e+00 8.111833383563468031e-03
1.407370050873700595e+00 8.178033804420919983e-03
1.408928255093002901e+00 8.267521512134626271e-03
1.410489913544668905e+00 8.302201475146856260e-03
1.412055037727474760e+00 8.345769041759057427e-03
1.413623639191290859e+00 8.368948140095967131e-03
1.415195729537366942e+00 8.337841998511888106e-03
1.416771320418615199e+00 8.325162895471398955e-03
1.418350423539902039e+00 8.256555208515904687e-03
1.419933050658335194e+00 8.229369427917635621e-03
1.421519213583556818e+00 8.228857022358492673e-03
1.423108924178036361e+00 8.250974775476416917e-03
1.424702194357366780e+00 8.359101740648158113e-03
1.426299036090562744e+00 8.446612870870142536e-03
1.427899461400359282e+00 8.577831197091980928e-03
1.429503482363513989e+00 8.677318635163439042e-03
1.431111111111111445e+00 8.729772122861337649e-03
1.432722359828867420e+00 8.793596220721677792e-03
1.434337240757439291e+00 8.782836957363898689e-03
1.435955766192733130e+00 8.807884300450307194e-03
1.437577948486218116e+00 8.805424137422825787e-03
1.439203800045238735e+00 8.786387285174404593e-03
1.440833333333333410e+00 8.796833175235049124e-03
1.442466560870550918e+00 8.741432394299943759e-03
1.444103495233772350e+00 8.737901971317733885e-03
1.445744149057032635e+00 8.716704579174214262e-03
1.447388535031847390e+00 8.722114562132629936e-03
1.449036665907538435e+00 8.798244513281814824e-03
1.450688554491564197e+00 8.845742040416073454e-03
1.452344213649851890e+00 8.962885882419124178e-03
1.454003656307129910e+00 9.020279593413678410e-03
1.455666895447266240e+00 9.043028187742484583e-03
1.457333944113605506e+00 9.043931004552916916e-03
1.459004815409310041e+00 8.939227517939683440e-03
1.460679522497704275e+00 8.872623690440412797e-03
1.462358078602620015e+00 8.745293641311262245e-03
1.464040497008743946e+00 8.636138478578423219e-03
1.465726791061967349e+00 8.556470042539301990e-03
1.467416974169741817e+00 8.421599587206731255e-03
1.469111059801431418e+00 8.358434612968906191e-03
1.470809061488673297e+00 8.239267382206025281e-03
1.472510992825735165e+00 8.158521898163651268e-03
1.474216867469879455e+00 8.112482116199736318e-03
1.475926699141730580e+00 8.033371952811729777e-03
1.477640501625638869e+00 8.042568560113472903e-03
1.479358288770053598e+00 7.979447473583246159e-03
1.481080074487895804e+00 7.932912513549437647e-03
1.482805872756933319e+00 7.854768438809205805e-03
1.484535697620158690e+00 7.686666259179298667e-03
1.486269563186171316e+00 7.567585914400998433e-03
1.488007483629560479e+00 7.360771942961031634e-03
1.489749473191290141e+00 7.212068820094807466e-03
1.491495546179090415e+00 7.076465797618055470e-03
1.493245716967847914e+00 6.916762727963844497e-03
1.495000000000000107e+00 6.848498996194621324e-03
1.496758409785932775e+00 6.702597853839009287e-03
1.498520960904380805e+00 6.622778523036859655e-03
1.500287668002829644e+00 6.527442260474699588e-03
1.502058545797922973e+00 6.401722249634827014e-03
1.503833609075868827e+00 6.356313665745606800e-03
1.505612872692853932e+00 6.217075777301154724e-03
1.507396351575456261e+00 6.142202648586646448e-03
1.509184060721062703e+00 6.012534499857829541e-03
1.510976015198290279e+00 5.825503836244111389e-03
1.512772230147408692e+00 5.682869589771093188e-03
1.514572720780766657e+00 5.420961974365649111e-03
1.516377502383222220e+00 5.238091115418553462e-03
1.518186590312574857e+00 5.018480074255257835e-03
1.520000000000000240e+00 4.795633129039525260e-03
