1.080000000000000071e+00 1.041683000932480674e+00
1.080977110286799991e+00 8.034455903629371676e-01
1.081955990220049069e+00 8.687348275802695419e-01
1.082936644611619537e+00 8.643504207056608157e-01
1.083919078290846327e+00 3.100655741700291124e-01
1.084903296104603676e+00 5.200926931970536460e-01
1.085889302917385946e+00 1.131189434773876012e+00
1.086877103611388895e+00 6.629768144582340872e-01
1.087866703086588283e+00 4.899224136727057394e-02
1.088858106260822023e+00 4.298851060029910687e-01
1.089851318069871233e+00 8.477837120881771549e-01
1.090846343467543278e+00 8.561918035452631415e-01
1.091843187425751704e+00 5.990221553337519156e-01
1.092841854934601731e+00 1.104791659283943239e-01
1.093842351002471958e+00 1.614833954482668421e-01
1.094844680656098079e+00 5.558125898430114065e-01
1.095848848940658593e+00 6.227518262746806199e-01
1.096854860919856733e+00 5.902920113566364479e-01
1.097862721676008402e+00 4.692318414864837806e-01
1.098872436310126322e+00 1.171660200120449580e-01
1.099884009942005081e+00 6.604699453012510824e-02
1.100897447710310395e+00 3.793247292358626344e-01
1.101912754772664371e+00 5.472131193654430348e-01
1.102929936305732550e+00 5.511786102850122493e-01
1.103948997505312946e+00 5.383330547149658418e-01
1.104969943586423753e+00 3.965453701252654728e-01
1.105992779783393498e+00 1.105069307109630278e-01
1.107017511349948968e+00 1.260948667527286328e-02
1.108044143559306471e+00 2.601968736258766235e-01
1.109072681704260654e+00 5.025472113380221595e-01
1.110103131097277984e+00 5.477478957054533470e-01
1.111135497070585121e+00 5.197122800493922945e-01
1.112169784976263731e+00 4.426384182895803932e-01
1.113206000186341305e+00 2.747132063039539052e-01
1.114244148092884412e+00 6.672166954558905738e-02
1.115284234108093075e+00 1.286529981981951627e-02
1.116326263664393137e+00 2.164161086220940389e-01
1.117370242214533071e+00 4.386846995627746160e-01
1.118416175231676579e+00 5.184222053108602513e-01
1.119464068209500507e+00 5.233710667448286946e-01
1.120513926662290105e+00 4.473446558542626406e-01
1.121565756125034952e+00 3.061769891956318546e-01
1.122619562153528205e+00 1.454672207449498322e-01
1.123675350324461641e+00 2.170301175094417265e-02
1.124733126235526681e+00 4.006138772245991519e-02
1.125792895505512314e+00 1.774207553441832508e-01
1.126854663774403686e+00 3.045109278586701773e-01
1.127918436703483795e+00 3.790148578122880529e-01
1.128984219975432302e+00 3.809037900190611059e-01
1.130052019294429222e+00 3.194473246162674585e-01
1.131121840386253963e+00 2.321218954439481230e-01
1.132193688998389236e+00 1.283629109246019473e-01
1.133267570900123422e+00 6.470120027407873231e-02
1.134343491882654265e+00 8.429935858949570704e-02
1.135421457759194119e+00 1.460578166772278641e-01
1.136501474365071651e+00 2.025974061729893805e-01
1.137583547557840635e+00 2.151907577602198696e-01
1.138667683217382987e+00 1.808430046310520456e-01
1.139753887246017339e+00 1.290956647266579826e-01
1.140842165568604960e+00 7.294390299189300320e-02
1.141932524132657889e+00 3.060567311217216382e-02
1.143024968908447514e+00 2.650027954405318950e-02
1.144119505889112487e+00 6.736607364311014701e-02
1.145216141090769524e+00 1.393346637139349642e-01
1.146314880552624205e+00 1.972811200210810301e-01
1.147415730337078887e+00 2.093453330569280957e-01
1.148518696529847283e+00 1.794417858202251304e-01
1.149623785240065477e+00 1.187112836338959226e-01
1.150731002600404507e+00 5.914768491501877501e-02
1.151840354767184049e+00 2.948911218773988749e-02
1.152951847920486328e+00 4.215177995073041833e-02
1.154065488264271355e+00 1.013454659732220264e-01
1.155181282026491507e+00 1.816303521409591004e-01
1.156299235459208541e+00 2.468107685761833092e-01
1.157419354838709724e+00 2.762067687346556055e-01
1.158541646465625963e+00 2.568955258322751511e-01
1.159666116665049040e+00 1.994435289666724176e-01
1.160792771786651079e+00 1.203743993056873435e-01
1.161921618204803996e+00 4.358301945641070152e-02
1.163052662318699415e+00 2.052085920480945652e-02
1.164185910552470116e+00 7.357275234018209598e-02
1.165321369355310832e+00 1.688516847643289631e-01
1.166459045201601041e+00 2.555389435737902004e-01
1.167598944591029086e+00 3.003202418988030753e-01
1.168741074048713857e+00 3.040668297809770992e-01
1.169885440125330467e+00 2.749176074017196658e-01
1.171032049397236152e+00 2.153283885734647574e-01
1.172180908466594840e+00 1.339610627808731913e-01
1.173332023961504378e+00 4.976433815984684927e-02
1.174485402536125100e+00 1.175644386821044114e-02
1.175641050870805948e+00 6.118312954092929024e-02
1.176798975672215031e+00 1.618609792168360928e-01
1.177959183673469301e+00 2.510107084516444709e-01
1.179121681634264229e+00 2.962486710610450769e-01
1.180286476341005475e+00 2.926175381352151827e-01
1.181453574606941670e+00 2.562666020288441593e-01
1.182622983272295203e+00 1.982517087765914843e-01
1.183794709204398998e+00 1.232215000973067714e-01
1.184968759297828189e+00 4.945646704689331263e-02
1.186145140474535786e+00 1.169874213034990257e-02
1.187323859683990790e+00 4.031776152794547263e-02
1.188504923903312527e+00 1.207757338045123557e-01
1.189688340137409206e+00 2.041381492524135810e-01
1.190874115419117141e+00 2.600307993262231387e-01
1.192062256809338860e+00 2.796608097791561387e-01
1.193252771397183665e+00 2.642481598309112667e-01
1.194445666300110176e+00 2.175324628527075255e-01
1.195640948664064895e+00 1.424437148173762213e-01
1.196838625663628308e+00 6.494722050270809732e-02
1.198038704502155882e+00 2.685037631705626537e-02
1.199241192411923951e+00 4.747713473960135655e-02
1.200446096654275152e+00 1.112713407474357347e-01
1.201653424519762536e+00 1.844805766041122952e-01
1.202863183328299446e+00 2.455849257202680214e-01
1.204075380429305620e+00 2.867668034485546524e-01
1.205290023201856187e+00 2.970688678158586726e-01
1.206507119054831989e+00 2.711088111589280980e-01
1.207726675427069685e+00 2.123934237517015322e-01
1.208948699787514069e+00 1.364733017327448283e-01
1.210173199635369068e+00 8.026505318519433496e-02
1.211400182500253386e+00 7.074511113449633015e-02
1.212629655942352613e+00 1.017175175834695716e-01
1.213861627552575539e+00 1.480304731688203979e-01
1.215096104952710254e+00 1.865664442909585885e-01
1.216333095795581798e+00 2.077996827347798336e-01
1.217572607765209369e+00 2.068452182472742262e-01
1.218814648576966198e+00 1.802878016937225214e-01
1.220059225977739192e+00 1.355346255215283957e-01
1.221306347746090148e+00 8.992888266538730246e-02
1.222556021692417838e+00 6.759660088821088653e-02
1.223808255659121214e+00 8.255890593673942401e-02
1.225063057520762833e+00 1.227916338661214635e-01
1.226320435184235169e+00 1.667365058480117512e-01
1.227580396588924261e+00 1.971748793663531396e-01
1.228842949706880683e+00 2.047287835003299417e-01
1.230108102542983417e+00 1.891180334800030005e-01
1.231375863135113047e+00 1.542259948528701130e-01
1.232646239554317624e+00 1.124462428420815452e-01
1.233919239904988085e+00 8.254155481537078787e-02
1.235194872325028115e+00 7.753231268344686067e-02
1.236473144986029338e+00 1.009088895058220525e-01
1.237754066093442296e+00 1.432875586072520357e-01
1.239037643886757190e+00 1.870799341411449046e-01
1.240323886639676187e+00 2.175280067308426046e-01
1.241612802660293058e+00 2.235900382052808111e-01
1.242904400291272360e+00 2.038074065585518679e-01
1.244198687910028189e+00 1.690736135499946724e-01
1.245495673928906699e+00 1.357329680750452294e-01
1.246795366795366844e+00 1.213309249294242664e-01
1.248097774992165343e+00 1.326885607295850145e-01
1.249402907037540533e+00 1.625537737642420710e-01
1.250710771485397332e+00 1.986206402192502996e-01
1.252021376925495089e+00 2.267591347732844098e-01
1.253334731983635653e+00 2.375540602201694773e-01
1.254650845321852337e+00 2.302341825205233561e-01
1.255969725638599765e+00 2.098166930641336969e-01
1.257291381668946606e+00 1.895597431235439834e-01
1.258615822184767863e+00 1.839984584955267066e-01
1.259943055994938277e+00 1.978274458619188325e-01
1.261273091945529279e+00 2.244423644296254794e-01
1.262605938920004389e+00 2.487078090821376319e-01
1.263941605839416171e+00 2.589696247927953388e-01
1.265280101662607404e+00 2.530775068512826631e-01
1.266621435386409367e+00 2.351069489615758845e-01
1.267965616045845456e+00 2.168873560573975623e-01
1.269312652714331247e+00 2.111521699977443600e-01
1.270662554503881658e+00 2.228471118610279578e-01
1.272015330565314573e+00 2.482280335754802891e-01
1.273370990088457999e+00 2.750755017651072554e-01
1.274729542302357910e+00 2.920833390802241025e-01
1.276090996475488515e+00 2.962890912244685038e-01
1.277455361915962762e+00 2.911793681558270674e-01
1.278822647971743498e+00 2.878272445660018386e-01
1.280192864030858191e+00 2.947158573170993168e-01
1.281566019521613198e+00 3.088087203570130668e-01
1.282942123912810262e+00 3.232348054945020643e-01
1.284321186713963225e+00 3.322599617722366561e-01
1.285703217475519411e+00 3.378455340564892051e-01
1.287088225789077001e+00 3.500301401203985696e-01
1.288476221287609302e+00 3.741396300238315487e-01
1.289867213645687238e+00 4.064472509758331742e-01
1.291261212579704054e+00 4.364587694135559359e-01
1.292658227848101138e+00 4.590899650166077040e-01
1.294058269251597615e+00 4.855642948049381791e-01
1.295461346633416388e+00 5.242082388843173346e-01
1.296867469879517953e+00 5.720375371784341967e-01
1.298276648918830878e+00 6.269126323005819179e-01
1.299688893723485172e+00 6.839204520958794831e-01
1.301104214309049434e+00 7.348154190926209361e-01
1.302522620734765102e+00 7.715991171859095665e-01
1.303944123103786934e+00 7.913578136415796438e-01
1.305368731563421703e+00 8.029861782666868342e-01
1.306796456305370224e+00 8.145384913509994274e-01
1.308227307565969610e+00 8.300511372031965651e-01
1.309661295626438848e+00 8.524773583084594986e-01
1.311098430813124160e+00 8.751116114089796394e-01
1.312538723497747917e+00 8.922839346974280605e-01
1.313982184097657324e+00 9.022520149204050766e-01
1.315428823076076226e+00 9.018480700775778347e-01
1.316878650942356455e+00 8.970924165420534058e-01
1.318331678252234518e+00 8.922594052717112145e-01
1.319787915608085838e+00 8.891081773881001071e-01
1.321247373659183877e+00 8.932162204151190554e-01
1.322710063101959488e+00 9.012354729701037570e-01
1.324175994680261370e+00 9.111768749013042790e-01
1.325645179185620748e+00 9.224574609546888349e-01
1.327117627457514049e+00 9.283928013344967534e-01
1.328593350383631799e+00 9.305964961980699446e-01
1.330072358900144858e+00 9.285433638970281844e-01
1.331554663991975751e+00 9.208597636719899615e-01
1.333040276693071347e+00 9.151287434389453468e-01
1.334529208086674856e+00 9.116355945093749247e-01
1.336021469305602061e+00 9.139410900552196182e-01
1.337517071532519974e+00 9.254350826328672230e-01
1.339016026000224180e+00 9.381958377327000997e-01
1.340518343991921935e+00 9.506488594067488140e-01
1.342024036841514389e+00 9.558498969226929542e-01
1.343533115933880584e+00 9.477052143684832064e-01
1.345045592705166992e+00 9.343987921857720425e-01
1.346561478643074405e+00 9.190009775222518495e-01
1.348080785287148808e+00 9.111849495837256452e-01
1.349603524229074925e+00 9.187329193797082461e-01
1.351129707112970646e+00 9.340240381838698092e-01
1.352659345635684351e+00 9.551067171933945721e-01
1.354192451547092668e+00 9.710635870052320984e-01
1.355729036650402675e+00 9.715453377700318249e-01
1.357269112802453659e+00 9.619824633269192793e-01
1.358812691914022430e+00 9.414900829400234539e-01
1.360359785950130851e+00 9.222624987328277291e-01
1.361910406930354478e+00 9.156464140955534736e-01
1.363464566929133870e+00 9.191468133336363477e-01
1.365022278076088114e+00 9.371853146400402901e-01
1.366583552556330794e+00 9.581843178711082487e-01
1.368148402610786407e+00 9.701798503628094039e-01
1.369716840536512770e+00 9.745221675900247460e-01
1.371288878687019430e+00 9.631444727423417174e-01
1.372864529472595629e+00 9.459412636741281188e-01
1.374443805360635151e+00 9.317714131577592429e-01
1.376026718875964505e+00 9.198464652638886907e-01
1.377613282601175992e+00 9.226925109377198675e-01
1.379203509176959441e+00 9.336147851039493517e-01
1.380797411302438382e+00 9.475630236200893730e-01
1.382395001735508444e+00 9.653566439648071373e-01
1.383996293293177304e+00 9.707174767403878857e-01
1.385601298851907748e+00 9.678789810217188760e-01
1.387210031347962502e+00 9.568923244349335500e-01
1.388822503777751960e+00 9.354479528121623089e-01
1.390438729198184342e+00 9.222657120646156059e-01
1.392058720727018528e+00 9.155763891646011565e-01
1.393682491543217106e+00 9.202471344787346297e-01
1.395310054887305862e+00 9.413718865990113871e-01
1.396941424061732606e+00 9.599047396897701923e-01
1.398576612431230215e+00 9.776291354021049429e-01
1.400215633423180339e+00 9.833839785591915739e-01
1.401858500527983109e+00 9.676926290233546224e-01
1.403505227299424396e+00 9.480991943132787148e-01
1.405155827355051068e+00 9.216497238048455554e-01
1.406810314376545579e+00 9.061161905473024136e-01
1.408468702110102555e+00 9.137939480743324516e-01
1.410131004366812046e+00 9.300937533921082023e-01
1.411797235023041441e+00 9.609072080789665682e-01
1.413467408020820937e+00 9.854771085983450307e-01
1.415141537368233893e+00 9.886845711762717315e-01
1.416819637139807853e+00 9.823791905784026168e-01
1.418501721476908450e+00 9.538571767999265427e-01
1.420187804588137537e+00 9.266285159864356968e-01
1.421877900749732415e+00 9.132312099178181430e-01
1.423572024305969297e+00 9.073884646873032755e-01
1.425270189669569199e+00 9.292561330024549093e-01
1.426972411322106726e+00 9.557729557755776373e-01
1.428678703814420636e+00 9.770248937512100440e-01
1.430389081767029724e+00 9.955542065720147660e-01
1.432103559870550047e+00 9.831385018481116900e-01
1.433822152886115475e+00 9.641643999179281277e-01
1.435544875645800911e+00 9.409917173132067436e-01
1.437271743053049278e+00 9.134987824012520408e-01
1.439002770083102289e+00 9.147902338589787297e-01
1.440737971783431881e+00 9.222486699168356283e-01
1.442477363274176083e+00 9.427620017210731618e-01
1.444220959748579780e+00 9.770269341687960463e-01
1.445968776473435913e+00 9.868921632865678140e-01
1.447720828789531122e+00 9.970907965715202215e-01
1.449477132112094946e+00 9.854187728746507391e-01
1.451237701931252122e+00 9.522267476469585823e-01
1.453002553812477116e+00 9.358368426397224438e-01
1.454771703397053528e+00 9.103985147452883231e-01
1.456545166402535507e+00 9.122850585662961587e-01
1.458322958623214927e+00 9.415210634283146529e-01
1.460105095930588126e+00 9.598174682242813782e-01
1.461891594273828421e+00 1.001044720354581141e+00
1.463682469680264608e+00 1.012733664200432981e+00
1.465477738255856588e+00 9.979557099928398900e-01
1.467277416185680750e+00 9.886615139762324755e-01
1.469081519734415364e+00 9.379355555666981648e-01
1.470890065246829970e+00 9.208168078764635833e-01
1.472703069148280752e+00 9.198790678904528173e-01
1.474520547945205484e+00 9.190524484980526765e-01
1.476342518225627121e+00 9.792288991278069732e-01
1.478168996659656065e+00 9.983322208716762791e-01
1.479999999999999982e+00 1.021806181838165850e+00
