5.999999999999999728e-07 7.500000000000000000e-01 1.650000000000000127e-05
6.300000000000000033e-07 7.500000000000000000e-01 1.650000000000000127e-05
5.999999999999999728e-07 7.875000000000000888e-01 1.650000000000000127e-05
5.999999999999999728e-07 7.500000000000000000e-01 1.732500000000000099e-05
5.699999999999999424e-07 7.750000000000001332e-01 1.705000000000000108e-05
5.500000000000000281e-07 7.833333333333332149e-01 1.723333333333333322e-05
5.799999999999999526e-07 7.291666666666667407e-01 1.741666666666666537e-05
5.841666666666666499e-07 7.413194444444446418e-01 1.722569444444444566e-05
5.694444444444444040e-07 7.608796296296300721e-01 1.652546296296296434e-05
5.490740740740740247e-07 7.681327160493831574e-01 1.736743827160493946e-05
5.893904320987653562e-07 7.537776491769547782e-01 1.668071630658436282e-05
5.596836419753086414e-07 7.643550668724283792e-01 1.718672196502057790e-05
5.832015174897118651e-07 7.559812778635117692e-01 1.678613415209190594e-05
5.642639746227708244e-07 7.865878272176498598e-01 1.634870363225880192e-05
5.755325502972106840e-07 7.841664404244776954e-01 1.693109555993751054e-05
5.707127998304372907e-07 7.657310485452233362e-01 1.660996975399932785e-05
5.850122369239952411e-07 7.445537237215067439e-01 1.728203230513535466e-05
5.806896822779069092e-07 7.533108286165366430e-01 1.708758883161940674e-05
5.644001372491840886e-07 7.733799735776616391e-01 1.704557157165391559e-05
5.738684129050189166e-07 7.532812338262808716e-01 1.677875343818176570e-05
5.708059193552122464e-07 7.704752570471420370e-01 1.699349029962120007e-05
5.565895553453154374e-07 7.864133574968146245e-01 1.667843225189688893e-05
5.485561797011182801e-07 7.974475337902404704e-01 1.654204672532271294e-05
5.623164620086611228e-07 7.823892526774089973e-01 1.638476628097490940e-05
5.502510416715988828e-07 7.932366329614399802e-01 1.603103154057676673e-05
5.367029890904815664e-07 8.163178977408362957e-01 1.602859327725026712e-05
5.253663855104962896e-07 8.331801808060406156e-01 1.583480111833391015e-05
5.481327121952419046e-07 8.041998231775504546e-01 1.660590598178849291e-05
5.474266023697896845e-07 8.078542199162537241e-01 1.679753079552573271e-05
5.266114586492333073e-07 8.295875837950090759e-01 1.639959770859940818e-05
5.548779196421136789e-07 7.922222383269090784e-01 1.638785616173001359e-05
5.445862342507730826e-07 8.110457723732900082e-01 1.613952355518980507e-05
5.454133062195950782e-07 8.082128060018214377e-01 1.622338254896749647e-05
5.319547520280987578e-07 8.269314462865631210e-01 1.618406504360749300e-05
5.243136961567604155e-07 8.385011822731145426e-01 1.611613467089998726e-05
5.469641912048089979e-07 8.099114859031204539e-01 1.664697577232538328e-05
5.388407395309664215e-07 8.149832286079787824e-01 1.615742296372425050e-05
5.338721629499431190e-07 8.225301927129069490e-01 1.640821344377933007e-05
5.216457241440968903e-07 8.387634218940820396e-01 1.589389498561889172e-05
5.426145896845866227e-07 8.114005729101612108e-01 1.645757035758649295e-05
5.334535969107859115e-07 8.255915793317754048e-01 1.654247626625796017e-05
5.381431294657042679e-07 8.200855396394264307e-01 1.638119433452196960e-05
5.347619476407267181e-07 8.220208899892651466e-01 1.640258446268404692e-05
5.241656080351541610e-07 8.382953708282412375e-01 1.629518015744650937e-05
5.387710518409549040e-07 8.170036558097613089e-01 1.642373906589066247e-05
5.329539819498902289e-07 8.260382016500379398e-01 1.642300585870780445e-05
5.338262157698507666e-07 8.236577420883645084e-01 1.632974465632519448e-05
5.390613104657573697e-07 8.165775307022952179e-01 1.636640191959349183e-05
5.267619893661356580e-07 8.345073959810150876e-01 1.625814178616683838e-05
5.293243479285568744e-07 8.307720073812818740e-01 1.628069598063072536e-05
5.326209053092930366e-07 8.263359498622130372e-01 1.634335892034103509e-05
5.332023945226000970e-07 8.247489768210973793e-01 1.628118478541929512e-05
5.366924576532045344e-07 8.200288358970512226e-01 1.630562296093149109e-05
5.284929102534567266e-07 8.319820794161977284e-01 1.623344953864705545e-05
5.302011492950709767e-07 8.294918203497088083e-01 1.624848566828964678e-05
5.323988542155615750e-07 8.265344486703297688e-01 1.629026096142985552e-05
5.327865136910996859e-07 8.254764666429192932e-01 1.624881153814869441e-05
5.351132224448359422e-07 8.223297060268884850e-01 1.626510365515682619e-05
5.296468575116708076e-07 8.302985350396531183e-01 1.621698804030053802e-05
5.339743964170931793e-07 8.239898787378812095e-01 1.625507956872843310e-05
5.334115872086328403e-07 8.243974124412459803e-01 1.616837647222656041e-05
5.326098402557847906e-07 8.260892327892706000e-01 1.626486835951250238e-05
5.325092598034326746e-07 8.259614598574672728e-01 1.622722937330162840e-05
5.333011816207617408e-07 8.249704012541084763e-01 1.623140806035478753e-05
5.322508201530739693e-07 8.266667812090742196e-01 1.625486232215573581e-05
5.324952427311903746e-07 8.264176259756964571e-01 1.621966091077704916e-05
5.324981629545742488e-07 8.263225913677321177e-01 1.622123767380300797e-05
5.321521307780821968e-07 8.267550029015705571e-01 1.623126322930632041e-05
5.328523717565407464e-07 8.256240829315933949e-01 1.621562705477235715e-05
5.323244238783213337e-07 8.262847886671659259e-01 1.621284126340358440e-05
5.323150791634930631e-07 8.265888994126519007e-01 1.620779562172053383e-05
5.323170259790823126e-07 8.265255430073423781e-01 1.620884679707117190e-05
5.323224770627320842e-07 8.263481450724754485e-01 1.621179008805294632e-05
5.323181616215093572e-07 8.264885851042451659e-01 1.620945998269237773e-05
5.325531651803933816e-07 8.260598707165832666e-01 1.620510638438406797e-05
5.320863378614210152e-07 8.268138173632347820e-01 1.621553050074004348e-05
5.321962679954211277e-07 8.266608441004159591e-01 1.620058621258327781e-05
5.323831189411876884e-07 8.262876233724733011e-01 1.617764125964318237e-05
5.323977561043655653e-07 8.261917828166636113e-01 1.617728891250655335e-05
5.319372528687079594e-07 8.268806976005499410e-01 1.615422375945408902e-05
5.317856597876306344e-07 8.272080620230608528e-01 1.616666446262995851e-05
5.322702360383791655e-07 8.264035076513296385e-01 1.617507548544892942e-05
5.319131798536170343e-07 8.269963371883948255e-01 1.616887788968758243e-05
5.321958493332203705e-07 8.265270138048849136e-01 1.617378431966531518e-05
5.319430859218381902e-07 8.268976138292210010e-01 1.616417085417189148e-05
5.322403299701580095e-07 8.265022310105032410e-01 1.617978252096462038e-05
5.321650747016189943e-07 8.265794871964075030e-01 1.617807200483511841e-05
5.318016117975459520e-07 8.271034671976245090e-01 1.617108941411171940e-05
5.318930114168402630e-07 8.269782096586408837e-01 1.617290047803940738e-05
5.321489303508636985e-07 8.266274885494868663e-01 1.617797145703693239e-05
5.318661041655815073e-07 8.270582119137729338e-01 1.617273289837575724e-05
5.316936977261486756e-07 8.272973594702179856e-01 1.616934107373316435e-05
5.320540902207147266e-07 8.267670449913058217e-01 1.617617346051531546e-05
5.319469746239250814e-07 8.269088913150016706e-01 1.617080225065042532e-05
5.318956534530872928e-07 8.270159567047029592e-01 1.617651028011966803e-05
5.320842042432754203e-07 8.267288077951789882e-01 1.618000265256045372e-05
5.317807158267986677e-07 8.271753884089992903e-01 1.617424906369127277e-05
5.318926415327944491e-07 8.269945273023396881e-01 1.617623395851312828e-05
5.320821962964135245e-07 8.267145215269368075e-01 1.617981843815608937e-05
5.318435242579683854e-07 8.270793744752362731e-01 1.617540935003810928e-05
5.319495670919829735e-07 8.269164096388554874e-01 1.617522318163611567e-05
5.319133450312292186e-07 8.269735002970808324e-01 1.617884432021124985e-05
5.318387278938986624e-07 8.270940743681872709e-01 1.617752105699668064e-05
5.320397148736419709e-07 8.267868297801456157e-01 1.618123397330655612e-05
5.320493442979199161e-07 8.267829568399618356e-01 1.618150381215552441e-05
5.319293940716923902e-07 8.269670453967746804e-01 1.617929405162619701e-05
5.320167313732358259e-07 8.268243747002766986e-01 1.618082982295648159e-05
5.318980226976251926e-07 8.269985302438349617e-01 1.617857488664453802e-05
5.320178189645251997e-07 8.268278679657687924e-01 1.618089361934073699e-05
5.320433011519236193e-07 8.268060496628835132e-01 1.618863580896702764e-05
5.319690950211372483e-07 8.268934179771947335e-01 1.617801747899672487e-05
5.319757743402409051e-07 8.268969201796316781e-01 1.618300790218524100e-05
5.320170939036655819e-07 8.268255391221074335e-01 1.618085108841789893e-05
5.319723177161637156e-07 8.268868957478265891e-01 1.617711332753765611e-05
5.320290460493288302e-07 8.267966150441701245e-01 1.617623078801228251e-05
5.319868726129676444e-07 8.268760232764105211e-01 1.618159600339920770e-05
5.320179477766020909e-07 8.268175119473912815e-01 1.617764268679831581e-05
5.320629227136983406e-07 8.267603836090182678e-01 1.618247826883364730e-05
5.319911937573167801e-07 8.268605390522414389e-01 1.617823102364098620e-05
5.320440466725452761e-07 8.267867403046034180e-01 1.618136057273031721e-05
5.320022047813227785e-07 8.268451643131502493e-01 1.617888301303459570e-05
5.320179048392430919e-07 8.268209639535171185e-01 1.617872633097912287e-05
5.320173355906187525e-07 8.268263154033278495e-01 1.618086526539217715e-05
5.320000688263862886e-07 8.268496486900839271e-01 1.617911855554090200e-05
5.320353041032049330e-07 8.268004495249919872e-01 1.618120492160045375e-05
5.320074095090568836e-07 8.268393988640230230e-01 1.617955321513664280e-05
5.320176578398897526e-07 8.268273504449551448e-01 1.618088416802454925e-05
5.320177150897016807e-07 8.268227477701206585e-01 1.617943930911680650e-05
5.320058244144638119e-07 8.268418709278319012e-01 1.617970079215799259e-05
5.320293145990097160e-07 8.268090714844372746e-01 1.618109170286436042e-05
5.320244208105626879e-07 8.268159047018113217e-01 1.618080192980053661e-05
5.320107182029108399e-07 8.268350377104578541e-01 1.617999056522181640e-05
5.320215661006351755e-07 8.268198907452792845e-01 1.618063289551330465e-05
5.320135729128383524e-07 8.268310516669898913e-01 1.618015959950904836e-05
5.320199008531774599e-07 8.268222159373023183e-01 1.618053429217908374e-05
5.320152381602960680e-07 8.268287264749668575e-01 1.618025820284326927e-05
5.320189294588271611e-07 8.268235722993158010e-01 1.618047677356745516e-05
5.320162095546463668e-07 8.268273701129533748e-01 1.618031572145489785e-05
5.320183628121228642e-07 8.268243635104902678e-01 1.618044322104400431e-05
5.320167762013506636e-07 8.268265789017789080e-01 1.618034927397834870e-05
5.320180322682119538e-07 8.268248250503420493e-01 1.618042364873865967e-05
