1.080000000000000071e+00 8.700880187598293317e-08
1.080977110286799991e+00 3.692166750980732388e-05
1.081955990220049069e+00 1.956374584108327281e-05
1.082936644611619537e+00 1.556314953219941287e-04
1.083919078290846327e+00 5.712273336356087214e-04
1.084903296104603676e+00 4.091406430736462571e-04
1.085889302917385946e+00 2.954767969449246522e-05
1.086877103611388895e+00 1.070721133375305710e-04
1.087866703086588283e+00 1.500156035557610940e-04
1.088858106260822023e+00 5.501340541050073955e-05
1.089851318069871233e+00 4.151426726148647016e-06
1.090846343467543278e+00 7.556556204819538837e-06
1.091843187425751704e+00 6.834879414618777872e-05
1.092841854934601731e+00 2.166481693409982314e-04
1.093842351002471958e+00 2.447811387456204205e-04
1.094844680656098079e+00 8.849337689816914941e-05
1.095848848940658593e+00 2.107934634527507036e-05
1.096854860919856733e+00 5.591900892263554346e-06
1.097862721676008402e+00 6.125121201730404299e-06
1.098872436310126322e+00 2.811176952268769347e-05
1.099884009942005081e+00 4.922929182441833492e-05
1.100897447710310395e+00 5.465656081231867584e-05
1.101912754772664371e+00 4.961819607286237834e-05
1.102929936305732550e+00 1.032692936468498815e-04
1.103948997505312946e+00 1.619780165710471738e-04
1.104969943586423753e+00 3.410561627026582128e-04
1.105992779783393498e+00 5.796695947668805988e-04
1.107017511349948968e+00 5.965733171625543394e-04
1.108044143559306471e+00 3.990650170062361429e-04
1.109072681704260654e+00 1.844300531299942407e-04
1.110103131097277984e+00 8.274338364333765582e-05
1.111135497070585121e+00 2.869355261726666247e-05
1.112169784976263731e+00 2.319058826461152151e-06
1.113206000186341305e+00 3.780055342857522629e-06
1.114244148092884412e+00 2.804615361110931516e-05
1.115284234108093075e+00 5.647019799629400186e-05
1.116326263664393137e+00 6.399266811865094600e-05
1.117370242214533071e+00 8.299051457494411384e-05
1.118416175231676579e+00 9.796239258273211888e-05
1.119464068209500507e+00 1.479345077706413264e-04
1.120513926662290105e+00 2.132401747377465819e-04
1.121565756125034952e+00 3.138527128193373456e-04
1.122619562153528205e+00 4.320217859546935150e-04
1.123675350324461641e+00 4.445377156127483151e-04
1.124733126235526681e+00 3.640430840056249769e-04
1.125792895505512314e+00 2.203718041043380951e-04
1.126854663774403686e+00 1.079381223883341362e-04
1.127918436703483795e+00 5.062160553557054046e-05
1.128984219975432302e+00 2.077661548970598758e-05
1.130052019294429222e+00 2.336232770863557885e-05
1.131121840386253963e+00 3.699854599029616092e-05
1.132193688998389236e+00 6.847681276430403301e-05
1.133267570900123422e+00 8.460625510532493552e-05
1.134343491882654265e+00 9.830636390010428105e-05
1.135421457759194119e+00 1.009494831152956784e-04
1.136501474365071651e+00 1.130437969302932087e-04
1.137583547557840635e+00 1.448879395163945704e-04
1.138667683217382987e+00 1.800449517259462070e-04
1.139753887246017339e+00 2.374243430691495003e-04
1.140842165568604960e+00 2.677469159265813458e-04
1.141932524132657889e+00 2.848001341257022276e-04
1.143024968908447514e+00 2.547651216917600262e-04
1.144119505889112487e+00 1.824188114008835492e-04
1.145216141090769524e+00 1.138590665475610361e-04
1.146314880552624205e+00 4.703138048120200280e-05
1.147415730337078887e+00 1.559773739590135570e-05
1.148518696529847283e+00 1.300446063767529448e-05
1.149623785240065477e+00 5.607936035475593922e-05
1.150731002600404507e+00 1.279666770673508892e-04
1.151840354767184049e+00 2.290036241975648679e-04
1.152951847920486328e+00 3.065048313480273979e-04
1.154065488264271355e+00 3.413638102158665297e-04
1.155181282026491507e+00 3.598191567385454741e-04
1.156299235459208541e+00 3.466738342808448536e-04
1.157419354838709724e+00 3.960724138418972458e-04
1.158541646465625963e+00 4.435666572648000960e-04
1.159666116665049040e+00 5.166485560625594733e-04
1.160792771786651079e+00 6.932334303858189110e-04
1.161921618204803996e+00 8.707041491024467830e-04
1.163052662318699415e+00 9.656818662595818880e-04
1.164185910552470116e+00 9.001710636287744071e-04
1.165321369355310832e+00 7.401137205145644953e-04
1.166459045201601041e+00 5.530470780023047893e-04
1.167598944591029086e+00 4.174670848744997144e-04
1.168741074048713857e+00 3.744250691272654427e-04
1.169885440125330467e+00 4.454001955490168507e-04
1.171032049397236152e+00 6.755579832566198113e-04
1.172180908466594840e+00 1.036755067401491388e-03
1.173332023961504378e+00 1.498128984531438409e-03
1.174485402536125100e+00 1.815910250077485853e-03
1.175641050870805948e+00 1.852682572931548585e-03
1.176798975672215031e+00 1.661368760209656383e-03
1.177959183673469301e+00 1.423769971658786710e-03
1.179121681634264229e+00 1.314062144277645559e-03
1.180286476341005475e+00 1.340491933860311208e-03
1.181453574606941670e+00 1.593164391422424633e-03
1.182622983272295203e+00 2.026514527986432446e-03
1.183794709204398998e+00 2.622174642963969078e-03
1.184968759297828189e+00 3.184630472212542866e-03
1.186145140474535786e+00 3.426090168681811265e-03
1.187323859683990790e+00 3.264992526775308684e-03
1.188504923903312527e+00 2.741607760555743890e-03
1.189688340137409206e+00 2.195235920653901447e-03
1.190874115419117141e+00 1.786063022981830692e-03
1.192062256809338860e+00 1.624195794171907643e-03
1.193252771397183665e+00 1.735622577512587915e-03
1.194445666300110176e+00 2.072702410202162220e-03
1.195640948664064895e+00 2.607139570800952148e-03
1.196838625663628308e+00 3.090191864478324373e-03
1.198038704502155882e+00 3.371972392641716439e-03
1.199241192411923951e+00 3.268822297506265070e-03
1.200446096654275152e+00 2.912320220307127502e-03
1.201653424519762536e+00 2.535948315483641923e-03
1.202863183328299446e+00 2.281788852416672710e-03
1.204075380429305620e+00 2.295455999669495251e-03
1.205290023201856187e+00 2.526945967741849822e-03
1.206507119054831989e+00 3.046828810313432362e-03
1.207726675427069685e+00 3.742442722216526071e-03
1.208948699787514069e+00 4.515838140731613312e-03
1.210173199635369068e+00 5.071505374106994972e-03
1.211400182500253386e+00 5.134245297230503186e-03
1.212629655942352613e+00 4.840917814676643123e-03
1.213861627552575539e+00 4.364927311500499223e-03
1.215096104952710254e+00 4.043966922071605234e-03
1.216333095795581798e+00 3.933369665584073895e-03
1.217572607765209369e+00 4.122181015741459287e-03
1.218814648576966198e+00 4.587781811381888737e-03
1.220059225977739192e+00 5.193783367321028188e-03
1.221306347746090148e+00 5.814240432916557670e-03
1.222556021692417838e+00 6.107691891323552454e-03
1.223808255659121214e+00 6.082228449820346189e-03
1.225063057520762833e+00 5.777186465408736850e-03
1.226320435184235169e+00 5.527049800514728314e-03
1.227580396588924261e+00 5.569115069734686257e-03
1.228842949706880683e+00 6.011040003380423158e-03
1.230108102542983417e+00 6.964372043868220612e-03
1.231375863135113047e+00 8.232440094287642521e-03
1.232646239554317624e+00 9.732959701115354370e-03
1.233919239904988085e+00 1.102971646824409298e-02
1.235194872325028115e+00 1.193385068089069731e-02
1.236473144986029338e+00 1.230673149654207786e-02
1.237754066093442296e+00 1.231627259079455701e-02
1.239037643886757190e+00 1.246597771037552191e-02
1.240323886639676187e+00 1.296458499316967619e-02
1.241612802660293058e+00 1.421355572145355933e-02
1.242904400291272360e+00 1.612762817337558968e-02
1.244198687910028189e+00 1.874580552099390507e-02
1.245495673928906699e+00 2.168625788915869504e-02
1.246795366795366844e+00 2.446096534460784344e-02
1.248097774992165343e+00 2.694296460372880286e-02
1.249402907037540533e+00 2.912669900930043784e-02
1.250710771485397332e+00 3.181916218540969260e-02
1.252021376925495089e+00 3.539941083437735808e-02
1.253334731983635653e+00 4.069180519302065258e-02
1.254650845321852337e+00 4.816906743905875060e-02
1.255969725638599765e+00 5.801041730422905329e-02
1.257291381668946606e+00 6.989797150600635112e-02
1.258615822184767863e+00 8.219138416489703280e-02
1.259943055994938277e+00 9.425515760001598742e-02
1.261273091945529279e+00 1.059625742730588988e-01
1.262605938920004389e+00 1.192184245698674205e-01
1.263941605839416171e+00 1.361052441618458009e-01
1.265280101662607404e+00 1.580460874786046577e-01
1.266621435386409367e+00 1.856449223718406871e-01
1.267965616045845456e+00 2.158628936781354368e-01
1.269312652714331247e+00 2.449332565102559089e-01
1.270662554503881658e+00 2.685230063098277276e-01
1.272015330565314573e+00 2.862298849028951375e-01
1.273370990088457999e+00 3.015106605975247378e-01
1.274729542302357910e+00 3.178658589588387873e-01
1.276090996475488515e+00 3.381304599126460642e-01
1.277455361915962762e+00 3.585959522002988842e-01
1.278822647971743498e+00 3.728430854612815870e-01
1.280192864030858191e+00 3.750939313494771610e-01
1.281566019521613198e+00 3.650919256563475712e-01
1.282942123912810262e+00 3.485434997719261130e-01
1.284321186713963225e+00 3.279156858622963022e-01
1.285703217475519411e+00 3.033356470470794930e-01
1.287088225789077001e+00 2.710969331169300056e-01
1.288476221287609302e+00 2.296993126256435813e-01
1.289867213645687238e+00 1.845575141767332172e-01
1.291261212579704054e+00 1.409031960044858367e-01
1.292658227848101138e+00 1.023762385928109891e-01
1.294058269251597615e+00 6.998346935097242427e-02
1.295461346633416388e+00 4.504755050256877696e-02
1.296867469879517953e+00 2.859548056599716878e-02
1.298276648918830878e+00 1.889049218345666831e-02
1.299688893723485172e+00 1.374559218200086842e-02
1.301104214309049434e+00 1.086398744196087444e-02
1.302522620734765102e+00 9.089769752249354101e-03
1.303944123103786934e+00 7.789859116165625402e-03
1.305368731563421703e+00 6.754185822692260893e-03
1.306796456305370224e+00 5.964425423943772210e-03
1.308227307565969610e+00 5.254201478534488955e-03
1.309661295626438848e+00 4.709964134496564571e-03
1.311098430813124160e+00 4.171808235440203731e-03
1.312538723497747917e+00 3.741906671795791443e-03
1.313982184097657324e+00 3.337618671767103844e-03
1.315428823076076226e+00 2.998322546438416964e-03
1.316878650942356455e+00 2.728259703617088010e-03
1.318331678252234518e+00 2.471122898254898056e-03
1.319787915608085838e+00 2.289953041539488383e-03
1.321247373659183877e+00 2.077031077558807483e-03
1.322710063101959488e+00 1.915828022942367252e-03
1.324175994680261370e+00 1.723039678979397223e-03
1.325645179185620748e+00 1.555931092203017988e-03
1.327117627457514049e+00 1.398725476904599764e-03
1.328593350383631799e+00 1.243967208697352705e-03
1.330072358900144858e+00 1.131855039099332900e-03
1.331554663991975751e+00 1.001349305581638455e-03
1.333040276693071347e+00 9.196300938459472376e-04
1.334529208086674856e+00 8.189540704525783343e-04
1.336021469305602061e+00 7.572701204759546166e-04
1.337517071532519974e+00 6.952757863506007097e-04
1.339016026000224180e+00 6.517942993611429989e-04
1.340518343991921935e+00 6.276979490261631878e-04
1.342024036841514389e+00 5.969971865062285825e-04
1.343533115933880584e+00 5.972924389401429402e-04
1.345045592705166992e+00 5.747061418902771118e-04
1.346561478643074405e+00 5.875241403733927814e-04
1.348080785287148808e+00 5.810348887544813804e-04
1.349603524229074925e+00 6.052607437127660020e-04
1.351129707112970646e+00 6.282853031429875114e-04
1.352659345635684351e+00 6.638973019162947974e-04
1.354192451547092668e+00 7.206235476175402782e-04
1.355729036650402675e+00 7.641807006837095587e-04
1.357269112802453659e+00 8.489033568321495762e-04
1.358812691914022430e+00 9.043155839343943727e-04
1.360359785950130851e+00 1.009257313869372933e-03
1.361910406930354478e+00 1.090605425993292424e-03
1.363464566929133870e+00 1.201476452635664560e-03
1.365022278076088114e+00 1.311179948799090500e-03
1.366583552556330794e+00 1.401231746867152286e-03
1.368148402610786407e+00 1.521556412426398669e-03
1.369716840536512770e+00 1.584977647718386956e-03
1.371288878687019430e+00 1.708104615995910966e-03
1.372864529472595629e+00 1.783448344363043701e-03
1.374443805360635151e+00 1.912844944610354479e-03
1.376026718875964505e+00 2.036215508013663328e-03
1.377613282601175992e+00 2.158843346485802856e-03
1.379203509176959441e+00 2.324683839678697364e-03
1.380797411302438382e+00 2.425350245859543823e-03
1.382395001735508444e+00 2.603714473587500407e-03
1.383996293293177304e+00 2.700239318535229988e-03
1.385601298851907748e+00 2.858096103263612579e-03
1.387210031347962502e+00 2.971719409823307505e-03
1.388822503777751960e+00 3.063528320108490754e-03
1.390438729198184342e+00 3.177102982242723580e-03
1.392058720727018528e+00 3.188278227093573666e-03
1.393682491543217106e+00 3.288293656321114068e-03
1.395310054887305862e+00 3.287768922304300147e-03
1.396941424061732606e+00 3.385093955748807830e-03
1.398576612431230215e+00 3.449692331119448997e-03
1.400215633423180339e+00 3.528681689511328334e-03
1.401858500527983109e+00 3.655091356713449646e-03
1.403505227299424396e+00 3.678449143996927965e-03
1.405155827355051068e+00 3.804558841778116381e-03
1.406810314376545579e+00 3.786333839615141968e-03
1.408468702110102555e+00 3.864172214982283630e-03
1.410131004366812046e+00 3.864763384810096774e-03
1.411797235023041441e+00 3.866343567536348596e-03
1.413467408020820937e+00 3.904757709369857579e-03
1.415141537368233893e+00 3.825598445327431981e-03
1.416819637139807853e+00 3.878615654340697265e-03
1.418501721476908450e+00 3.784986172321579481e-03
1.420187804588137537e+00 3.838691920135894105e-03
1.421877900749732415e+00 3.826467042762735256e-03
1.423572024305969297e+00 3.860744817385697476e-03
1.425270189669569199e+00 3.951014095423321243e-03
1.426972411322106726e+00 3.924266790139699368e-03
1.428678703814420636e+00 4.041392892212639261e-03
1.430389081767029724e+00 3.953052960333157916e-03
1.432103559870550047e+00 4.010963231924462476e-03
1.433822152886115475e+00 3.940175340189466628e-03
1.435544875645800911e+00 3.904765148344060705e-03
1.437271743053049278e+00 3.912818140962626319e-03
1.439002770083102289e+00 3.786618481971738403e-03
1.440737971783431881e+00 3.845230519824999280e-03
1.442477363274176083e+00 3.683955152624793054e-03
1.444220959748579780e+00 3.727502192439177599e-03
1.445968776473435913e+00 3.635171357424394310e-03
1.447720828789531122e+00 3.611850740934298941e-03
1.449477132112094946e+00 3.641882843723933533e-03
1.451237701931252122e+00 3.514846077174353135e-03
1.453002553812477116e+00 3.597050205986025619e-03
1.454771703397053528e+00 3.383442136126262999e-03
1.456545166402535507e+00 3.389997935053689921e-03
1.458322958623214927e+00 3.200945340534684398e-03
1.460105095930588126e+00 3.067976993583874067e-03
1.461891594273828421e+00 3.003787927749953634e-03
1.463682469680264608e+00 2.749695864634071289e-03
1.465477738255856588e+00 2.779466953604738978e-03
1.467277416185680750e+00 2.487794342712289740e-03
1.469081519734415364e+00 2.483573970686686616e-03
1.470890065246829970e+00 2.279998104372318608e-03
1.472703069148280752e+00 2.129780042898728361e-03
1.474520547945205484e+00 2.084412464379077189e-03
1.476342518225627121e+00 1.769673767485263963e-03
1.478168996659656065e+00 1.801130733408818881e-03
1.479999999999999982e+00 1.427533982623844198e-03
