3.440740355595497263e-02
1.978134984824721221e-03
1.968161754153351702e-03
2.970228390941582683e-02
1.445508941073374853e-01
6.004104921574738435e-02
1.561148891499770756e-02
1.038362019026299460e-01
1.189039734440303780e-01
7.466185991501230260e-03
8.959516628298849761e-02
3.160716109034128474e-02
1.366144861439378411e-01
1.314119116397207965e-01
3.285944880373347504e-02
1.600347349771366612e-01
1.277612649952105661e-01
1.448906539760810019e-01
1.500022152714388657e-01
9.970669991121718090e-02
1.552331800006197526e-01
1.704472963202532387e-01
1.733144058092792039e-01
1.730923982033508723e-01
1.655565596528650874e-01
1.816686058808221205e-01
1.701673531874855483e-01
1.846318986888939029e-01
1.721391935725343769e-01
1.609488317363066689e-01
1.789017841736778580e-01
1.789054543479451920e-01
1.832912694585653035e-01
1.935901667794605041e-01
1.876523728063208274e-01
1.631666075629495116e-01
1.884911941727352158e-01
1.886946781827595898e-01
1.693805856940369114e-01
1.895035123050970161e-01
1.934011180020772658e-01
1.870245104656202417e-01
1.920049641819539243e-01
1.868385810045109507e-01
1.888863229034324909e-01
1.916742091965863704e-01
1.904400866836289119e-01
1.903697189065288176e-01
1.903264781518483051e-01
1.882797147804020077e-01
1.912404067071885871e-01
1.909699340238159848e-01
1.878195568994731612e-01
1.910697615257534177e-01
1.880405890603593366e-01
1.911815244386365353e-01
1.922204920705675169e-01
1.897766239596571647e-01
1.894125559593865249e-01
1.915557744793033590e-01
1.894216314632254372e-01
1.896670518932943583e-01
1.902348807710874112e-01
1.908973906288647937e-01
1.913520861467230272e-01
1.906379974198154914e-01
1.893673436179676428e-01
1.904150314783503162e-01
1.922749700507085102e-01
1.895598155560000442e-01
1.896672158609899461e-01
1.896993619262166975e-01
1.893338659453989714e-01
1.892322848552875914e-01
1.904604263332076441e-01
1.889704631691822567e-01
1.896164247560955807e-01
1.919237726155997859e-01
1.910750065924999019e-01
1.919394090899623762e-01
1.896221478593484999e-01
1.912601264470464857e-01
1.897318206152562581e-01
1.901195971282143571e-01
1.918873627222111022e-01
1.894475347991765868e-01
1.903092236061441345e-01
1.899691958933514280e-01
1.903069206724294082e-01
1.904267395585416411e-01
1.906745706708361521e-01
1.888328670378669472e-01
1.903816927821680716e-01
1.924099897458205199e-01
1.889793355254497653e-01
1.878592638402306614e-01
1.896344323063465509e-01
1.903189302354846846e-01
1.879985709157200036e-01
1.886849145716296972e-01
1.928493288641550951e-01
1.895758618511721172e-01
1.887978538116852623e-01
1.905428297424860418e-01
1.905878337605529105e-01
1.905326101292318663e-01
1.934632348537980995e-01
1.890591226432657146e-01
1.941091481610536518e-01
1.906353705788548791e-01
1.925245099326016729e-01
1.916648909623640262e-01
1.934632981530795548e-01
1.923025127121744671e-01
1.913598836841721995e-01
1.922469287618477074e-01
1.940976242098545190e-01
1.875734812559739229e-01
1.928800465615419790e-01
1.906395324029175609e-01
1.904677602031899231e-01
1.941015082783525969e-01
1.941521854596026386e-01
1.904810480286712182e-01
1.901025673013556350e-01
1.904705316117000780e-01
1.941090965645005662e-01
1.941040290428127923e-01
1.904711444439111112e-01
1.913757107239157096e-01
1.930851920600527571e-01
1.922342105267198786e-01
1.937543373144186842e-01
1.928482675042600958e-01
1.938327081967307075e-01
1.929692542135423849e-01
1.939533160528958411e-01
1.934945363464091461e-01
1.940399299947137279e-01
1.934614947221181547e-01
1.941074844659999299e-01
