1.499999999999999932e-07
1.575000000000000008e-07
1.274999999999999439e-07
1.499999999999999932e-07
1.282499999999999209e-07
1.191666666666667345e-07
1.570833333333332676e-07
1.511125578703702591e-07
1.361657664609050916e-07
1.273123142432553385e-07
1.451210977439684142e-07
1.318866143858673392e-07
1.423120890459002813e-07
1.204208008470503967e-07
1.242192389822253070e-07
1.337002891980963917e-07
1.494391974995862450e-07
1.432498565520634603e-07
1.279043740161814909e-07
1.415841067779966583e-07
1.310140819159748519e-07
1.188800943785467930e-07
1.111114070530655310e-07
1.223661055295001037e-07
1.137717580924947838e-07
9.858273332491665146e-08
8.764152544144495399e-08
1.073244819699972097e-07
1.051857115509380323e-07
8.974113106965050820e-08
1.152912921450595905e-07
1.029018712689933904e-07
1.046032875691254566e-07
9.206463957449300085e-08
8.467604204733025903e-08
1.039716103703236525e-07
9.969457392250845981e-08
9.474618987466994243e-08
8.410837154457780756e-08
1.023368007451009900e-07
9.303879933699386029e-08
9.681973073457246495e-08
9.517645550870372940e-08
8.476000527191405771e-08
9.859313284242431101e-08
9.271363313777612701e-08
9.413612022127940517e-08
9.887595666848588363e-08
8.717521331842262406e-08
8.957649684416160498e-08
9.249710360406654988e-08
9.344426520152656314e-08
9.658916636911976515e-08
8.879627982406783539e-08
9.040363281479482884e-08
9.235286077378711142e-08
9.298378489437137336e-08
9.507372354067301111e-08
8.988184763137463786e-08
9.398489826423926475e-08
9.366845494765790161e-08
9.262658594286755483e-08
9.267713418857010076e-08
9.334349182979174891e-08
9.225674786124245329e-08
9.243178838992779439e-08
9.248290104339355735e-08
9.219269435257189123e-08
9.291662098712231898e-08
9.247284979165174125e-08
9.230934373698266448e-08
9.234340702966772848e-08
9.243878556155806738e-08
9.236327739765518486e-08
9.263236640177040762e-08
9.215000168739561721e-08
9.225045186723511023e-08
9.248153686764893994e-08
9.253510482090852664e-08
9.208860613691059237e-08
9.188827474304993525e-08
9.240024595786146005e-08
9.202292841244385356e-08
9.232160322447928230e-08
9.208061748011790463e-08
9.234250981605600021e-08
9.228834015091688075e-08
9.194665481851056689e-08
9.202908110539866452e-08
9.225999652063343887e-08
9.198187507685117281e-08
9.182490555034962826e-08
9.216930227339679128e-08
9.207529159928586116e-08
9.200946074550916765e-08
9.219486442258581837e-08
9.190479566435080934e-08
9.202033787278829858e-08
9.220211797222234719e-08
9.196671489598274344e-08
9.207174096333693890e-08
9.203510423602472158e-08
9.195806753334033049e-08
9.215628569613094034e-08
9.216001423452280037e-08
9.204131469652830594e-08
9.213233012547502716e-08
9.201913968708718605e-08
9.213065999028847980e-08
9.214668107690176932e-08
9.208735178087398179e-08
9.208664492812096143e-08
9.213177341459043166e-08
9.209137929606856014e-08
9.214923167056484695e-08
9.209968295150257179e-08
9.213619188459479863e-08
9.217437662678565637e-08
9.210866851609640168e-08
9.215708362568128735e-08
9.211875435395173576e-08
9.213434791952958180e-08
9.213140227353169654e-08
9.211599881418831346e-08
9.214827550750928372e-08
9.212272283938216964e-08
9.213090741820299597e-08
9.213336603685335739e-08
9.212113321110492382e-08
9.214265099290092212e-08
9.213816799462012470e-08
9.212561595523928230e-08
9.213555294317562187e-08
9.212823092020341528e-08
9.213402750700939965e-08
9.212975632694228355e-08
9.213313767282198944e-08
9.213064615111621583e-08
9.213261860409628712e-08
9.213116521643454284e-08
9.213231581442037741e-08
