5.857153078237862381e-02
4.960793235987049146e-03
5.669357826542369139e-02
5.414174257783059552e-02
8.000918942863585737e-02
5.891352273228609576e-02
8.474376699574244498e-02
3.290918257768771921e-02
1.152339886145241216e-01
1.203516253769781469e-01
1.316460137996139923e-01
1.321014271987049626e-01
1.214221752658794090e-01
8.290105135183085949e-02
1.226619138249413626e-02
1.187062936090372001e-01
7.100948179154147055e-02
1.093892249807499328e-01
1.362782023799669340e-01
1.179665527953956405e-01
7.764219266532833286e-02
1.300279940267179135e-01
1.027915917921926880e-01
1.296501161499847843e-01
1.095705008835527600e-01
1.332540936019460387e-01
1.575834775498941021e-01
1.616229917945122829e-01
1.243782729839856133e-01
1.395490746971739526e-01
1.379675284743121233e-01
1.591255462327102466e-01
1.586578928785958853e-01
1.699235477127342686e-01
1.727902214371374590e-01
1.204657965707641859e-01
1.491320161467523109e-01
1.528385998416952329e-01
1.504207732886161941e-01
1.589695093110366775e-01
1.760214758638948274e-01
1.782978123797441528e-01
1.649770017422884927e-01
1.475258072207102089e-01
1.668162805060478815e-01
1.742774670266869497e-01
1.769895957465880687e-01
1.680097670705202606e-01
1.731229400998254842e-01
1.798327842930146359e-01
1.702314492054988471e-01
1.742660838320883587e-01
1.729522514524461374e-01
1.760100024376916317e-01
1.785105752825179581e-01
1.756199078607647013e-01
1.580221316104739315e-01
1.804060641116775054e-01
1.789105907438744980e-01
1.795117711795448101e-01
1.729255886986506008e-01
1.780834133998314694e-01
1.815857981089772366e-01
1.770269268488512404e-01
1.811778171501168544e-01
1.780631087320585226e-01
1.762655018713127075e-01
1.798331611128927421e-01
1.788599718354291768e-01
1.757940123672030175e-01
1.810696666577822911e-01
1.809931158546974894e-01
1.791059615143340278e-01
1.791559035104484943e-01
1.802596334105462661e-01
1.768904117655682173e-01
1.808874399874041972e-01
1.822438752813631824e-01
1.826233376041715706e-01
1.819057524056148789e-01
1.820291862253085313e-01
1.798823078286485855e-01
1.818609989936649241e-01
1.814530923930566253e-01
1.826797734151210384e-01
1.805440940233426494e-01
1.825869228641763820e-01
1.811960347542341809e-01
1.817842321457185384e-01
1.836920006673379846e-01
1.811240375934565494e-01
1.828021282525707225e-01
1.828681702707198597e-01
1.798967806844103956e-01
1.832091342879451357e-01
1.829937607921136022e-01
1.815808973295776341e-01
1.808048465187619136e-01
1.828383547012701060e-01
1.818865868903358218e-01
1.834084928413532711e-01
1.831747309415620029e-01
1.809036803160269102e-01
1.829141098845175895e-01
1.828590157879041722e-01
1.826298751675080878e-01
1.824521495531309379e-01
1.821515726786729628e-01
1.834880041405547169e-01
1.812726008600404337e-01
1.835035353608807096e-01
1.827949712319165421e-01
1.834965392447280574e-01
1.841549812008048403e-01
1.843767008147221276e-01
1.834504336036045236e-01
1.839574301658442879e-01
1.834122415957913921e-01
1.841820564817073791e-01
1.837093464239927254e-01
1.840458372589189873e-01
1.836047491666832343e-01
1.829602719277023670e-01
1.839035593225950560e-01
1.840084891886364926e-01
1.838693861651913841e-01
1.845158310675975855e-01
1.846553280551351539e-01
1.846917165490642998e-01
1.850008258083169210e-01
1.845411848117856080e-01
1.843845663417414960e-01
1.846009398692691483e-01
1.852784602451739426e-01
1.841787833587049672e-01
1.851326485392533194e-01
1.848006572344081389e-01
1.856480511294232860e-01
1.857154732967329913e-01
1.854962103395039752e-01
1.861084531262929553e-01
1.855864727464177910e-01
1.855725357141870813e-01
1.849535081603472242e-01
1.855567547935933759e-01
1.859245408890539131e-01
1.858513108252246859e-01
1.862035831861389434e-01
1.864100116006218721e-01
1.859082738746196395e-01
1.861706619599971246e-01
1.867665006802410599e-01
1.864653035557907179e-01
1.863471923076023828e-01
1.869852267730823248e-01
1.869569754882742518e-01
1.864184994648283578e-01
1.869142461147715872e-01
1.868863833388769990e-01
1.864895547210228821e-01
1.874698546194734083e-01
1.874922090005521624e-01
1.870695883588515962e-01
1.873049016720696736e-01
1.878211835292309118e-01
1.881570070263970940e-01
1.870241793634829508e-01
1.871764423270965982e-01
1.870408490083650122e-01
1.876772033515140825e-01
1.877399544625252825e-01
1.872038894950346088e-01
