5.759999999999999300e-08
6.047999999999999629e-08
6.047999999999999629e-08
5.759999999999999300e-08
5.407999999999997869e-08
5.759999999999999300e-08
5.445004800000001649e-08
5.324459212800001940e-08
5.604267827200001831e-08
5.572027062681602638e-08
5.154850996610662830e-08
4.986754267230712309e-08
5.181178469462155604e-08
4.955726240775686561e-08
5.107767239770719825e-08
5.357109876754237456e-08
5.738207145784183866e-08
5.089805221442731067e-08
5.090630270144877201e-08
5.017492947256982399e-08
5.452449596156154396e-08
5.153103732309799321e-08
5.104586159671942304e-08
5.312516881901287388e-08
5.330505919429299529e-08
5.207571811070438587e-08
4.812565538637045533e-08
4.667926796091739361e-08
5.013384375735773163e-08
5.129625294363950249e-08
4.794320811479084604e-08
4.728313441432020745e-08
4.634236523936202764e-08
4.607903475161579364e-08
4.499230567244062830e-08
4.449731441548501858e-08
4.974463298350939867e-08
4.801395420801148673e-08
4.348977740517272384e-08
4.482498560512291622e-08
4.311374810998721881e-08
4.185033747570688423e-08
4.232913810454043482e-08
4.438233049346246185e-08
4.475084836222356750e-08
4.180857384762033837e-08
3.913513844666686050e-08
4.258995330635536054e-08
4.255970858170723330e-08
3.941374410664349538e-08
4.520235397283277187e-08
4.410917678042861377e-08
4.226757757438112725e-08
4.251200650818202148e-08
3.897118447921966753e-08
4.391000808032749938e-08
4.635616789077673159e-08
4.060048255803784675e-08
4.020870076293892391e-08
4.180597288643384445e-08
4.083852217004349117e-08
4.221638776829496800e-08
3.884851229622363037e-08
4.300055161282923220e-08
3.971063091143322475e-08
4.002658797427963880e-08
3.967069717208356201e-08
4.155506950404857052e-08
4.182598183465293606e-08
4.282392557498470464e-08
4.024631271838489044e-08
3.951763511599524912e-08
4.173879423737931710e-08
3.979168742545340575e-08
4.015881991403453156e-08
4.087328464322174162e-08
4.065243147115850422e-08
4.171019077742171033e-08
4.000021459721937588e-08
4.081428008251996868e-08
4.084636275729379370e-08
3.941812135506954592e-08
4.130751195883873005e-08
4.130264382617100025e-08
3.987514516772037974e-08
4.140354985268454617e-08
4.024387040222449178e-08
3.968125987940108341e-08
4.101622669262432093e-08
4.115970402717634165e-08
4.194333266020748959e-08
4.077621934278297845e-08
4.066939160516356993e-08
4.072321293906672469e-08
4.108486661994121439e-08
3.960213063197013177e-08
4.153357630222264967e-08
4.182162452517509301e-08
4.051890842633114841e-08
4.154444792115969049e-08
4.053129133809627558e-08
4.033041788331553248e-08
4.075785186010963601e-08
4.102806734186159095e-08
4.064268138902933157e-08
4.078374033000419469e-08
4.134174270710035584e-08
4.091898808853617190e-08
4.097400922335427640e-08
4.071313365943569136e-08
4.092862964105439305e-08
4.076892573788845585e-08
4.012585433762410799e-08
4.041643070020569604e-08
4.034314920205400916e-08
4.025436875407722478e-08
4.022538388116700277e-08
4.057113281623587040e-08
4.035776191936980221e-08
4.050102964338548681e-08
4.028795739297002308e-08
4.052215001115723576e-08
4.070886073350902478e-08
4.033516660061662712e-08
4.092809884857627346e-08
4.012475552033668877e-08
4.036898199044107099e-08
4.033780224472705210e-08
4.032635582066293615e-08
4.029143542971699597e-08
4.077040876171358642e-08
4.023746094430023468e-08
4.051967996032261310e-08
3.976862135212622593e-08
4.072393824982836556e-08
3.997027862236724108e-08
4.019737269938466753e-08
4.028883887350044942e-08
4.029886888222911838e-08
3.991761699538682117e-08
3.993347269647298238e-08
3.996763078413558812e-08
4.015717209949555594e-08
4.034111518372269429e-08
4.043914236366804513e-08
4.010374623085093987e-08
4.005482125744722991e-08
4.007973387347054935e-08
4.003651249792707369e-08
3.977433062091860245e-08
4.032257258822310791e-08
4.012088134740798667e-08
4.011332093287928584e-08
4.041915390796196470e-08
4.010028273921258052e-08
4.005944825800283977e-08
4.029657612194617267e-08
4.006264692522889726e-08
3.982958106404853734e-08
4.031566782866636613e-08
4.032259787818970797e-08
4.037975955780640144e-08
4.007267664591972440e-08
3.995672224359052487e-08
4.008043695149748648e-08
4.007009407178026293e-08
4.014783185514099045e-08
4.007756564907326783e-08
4.030252761680927812e-08
4.023725512861499494e-08
4.001142934882880866e-08
4.025150868786624238e-08
