3.636521559239589832e-08
2.973710449441739651e-08
3.624669171969259247e-08
3.681036932444097389e-08
3.902101652357093783e-08
3.456850671652905053e-08
3.282970948891187736e-08
3.195386396749935156e-08
3.455011693506799208e-08
3.411636912292375170e-08
3.439753495192018186e-08
3.445688980691074003e-08
3.400097561389057273e-08
3.452432236158309416e-08
3.160632074443131168e-08
3.686860571091089527e-08
3.381509454605727165e-08
3.469741247198665877e-08
3.791900761563721359e-08
3.883809816459065614e-08
3.586048482781415375e-08
3.490876492525908955e-08
3.358948035396526626e-08
3.601477350250850874e-08
3.730499121344091671e-08
3.451943396367671819e-08
3.654940694376374815e-08
3.690049739221100525e-08
3.688920331138850416e-08
3.527110887862909598e-08
3.532219290253492529e-08
3.749796922539843458e-08
3.812615176905657501e-08
3.864391546410829872e-08
3.947561495241427990e-08
3.536849878602157043e-08
3.743463367401292469e-08
3.961796930753402349e-08
4.137887943380652166e-08
4.040451783832401097e-08
3.966492436387121307e-08
3.984361390105665075e-08
3.782044068050765798e-08
3.649404887272091329e-08
3.955961003358277149e-08
4.132178123599995320e-08
4.077961333242522461e-08
4.320003374449143344e-08
4.223743899009687519e-08
4.130441416011702370e-08
4.030754444172313539e-08
4.046327958672973289e-08
3.912266547099407462e-08
4.166823353375169499e-08
4.241263801524924773e-08
4.009809809580146874e-08
3.904495956275799643e-08
4.127320586065623233e-08
4.085337895858334498e-08
4.009911385559042208e-08
3.920821171219675075e-08
4.127889280534136411e-08
4.087710592730219630e-08
4.044012355924083067e-08
4.083284398780401827e-08
4.158170709644293707e-08
4.184621031902107327e-08
4.098272872355389679e-08
4.104664447866542817e-08
4.073618429093279599e-08
4.099974857632846567e-08
4.055112599805821410e-08
4.102347273515188678e-08
4.265831600751298905e-08
4.221312401753502001e-08
4.147517792626419671e-08
4.130594687415250907e-08
4.115509873050565697e-08
4.143963115981946424e-08
4.143016279198647277e-08
4.149291789505757435e-08
4.165868728910644551e-08
4.118269296787408211e-08
4.195934196274715536e-08
4.212361638004430479e-08
4.218767457068459913e-08
4.151475019770773822e-08
4.133494946348961890e-08
4.172508036225554075e-08
4.118634641335244234e-08
4.078522057601211141e-08
4.147049081612708815e-08
4.157037483167587045e-08
4.165018935302173614e-08
4.131117889083537905e-08
4.228652097578006853e-08
4.098867770213124950e-08
4.125729072703696921e-08
4.148927636265461902e-08
4.141369777085118993e-08
4.188869946729913559e-08
4.204477851752611173e-08
4.198091660645271724e-08
4.135587180260908519e-08
4.173680271631357672e-08
4.159066670766783487e-08
4.149019136855233458e-08
4.174886543806646030e-08
4.139052264171477111e-08
4.196897707213776552e-08
4.149500987988336803e-08
4.139412789584482630e-08
4.173124788647113306e-08
4.174980228425852280e-08
4.181095169793861542e-08
4.209148298361807306e-08
4.201507437187099527e-08
4.177417468983049777e-08
4.154792305924384790e-08
4.188911661793264656e-08
4.191249000460019860e-08
4.181545090162263126e-08
4.135710011063643574e-08
4.196809369300695629e-08
4.192618209478920667e-08
4.213326644547491232e-08
4.217814324575518610e-08
4.223912218314951812e-08
4.210735102596354226e-08
4.213063209719230288e-08
4.179134473087943560e-08
4.216472529165508516e-08
4.207654505813751326e-08
4.225650436203943759e-08
4.197781154217526422e-08
4.221341794750890813e-08
4.250074962592440036e-08
4.238330723854281323e-08
4.239894401595999666e-08
4.256905986507720195e-08
4.253560926833740622e-08
4.222525713332407293e-08
4.252153788966930672e-08
4.223581212510876621e-08
4.248634012240495943e-08
4.265727444796168309e-08
4.279254570501961043e-08
4.283874005207215825e-08
4.297750759171274675e-08
4.275333996148263415e-08
4.253690911514054334e-08
4.274016906466922034e-08
4.281031643346591355e-08
4.278366846811263376e-08
4.309571720400183372e-08
4.327522218077502231e-08
4.303459635709551634e-08
4.332395643345169090e-08
4.331025422915079142e-08
4.286851193012969631e-08
4.311173893046725267e-08
4.313597926431051653e-08
4.299421962630118521e-08
4.325167976108114849e-08
4.359650373719121048e-08
4.378182017609478485e-08
4.309903614341935978e-08
4.326007567497301287e-08
4.330207652602586730e-08
4.346853245382296842e-08
4.336715305572041431e-08
4.329709595461208166e-08
