1.126000000000000112e+00 5.143334838656909872e-05
1.126987992296117014e+00 5.984442399503263777e-05
1.127977719913760390e+00 6.292734961994091072e-05
1.128969187428857879e+00 5.813658645607933735e-05
1.129962399433440456e+00 4.564854543431299091e-05
1.130957360535711942e+00 2.844947917719803403e-05
1.131954075360122047e+00 1.187349143025459137e-05
1.132952548547436100e+00 2.646182532333130351e-06
1.133952784754808318e+00 7.580906982265293092e-06
1.134954788655853974e+00 3.214519021296818386e-05
1.135958564940721782e+00 7.915141294648538473e-05
1.136964118316167838e+00 1.478204584314831544e-04
1.137971453505628228e+00 2.334183905283592376e-04
1.138980575249294080e+00 3.275803733710727791e-04
1.139991488304184397e+00 4.193254755794583160e-04
1.141004197444223101e+00 4.966479731391932684e-04
1.142018707460311200e+00 5.484645948870095792e-04
1.143035023160405395e+00 5.666211285398670182e-04
1.144053149369591793e+00 5.476301190351744175e-04
1.145073090930163184e+00 4.938316446204692222e-04
1.146094852701695865e+00 4.137408254749701773e-04
1.147118439561126468e+00 3.214598891720790242e-04
1.148143856402830121e+00 2.351730656430281831e-04
1.149171108138697273e+00 1.748880989702493102e-04
1.150200199698214076e+00 1.597157582225424213e-04
1.151231136028538549e+00 2.050672787510583620e-04
1.152263922094582727e+00 3.201833799527832461e-04
1.153298562879090827e+00 5.063796810309364495e-04
1.154335063382718740e+00 7.563038963480349115e-04
1.155373428624115739e+00 1.054361731599503605e-03
1.156413663640005973e+00 1.378300670761614926e-03
1.157455773485268402e+00 1.701768862719956659e-03
1.158499763233019175e+00 1.997516555182865788e-03
1.159545637974695120e+00 2.240803730145294465e-03
1.160593402820134123e+00 2.412536948211026471e-03
1.161643062897660617e+00 2.501688624661744381e-03
1.162694623354169066e+00 2.506649847719458982e-03
1.163748089355205462e+00 2.435319586060882141e-03
1.164803466085055916e+00 2.303916246959689280e-03
1.165860758746828818e+00 2.134684327703491487e-03
1.166919972562540542e+00 1.952830708413076481e-03
1.167981112773203378e+00 1.783136913591377949e-03
1.169044184638909245e+00 1.646737976072451927e-03
1.170109193438919171e+00 1.558528370473442936e-03
1.171176144471748781e+00 1.525555488256155178e-03
1.172245043055257785e+00 1.546606933370307758e-03
1.173315894526736125e+00 1.613013713744690684e-03
1.174388704242995241e+00 1.710506113580451126e-03
1.175463477580455329e+00 1.821801708122708103e-03
1.176540219935237941e+00 1.929500158416396762e-03
1.177618936723252130e+00 2.018823167138847352e-03
1.178699633380288825e+00 2.079775307324545006e-03
1.179782315362111200e+00 2.108405523374674156e-03
1.180866988144545493e+00 2.107002396249872071e-03
1.181953657223574483e+00 2.083233370640221079e-03
1.183042328115429642e+00 2.048410001821996621e-03
1.184133006356684392e+00 2.015199944534664094e-03
1.185225697504348696e+00 1.995189629768032939e-03
1.186320407135962984e+00 1.996716458840949119e-03
1.187417140849692743e+00 2.023334415998010241e-03
1.188515904264424883e+00 2.073162385269795155e-03
1.189616703019862110e+00 2.139210101986853754e-03
1.190719542776621509e+00 2.210608933793500180e-03
1.191824429216329584e+00 2.274521873800715212e-03
1.192931368041720619e+00 2.318394720529824270e-03
1.194040364976735713e+00 2.332156817492605453e-03
1.195151425766620035e+00 2.309993222263516822e-03
1.196264556178022742e+00 2.251387653720540467e-03
1.197379761999095793e+00 2.161263136438838599e-03
1.198497049039596751e+00 2.049202710600222729e-03
1.199616423130986265e+00 1.927889207429744726e-03
1.200737890126532648e+00 1.811034290282260680e-03
1.201861455901411802e+00 1.711150716421383196e-03
1.202987126352810021e+00 1.637544375217594951e-03
1.204114907400029022e+00 1.594860964445180213e-03
1.205244804984587415e+00 1.582412978328979081e-03
1.206376825070326175e+00 1.594425416853236833e-03
1.207510973643513230e+00 1.621149524291585955e-03
1.208647256712948925e+00 1.650481382422810733e-03
1.209785680310073053e+00 1.670060987964127729e-03
1.210926250489070988e+00 1.669322941685501705e-03
1.212068973326979604e+00 1.641198068332772779e-03
1.213213854923797186e+00 1.583189274504531556e-03
1.214360901402591786e+00 1.497657079750795489e-03
1.215510118909608916e+00 1.391288015423033366e-03
1.216661513614383239e+00 1.273858277968219731e-03
1.217815091709847364e+00 1.156521643579666104e-03
1.218970859412443097e+00 1.049925070442208220e-03
1.220128822962234905e+00 9.624757478656881769e-04
1.221288988623019378e+00 8.990474206002674372e-04
1.222451362682440701e+00 8.603293710122695810e-04
1.223615951452102335e+00 8.429046042073933247e-04
1.224782761267683151e+00 8.400160108375928289e-04
1.225951798489049782e+00 8.428634166643881155e-04
1.227123069500375196e+00 8.421905329388581227e-04
1.228296580710252384e+00 8.298826152300715258e-04
1.229472338551812483e+00 8.003081418170761036e-04
1.230650349482842243e+00 7.511966624838070520e-04
1.231830619985901931e+00 6.839374358113851568e-04
1.233013156568444346e+00 6.032911188483519984e-04
1.234197965762934945e+00 5.166090261373583502e-04
1.235385054126971083e+00 4.327325846924079508e-04
1.236574428243403911e+00 3.607861632072741228e-04
1.237766094720459620e+00 3.090737969579558327e-04
1.238960060191861778e+00 2.842474694526719988e-04
1.240156331316954574e+00 2.908424107786141181e-04
1.241354914780826935e+00 3.311897337278820711e-04
1.242555817294437093e+00 4.056372120363786683e-04
1.243759045594736268e+00 5.129520370479657195e-04
1.244964606444796784e+00 6.507568028212471455e-04
1.246172506633937749e+00 8.158660536833436299e-04
1.247382752977852505e+00 1.004441278497673722e-03
1.248595352318737195e+00 1.211955321361273116e-03
1.249810311525418882e+00 1.433035502358295842e-03
1.251027637493486333e+00 1.661319167836019465e-03
1.252247337145420136e+00 1.889488960174945126e-03
1.253469417430722599e+00 2.109646758474950558e-03
1.254693885326052527e+00 2.314132517706320082e-03
1.255920747835354900e+00 2.496804273759326443e-03
1.257150011989997207e+00 2.654684304405758449e-03
1.258381684848900894e+00 2.789765854881991192e-03
1.259615773498678593e+00 2.910689005883789707e-03
1.260852285053770450e+00 3.033954569630410280e-03
1.262091226656578691e+00 3.184365590326688773e-03
1.263332605477606396e+00 3.394470822733278333e-03
1.264576428715595835e+00 3.702925100239556813e-03
1.265822703597668353e+00 4.151857954203588656e-03
1.267071437379462040e+00 4.783525748291943443e-03
1.268322637345275172e+00 5.636681467330800950e-03
1.269576310808206099e+00 6.743199302756031251e-03
1.270832465110296461e+00 8.125514785465590487e-03
1.272091107622674411e+00 9.795373946866166651e-03
1.273352245745698719e+00 1.175423021413067419e-02
1.274615886909103546e+00 1.399540403852627887e-02
1.275882038572145216e+00 1.650785907059015845e-02
1.277150708223747877e+00 1.928118969176068412e-02
1.278421903382652269e+00 2.231119944210230646e-02
1.279695631597562944e+00 2.560531489480646211e-02
1.280971900447299028e+00 2.918705004738469597e-02
1.282250717540943441e+00 3.309882161977860393e-02
1.283532090517995217e+00 3.740260705481901482e-02
1.284816027048520271e+00 4.217820866928520540e-02
1.286102534833305722e+00 4.751920011550334055e-02
1.287391621604013325e+00 5.352693861806126496e-02
1.288683295123334016e+00 6.030328199965288849e-02
1.289977563185144005e+00 6.794281456906998973e-02
1.291274433614661987e+00 7.652543572424716500e-02
1.292573914268606350e+00 8.611009288167856268e-02
1.293876013035353711e+00 9.673025853803862706e-02
1.295180737835098794e+00 1.083914895523649807e-01
1.296488096620015629e+00 1.210708528325970534e-01
1.297798097374417203e+00 1.347188695709591044e-01
1.299110748114920444e+00 1.492626578429968320e-01
1.300426056890607862e+00 1.646090561754783022e-01
1.301744031783193201e+00 1.806485960684665881e-01
1.303064680907186412e+00 1.972587527235384330e-01
1.304388012410060194e+00 2.143062701709299855e-01
1.305714034472417628e+00 2.316483790674935817e-01
1.307042755308160942e+00 2.491329820139297491e-01
1.308374183164660698e+00 2.665981147440466548e-01
1.309708326322927663e+00 2.838711626476776440e-01
1.311045193097781558e+00 3.007683928968920561e-01
1.312384791838027587e+00 3.170953408897412840e-01
1.313727130926627851e+00 3.326484712391726273e-01
1.315072218780876323e+00 3.472183396997999272e-01
1.316420063852575595e+00 3.605942469229393432e-01
1.317770674628213401e+00 3.725701375348915434e-01
1.319124059629140922e+00 3.829512977299622256e-01
1.320480227411752194e+00 3.915612730000072039e-01
1.321839186567663527e+00 3.982483839826668759e-01
1.323200945723896238e+00 4.028912666374321327e-01
1.324565513543057849e+00 4.054029916266476685e-01
1.325932898723527265e+00 4.057335026413675383e-01
1.327303109999638409e+00 4.038703220586969400e-01
1.328676156141866516e+00 3.998376700645359660e-01
1.330052045957015094e+00 3.936942993188019546e-01
1.331430788288405109e+00 3.855304394034229087e-01
1.332812392016063274e+00 3.754642640036807144e-01
1.334196866056913677e+00 3.636382427342788604e-01
1.335584219364968961e+00 3.502156344823089684e-01
1.336974460931523057e+00 3.353772444873666103e-01
1.338367599785346362e+00 3.193184313402271379e-01
1.339763644992881142e+00 3.022462394384206053e-01
1.341162605658436702e+00 2.843764677258512341e-01
1.342564490924390119e+00 2.659304775772389773e-01
1.343969309971381643e+00 2.471315909805638644e-01
1.345377072018519193e+00 2.282010234727465670e-01
1.346787786323576430e+00 2.093534150622508028e-01
1.348201462183198140e+00 1.907921426995593528e-01
1.349618108933102745e+00 1.727046959597909881e-01
1.351037735948290130e+00 1.552584542147538715e-01
1.352460352643244823e+00 1.385972073067358867e-01
1.353885968472148260e+00 1.228387109063238253e-01
1.355314592929085071e+00 1.080734703551803344e-01
1.356746235548255131e+00 9.436481883732733555e-02
1.358180905904185831e+00 8.175021803320171865e-02
1.359618613611944804e+00 7.024358387405561788e-02
1.361059368327355079e+00 5.983834571549124376e-02
1.362503179747211357e+00 5.051089730699985514e-02
1.363950057609498057e+00 4.222409754059232301e-02
1.365400011693606253e+00 3.493052491093408263e-02
1.366853051820556830e+00 2.857527133332283739e-02
1.368309187853220088e+00 2.309816274704365804e-02
1.369768429696540002e+00 1.843539796951850288e-02
1.371230787297757381e+00 1.452068682505930873e-02
1.372696270646638572e+00 1.128603076933506685e-02
1.374164889775699727e+00 8.662316952374606027e-03
1.375636654760438393e+00 6.579889316966167946e-03
1.377111575719562442e+00 4.969223391267488937e-03
1.378589662815221883e+00 3.761774951896235293e-03
1.380070926253243568e+00 2.891009136636928708e-03
1.381555376283364778e+00 2.293558256238877133e-03
1.383043023199470367e+00 1.910413618355593637e-03
1.384533877339829910e+00 1.688035405612422178e-03
1.386027949087338174e+00 1.579266719290888746e-03
1.387525248869755812e+00 1.543960563229209619e-03
1.389025787159951619e+00 1.549265607034343338e-03
1.390529574476147223e+00 1.569559916362145337e-03
1.392036621382161998e+00 1.586063151784557982e-03
1.393546938487661091e+00 1.586190073023824743e-03
1.395060536448405220e+00 1.562727117376963267e-03
1.396577425966499586e+00 1.512917978061474600e-03
1.398097617790646341e+00 1.437535056234309728e-03
1.399621122716400601e+00 1.339995233552343339e-03
1.401147951586422913e+00 1.225555678371227381e-03
1.402678115290738603e+00 1.100572717875468670e-03
1.404211624766996236e+00 9.719638075587985369e-04
1.405748491000727851e+00 8.466120603840144709e-04
1.407288725025611198e+00 7.308818982971370445e-04
1.408832337923734634e+00 6.302096932334305766e-04
1.410379340825861805e+00 5.487451121238632592e-04
1.411929744911700313e+00 4.890653341117248394e-04
1.413483561410169731e+00 4.519829500498094088e-04
1.415040801599673825e+00 4.364716338134395197e-04
1.416601476808373228e+00 4.397307469382530495e-04
1.418165598414459661e+00 4.574008738456609297e-04
1.419733177846432826e+00 4.839280681322564071e-04
1.421304226583378183e+00 5.130574229233326707e-04
1.422878756155248059e+00 5.384190761127928765e-04
1.424456778143142976e+00 5.541546293453431535e-04
1.426038304179596539e+00 5.555216153190918041e-04
1.427623345948860090e+00 5.394099339239141408e-04
1.429211915187190263e+00 5.047081722107348012e-04
1.430804023683140525e+00 4.524696366023423953e-04
1.432399683277851388e+00 3.858470617517428054e-04
1.433998905865343287e+00 3.097897277968038733e-04
1.435601703392814343e+00 2.305246946752286810e-04
1.437208087860935457e+00 1.548719321179078717e-04
1.438818071324151404e+00 8.946771114744421168e-05
1.440431665890981705e+00 3.998805019791096331e-05
1.442048883724324604e+00 1.047097712645056269e-05
1.443669737041762158e+00 2.830518997851799233e-06
1.445294238115867769e+00 1.663581255262803918e-05
1.446922399274517490e+00 4.919664714433049529e-05
1.448554232901199557e+00 9.595538714241546847e-05
1.450189751435329688e+00 1.511398801101244049e-04
1.451828967372567725e+00 2.085894214902164724e-04
1.453471893265134263e+00 2.626334182265796882e-04
1.455118541722132175e+00 3.088866592954108781e-04
1.456768925409868798e+00 3.448306081776025887e-04
1.458423057052181004e+00 3.700782358496194869e-04
1.460080949430762276e+00 3.862680575216086739e-04
1.461742615385490884e+00 3.965946940957020342e-04
1.463408067814762958e+00 4.050486580443598086e-04
1.465077319675824219e+00 4.154955570454185189e-04
1.466750383985108819e+00 4.307630998172747483e-04
1.468427273818574630e+00 4.519141726503869173e-04
1.470108002312046080e+00 4.778612655915264709e-04
1.471792582661556104e+00 5.054229267292236882e-04
1.473481028123691416e+00 5.298442026076742540e-04
1.475173352015941353e+00 5.457131106512387933e-04
1.476869567717046916e+00 5.481204909954172063e-04
1.478569688667353610e+00 5.338481175951433283e-04
1.480273728369166264e+00 5.023440482425079161e-04
1.481981700387106970e+00 4.562634135511145148e-04
1.483693618348475241e+00 4.014176913534419386e-04
1.485409495943609492e+00 3.460775577977708906e-04
1.487129346926251872e+00 2.996971018463461629e-04
1.488853185113917732e+00 2.712483784920084891e-04
1.490581024388262232e+00 2.674510540123715995e-04
1.492312878695457590e+00 2.912311745646934606e-04
1.494048762046563450e+00 3.407319962009371052e-04
1.495788688517908360e+00 4.091250485089617506e-04
1.497532672251467467e+00 4.853399783416043945e-04
1.499280727455248874e+00 5.556674490352662499e-04
1.501032868403676668e+00 6.060190683093521656e-04
1.502789109437979942e+00 6.244841245281847674e-04
1.504549464966586036e+00 6.037345600706544354e-04
1.506313949465511781e+00 5.428185155280249247e-04
1.508082577478762509e+00 4.479572791934600387e-04
1.509855363618730850e+00 3.321132470274582591e-04
1.511632322566598186e+00 2.133047720270906018e-04
1.513413469072741879e+00 1.118725560929851117e-04
1.515198817957142063e+00 4.711006567165884710e-05
1.516988384109793087e+00 3.381689964561048633e-05
1.518782182491116739e+00 7.938747928902943510e-05
1.520580228132380585e+00 1.819917008686123324e-04
1.522382536136117182e+00 3.302427009172895006e-04
1.524189121676545966e+00 5.045032033880952156e-04
1.526000000000000023e+00 6.796964839776762192e-04
