1.129999999999999893e+00 1.465255323718204800e-04
1.130988907607149763e+00 1.385299700167520363e-04
1.131979547594542890e+00 1.293602378594997508e-04
1.132971924518377360e+00 1.250936589362341121e-04
1.133966042950841135e+00 1.154612074590964085e-04
1.134961907480185328e+00 1.112653516228121923e-04
1.135959522710791703e+00 1.062748934795632771e-04
1.136958893263245729e+00 9.982822099128521500e-05
1.137960023774407192e+00 9.822198425410879187e-05
1.138962918897481691e+00 9.003993291002689513e-05
1.139967583302092802e+00 8.498926955294562006e-05
1.140974021674354688e+00 7.806568711691689092e-05
1.141982238716946041e+00 6.847703983282809139e-05
1.142992239149180911e+00 6.469521204370554113e-05
1.144004027707083759e+00 5.663236923475434644e-05
1.145017609143464510e+00 5.375425620189939769e-05
1.146032988227991156e+00 5.113937167910657261e-05
1.147050169747265036e+00 4.684293335663007173e-05
1.148069158504896770e+00 4.833379018794430591e-05
1.149089959321581755e+00 4.437219186124459193e-05
1.150112577035174777e+00 4.556404825274533183e-05
1.151137016500768384e+00 4.586042315979757848e-05
1.152163282590768167e+00 4.336282299078821230e-05
1.153191380194971805e+00 4.749296797654906609e-05
1.154221314220644112e+00 4.265990145418101519e-05
1.155253089592598315e+00 4.323964846752208815e-05
1.156286711253271315e+00 4.186285468298882458e-05
1.157322184162804746e+00 3.332639480607055271e-05
1.158359513299124011e+00 3.660149348352217073e-05
1.159398703658017116e+00 2.401439174619940799e-05
1.160439760253215713e+00 2.121295210736006781e-05
1.161482688116475925e+00 4.313906963797342880e-05
1.162527492297659171e+00 4.753927310194843169e-05
1.163574177864811876e+00 5.177079949884245600e-05
1.164622749904251409e+00 3.410251635381055923e-05
1.165673213520643792e+00 6.104699558070365630e-07
1.166725573837091412e+00 2.619868960157496963e-05
1.167779835995210957e+00 4.445284457521132907e-05
1.168836005155222013e+00 1.840398895874852499e-05
1.169894086496028329e+00 6.236912607134785860e-05
1.170954085215303309e+00 1.486640914865160472e-04
1.172016006529575716e+00 1.498347602658301652e-04
1.173079855674314054e+00 9.423535715210565496e-05
1.174145637904013384e+00 1.140666842834936126e-04
1.175213358492281923e+00 3.221507356266426598e-04
1.176283022731927197e+00 5.766243125599681153e-04
1.177354635935044636e+00 5.369655969050631710e-04
1.178428203433104615e+00 3.003340844414729397e-04
1.179503730577041498e+00 2.004726657522061452e-04
1.180581222737342006e+00 2.543099282784037777e-04
1.181660685304135150e+00 5.022641040296834010e-04
1.182742123687281488e+00 8.100312245377449616e-04
1.183825543316463058e+00 7.538894563749120280e-04
1.184910949641277078e+00 4.414226010822014986e-04
1.185998348131323432e+00 2.536842571895602362e-04
1.187087744276299039e+00 2.259825873078273497e-04
1.188179143586089559e+00 3.522067843312233233e-04
1.189272551590861982e+00 6.390995974028240018e-04
1.190367973841158555e+00 9.045537712622161997e-04
1.191465415907990932e+00 9.075665511600457215e-04
1.192564883382932983e+00 6.835901276115700529e-04
1.193666381878218274e+00 5.097040468306005250e-04
1.194769917026833328e+00 4.806793801880996676e-04
1.195875494482614876e+00 5.726040602173699309e-04
1.196983119920346450e+00 7.816351844144734176e-04
1.198092799035854084e+00 9.775239908070461076e-04
1.199204537546106231e+00 1.018016470305733437e-03
1.200318341189309468e+00 8.802060902553230943e-04
1.201434215725009746e+00 6.815169400807041030e-04
1.202552166934189426e+00 5.675245176001021252e-04
1.203672200619367860e+00 5.581762065492426247e-04
1.204794322604703094e+00 6.467078265170931022e-04
1.205918538736090673e+00 7.998499599739559507e-04
1.207044854881266227e+00 9.341389201996916662e-04
1.208173276929908502e+00 1.000081490027246748e-03
1.209303810793739942e+00 9.765169887090019039e-04
1.210436462406631275e+00 9.187044177388495932e-04
1.211571237724705208e+00 8.949621401220106886e-04
1.212708142726440785e+00 9.182115976606206953e-04
1.213847183412778419e+00 1.003761835624180461e-03
1.214988365807224913e+00 1.122981000013179237e-03
1.216131695955960268e+00 1.242832127419294221e-03
1.217277179927944042e+00 1.345175500124985149e-03
1.218424823815023483e+00 1.399685786575415817e-03
1.219574633732040336e+00 1.427776181803167097e-03
1.220726615816940974e+00 1.444084956994339452e-03
1.221880776230883869e+00 1.458423719235594834e-03
1.223037121158350393e+00 1.490584531686307921e-03
1.224195656807256061e+00 1.520815946635762630e-03
1.225356389409059776e+00 1.553551769997765872e-03
1.226519325218876855e+00 1.585570931170406312e-03
1.227684470515591375e+00 1.607306974363995923e-03
1.228851831601968314e+00 1.633949128278063510e-03
1.230021414804768343e+00 1.645973985635206926e-03
1.231193226474861291e+00 1.642010509900422620e-03
1.232367272987341167e+00 1.620201370364248534e-03
1.233543560741642064e+00 1.572457224681288526e-03
1.234722096161654736e+00 1.530360349062928008e-03
1.235902885695842501e+00 1.504516056997690435e-03
1.237085935817359372e+00 1.519237405997384905e-03
1.238271253024169294e+00 1.588887103561633643e-03
1.239458843839163604e+00 1.691503509171235573e-03
1.240648714810281605e+00 1.816143221215403515e-03
1.241840872510630245e+00 1.916644131639950359e-03
1.243035323538606018e+00 1.973354481156654530e-03
1.244232074518015763e+00 2.000172238665378840e-03
1.245431132098200111e+00 2.012632360907898928e-03
1.246632502954156285e+00 2.064790074224395235e-03
1.247836193786660663e+00 2.169786077793842052e-03
1.249042211322396012e+00 2.326832515335380738e-03
1.250250562314073610e+00 2.515460249588995483e-03
1.251461253540562257e+00 2.660481671588990280e-03
1.252674291807012841e+00 2.718532136958178805e-03
1.253889683944987565e+00 2.653700232608276980e-03
1.255107436812586297e+00 2.500746901948698326e-03
1.256327557294578012e+00 2.358376570132711143e-03
1.257550052302527588e+00 2.288610035252188705e-03
1.258774928774928581e+00 2.357939743717829377e-03
1.260002193677334459e+00 2.572103253341046988e-03
1.261231854002488717e+00 2.901360577890543975e-03
1.262463916770459216e+00 3.288766801279379044e-03
1.263698389028772517e+00 3.606126961012956142e-03
1.264935277852546003e+00 3.793925212663879203e-03
1.266174590344624651e+00 3.852409129008502447e-03
1.267416333635717374e+00 3.858308430565852466e-03
1.268660514884531354e+00 3.927005334164093003e-03
1.269907141277912821e+00 4.092682187921629910e-03
1.271156220030983164e+00 4.393506908353156729e-03
1.272407758387279486e+00 4.795557272572640445e-03
1.273661763618892495e+00 5.205072652839226946e-03
1.274918243026611053e+00 5.518846656653306378e-03
1.276177203940059846e+00 5.603187975368333767e-03
1.277438653717844375e+00 5.500577544158477376e-03
1.278702599747693291e+00 5.348613710526171211e-03
1.279969049446604057e+00 5.284460571448042904e-03
1.281238010260985938e+00 5.434295301184947219e-03
1.282509489666807223e+00 5.791827916495306122e-03
1.283783495169741773e+00 6.336164957234099310e-03
1.285060034305317345e+00 6.958392716342336887e-03
1.286339114639062586e+00 7.497914954554066487e-03
1.287620743766657805e+00 7.902820966355266277e-03
1.288904929314084846e+00 8.165976182534364497e-03
1.290191678937779418e+00 8.437152646011164547e-03
1.291481000324780748e+00 8.862038723571894275e-03
1.292772901192887902e+00 9.516239486863403013e-03
1.294067389290810555e+00 1.047373182948628696e-02
1.295364472398326194e+00 1.161270056729931353e-02
1.296664158326435334e+00 1.277780328750346278e-02
1.297966454917518497e+00 1.379884840875503921e-02
1.299271370045492091e+00 1.463978879303803188e-02
1.300578911615971167e+00 1.557664878945663051e-02
1.301889087566424186e+00 1.685622748196933390e-02
1.303201905866337107e+00 1.876051040816714699e-02
1.304517374517374373e+00 2.143997792776019401e-02
1.305835501553540556e+00 2.479845683190746650e-02
1.307156295041343119e+00 2.865790864655809803e-02
1.308479763079960501e+00 3.259529650607820295e-02
1.309805913801403543e+00 3.649187447649647476e-02
1.311134755370685134e+00 4.063842068653435169e-02
1.312466295985985187e+00 4.548083635678944192e-02
1.313800543878821836e+00 5.164062419728077807e-02
1.315137507314218857e+00 5.921291199892089741e-02
1.316477194590877975e+00 6.783903093050469568e-02
1.317819614041349174e+00 7.685369202320650739e-02
1.319164774032204557e+00 8.562302599332234643e-02
1.320512682964211759e+00 9.454500244111736784e-02
1.321863349272508925e+00 1.042019642278035202e-01
1.323216781426779454e+00 1.147163659945176356e-01
1.324572987931431856e+00 1.254042116067703716e-01
1.325931977325775390e+00 1.343418646146205264e-01
1.327293758184199035e+00 1.401505546210841668e-01
1.328658339116354448e+00 1.427378158254949125e-01
1.330025728767334714e+00 1.428123695153740436e-01
1.331395935817858645e+00 1.409156514974938268e-01
1.332768968984453517e+00 1.357129329089123149e-01
1.334144837019640040e+00 1.256667767806242675e-01
1.335523548712119091e+00 1.112001858631558870e-01
1.336905112886957792e+00 9.419823639285730688e-02
1.338289538405778467e+00 7.673821551708209787e-02
1.339676834166947383e+00 5.956517474404379731e-02
1.341067009105766816e+00 4.310720010593426660e-02
1.342460072194666010e+00 2.878892518455470131e-02
1.343856032443393023e+00 1.766399576907153046e-02
1.345254898899211460e+00 9.950457424337658119e-03
1.346656680647094095e+00 5.380523485643855762e-03
1.348061386809920048e+00 3.210396598284604060e-03
1.349469026548672401e+00 2.494398592473637960e-03
1.350879609062638931e+00 2.407492551126130201e-03
1.352293143589609725e+00 2.549085550452823926e-03
1.353709639406080800e+00 2.749350949578164161e-03
1.355129105827456826e+00 2.952196355672858600e-03
1.356551552208255629e+00 3.173791528478944659e-03
1.357976987942312252e+00 3.377954126569406718e-03
1.359405422462987012e+00 3.603419085362992349e-03
1.360836865243372884e+00 3.833686270218893914e-03
1.362271325796505339e+00 4.072003546852123734e-03
1.363708813675574394e+00 4.341829740187169544e-03
1.365149338474133112e+00 4.591134872721469064e-03
1.366592909826314761e+00 4.850411946671612413e-03
1.368039537407044648e+00 5.073476573213732931e-03
1.369489230932259494e+00 5.257611659787214155e-03
1.370942000159121710e+00 5.436861403173783719e-03
1.372397854886239887e+00 5.577114666042389847e-03
1.373856804953889732e+00 5.751127974236332208e-03
1.375318860244233443e+00 5.934117319870072307e-03
1.376784030681545756e+00 6.134816714557634817e-03
1.378252326232436431e+00 6.379045919072678927e-03
1.379723756906077403e+00 6.599285773443793260e-03
1.381198332754428604e+00 6.849897176613285385e-03
1.382676063872469108e+00 7.083747510093997037e-03
1.384156960398425618e+00 7.307899856271944487e-03
1.385641032514005611e+00 7.560262513561830100e-03
1.387128290444629375e+00 7.768604755238306923e-03
1.388618744459666488e+00 7.991296346338338380e-03
1.390112404872670737e+00 8.162049937101718486e-03
1.391609282041618378e+00 8.270408803913940551e-03
1.393109386369148828e+00 8.362440490726969974e-03
1.394612728302802918e+00 8.378566278679987558e-03
1.396119318335268922e+00 8.424877871244840916e-03
1.397629167004623252e+00 8.478083626457509972e-03
1.399142284894578481e+00 8.551276473021268004e-03
1.400658682634730479e+00 8.696299477526755334e-03
1.402178370900805771e+00 8.813864085588766356e-03
1.403701360414913113e+00 8.968360957223127025e-03
1.405227661945795958e+00 9.091444959320606201e-03
1.406757286309086474e+00 9.169884794539567494e-03
1.408290244367559341e+00 9.267142849229538168e-03
1.409826547031390653e+00 9.294799056194343739e-03
1.411366205258416162e+00 9.347277243178015241e-03
1.412909230054390841e+00 9.370433318862447791e-03
1.414455632473253788e+00 9.345144919908366168e-03
1.416005423617388459e+00 9.337838989019353608e-03
1.417558614637891568e+00 9.251181669038162358e-03
1.419115216734839535e+00 9.198187468332974862e-03
1.420675241157556279e+00 9.153527869656405760e-03
1.422238699204886547e+00 9.121418406455224573e-03
1.423805602225466149e+00 9.190505409242738510e-03
1.425375961617999732e+00 9.245895501038400507e-03
1.426949788831534782e+00 9.370436828537349189e-03
1.428527095365738964e+00 9.488368940914860411e-03
1.430107892771184330e+00 9.555707801620162700e-03
1.431692192649624884e+00 9.648263023755593651e-03
1.433280006654282124e+00 9.646104357793944609e-03
1.434871346490132371e+00 9.667306594397727729e-03
1.436466223914191431e+00 9.672292684782727787e-03
1.438064650735805694e+00 9.636816523673125134e-03
1.439666638816943678e+00 9.658174594630983614e-03
1.441272200072490017e+00 9.600751830468504111e-03
1.442881346470539006e+00 9.578007224819348395e-03
1.444494090032693467e+00 9.550474575221453571e-03
1.446110442834363852e+00 9.496960567523230271e-03
1.447730417005069103e+00 9.542912796717159876e-03
1.449354024728740864e+00 9.554296077570132925e-03
1.450981278244028561e+00 9.644356944666528791e-03
1.452612189844606050e+00 9.745776291573689937e-03
1.454246771879483591e+00 9.785936480657227848e-03
1.455885036753316264e+00 9.862344313351326108e-03
1.457526996926720608e+00 9.806583080690045584e-03
1.459172664916589035e+00 9.747768381103066176e-03
1.460822053296408241e+00 9.659139757033381041e-03
1.462475174696579616e+00 9.502593175796067090e-03
1.464132041804741435e+00 9.430327027139398868e-03
1.465792667366093038e+00 9.281750567389416770e-03
1.467457064183723014e+00 9.182127598313395353e-03
1.469125245118936052e+00 9.091617574429619944e-03
1.470797223091586892e+00 8.943054206011918222e-03
1.472473011080411398e+00 8.893990181336365250e-03
1.474152622123363843e+00 8.778641428269720257e-03
1.475836069317954857e+00 8.731738352641918444e-03
1.477523365821590939e+00 8.715863280539738051e-03
1.479214524851918622e+00 8.636944261745601453e-03
1.480909559687168864e+00 8.639472479327895554e-03
1.482608483666504329e+00 8.518778486123999849e-03
1.484311310190369548e+00 8.400682621636847494e-03
1.486018052720844196e+00 8.265431438287750010e-03
1.487728724781995693e+00 8.034938845035335259e-03
1.489443339960238477e+00 7.908927420297055463e-03
1.491161911904693271e+00 7.706674382844163652e-03
1.492884454327547905e+00 7.566875827588555661e-03
1.494610981004423689e+00 7.469562532036360183e-03
1.496341505774741787e+00 7.300616706417423045e-03
1.498076042542093145e+00 7.247113425501937843e-03
1.499814605274610413e+00 7.102312425637226367e-03
1.501557208005344757e+00 7.002186590216848139e-03
1.503303864832640224e+00 6.937962801297803059e-03
1.505054589920516994e+00 6.785204117663765425e-03
1.506809397499052849e+00 6.746084552101874916e-03
1.508568301864767758e+00 6.593129324808023016e-03
1.510331317381015337e+00 6.449239752662691560e-03
1.512098458478368768e+00 6.311829446639286023e-03
1.513869739655020918e+00 6.041998006239323107e-03
1.515645175477174922e+00 5.878587960822133016e-03
1.517424780579446519e+00 5.615883392102682253e-03
1.519208569665265962e+00 5.391430580484231870e-03
1.520996557507282354e+00 5.230721626744995988e-03
1.522788758947771548e+00 4.972546468843453207e-03
1.524585188899047372e+00 4.847337226163147411e-03
1.526385862343874633e+00 4.627435393927655308e-03
1.528190794335885450e+00 4.424229511397939629e-03
1.530000000000000249e+00 4.272175423804931704e-03
