1.499999999999999932e-07
1.575000000000000008e-07
1.274999999999999439e-07
1.499999999999999932e-07
1.394999999999999190e-07
1.478949652777778316e-07
1.379625771604936887e-07
1.475991666398748044e-07
1.253094632939909607e-07
1.505045242850937179e-07
1.704213898028893184e-07
1.362502120207866324e-07
1.374671642562256488e-07
1.477398755318016103e-07
1.593703921640801779e-07
1.410276535164809030e-07
1.429725185657347789e-07
1.468815308059316731e-07
1.427895682702670820e-07
1.466077347514394818e-07
1.419637778507907013e-07
1.465273077494046984e-07
1.425409017551395775e-07
1.459811287682376840e-07
1.517515096715351456e-07
1.432508126879497535e-07
1.438883512745219228e-07
1.460435764966099951e-07
1.445589314193072547e-07
1.456862854814440509e-07
1.434669202012625700e-07
1.458870652462654712e-07
1.438350942281316094e-07
1.455841253463499642e-07
1.442958440230709280e-07
1.453159543539629133e-07
1.445644569153835659e-07
1.451594675719545868e-07
1.447210940661165459e-07
1.450681653418060395e-07
1.437803211563225848e-07
1.452897265555162465e-07
1.456138526762267304e-07
1.438560653295172161e-07
1.454803196057371583e-07
1.442099186794824048e-07
1.452158825128292326e-07
1.444748153058473636e-07
1.462513773855950682e-07
1.443540466738772360e-07
1.454318475935447612e-07
1.446726656897859825e-07
1.442598624107759054e-07
1.439031654275000741e-07
1.451129263926674874e-07
1.442211951291414199e-07
1.449269973674100968e-07
1.448045287020678512e-07
1.445291917183766510e-07
1.450980099533308436e-07
1.445033920630866958e-07
1.445958975560092913e-07
1.447610539947405531e-07
1.447088029249675210e-07
1.446915936136481218e-07
1.448924208241769142e-07
1.450880634876894885e-07
1.453238395602098134e-07
1.451015042587548791e-07
1.450987041617461089e-07
1.450095897213502424e-07
1.451799995675697027e-07
1.450228451545285165e-07
1.450318062967135063e-07
1.447759708359849336e-07
1.450957967370732928e-07
1.448601133103155770e-07
1.450466857542344898e-07
1.449339952300199506e-07
1.448440104888143822e-07
1.450044545224964012e-07
1.449201377248675531e-07
1.449705360380349483e-07
1.449952614489529553e-07
1.448601463762188570e-07
1.448882921416566988e-07
1.448300284291422840e-07
1.448734306659469657e-07
1.448765275259530771e-07
1.448851967201171167e-07
1.448783338528096315e-07
1.448599135554296693e-07
1.448617199701119466e-07
1.448748725522274884e-07
1.449399201128293154e-07
1.448529228244711544e-07
1.449053761514408886e-07
1.449205308359814902e-07
1.449473355620441909e-07
1.448725920185931725e-07
1.449276661155107485e-07
1.448851379262288708e-07
1.449128464293166832e-07
1.448850404161593071e-07
1.449202361606154586e-07
1.449152173078331249e-07
1.448918841131891988e-07
1.449103563719114806e-07
1.448967453417024399e-07
1.449075207903991817e-07
1.448985975719147401e-07
1.449085042778913580e-07
1.449019177827769744e-07
1.448928436811126250e-07
1.448758166798043978e-07
1.448801261811709157e-07
1.449000259202755075e-07
1.448808603287023919e-07
1.448949823856439520e-07
1.448838024433397299e-07
1.448940785195078244e-07
1.448817642584533938e-07
1.448822536949396098e-07
1.448916684055184642e-07
1.448842151016173793e-07
1.448910658181745557e-07
1.448828563105566840e-07
1.448831826036802090e-07
1.448894590800442350e-07
1.448881514846420093e-07
1.448844902067628794e-07
1.448873887197239452e-07
1.448928069940664685e-07
1.448907339342608844e-07
