5.999999999999999728e-07 7.500000000000000000e-01 1.650000000000000127e-05
6.300000000000000033e-07 7.500000000000000000e-01 1.650000000000000127e-05
5.999999999999999728e-07 7.875000000000000888e-01 1.650000000000000127e-05
5.999999999999999728e-07 7.500000000000000000e-01 1.732500000000000099e-05
6.199999999999999931e-07 7.750000000000001332e-01 1.567500000000000154e-05
6.041666666666666702e-07 7.552083333333332593e-01 1.698125000000000280e-05
6.227777777777777914e-07 7.784722222222224541e-01 1.682083333333333336e-05
6.047453703703703958e-07 7.559317129629630205e-01 1.656684027777777850e-05
5.759413580246912854e-07 7.824266975308642458e-01 1.686539351851852045e-05
6.187377829218106517e-07 7.567555619855966809e-01 1.657612364969136197e-05
6.184332133058985057e-07 7.244304055212620330e-01 1.691614261831276091e-05
6.038402527720622201e-07 7.743605011502630031e-01 1.658669637881516094e-05
5.897637436175888018e-07 7.669114696454427671e-01 1.684706745470392834e-05
6.127015247334311085e-07 7.588713760813978748e-01 1.663257027573564691e-05
6.105687884082499668e-07 7.389804471015328780e-01 1.686707732352712454e-05
6.052420310296013075e-07 7.669896565567775326e-01 1.664510907563015448e-05
6.109592840889351338e-07 7.659868304007591000e-01 1.624842975276238606e-05
6.055817952963058893e-07 7.574538535557135965e-01 1.682857911515883123e-05
6.109381970025217372e-07 7.662782111662962414e-01 1.683733203323864325e-05
6.060355425854019076e-07 7.580872334219908026e-01 1.662319272683212645e-05
5.985380545407748906e-07 7.628157862749234130e-01 1.676535033601176346e-05
6.097508017766277915e-07 7.596931282050489731e-01 1.666023278829317176e-05
6.084371216314481857e-07 7.657261585668311277e-01 1.645711061201146831e-05
6.061766549494605432e-07 7.591772504330297489e-01 1.675118984366979927e-05
6.093999685113922580e-07 7.509820848166022245e-01 1.671130116356657491e-05
6.061082680049744487e-07 7.636547457775744174e-01 1.665889909395024292e-05
6.086549405686400186e-07 7.635961828551112163e-01 1.675702175711001843e-05
6.065812504985765141e-07 7.592349312205575185e-01 1.665107377480668841e-05
6.087835585706587675e-07 7.625446197024242645e-01 1.656228059436360279e-05
6.067197598705434537e-07 7.598787856974869026e-01 1.671183375006434280e-05
6.031887171394352234e-07 7.621525135920301786e-01 1.668763829092101100e-05
6.083837008105460771e-07 7.602055001606700113e-01 1.666594226800730352e-05
6.075599019587994016e-07 7.632577565365965544e-01 1.670670963320790441e-05
6.067851362194562117e-07 7.600730198280656325e-01 1.666266457864027536e-05
6.073560162379197040e-07 7.624196679290884404e-01 1.669511882937431746e-05
6.069040695566360707e-07 7.605619048491121248e-01 1.666942588087653667e-05
6.072370829007398451e-07 7.619307829080419481e-01 1.668835752713805615e-05
6.069734473366576903e-07 7.608470877780557640e-01 1.667336997384768826e-05
6.071677051207182254e-07 7.616455999790983089e-01 1.668441343416690457e-05
6.070139177083369685e-07 7.610134444866063497e-01 1.667567069474752442e-05
6.076174978120282091e-07 7.633703412524135423e-01 1.662184095440570670e-05
6.069067886083527424e-07 7.606061931047632951e-01 1.669308525096879474e-05
6.079271064431430762e-07 7.604748149359821241e-01 1.666918507692071049e-05
6.064101512394285867e-07 7.627743120139184319e-01 1.666448962754933562e-05
6.068178124831413272e-07 7.602570052938600886e-01 1.669977939829207114e-05
6.074163044441310936e-07 7.625847089971445891e-01 1.663978420118630922e-05
6.069424983083474844e-07 7.607419435653777207e-01 1.668728039889503910e-05
6.072916186189249364e-07 7.620997707256269571e-01 1.665228320058334126e-05
6.084116106075080674e-07 7.596177080848919294e-01 1.666693635395171742e-05
6.068271219411118118e-07 7.621166861953712068e-01 1.666499936221649709e-05
6.076227101982077422e-07 7.606543581195235326e-01 1.667134694952964960e-05
6.071990516487289118e-07 7.617376619792867176e-01 1.666007903197140344e-05
6.066114067290646786e-07 7.621873561714810341e-01 1.666821664994873076e-05
6.062602071925460343e-07 7.626379503053926090e-01 1.666463063491545842e-05
6.073388554053615001e-07 7.610676064915795624e-01 1.666994771731835864e-05
6.065440619853922764e-07 7.622247019333365792e-01 1.666602986712674938e-05
6.071732734428679118e-07 7.613086680419456354e-01 1.666913149852843835e-05
6.071373403352649660e-07 7.614962561483932246e-01 1.666527625289677598e-05
6.067455770554888105e-07 7.617960522765228060e-01 1.667070133154832865e-05
6.072305428396866562e-07 7.610495524899217878e-01 1.667185537646141390e-05
6.067006805597071737e-07 7.618209494510931323e-01 1.666924347633367439e-05
6.065027765470902653e-07 7.615907079944216340e-01 1.667846741552290448e-05
6.070051395460618945e-07 7.615159336163157544e-01 1.666802441177721970e-05
6.068350239397715651e-07 7.615351830132173205e-01 1.667235778594806057e-05
6.068050929425837720e-07 7.615517811295975381e-01 1.667138588247162327e-05
6.070961994596222648e-07 7.613353189277975996e-01 1.666874106684702433e-05
6.071583344625700231e-07 7.610375164888165678e-01 1.667312714922344961e-05
6.073439438139145352e-07 7.607223369222630982e-01 1.667266815459727167e-05
6.071443728586790148e-07 7.610098837356280566e-01 1.667159279490442841e-05
6.071472815261565023e-07 7.610156405592090056e-01 1.667191245205422817e-05
6.070413449587654006e-07 7.611207359670034700e-01 1.667336081878069106e-05
6.072613623624837431e-07 7.609266642574412653e-01 1.667135912534719035e-05
6.071376227949208056e-07 7.611367839684769487e-01 1.667166512176464118e-05
6.071283150589933962e-07 7.611183621330178672e-01 1.667064221888529146e-05
6.069158772891036313e-07 7.614562804277715813e-01 1.667047027766148314e-05
6.071893863055295708e-07 7.610370009595934793e-01 1.667117394874600191e-05
6.069878533460578036e-07 7.613459437256193674e-01 1.667065545426267158e-05
6.071474002723063477e-07 7.611013640358488264e-01 1.667106592906197730e-05
6.070616480681359459e-07 7.612532504874155448e-01 1.667146965757450593e-05
6.069853947187093932e-07 7.613715062189621019e-01 1.667131509973950358e-05
6.071136491153069557e-07 7.611576436573307403e-01 1.667111783961979302e-05
6.070731651986313856e-07 7.612806066342096001e-01 1.667056012733201319e-05
6.070596297923843553e-07 7.611922636206015502e-01 1.667182090146946769e-05
6.071303333347449868e-07 7.611793489998317508e-01 1.667029097499032631e-05
6.070223296323470171e-07 7.613594437885740085e-01 1.667045708877534609e-05
6.070448304036800862e-07 7.613219240409194732e-01 1.667042248173680453e-05
6.070831669155714691e-07 7.614329694480160837e-01 1.666799488247442927e-05
6.071235239788699934e-07 7.613773392990961231e-01 1.666777490269884000e-05
6.071071294840388863e-07 7.613657944536427191e-01 1.666832648166508430e-05
6.070612248985111934e-07 7.613334688863728772e-01 1.666987090277056023e-05
6.070975660287207052e-07 7.613590599604616038e-01 1.666864823606205789e-05
6.070730659689935123e-07 7.613797717673271848e-01 1.666939443039864031e-05
6.070553660267435395e-07 7.613698386059071233e-01 1.666998472407466396e-05
6.070887743616421113e-07 7.613613055115960870e-01 1.666892667106468500e-05
6.070735034372733449e-07 7.612481531607392382e-01 1.667125927005579640e-05
6.070811536909260530e-07 7.613944660548334076e-01 1.666867496322054545e-05
6.070889961984729249e-07 7.613111470330988784e-01 1.666938007734618878e-05
6.070943062749661330e-07 7.612882721216893689e-01 1.666937529299537273e-05
6.070861368149049654e-07 7.612409067311031174e-01 1.667056962060804812e-05
6.070821918417550461e-07 7.613624745290562545e-01 1.666906968350960596e-05
6.070850986640759724e-07 7.612728982568802705e-01 1.667017490031898761e-05
6.071020809508294280e-07 7.613496272335072979e-01 1.666842763848789440e-05
6.070791893136726885e-07 7.612949859257299723e-01 1.667011585882282178e-05
6.070888483072523825e-07 7.613445860187636471e-01 1.666907780649185293e-05
6.070863978422083252e-07 7.612856478489531398e-01 1.666990995932805466e-05
6.070784421985785301e-07 7.612907867671726558e-01 1.667016677733673726e-05
6.070977193667104878e-07 7.613368005000379357e-01 1.666874511810732473e-05
6.070824582752727673e-07 7.613003729615195336e-01 1.666987059833060852e-05
6.070937032900162505e-07 7.613272143056910579e-01 1.666904129711345347e-05
6.070848009866776597e-07 7.613059649082218883e-01 1.666969782724370206e-05
6.070889469013994461e-07 7.613222933616538013e-01 1.666927932039474462e-05
6.070872146638896776e-07 7.613052939055566792e-01 1.666963257504932075e-05
6.070845882859326744e-07 7.613151106472675345e-01 1.666960633438435553e-05
6.070920849624283298e-07 7.613330048767152913e-01 1.666905346690625894e-05
6.070927054501636907e-07 7.613612955991986286e-01 1.666864115414591916e-05
6.070882488101153497e-07 7.613524451096953527e-01 1.666894538711542113e-05
6.070846572290144282e-07 7.613182540608764981e-01 1.666956052185542437e-05
6.070910287374242787e-07 7.613523286120482680e-01 1.666883268908539857e-05
6.070863339417538402e-07 7.613272210480268587e-01 1.666936898691594496e-05
6.070900506549929903e-07 7.613470978695437985e-01 1.666894441780009489e-05
6.070889140366837229e-07 7.613297242473571202e-01 1.666921214909377960e-05
6.070884486424943960e-07 7.613498254127181175e-01 1.666898952690756394e-05
6.070903019273669800e-07 7.613497477476200981e-01 1.666891439488755002e-05
6.070871720635868994e-07 7.613330093716057512e-01 1.666927192677458773e-05
6.070896498724128230e-07 7.613462605859504517e-01 1.666898888069734983e-05
6.070888921268732761e-07 7.613346781711592959e-01 1.666916736822647184e-05
6.070885818640803915e-07 7.613480789480666644e-01 1.666901895343565914e-05
6.070898173873287808e-07 7.613480271713346514e-01 1.666896886542231879e-05
6.070877308114751820e-07 7.613368682539918275e-01 1.666920722001367274e-05
6.070881655147781651e-07 7.613391930284382214e-01 1.666915756280714067e-05
6.070893826840257977e-07 7.613457023968882575e-01 1.666901852262885086e-05
6.070884190917047641e-07 7.613405491468653308e-01 1.666912859610332888e-05
6.070888578198065570e-07 7.613317966097923328e-01 1.666923022711210996e-05
6.070888003290304843e-07 7.613351887635995130e-01 1.666918621176285276e-05
