1.477477933325284376e-02
1.973962278783106261e-02
2.647778657829897783e-02
1.187785515269460836e-02
6.011796504529197741e-03
5.135474853457037969e-02
1.999158223710741783e-03
6.018369106080027203e-02
1.380629617485101650e-02
3.821009663801113593e-02
1.032872198879750646e-02
5.088990012681732233e-02
2.338472475970566899e-02
5.957158087196152974e-02
2.097028556501901592e-02
6.593335118066563638e-02
4.573379575998709479e-02
6.632619483581383979e-02
4.309194890309370890e-02
6.931714296102045592e-02
5.547842656422646845e-02
6.968226010905213819e-02
5.746537245985839509e-02
7.044794207194073066e-02
6.121900677356987425e-02
7.057235404958055180e-02
6.220249712700127304e-02
7.187912201268115142e-02
6.529617232096110446e-02
7.310880490782979690e-02
7.212926855622482647e-02
7.097516458097385961e-02
6.803386414324441578e-02
7.246671182049084503e-02
6.952855843685316894e-02
7.295605251681509806e-02
6.993478866463864740e-02
7.182112976339381782e-02
7.153233453745927450e-02
7.263428205937053073e-02
6.680633629461350809e-02
7.247429027203497465e-02
7.234859559782855221e-02
7.013313556484247757e-02
7.172833282682364309e-02
6.965403112179123502e-02
7.180195719350961070e-02
7.087554370023757544e-02
7.067800324443214433e-02
7.095333246301488428e-02
7.087269980408110459e-02
7.120324230883653960e-02
7.220579575262670025e-02
7.074195531873195275e-02
7.183034345068958770e-02
7.085210045685391700e-02
7.174755835647721181e-02
7.230287848586511301e-02
7.104939565410510471e-02
7.161727496698187811e-02
7.244926326151621132e-02
7.178431714567538868e-02
7.199510702906207482e-02
7.153233545924313208e-02
7.112702073352274168e-02
7.274437071223416318e-02
7.209731310459009668e-02
7.211392082596849995e-02
7.210669426577903662e-02
7.210371581997343515e-02
7.227065260742374098e-02
7.197045678543423364e-02
7.141256903904472098e-02
7.205501786609662396e-02
7.100428270480961535e-02
7.201413775110176996e-02
7.156485599993912816e-02
7.210817425215550192e-02
7.245111185008343280e-02
7.147013481337295693e-02
7.173987905502383911e-02
7.328650600230009193e-02
7.208220277770585604e-02
7.153165948600390123e-02
7.204429447595264713e-02
7.210731777196015269e-02
7.292213644654807481e-02
7.249105103087730151e-02
7.267513520144285033e-02
7.206118643984768535e-02
7.274475375894599860e-02
7.298451229640301463e-02
7.180807338550304619e-02
7.307542317519100106e-02
7.261607629087565852e-02
7.306218692617511001e-02
7.322709519101197606e-02
7.303860349541912989e-02
7.258989848158929614e-02
7.306524948145054488e-02
7.335104858217299240e-02
7.279535668815027838e-02
7.320785372039931294e-02
7.322869618411012582e-02
7.335244050220918188e-02
7.320760639309353834e-02
7.286558028676019816e-02
7.333324120623048448e-02
7.304037516383785067e-02
7.316658821085129938e-02
7.322763691312574041e-02
7.334200464576505485e-02
7.316707043568711211e-02
7.289160924154527987e-02
7.293496477166339087e-02
7.307533022899267983e-02
7.316731217240821095e-02
7.303154975508600877e-02
7.316835456875399324e-02
7.301062527081246534e-02
7.322799254527825874e-02
7.307509484604209071e-02
7.301076204864871688e-02
7.318929231783820322e-02
7.301039522330672604e-02
7.322823584265218677e-02
7.307493815137172666e-02
7.301047580956285254e-02
7.307392711584792533e-02
7.307420366292562142e-02
7.301023075308921140e-02
7.322843039437881840e-02
7.322788668666144196e-02
7.322812006072416946e-02
