1.126000000000000112e+00 1.431568505937689129e-03
1.126987992296117014e+00 1.392893746367608642e-03
1.127977719913760390e+00 1.344101179058502073e-03
1.128969187428857879e+00 1.290041905545419917e-03
1.129962399433440456e+00 1.236750386964256864e-03
1.130957360535711942e+00 1.189814536894032463e-03
1.131954075360122047e+00 1.152999919373605495e-03
1.132952548547436100e+00 1.127488036766133598e-03
1.133952784754808318e+00 1.111876242700604979e-03
1.134954788655853974e+00 1.102845894156736367e-03
1.135958564940721782e+00 1.096217815710557285e-03
1.136964118316167838e+00 1.088038264692131000e-03
1.137971453505628228e+00 1.075388964471250949e-03
1.138980575249294080e+00 1.056759305632275128e-03
1.139991488304184397e+00 1.031993595679431925e-03
1.141004197444223101e+00 1.001962241490580692e-03
1.142018707460311200e+00 9.681563650702652152e-04
1.143035023160405395e+00 9.323635997578283256e-04
1.144053149369591793e+00 8.964814034971134047e-04
1.145073090930163184e+00 8.624189111485556884e-04
1.146094852701695865e+00 8.319820337339028146e-04
1.147118439561126468e+00 8.066554670611508033e-04
1.148143856402830121e+00 7.872777425964266971e-04
1.149171108138697273e+00 7.737075346719131863e-04
1.150200199698214076e+00 7.646455391014698403e-04
1.151231136028538549e+00 7.577651539949843869e-04
1.152263922094582727e+00 7.502103028849320485e-04
1.153298562879090827e+00 7.393732470298425286e-04
1.154335063382718740e+00 7.237296617090986433e-04
1.155373428624115739e+00 7.034450101277461061e-04
1.156413663640005973e+00 6.805118598213592569e-04
1.157455773485268402e+00 6.583248220794583883e-04
1.158499763233019175e+00 6.407969369159926057e-04
1.159545637974695120e+00 6.312925066124719028e-04
1.160593402820134123e+00 6.317266959635148890e-04
1.161643062897660617e+00 6.421277869938127152e-04
1.162694623354169066e+00 6.607917382654579725e-04
1.163748089355205462e+00 6.849446810317539333e-04
1.164803466085055916e+00 7.116517065903043811e-04
1.165860758746828818e+00 7.386397356283816960e-04
1.166919972562540542e+00 7.647642493196976166e-04
1.167981112773203378e+00 7.900146816479259454e-04
1.169044184638909245e+00 8.151487974203199026e-04
1.170109193438919171e+00 8.411878887364658986e-04
1.171176144471748781e+00 8.690321585563588486e-04
1.172245043055257785e+00 8.993602282713553586e-04
1.173315894526736125e+00 9.328048607193391946e-04
1.174388704242995241e+00 9.702311048300082822e-04
1.175463477580455329e+00 1.012865164657983158e-03
1.176540219935237941e+00 1.062076627846131110e-03
1.177618936723252130e+00 1.118787417868947337e-03
1.178699633380288825e+00 1.182695371053022609e-03
1.179782315362111200e+00 1.251658369176722289e-03
1.180866988144545493e+00 1.321601993393988752e-03
1.181953657223574483e+00 1.387160880074644366e-03
1.183042328115429642e+00 1.442986439815961263e-03
1.184133006356684392e+00 1.485357339713163282e-03
1.185225697504348696e+00 1.513540169755680283e-03
1.186320407135962984e+00 1.530359183908824817e-03
1.187417140849692743e+00 1.541663510319989583e-03
1.188515904264424883e+00 1.554756333663524347e-03
1.189616703019862110e+00 1.576236209406092249e-03
1.190719542776621509e+00 1.609945475010555625e-03
1.191824429216329584e+00 1.655721503977757936e-03
1.192931368041720619e+00 1.709391288057038718e-03
1.194040364976735713e+00 1.764026150623490595e-03
1.195151425766620035e+00 1.812036941890053958e-03
1.196264556178022742e+00 1.847404606954043205e-03
1.197379761999095793e+00 1.867313842985067820e-03
1.198497049039596751e+00 1.872696349379552282e-03
1.199616423130986265e+00 1.867599225053661206e-03
1.200737890126532648e+00 1.857712215481490585e-03
1.201861455901411802e+00 1.848652988044458207e-03
1.202987126352810021e+00 1.844625641551926078e-03
1.204114907400029022e+00 1.847841584904371488e-03
1.205244804984587415e+00 1.858732966662958756e-03
1.206376825070326175e+00 1.876677933340145394e-03
1.207510973643513230e+00 1.900648176011260262e-03
1.208647256712948925e+00 1.929542293349317946e-03
1.209785680310073053e+00 1.962006576207753900e-03
1.210926250489070988e+00 1.995921752699568799e-03
1.212068973326979604e+00 2.027994511358027947e-03
1.213213854923797186e+00 2.053888850240482428e-03
1.214360901402591786e+00 2.069102435729727654e-03
1.215510118909608916e+00 2.070416829213806830e-03
1.216661513614383239e+00 2.057397899186352852e-03
1.217815091709847364e+00 2.033267854767395813e-03
1.218970859412443097e+00 2.004611081748228739e-03
1.220128822962234905e+00 1.979784139268568957e-03
1.221288988623019378e+00 1.966424596089352394e-03
1.222451362682440701e+00 1.968877390665486893e-03
1.223615951452102335e+00 1.986489616829035902e-03
1.224782761267683151e+00 2.013483238991495370e-03
1.225951798489049782e+00 2.040570244876749751e-03
1.227123069500375196e+00 2.057827567361481067e-03
1.228296580710252384e+00 2.057855240806423340e-03
1.229472338551812483e+00 2.038106236924433663e-03
1.230650349482842243e+00 2.001567876413405927e-03
1.231830619985901931e+00 1.955588361714420426e-03
1.233013156568444346e+00 1.909338458481332768e-03
1.234197965762934945e+00 1.870898428275765725e-03
1.235385054126971083e+00 1.845060591277749565e-03
1.236574428243403911e+00 1.832598484236318964e-03
1.237766094720459620e+00 1.831118800734161554e-03
1.238960060191861778e+00 1.836952835167695620e-03
1.240156331316954574e+00 1.847142748843651552e-03
1.241354914780826935e+00 1.860606687550937733e-03
1.242555817294437093e+00 1.878009337342827212e-03
1.243759045594736268e+00 1.900519620878585777e-03
1.244964606444796784e+00 1.928204074576708076e-03
1.246172506633937749e+00 1.959015159411470718e-03
1.247382752977852505e+00 1.989075860901586869e-03
1.248595352318737195e+00 2.014335670230984771e-03
1.249810311525418882e+00 2.032955485785616079e-03
1.251027637493486333e+00 2.047306660853051574e-03
1.252247337145420136e+00 2.064487793640470883e-03
1.253469417430722599e+00 2.094808070496776038e-03
1.254693885326052527e+00 2.148553885927535854e-03
1.255920747835354900e+00 2.232177242707660079e-03
1.257150011989997207e+00 2.345442013394329582e-03
1.258381684848900894e+00 2.480821036921718528e-03
1.259615773498678593e+00 2.625608450918652005e-03
1.260852285053770450e+00 2.766119571862842279e-03
1.262091226656578691e+00 2.892457291221215733e-03
1.263332605477606396e+00 3.002032547663189502e-03
1.264576428715595835e+00 3.100494445409418629e-03
1.265822703597668353e+00 3.199777627222267617e-03
1.267071437379462040e+00 3.314162684242013147e-03
1.268322637345275172e+00 3.456041146860971709e-03
1.269576310808206099e+00 3.633115635816969516e-03
1.270832465110296461e+00 3.848035368140610094e-03
1.272091107622674411e+00 4.100341334338118357e-03
1.273352245745698719e+00 4.389683244908021073e-03
1.274615886909103546e+00 4.719127780280536408e-03
1.275882038572145216e+00 5.098202412162848585e-03
1.277150708223747877e+00 5.546773553967848658e-03
1.278421903382652269e+00 6.102128211352001938e-03
1.279695631597562944e+00 6.831734515284649048e-03
1.280971900447299028e+00 7.852415666897977556e-03
1.282250717540943441e+00 9.353130825769221529e-03
1.283532090517995217e+00 1.161418947513410266e-02
1.284816027048520271e+00 1.501225886358702882e-02
1.286102534833305722e+00 1.999988573427284588e-02
1.287391621604013325e+00 2.705180796725133868e-02
1.288683295123334016e+00 3.657817031821116588e-02
1.289977563185144005e+00 4.881534743990182529e-02
1.291274433614661987e+00 6.371546803988294150e-02
1.292573914268606350e+00 8.086235195157726041e-02
1.293876013035353711e+00 9.944138223051750269e-02
1.295180737835098794e+00 1.182825065542148224e-01
1.296488096620015629e+00 1.359805340657384010e-01
1.297798097374417203e+00 1.510767301553584685e-01
1.299110748114920444e+00 1.622696223208208721e-01
1.300426056890607862e+00 1.686145852530086808e-01
1.301744031783193201e+00 1.696669534544459068e-01
1.303064680907186412e+00 1.655382880930897638e-01
1.304388012410060194e+00 1.568538741010840065e-01
1.305714034472417628e+00 1.446229755491650892e-01
1.307042755308160942e+00 1.300536668208081281e-01
1.308374183164660698e+00 1.143556915432114851e-01
1.309708326322927663e+00 9.857462589387831764e-02
1.311045193097781558e+00 8.348901544396740426e-02
1.312384791838027587e+00 6.958290030205169230e-02
1.313727130926627851e+00 5.708520698114499109e-02
1.315072218780876323e+00 4.605108754486247902e-02
1.316420063852575595e+00 3.645292904213769114e-02
1.317770674628213401e+00 2.825185991004236161e-02
1.319124059629140922e+00 2.143217780149367716e-02
1.320480227411752194e+00 1.599668274893827416e-02
1.321839186567663527e+00 1.193496174485749600e-02
1.323200945723896238e+00 9.184720969808974830e-03
1.324565513543057849e+00 7.606186320476593203e-03
1.325932898723527265e+00 6.982238957804162358e-03
1.327303109999638409e+00 7.045635752679847881e-03
1.328676156141866516e+00 7.523839099429214042e-03
1.330052045957015094e+00 8.185579890512426071e-03
1.331430788288405109e+00 8.873330611412271959e-03
1.332812392016063274e+00 9.511879374704235515e-03
1.334196866056913677e+00 1.009249434881831671e-02
1.335584219364968961e+00 1.064102169323911419e-02
1.336974460931523057e+00 1.118334673723359561e-02
1.338367599785346362e+00 1.172128312481278932e-02
1.339763644992881142e+00 1.222663539261476320e-02
1.341162605658436702e+00 1.265327290389545167e-02
1.342564490924390119e+00 1.295978258379213051e-02
1.343969309971381643e+00 1.313143432346870233e-02
1.345377072018519193e+00 1.319111420525486376e-02
1.346787786323576430e+00 1.319395720734652458e-02
1.348201462183198140e+00 1.320744702450969005e-02
1.349618108933102745e+00 1.328487520998919945e-02
1.351037735948290130e+00 1.344286103812455946e-02
1.352460352643244823e+00 1.365210672579318489e-02
1.353885968472148260e+00 1.384541012749890103e-02
1.355314592929085071e+00 1.394028424759862980e-02
1.356746235548255131e+00 1.386797485918906184e-02
1.358180905904185831e+00 1.359834542212326816e-02
1.359618613611944804e+00 1.315181161756146661e-02
1.361059368327355079e+00 1.259446898617264457e-02
1.362503179747211357e+00 1.201875805128112262e-02
1.363950057609498057e+00 1.151705183730740434e-02
1.365400011693606253e+00 1.115758801827787007e-02
1.366853051820556830e+00 1.097060553335515477e-02
1.368309187853220088e+00 1.094820128924912234e-02
1.369768429696540002e+00 1.105613377104537609e-02
1.371230787297757381e+00 1.125164931941458925e-02
1.372696270646638572e+00 1.149989327835447377e-02
1.374164889775699727e+00 1.178295869684450707e-02
1.375636654760438393e+00 1.209928208207314976e-02
1.377111575719562442e+00 1.245528714997642256e-02
1.378589662815221883e+00 1.285417938156223523e-02
1.380070926253243568e+00 1.328748650896034202e-02
1.381555376283364778e+00 1.373322020260263690e-02
1.383043023199470367e+00 1.416129495707074866e-02
1.384533877339829910e+00 1.454354387001584488e-02
1.386027949087338174e+00 1.486371391319382153e-02
1.387525248869755812e+00 1.512296043368429460e-02
1.389025787159951619e+00 1.533842567114740603e-02
1.390529574476147223e+00 1.553550852356564392e-02
1.392036621382161998e+00 1.573708550016755803e-02
1.393546938487661091e+00 1.595411793943195614e-02
1.395060536448405220e+00 1.618134658876912990e-02
1.396577425966499586e+00 1.639952719009113435e-02
1.398097617790646341e+00 1.658291722218784014e-02
1.399621122716400601e+00 1.670866405392288506e-02
1.401147951586422913e+00 1.676420204252401444e-02
1.402678115290738603e+00 1.674994720092073258e-02
1.404211624766996236e+00 1.667641916477915348e-02
1.405748491000727851e+00 1.655821354054162753e-02
1.407288725025611198e+00 1.640730931110033486e-02
1.408832337923734634e+00 1.622900782198789110e-02
1.410379340825861805e+00 1.602212892348094109e-02
1.411929744911700313e+00 1.578293991509652217e-02
1.413483561410169731e+00 1.551053583301070099e-02
1.415040801599673825e+00 1.521072632409288874e-02
1.416601476808373228e+00 1.489622163651689417e-02
1.418165598414459661e+00 1.458269535236166731e-02
1.419733177846432826e+00 1.428231568669165001e-02
1.421304226583378183e+00 1.399766465131806713e-02
1.422878756155248059e+00 1.371899754230613069e-02
1.424456778143142976e+00 1.342649925293933240e-02
1.426038304179596539e+00 1.309711769154421265e-02
1.427623345948860090e+00 1.271358726664483484e-02
1.429211915187190263e+00 1.227223876913340929e-02
1.430804023683140525e+00 1.178655878065144706e-02
1.432399683277851388e+00 1.128505597390101582e-02
1.433998905865343287e+00 1.080414480165269205e-02
1.435601703392814343e+00 1.037858191385561749e-02
1.437208087860935457e+00 1.003276163128390824e-02
1.438818071324151404e+00 9.775631049369326239e-03
1.440431665890981705e+00 9.600417172431836149e-03
1.442048883724324604e+00 9.488472601158563433e-03
1.443669737041762158e+00 9.415140171392761756e-03
1.445294238115867769e+00 9.355155108987248461e-03
1.446922399274517490e+00 9.285814823024089726e-03
1.448554232901199557e+00 9.187538875679300207e-03
1.450189751435329688e+00 9.042826562607674326e-03
1.451828967372567725e+00 8.835352709344925989e-03
1.453471893265134263e+00 8.550712242928295778e-03
1.455118541722132175e+00 8.179281244682406332e-03
1.456768925409868798e+00 7.720335315366086588e-03
1.458423057052181004e+00 7.185609326519674933e-03
1.460080949430762276e+00 6.600371271370048670e-03
1.461742615385490884e+00 6.000896606893364044e-03
1.463408067814762958e+00 5.428619165735201584e-03
1.465077319675824219e+00 4.922585074369027584e-03
1.466750383985108819e+00 4.512546707541227088e-03
1.468427273818574630e+00 4.214790290383001875e-03
1.470108002312046080e+00 4.031704285451238705e-03
1.471792582661556104e+00 3.954648033296565002e-03
1.473481028123691416e+00 3.968503265219931915e-03
1.475173352015941353e+00 4.055881739380625198e-03
1.476869567717046916e+00 4.199461335829094387e-03
1.478569688667353610e+00 4.382059651136059782e-03
1.480273728369166264e+00 4.585277459002154443e-03
1.481981700387106970e+00 4.788280286585813901e-03
1.483693618348475241e+00 4.968201248724933225e-03
1.485409495943609492e+00 5.102798380162467881e-03
1.487129346926251872e+00 5.174798709591250760e-03
1.488853185113917732e+00 5.176383750239853428e-03
1.490581024388262232e+00 5.111983767954153893e-03
1.492312878695457590e+00 4.998094695098613885e-03
1.494048762046563450e+00 4.859968619669119937e-03
1.495788688517908360e+00 4.726242557102193660e-03
1.497532672251467467e+00 4.623316796976955495e-03
1.499280727455248874e+00 4.571251565705662136e-03
1.501032868403676668e+00 4.582165402267604666e-03
1.502789109437979942e+00 4.660978224077684008e-03
1.504549464966586036e+00 4.807388998315345434e-03
1.506313949465511781e+00 5.017651165339039043e-03
1.508082577478762509e+00 5.285136025913431297e-03
1.509855363618730850e+00 5.599612369285042988e-03
1.511632322566598186e+00 5.946125138458631734e-03
1.513413469072741879e+00 6.304821560790461327e-03
1.515198817957142063e+00 6.652782718365468986e-03
1.516988384109793087e+00 6.967980297612322294e-03
1.518782182491116739e+00 7.234333683343041783e-03
1.520580228132380585e+00 7.446060744438882939e-03
1.522382536136117182e+00 7.609519665822508591e-03
1.524189121676545966e+00 7.741593760561352351e-03
1.526000000000000023e+00 7.865035267845644357e-03
