1.126000000000000112e+00 1.342868993287239018e-03
1.126987992296117014e+00 1.304724345709843076e-03
1.127977719913760390e+00 1.259003444284275243e-03
1.128969187428857879e+00 1.209874587083391555e-03
1.129962399433440456e+00 1.162127844882432891e-03
1.130957360535711942e+00 1.120118302384541043e-03
1.131954075360122047e+00 1.086867446150508506e-03
1.132952548547436100e+00 1.063502866346345164e-03
1.133952784754808318e+00 1.049132290247318296e-03
1.134954788655853974e+00 1.041149344051268705e-03
1.135958564940721782e+00 1.035877379867577650e-03
1.136964118316167838e+00 1.029392997134817274e-03
1.137971453505628228e+00 1.018344328474463578e-03
1.138980575249294080e+00 1.000593570896063638e-03
1.139991488304184397e+00 9.755625411262138467e-04
1.141004197444223101e+00 9.442311852295269406e-04
1.142018707460311200e+00 9.088152854125727993e-04
1.143035023160405395e+00 8.722145649968016850e-04
1.144053149369591793e+00 8.373631733585941211e-04
1.145073090930163184e+00 8.066244658823394685e-04
1.146094852701695865e+00 7.813515004601708164e-04
1.147118439561126468e+00 7.616905889204561098e-04
1.148143856402830121e+00 7.466488095241636700e-04
1.149171108138697273e+00 7.343904565069322120e-04
1.150200199698214076e+00 7.226835500455286616e-04
1.151231136028538549e+00 7.093937201843990986e-04
1.152263922094582727e+00 6.929220383922256006e-04
1.153298562879090827e+00 6.725036520474100658e-04
1.154335063382718740e+00 6.483192078751860970e-04
1.155373428624115739e+00 6.214124506560442804e-04
1.156413663640005973e+00 5.934460985735053387e-04
1.157455773485268402e+00 5.663566798426207397e-04
1.158499763233019175e+00 5.419828857921705047e-04
1.159545637974695120e+00 5.217400433405718291e-04
1.160593402820134123e+00 5.063977065151875102e-04
1.161643062897660617e+00 4.959927125557847798e-04
1.162694623354169066e+00 4.898821167984471854e-04
1.163748089355205462e+00 4.869148248558261872e-04
1.164803466085055916e+00 4.856818279928285030e-04
1.165860758746828818e+00 4.847951420180326380e-04
1.166919972562540542e+00 4.831452238734516066e-04
1.167981112773203378e+00 4.800944542209462573e-04
1.169044184638909245e+00 4.755778119650927406e-04
1.170109193438919171e+00 4.700983374352684318e-04
1.171176144471748781e+00 4.646217927030730187e-04
1.172245043055257785e+00 4.603900051384546320e-04
1.173315894526736125e+00 4.586842198932338855e-04
1.174388704242995241e+00 4.605773317341843305e-04
1.175463477580455329e+00 4.667163459196375474e-04
1.176540219935237941e+00 4.771732859368573148e-04
1.177618936723252130e+00 4.913938157172824742e-04
1.178699633380288825e+00 5.082584759746984959e-04
1.179782315362111200e+00 5.262529693219184694e-04
1.180866988144545493e+00 5.437237935820126832e-04
1.181953657223574483e+00 5.591771447311884085e-04
1.183042328115429642e+00 5.715663301700573328e-04
1.184133006356684392e+00 5.805095645912247866e-04
1.185225697504348696e+00 5.863882417576108622e-04
1.186320407135962984e+00 5.902956169707363398e-04
1.187417140849692743e+00 5.938345888286752786e-04
1.188515904264424883e+00 5.987956511884546694e-04
1.189616703019862110e+00 6.067751370243211874e-04
1.190719542776621509e+00 6.188124631243157496e-04
1.191824429216329584e+00 6.351276824760631635e-04
1.192931368041720619e+00 6.550249380330479742e-04
1.194040364976735713e+00 6.769952312448909715e-04
1.195151425766620035e+00 6.990092785009210030e-04
1.196264556178022742e+00 7.189472354810594020e-04
1.197379761999095793e+00 7.350769811457513216e-04
1.198497049039596751e+00 7.464754638074837636e-04
1.199616423130986265e+00 7.532937429626840363e-04
1.200737890126532648e+00 7.567960464874418352e-04
1.201861455901411802e+00 7.591509889457241341e-04
1.202987126352810021e+00 7.630089015156295328e-04
1.204114907400029022e+00 7.709502473688688339e-04
1.205244804984587415e+00 7.849145885533768789e-04
1.206376825070326175e+00 8.057668579419776300e-04
1.207510973643513230e+00 8.331172009030189110e-04
1.208647256712948925e+00 8.652954995011422458e-04
1.209785680310073053e+00 8.997144554989927167e-04
1.210926250489070988e+00 9.334068674277115965e-04
1.212068973326979604e+00 9.636550724063106584e-04
1.213213854923797186e+00 9.885739475843002746e-04
1.214360901402591786e+00 1.007517262214770387e-03
1.215510118909608916e+00 1.021215601332068137e-03
1.216661513614383239e+00 1.031613929026739020e-03
1.217815091709847364e+00 1.041444303306908979e-03
1.218970859412443097e+00 1.053628568711634673e-03
1.220128822962234905e+00 1.070643231962516064e-03
1.221288988623019378e+00 1.093985671476709965e-03
1.222451362682440701e+00 1.123856205255210731e-03
1.223615951452102335e+00 1.159120740704009658e-03
1.224782761267683151e+00 1.197555944766945336e-03
1.225951798489049782e+00 1.236317916069866680e-03
1.227123069500375196e+00 1.272529922984386944e-03
1.228296580710252384e+00 1.303864225711710671e-03
1.229472338551812483e+00 1.329000297577363028e-03
1.230650349482842243e+00 1.347873259918624033e-03
1.231830619985901931e+00 1.361673225745647746e-03
1.233013156568444346e+00 1.372607117292720972e-03
1.234197965762934945e+00 1.383478414042629010e-03
1.235385054126971083e+00 1.397169214027483642e-03
1.236574428243403911e+00 1.416119420165170423e-03
1.237766094720459620e+00 1.441890822444730734e-03
1.238960060191861778e+00 1.474883784942734909e-03
1.240156331316954574e+00 1.514247137204367257e-03
1.241354914780826935e+00 1.557993233218735911e-03
1.242555817294437093e+00 1.603303650378195677e-03
1.243759045594736268e+00 1.646988091170619719e-03
1.244964606444796784e+00 1.686039589790005967e-03
1.246172506633937749e+00 1.718212788389129365e-03
1.247382752977852505e+00 1.742539755435474139e-03
1.248595352318737195e+00 1.759692549897101145e-03
1.249810311525418882e+00 1.772108194315670862e-03
1.251027637493486333e+00 1.783814770358303509e-03
1.252247337145420136e+00 1.799939599082292637e-03
1.253469417430722599e+00 1.825939802431890196e-03
1.254693885326052527e+00 1.866663600715667707e-03
1.255920747835354900e+00 1.925413125700431351e-03
1.257150011989997207e+00 2.003218415798711620e-03
1.258381684848900894e+00 2.098530557540241766e-03
1.259615773498678593e+00 2.207488867193767388e-03
1.260852285053770450e+00 2.324813032129038372e-03
1.262091226656578691e+00 2.445230843294312912e-03
1.263332605477606396e+00 2.565203716003838091e-03
1.264576428715595835e+00 2.684592802898757430e-03
1.265822703597668353e+00 2.807856282297064264e-03
1.267071437379462040e+00 2.944412452377457093e-03
1.268322637345275172e+00 3.107954163883396449e-03
1.269576310808206099e+00 3.314743640035871727e-03
1.270832465110296461e+00 3.581212764546103360e-03
1.272091107622674411e+00 3.921481769979239321e-03
1.273352245745698719e+00 4.345618646941844590e-03
1.274615886909103546e+00 4.859527401168307545e-03
1.275882038572145216e+00 5.467230945501279707e-03
1.277150708223747877e+00 6.175992483426365719e-03
1.278421903382652269e+00 7.004226114462071447e-03
1.279695631597562944e+00 7.991550269532438078e-03
1.280971900447299028e+00 9.209733378283162936e-03
1.282250717540943441e+00 1.077278072650044057e-02
1.283532090517995217e+00 1.284411993517528897e-02
1.284816027048520271e+00 1.563883960512089943e-02
1.286102534833305722e+00 1.941925972973729958e-02
1.287391621604013325e+00 2.448275134075229495e-02
1.288683295123334016e+00 3.114161362521747703e-02
1.289977563185144005e+00 3.969585421602175868e-02
1.291274433614661987e+00 5.040077030789736484e-02
1.292573914268606350e+00 6.343215466091947641e-02
1.293876013035353711e+00 7.885262295849387870e-02
1.295180737835098794e+00 9.658287689137744214e-02
1.296488096620015629e+00 1.163817820520328394e-01
1.297798097374417203e+00 1.378378302149408097e-01
1.299110748114920444e+00 1.603748172175237241e-01
1.300426056890607862e+00 1.832732222769937747e-01
1.301744031783193201e+00 2.057056776111969021e-01
1.303064680907186412e+00 2.267851247538225923e-01
1.304388012410060194e+00 2.456219954992445165e-01
1.305714034472417628e+00 2.613856798275835946e-01
1.307042755308160942e+00 2.733647568838089570e-01
1.308374183164660698e+00 2.810202286755845713e-01
1.309708326322927663e+00 2.840263885967497237e-01
1.311045193097781558e+00 2.822949893683059375e-01
1.312384791838027587e+00 2.759799778700260386e-01
1.313727130926627851e+00 2.654620833402225877e-01
1.315072218780876323e+00 2.513147508510576444e-01
1.316420063852575595e+00 2.342550228019535941e-01
1.317770674628213401e+00 2.150846929444727162e-01
1.319124059629140922e+00 1.946281291141469250e-01
1.320480227411752194e+00 1.736734026073258608e-01
1.321839186567663527e+00 1.529227143459584437e-01
1.323200945723896238e+00 1.329566515228173540e-01
1.324565513543057849e+00 1.142147601356127973e-01
1.325932898723527265e+00 9.699260006267450274e-02
1.327303109999638409e+00 8.145323211148804143e-02
1.328676156141866516e+00 6.764932666305334408e-02
1.330052045957015094e+00 5.555105441213251810e-02
1.331430788288405109e+00 4.507475962828035032e-02
1.332812392016063274e+00 3.610810211259041225e-02
1.334196866056913677e+00 2.852870613522163687e-02
1.335584219364968961e+00 2.221507445018183757e-02
1.336974460931523057e+00 1.705025674505200942e-02
1.338367599785346362e+00 1.292016419959276900e-02
1.339763644992881142e+00 9.709240332694133585e-03
1.341162605658436702e+00 7.296314386579704804e-03
1.342564490924390119e+00 5.552915233296388565e-03
1.343969309971381643e+00 4.345291682373119205e-03
1.345377072018519193e+00 3.540146196027399265e-03
1.346787786323576430e+00 3.012950526247103536e-03
1.348201462183198140e+00 2.656939365132634286e-03
1.349618108933102745e+00 2.390636297032633101e-03
1.351037735948290130e+00 2.162084616799728794e-03
1.352460352643244823e+00 1.948727523791745145e-03
1.353885968472148260e+00 1.752897190269008237e-03
1.355314592929085071e+00 1.593870836482488363e-03
1.356746235548255131e+00 1.498191080399075264e-03
1.358180905904185831e+00 1.490259065411366065e-03
1.359618613611944804e+00 1.585036430486575160e-03
1.361059368327355079e+00 1.784101631178197341e-03
1.362503179747211357e+00 2.075462681017181590e-03
1.363950057609498057e+00 2.436651322101083400e-03
1.365400011693606253e+00 2.839928775898159768e-03
1.366853051820556830e+00 3.258078570297076679e-03
1.368309187853220088e+00 3.669310159608052749e-03
1.369768429696540002e+00 4.060204088249439423e-03
1.371230787297757381e+00 4.426261423839808647e-03
1.372696270646638572e+00 4.770293388343553598e-03
1.374164889775699727e+00 5.099419653096281917e-03
1.375636654760438393e+00 5.421704614447226019e-03
1.377111575719562442e+00 5.743403141943100726e-03
1.378589662815221883e+00 6.067456464707608049e-03
1.380070926253243568e+00 6.393395831690142604e-03
1.381555376283364778e+00 6.718334216697314891e-03
1.383043023199470367e+00 7.038402260217651273e-03
1.384533877339829910e+00 7.349908213621256584e-03
1.386027949087338174e+00 7.649687397285088140e-03
1.387525248869755812e+00 7.934486390230926708e-03
1.389025787159951619e+00 8.199671263785490369e-03
1.390529574476147223e+00 8.437906094516329017e-03
1.392036621382161998e+00 8.638590252900642946e-03
1.393546938487661091e+00 8.788706684201261915e-03
1.395060536448405220e+00 8.875339845875062153e-03
1.396577425966499586e+00 8.889574568998540038e-03
1.398097617790646341e+00 8.830944252263628683e-03
1.399621122716400601e+00 8.711227591646124660e-03
1.401147951586422913e+00 8.556328297871236555e-03
1.402678115290738603e+00 8.405321601553642288e-03
1.404211624766996236e+00 8.306075452833511577e-03
1.405748491000727851e+00 8.308146726389258399e-03
1.407288725025611198e+00 8.454033641448449599e-03
1.408832337923734634e+00 8.770410867799532939e-03
1.410379340825861805e+00 9.261307540059724244e-03
1.411929744911700313e+00 9.904844522143303742e-03
1.413483561410169731e+00 1.065449527590542345e-02
1.415040801599673825e+00 1.144491532206488686e-02
1.416601476808373228e+00 1.220141958968268617e-02
1.418165598414459661e+00 1.285140018093855127e-02
1.419733177846432826e+00 1.333555356523881581e-02
1.421304226583378183e+00 1.361682342681815386e-02
1.422878756155248059e+00 1.368545037002157592e-02
1.424456778143142976e+00 1.355933385364023643e-02
1.426038304179596539e+00 1.327986231682472089e-02
1.427623345948860090e+00 1.290423691636527134e-02
1.429211915187190263e+00 1.249591430434521082e-02
1.430804023683140525e+00 1.211500990458957636e-02
1.432399683277851388e+00 1.181031829756686025e-02
1.433998905865343287e+00 1.161410019364279671e-02
1.435601703392814343e+00 1.154010384361456309e-02
1.437208087860935457e+00 1.158460725169718243e-02
1.438818071324151404e+00 1.172974149305126487e-02
1.440431665890981705e+00 1.194808304607129085e-02
1.442048883724324604e+00 1.220750604668026200e-02
1.443669737041762158e+00 1.247551164050617924e-02
1.445294238115867769e+00 1.272259782215203958e-02
1.446922399274517490e+00 1.292457961235204608e-02
1.448554232901199557e+00 1.306401638788528240e-02
1.450189751435329688e+00 1.313099807607000062e-02
1.451828967372567725e+00 1.312349011033249295e-02
1.453471893265134263e+00 1.304729390309252238e-02
1.455118541722132175e+00 1.291552751446029337e-02
1.456768925409868798e+00 1.274744932556007293e-02
1.458423057052181004e+00 1.256648414410761229e-02
1.460080949430762276e+00 1.239746736514449332e-02
1.461742615385490884e+00 1.226335233074585772e-02
1.463408067814762958e+00 1.218185099343826149e-02
1.465077319675824219e+00 1.216261509321341777e-02
1.466750383985108819e+00 1.220555378367717096e-02
1.468427273818574630e+00 1.230070731784478275e-02
1.470108002312046080e+00 1.242978947341077944e-02
1.471792582661556104e+00 1.256915054850777161e-02
1.473481028123691416e+00 1.269359464519952997e-02
1.475173352015941353e+00 1.278029739265102403e-02
1.476869567717046916e+00 1.281206574888376151e-02
1.478569688667353610e+00 1.277936124404685167e-02
1.480273728369166264e+00 1.268082122729839202e-02
1.481981700387106970e+00 1.252237163054550385e-02
1.483693618348475241e+00 1.231533085149075224e-02
1.485409495943609492e+00 1.207407731103973987e-02
1.487129346926251872e+00 1.181385458625569020e-02
1.488853185113917732e+00 1.154913160559112480e-02
1.490581024388262232e+00 1.129268172286002937e-02
1.492312878695457590e+00 1.105528070540582469e-02
1.494048762046563450e+00 1.084573550387641326e-02
1.495788688517908360e+00 1.067090019048676751e-02
1.497532672251467467e+00 1.053542332951556103e-02
1.499280727455248874e+00 1.044116389807790181e-02
1.501032868403676668e+00 1.038643655765759434e-02
1.502789109437979942e+00 1.036541659238737929e-02
1.504549464966586036e+00 1.036808288260314230e-02
1.506313949465511781e+00 1.038097724150365345e-02
1.508082577478762509e+00 1.038883427828947090e-02
1.509855363618730850e+00 1.037685578407162613e-02
1.511632322566598186e+00 1.033315873052552576e-02
1.513413469072741879e+00 1.025080161040085175e-02
1.515198817957142063e+00 1.012884121908312271e-02
1.516988384109793087e+00 9.972090022824680808e-03
1.518782182491116739e+00 9.789577583148148521e-03
1.520580228132380585e+00 9.592073473349584795e-03
1.522382536136117182e+00 9.389297974871481725e-03
1.524189121676545966e+00 9.187546363591727466e-03
1.526000000000000023e+00 8.988347151998209855e-03
