1.126000000000000112e+00 9.236184720746398692e-04
1.126987992296117014e+00 9.105768373277534295e-04
1.127977719913760390e+00 8.999958153970239946e-04
1.128969187428857879e+00 8.921382298985500690e-04
1.129962399433440456e+00 8.866970319442348935e-04
1.130957360535711942e+00 8.828398868598679415e-04
1.131954075360122047e+00 8.793406442680370798e-04
1.132952548547436100e+00 8.747762832608306591e-04
1.133952784754808318e+00 8.677572897689057353e-04
1.134954788655853974e+00 8.571539853498324731e-04
1.135958564940721782e+00 8.422819612865220171e-04
1.136964118316167838e+00 8.230163898860786992e-04
1.137971453505628228e+00 7.998165407687202362e-04
1.138980575249294080e+00 7.736564740370797250e-04
1.139991488304184397e+00 7.458732404819261265e-04
1.141004197444223101e+00 7.179574669360799409e-04
1.142018707460311200e+00 6.913206829108036865e-04
1.143035023160405395e+00 6.670775462971692549e-04
1.144053149369591793e+00 6.458785876139930661e-04
1.145073090930163184e+00 6.278206238982073648e-04
1.146094852701695865e+00 6.124490180404489536e-04
1.147118439561126468e+00 5.988506685213225563e-04
1.148143856402830121e+00 5.858215841402757964e-04
1.149171108138697273e+00 5.720806406738356909e-04
1.150200199698214076e+00 5.564936526978541244e-04
1.151231136028538549e+00 5.382704236762502056e-04
1.152263922094582727e+00 5.171021575229730423e-04
1.153298562879090827e+00 4.932167065142287286e-04
1.154335063382718740e+00 4.673429079138903758e-04
1.155373428624115739e+00 4.405904492082992827e-04
1.156413663640005973e+00 4.142657956046370002e-04
1.157455773485268402e+00 3.896553772391460444e-04
1.158499763233019175e+00 3.678126747665186151e-04
1.159545637974695120e+00 3.493851140028182700e-04
1.160593402820134123e+00 3.345098610765865851e-04
1.161643062897660617e+00 3.227958177818694187e-04
1.162694623354169066e+00 3.133943488302886986e-04
1.163748089355205462e+00 3.051460735859447466e-04
1.164803466085055916e+00 2.967780751767526101e-04
1.165860758746828818e+00 2.871173963044943572e-04
1.166919972562540542e+00 2.752841864398035258e-04
1.167981112773203378e+00 2.608317535271875297e-04
1.169044184638909245e+00 2.438103280078703886e-04
1.170109193438919171e+00 2.247448427206104728e-04
1.171176144471748781e+00 2.045320701197457026e-04
1.172245043055257785e+00 1.842764025121140618e-04
1.173315894526736125e+00 1.650940024351652035e-04
1.174388704242995241e+00 1.479202130948433728e-04
1.175463477580455329e+00 1.333541472667516608e-04
1.176540219935237941e+00 1.215674612074286765e-04
1.177618936723252130e+00 1.122926728717105812e-04
1.178699633380288825e+00 1.048920211496329598e-04
1.179782315362111200e+00 9.849329489818067058e-05
1.180866988144545493e+00 9.216687517786846051e-05
1.181953657223574483e+00 8.511065508628554046e-05
1.183042328115429642e+00 7.680798455888603689e-05
1.184133006356684392e+00 6.712872718396331183e-05
1.185225697504348696e+00 5.635412909898766755e-05
1.186320407135962984e+00 4.512062278853365671e-05
1.187417140849692743e+00 3.429328847642728755e-05
1.188515904264424883e+00 2.479354777612028499e-05
1.189616703019862110e+00 1.741510313583612948e-05
1.190719542776621509e+00 1.266527377448542065e-05
1.191824429216329584e+00 1.066497642022194547e-05
1.192931368041720619e+00 1.113022543925584739e-05
1.194040364976735713e+00 1.344296386665003752e-05
1.195151425766620035e+00 1.680196332778580420e-05
1.196264556178022742e+00 2.042854640405258331e-05
1.197379761999095793e+00 2.378996338913291232e-05
1.198497049039596751e+00 2.679772191028252716e-05
1.199616423130986265e+00 2.994028343112945884e-05
1.200737890126532648e+00 3.431925516934602874e-05
1.201861455901411802e+00 4.157412008712545691e-05
1.202987126352810021e+00 5.370009534937274297e-05
1.204114907400029022e+00 7.278354649747617643e-05
1.205244804984587415e+00 1.006939238917154035e-04
1.206376825070326175e+00 1.387850519510603091e-04
1.207510973643513230e+00 1.876770620784090897e-04
1.208647256712948925e+00 2.471140861114183357e-04
1.209785680310073053e+00 3.159756272574238680e-04
1.210926250489070988e+00 3.924229240077666404e-04
1.212068973326979604e+00 4.741667896440532565e-04
1.213213854923797186e+00 5.588166921949616790e-04
1.214360901402591786e+00 6.442546822198654813e-04
1.215510118909608916e+00 7.289706034687511074e-04
1.216661513614383239e+00 8.122985267212925933e-04
1.217815091709847364e+00 8.945084327522619984e-04
1.218970859412443097e+00 9.767298666417121352e-04
1.220128822962234905e+00 1.060712007131024400e-03
1.221288988623019378e+00 1.148452714523328635e-03
1.222451362682440701e+00 1.241752769059821081e-03
1.223615951452102335e+00 1.341766453543079057e-03
1.224782761267683151e+00 1.448623054527519880e-03
1.225951798489049782e+00 1.561184901570919232e-03
1.227123069500375196e+00 1.676987527839166915e-03
1.228296580710252384e+00 1.792379658694460065e-03
1.229472338551812483e+00 1.902849653204695055e-03
1.230650349482842243e+00 2.003495964356742567e-03
1.231830619985901931e+00 2.089577055759526784e-03
1.233013156568444346e+00 2.157064742312250500e-03
1.234197965762934945e+00 2.203125985984837401e-03
1.235385054126971083e+00 2.226471444310182228e-03
1.236574428243403911e+00 2.227532023669772255e-03
1.237766094720459620e+00 2.208453049288956142e-03
1.238960060191861778e+00 2.172924132931334899e-03
1.240156331316954574e+00 2.125886063743708670e-03
1.241354914780826935e+00 2.073169726618580115e-03
1.242555817294437093e+00 2.021123708976009514e-03
1.243759045594736268e+00 1.976276886805241120e-03
1.244964606444796784e+00 1.945062441038538596e-03
1.246172506633937749e+00 1.933605157649960927e-03
1.247382752977852505e+00 1.947550500108142764e-03
1.248595352318737195e+00 1.991897879809189763e-03
1.249810311525418882e+00 2.070796629485301740e-03
1.251027637493486333e+00 2.187273862479854458e-03
1.252247337145420136e+00 2.342887984163769671e-03
1.253469417430722599e+00 2.537336076210159989e-03
1.254693885326052527e+00 2.768080789147773623e-03
1.255920747835354900e+00 3.030094057583340543e-03
1.257150011989997207e+00 3.315831985160505677e-03
1.258381684848900894e+00 3.615550311983464164e-03
1.259615773498678593e+00 3.918038973153593722e-03
1.260852285053770450e+00 4.211798020124040559e-03
1.262091226656578691e+00 4.486601502266292577e-03
1.263332605477606396e+00 4.735311658463589937e-03
1.264576428715595835e+00 4.955727511894013337e-03
1.265822703597668353e+00 5.152195814257925013e-03
1.267071437379462040e+00 5.336693175071228340e-03
1.268322637345275172e+00 5.529116946113117256e-03
1.269576310808206099e+00 5.756603106744486407e-03
1.270832465110296461e+00 6.051817639161055813e-03
1.272091107622674411e+00 6.450330345398547216e-03
1.273352245745698719e+00 6.987355394546632126e-03
1.274615886909103546e+00 7.694304211564055238e-03
1.275882038572145216e+00 8.595714873926558683e-03
1.277150708223747877e+00 9.707171761409363192e-03
1.278421903382652269e+00 1.103479066173099730e-02
1.279695631597562944e+00 1.257670970215353685e-02
1.280971900447299028e+00 1.432680081754869779e-02
1.282250717540943441e+00 1.628051994073807796e-02
1.283532090517995217e+00 1.844247994411751454e-02
1.284816027048520271e+00 2.083500172478361737e-02
1.286102534833305722e+00 2.350662357904914623e-02
1.287391621604013325e+00 2.653937327303233090e-02
1.288683295123334016e+00 3.005356843136802389e-02
1.289977563185144005e+00 3.420903144774305182e-02
1.291274433614661987e+00 3.920188764197817671e-02
1.292573914268606350e+00 4.525654023126469971e-02
1.293876013035353711e+00 5.261294172658590590e-02
1.295180737835098794e+00 6.150984987520680125e-02
1.296488096620015629e+00 7.216534130380292122e-02
1.297798097374417203e+00 8.475620334479423701e-02
1.299110748114920444e+00 9.939791517938609267e-02
1.300426056890607862e+00 1.161278005880916203e-01
1.301744031783193201e+00 1.348927948673319388e-01
1.303064680907186412e+00 1.555434233871028082e-01
1.304388012410060194e+00 1.778348821963424420e-01
1.305714034472417628e+00 2.014354029490945941e-01
1.307042755308160942e+00 2.259413218523176614e-01
1.308374183164660698e+00 2.508975526813000401e-01
1.309708326322927663e+00 2.758215772602735094e-01
1.311045193097781558e+00 3.002286890740449299e-01
1.312384791838027587e+00 3.236561080208710250e-01
1.313727130926627851e+00 3.456837456840941569e-01
1.315072218780876323e+00 3.659498243742745349e-01
1.316420063852575595e+00 3.841601890551962217e-01
1.317770674628213401e+00 4.000909206240675919e-01
1.319124059629140922e+00 4.135846652458364248e-01
1.320480227411752194e+00 4.245418351911323107e-01
1.321839186567663527e+00 4.329084171746782617e-01
1.323200945723896238e+00 4.386624700133998633e-01
1.324565513543057849e+00 4.418014602971966909e-01
1.325932898723527265e+00 4.423323649841404137e-01
1.327303109999638409e+00 4.402659936118317185e-01
1.328676156141866516e+00 4.356163145871701503e-01
1.330052045957015094e+00 4.284047999951132724e-01
1.331430788288405109e+00 4.186690355101042038e-01
1.332812392016063274e+00 4.064741799636885089e-01
1.334196866056913677e+00 3.919253922268026158e-01
1.335584219364968961e+00 3.751791341621871223e-01
1.336974460931523057e+00 3.564513354624155861e-01
1.338367599785346362e+00 3.360207586947748237e-01
1.339763644992881142e+00 3.142264835095516240e-01
1.341162605658436702e+00 2.914591603014077270e-01
1.342564490924390119e+00 2.681464687928167279e-01
1.343969309971381643e+00 2.447339529510479672e-01
1.345377072018519193e+00 2.216629948962099694e-01
1.346787786323576430e+00 1.993480618164540086e-01
1.348201462183198140e+00 1.781554661898287484e-01
1.349618108933102745e+00 1.583857111820162200e-01
1.351037735948290130e+00 1.402610764989024872e-01
1.352460352643244823e+00 1.239194936736800201e-01
1.353885968472148260e+00 1.094150455267898503e-01
1.355314592929085071e+00 9.672469582017668988e-02
1.356746235548255131e+00 8.576020413984977719e-02
1.358180905904185831e+00 7.638368628351359380e-02
1.359618613611944804e+00 6.842499654627294536e-02
1.361059368327355079e+00 6.169905960522801408e-02
1.362503179747211357e+00 5.602145822647291995e-02
1.363950057609498057e+00 5.122095113002695516e-02
1.365400011693606253e+00 4.714809246909851259e-02
1.366853051820556830e+00 4.367967656509711555e-02
1.368309187853220088e+00 4.071926245978221143e-02
1.369768429696540002e+00 3.819447450137128386e-02
1.371230787297757381e+00 3.605207684352244868e-02
1.372696270646638572e+00 3.425195391341819690e-02
1.374164889775699727e+00 3.276109364814942110e-02
1.375636654760438393e+00 3.154848769417128301e-02
1.377111575719562442e+00 3.058157404271260801e-02
1.378589662815221883e+00 2.982450571808484621e-02
1.380070926253243568e+00 2.923819021818961986e-02
1.381555376283364778e+00 2.878175901293011929e-02
1.383043023199470367e+00 2.841493243830810894e-02
1.384533877339829910e+00 2.810066320677317986e-02
1.386027949087338174e+00 2.780747265184856098e-02
1.387525248869755812e+00 2.751102096979177181e-02
1.389025787159951619e+00 2.719464546190962506e-02
1.390529574476147223e+00 2.684882054407674093e-02
1.392036621382161998e+00 2.646970038397544397e-02
1.393546938487661091e+00 2.605706515604654799e-02
1.395060536448405220e+00 2.561208136284225459e-02
1.396577425966499586e+00 2.513529546772422241e-02
1.398097617790646341e+00 2.462521262190910110e-02
1.399621122716400601e+00 2.407768562636245294e-02
1.401147951586422913e+00 2.348617949234221153e-02
1.402678115290738603e+00 2.284284340505831484e-02
1.404211624766996236e+00 2.214003672557691288e-02
1.405748491000727851e+00 2.137214702060820370e-02
1.407288725025611198e+00 2.053728468704521873e-02
1.408832337923734634e+00 1.963850400813652378e-02
1.410379340825861805e+00 1.868435307323267069e-02
1.411929744911700313e+00 1.768864034585313980e-02
1.413483561410169731e+00 1.666944789510328706e-02
1.415040801599673825e+00 1.564754565602702666e-02
1.416601476808373228e+00 1.464445328599770467e-02
1.418165598414459661e+00 1.368044228028856071e-02
1.419733177846432826e+00 1.277276579209683446e-02
1.421304226583378183e+00 1.193435104105112707e-02
1.422878756155248059e+00 1.117310123489314265e-02
1.424456778143142976e+00 1.049184794004563367e-02
1.426038304179596539e+00 9.888890230568180006e-03
1.427623345948860090e+00 9.358971617063650827e-03
1.429211915187190263e+00 8.894492996358688633e-03
1.430804023683140525e+00 8.486746266026141960e-03
1.432399683277851388e+00 8.126977962410332490e-03
1.433998905865343287e+00 7.807147638988244653e-03
1.435601703392814343e+00 7.520319054301621495e-03
1.437208087860935457e+00 7.260698587761169921e-03
1.438818071324151404e+00 7.023400213125861533e-03
1.440431665890981705e+00 6.804058606659042427e-03
1.442048883724324604e+00 6.598425437903358316e-03
1.443669737041762158e+00 6.402068440549059380e-03
1.445294238115867769e+00 6.210253995370409140e-03
1.446922399274517490e+00 6.018041455696097192e-03
1.448554232901199557e+00 5.820563216719580601e-03
1.450189751435329688e+00 5.613420138488507162e-03
1.451828967372567725e+00 5.393096289577088871e-03
1.453471893265134263e+00 5.157294639682588784e-03
1.455118541722132175e+00 4.905115726558966459e-03
1.456768925409868798e+00 4.637039060081344331e-03
1.458423057052181004e+00 4.354713155875567301e-03
1.460080949430762276e+00 4.060604086523425353e-03
1.461742615385490884e+00 3.757584449365534811e-03
1.463408067814762958e+00 3.448557571374064913e-03
1.465077319675824219e+00 3.136202710322086567e-03
1.466750383985108819e+00 2.822897862600210871e-03
1.468427273818574630e+00 2.510833818208837130e-03
1.470108002312046080e+00 2.202285637530782512e-03
1.471792582661556104e+00 1.899966206910982166e-03
1.473481028123691416e+00 1.607360350224436209e-03
1.475173352015941353e+00 1.328933488549497539e-03
1.476869567717046916e+00 1.070127988569326153e-03
1.478569688667353610e+00 8.371001311572244226e-04
1.480273728369166264e+00 6.362036236005209466e-04
1.481981700387106970e+00 4.732812787914907992e-04
1.483693618348475241e+00 3.528734069910036369e-04
1.485409495943609492e+00 2.774794584731431484e-04
1.487129346926251872e+00 2.470118282075830238e-04
1.488853185113917732e+00 2.585557483131314515e-04
1.490581024388262232e+00 3.065005896881926677e-04
1.492312878695457590e+00 3.830443109327764614e-04
1.494048762046563450e+00 4.790061757560063480e-04
1.495788688517908360e+00 5.848261462027053116e-04
1.497532672251467467e+00 6.915938995585086324e-04
1.499280727455248874e+00 7.919436587272689430e-04
1.501032868403676668e+00 8.806749273334575460e-04
1.502789109437979942e+00 9.550097342559749677e-04
1.504549464966586036e+00 1.014464736691222209e-03
1.506313949465511781e+00 1.060388537140758737e-03
1.508082577478762509e+00 1.095276770932809406e-03
1.509855363618730850e+00 1.122017509418463468e-03
1.511632322566598186e+00 1.143229042250850118e-03
1.513413469072741879e+00 1.160828776587804296e-03
1.515198817957142063e+00 1.175919955005281115e-03
1.516988384109793087e+00 1.189012148437075707e-03
1.518782182491116739e+00 1.200516078114708491e-03
1.520580228132380585e+00 1.211388685361834000e-03
1.522382536136117182e+00 1.223764245177311194e-03
1.524189121676545966e+00 1.241400940417736014e-03
1.526000000000000023e+00 1.269802352797035506e-03
