1.126000000000000112e+00 1.487501950273088314e-03
1.126987992296117014e+00 1.440083470618293239e-03
1.127977719913760390e+00 1.390638924797397979e-03
1.128969187428857879e+00 1.341226882869780588e-03
1.129962399433440456e+00 1.293404269415966050e-03
1.130957360535711942e+00 1.247998776897032763e-03
1.131954075360122047e+00 1.205051579062418193e-03
1.132952548547436100e+00 1.163931288772276917e-03
1.133952784754808318e+00 1.123583938695565335e-03
1.134954788655853974e+00 1.082856994850150707e-03
1.135958564940721782e+00 1.040823254381056332e-03
1.136964118316167838e+00 9.970347741111793959e-04
1.137971453505628228e+00 9.516559605056513962e-04
1.138980575249294080e+00 9.054537907787792292e-04
1.139991488304184397e+00 8.596551008757505373e-04
1.141004197444223101e+00 8.157088868500870235e-04
1.142018707460311200e+00 7.750097469136083342e-04
1.143035023160405395e+00 7.386435145512406817e-04
1.144053149369591793e+00 7.072074693340603922e-04
1.145073090930163184e+00 6.807379620095082391e-04
1.146094852701695865e+00 6.587528337963973477e-04
1.147118439561126468e+00 6.403906679175914735e-04
1.148143856402830121e+00 6.246093288769840593e-04
1.149171108138697273e+00 6.103964267770459152e-04
1.150200199698214076e+00 5.969458345817933069e-04
1.151231136028538549e+00 5.837660581692438299e-04
1.152263922094582727e+00 5.707047269518653520e-04
1.153298562879090827e+00 5.578940037385464413e-04
1.154335063382718740e+00 5.456393964764341470e-04
1.155373428624115739e+00 5.342853553602431964e-04
1.156413663640005973e+00 5.240930624912121813e-04
1.157455773485268402e+00 5.151591153173508885e-04
1.158499763233019175e+00 5.073906140660967238e-04
1.159545637974695120e+00 5.005361911414580147e-04
1.160593402820134123e+00 4.942579619717267850e-04
1.161643062897660617e+00 4.882198594766954574e-04
1.162694623354169066e+00 4.821655083084852578e-04
1.163748089355205462e+00 4.759639119385788335e-04
1.164803466085055916e+00 4.696120266213651083e-04
1.165860758746828818e+00 4.631966010388889349e-04
1.166919972562540542e+00 4.568297200071782952e-04
1.167981112773203378e+00 4.505799913740046411e-04
1.169044184638909245e+00 4.444222513727818374e-04
1.170109193438919171e+00 4.382228527208749695e-04
1.171176144471748781e+00 4.317667121880112958e-04
1.172245043055257785e+00 4.248193971623422387e-04
1.173315894526736125e+00 4.172062671571979378e-04
1.174388704242995241e+00 4.088843049205851299e-04
1.175463477580455329e+00 3.999827521844434813e-04
1.176540219935237941e+00 3.907961607460929267e-04
1.177618936723252130e+00 3.817262148577815609e-04
1.178699633380288825e+00 3.731833943497594118e-04
1.179782315362111200e+00 3.654722454175948158e-04
1.180866988144545493e+00 3.586910524668956404e-04
1.181953657223574483e+00 3.526757282651908220e-04
1.183042328115429642e+00 3.470084505012109295e-04
1.184133006356684392e+00 3.410958827238478198e-04
1.185225697504348696e+00 3.343034842741668161e-04
1.186320407135962984e+00 3.261161523409586882e-04
1.187417140849692743e+00 3.162857288967838845e-04
1.188515904264424883e+00 3.049257922249838009e-04
1.189616703019862110e+00 2.925243654268848306e-04
1.190719542776621509e+00 2.798637989294665155e-04
1.191824429216329584e+00 2.678599095076887376e-04
1.192931368041720619e+00 2.573539285522380166e-04
1.194040364976735713e+00 2.489053661773481035e-04
1.195151425766620035e+00 2.426373746656386302e-04
1.196264556178022742e+00 2.381769588870950155e-04
1.197379761999095793e+00 2.347118779693633042e-04
1.198497049039596751e+00 2.311586657250340980e-04
1.199616423130986265e+00 2.264082346381657675e-04
1.200737890126532648e+00 2.195939557620702322e-04
1.201861455901411802e+00 2.103177496579485776e-04
1.202987126352810021e+00 1.987757700798364262e-04
1.204114907400029022e+00 1.857462802502616976e-04
1.205244804984587415e+00 1.724341457176116249e-04
1.206376825070326175e+00 1.602048421795045194e-04
1.207510973643513230e+00 1.502555254778555277e-04
1.208647256712948925e+00 1.433161195842998681e-04
1.209785680310073053e+00 1.394521000317496809e-04
1.210926250489070988e+00 1.380208405108433625e-04
1.212068973326979604e+00 1.378046324288332582e-04
1.213213854923797186e+00 1.372983885619495962e-04
1.214360901402591786e+00 1.350895156199827664e-04
1.215510118909608916e+00 1.302396832364748677e-04
1.216661513614383239e+00 1.225711836143442992e-04
1.217815091709847364e+00 1.127776409879927265e-04
1.218970859412443097e+00 1.023175587203098349e-04
1.220128822962234905e+00 9.310148441364527957e-05
1.221288988623019378e+00 8.703726078616356543e-05
1.222451362682440701e+00 8.553942806588247291e-05
1.223615951452102335e+00 8.912684506005003992e-05
1.224782761267683151e+00 9.722050132554235259e-05
1.225951798489049782e+00 1.082118048415118481e-04
1.227123069500375196e+00 1.198082613054211914e-04
1.228296580710252384e+00 1.295923713646583871e-04
1.229472338551812483e+00 1.356678553138093485e-04
1.230650349482842243e+00 1.372313366241248163e-04
1.231830619985901931e+00 1.349090211024308976e-04
1.233013156568444346e+00 1.307404011616605972e-04
1.234197965762934945e+00 1.277686959603179949e-04
1.235385054126971083e+00 1.292955212040633895e-04
1.236574428243403911e+00 1.379534944699550110e-04
1.237766094720459620e+00 1.548212943880410174e-04
1.238960060191861778e+00 1.788305568742364147e-04
1.240156331316954574e+00 2.066809214206706590e-04
1.241354914780826935e+00 2.333889533775956014e-04
1.242555817294437093e+00 2.534627046329392705e-04
1.243759045594736268e+00 2.625423843788917745e-04
1.244964606444796784e+00 2.592121165923586359e-04
1.246172506633937749e+00 2.466012712640411699e-04
1.247382752977852505e+00 2.333820100518327887e-04
1.248595352318737195e+00 2.338439733753603928e-04
1.249810311525418882e+00 2.668809101891273482e-04
1.251027637493486333e+00 3.539328002924521524e-04
1.252247337145420136e+00 5.161516283444369862e-04
1.253469417430722599e+00 7.712533698456382290e-04
1.254693885326052527e+00 1.130639068889991274e-03
1.255920747835354900e+00 1.597381871383290108e-03
1.257150011989997207e+00 2.165571553605654623e-03
1.258381684848900894e+00 2.821293996614171722e-03
1.259615773498678593e+00 3.545233972139032966e-03
1.260852285053770450e+00 4.316577443744441626e-03
1.262091226656578691e+00 5.117615194940380516e-03
1.263332605477606396e+00 5.938270935471317430e-03
1.264576428715595835e+00 6.779737010656874778e-03
1.265822703597668353e+00 7.656517286117530546e-03
1.267071437379462040e+00 8.596436962045444011e-03
1.268322637345275172e+00 9.638540190295481758e-03
1.269576310808206099e+00 1.082919247660310558e-02
1.270832465110296461e+00 1.221705909207189931e-02
1.272091107622674411e+00 1.384787058299277208e-02
1.273352245745698719e+00 1.575995894296483915e-02
1.274615886909103546e+00 1.798143137163332739e-02
1.275882038572145216e+00 2.052955814710560531e-02
1.277150708223747877e+00 2.341253778713517017e-02
1.278421903382652269e+00 2.663334365915959179e-02
1.279695631597562944e+00 3.019494065570411598e-02
1.280971900447299028e+00 3.410587194561862101e-02
1.282250717540943441e+00 3.838511501441111556e-02
1.283532090517995217e+00 4.306521855949670130e-02
1.284816027048520271e+00 4.819304087265854214e-02
1.286102534833305722e+00 5.382785981828688837e-02
1.287391621604013325e+00 6.003712819847352444e-02
1.288683295123334016e+00 6.689060641739855151e-02
1.289977563185144005e+00 7.445392324504858383e-02
1.291274433614661987e+00 8.278272668958105984e-02
1.292573914268606350e+00 9.191846199522081540e-02
1.293876013035353711e+00 1.018864710724849132e-01
1.295180737835098794e+00 1.126966104987285333e-01
1.296488096620015629e+00 1.243461838107455253e-01
1.297798097374417203e+00 1.368239361986356983e-01
1.299110748114920444e+00 1.501137815176436796e-01
1.300426056890607862e+00 1.641981734176574947e-01
1.301744031783193201e+00 1.790586625548933331e-01
1.303064680907186412e+00 1.946734285216051574e-01
1.304388012410060194e+00 2.110115578336730913e-01
1.305714034472417628e+00 2.280245746907723359e-01
1.307042755308160942e+00 2.456363507543941338e-01
1.308374183164660698e+00 2.637329778233555855e-01
1.309708326322927663e+00 2.821543936401257335e-01
1.311045193097781558e+00 3.006894612019732627e-01
1.312384791838027587e+00 3.190758238162760274e-01
1.313727130926627851e+00 3.370052508488102228e-01
1.315072218780876323e+00 3.541344516440209089e-01
1.316420063852575595e+00 3.701005876943804784e-01
1.317770674628213401e+00 3.845400752171038161e-01
1.319124059629140922e+00 3.971088391582526800e-01
1.320480227411752194e+00 4.075020140563560544e-01
1.321839186567663527e+00 4.154711988435519920e-01
1.323200945723896238e+00 4.208377267682081313e-01
1.324565513543057849e+00 4.235009362573931013e-01
1.325932898723527265e+00 4.234410303367582284e-01
1.327303109999638409e+00 4.207166951123315068e-01
1.328676156141866516e+00 4.154581307881413110e-01
1.330052045957015094e+00 4.078564791207090479e-01
1.331430788288405109e+00 3.981507912243623659e-01
1.332812392016063274e+00 3.866136847073269878e-01
1.334196866056913677e+00 3.735367297160971378e-01
1.335584219364968961e+00 3.592164321931405335e-01
1.336974460931523057e+00 3.439415000379357212e-01
1.338367599785346362e+00 3.279819202515446008e-01
1.339763644992881142e+00 3.115802574468283237e-01
1.341162605658436702e+00 2.949454988522626775e-01
1.342564490924390119e+00 2.782496936106953478e-01
1.343969309971381643e+00 2.616275331982253483e-01
1.345377072018519193e+00 2.451788684631560356e-01
1.346787786323576430e+00 2.289739460185459263e-01
1.348201462183198140e+00 2.130608836752545809e-01
1.349618108933102745e+00 1.974746253793077666e-01
1.351037735948290130e+00 1.822463720511825203e-01
1.352460352643244823e+00 1.674123333922764578e-01
1.353885968472148260e+00 1.530206371370584351e-01
1.355314592929085071e+00 1.391353954282941729e-01
1.356746235548255131e+00 1.258372613094581594e-01
1.358180905904185831e+00 1.132202758514290336e-01
1.359618613611944804e+00 1.013853418888772256e-01
1.361059368327355079e+00 9.043117795782786017e-02
1.362503179747211357e+00 8.044401632112688216e-02
1.363950057609498057e+00 7.148753630235837875e-02
1.365400011693606253e+00 6.359452230689244256e-02
1.366853051820556830e+00 5.676149835224279100e-02
1.368309187853220088e+00 5.094715339440587798e-02
1.369768429696540002e+00 4.607480644985616908e-02
1.371230787297757381e+00 4.203856305954522393e-02
1.372696270646638572e+00 3.871228608133017030e-02
1.374164889775699727e+00 3.596013163577002625e-02
1.375636654760438393e+00 3.364724291646129656e-02
1.377111575719562442e+00 3.164926801849343024e-02
1.378589662815221883e+00 2.985964806792023793e-02
1.380070926253243568e+00 2.819404764697252055e-02
1.381555376283364778e+00 2.659178657333465673e-02
1.383043023199470367e+00 2.501459037911215114e-02
1.384533877339829910e+00 2.344332802469426685e-02
1.386027949087338174e+00 2.187359748448746907e-02
1.387525248869755812e+00 2.031103566483762751e-02
1.389025787159951619e+00 1.876708717849934552e-02
1.390529574476147223e+00 1.725571454832994581e-02
1.392036621382161998e+00 1.579123526867015279e-02
1.393546938487661091e+00 1.438719579749069867e-02
1.395060536448405220e+00 1.305599378057041918e-02
1.396577425966499586e+00 1.180886953564543908e-02
1.398097617790646341e+00 1.065591016735504756e-02
1.399621122716400601e+00 9.605822567994507302e-03
1.401147951586422913e+00 8.665394097999115641e-03
1.402678115290738603e+00 7.838763034110518557e-03
1.404211624766996236e+00 7.126528737014433887e-03
1.405748491000727851e+00 6.525229502161521145e-03
1.407288725025611198e+00 6.027231940928375227e-03
1.408832337923734634e+00 5.621156574417636269e-03
1.410379340825861805e+00 5.292859518616922429e-03
1.411929744911700313e+00 5.026805731448951396e-03
1.413483561410169731e+00 4.807581548118235702e-03
1.415040801599673825e+00 4.621259050141567071e-03
1.416601476808373228e+00 4.456361440568684662e-03
1.418165598414459661e+00 4.304276696632421129e-03
1.419733177846432826e+00 4.159100341105845602e-03
1.421304226583378183e+00 4.017022593646524600e-03
1.422878756155248059e+00 3.875476254814211059e-03
1.424456778143142976e+00 3.732304458078362659e-03
1.426038304179596539e+00 3.585182355603433110e-03
1.427623345948860090e+00 3.431441956616244036e-03
1.429211915187190263e+00 3.268328044427385413e-03
1.430804023683140525e+00 3.093587719074432450e-03
1.432399683277851388e+00 2.906199585488379502e-03
1.433998905865343287e+00 2.707005968121884917e-03
1.435601703392814343e+00 2.499033562019492907e-03
1.437208087860935457e+00 2.287368512173762296e-03
1.438818071324151404e+00 2.078569737935845405e-03
1.440431665890981705e+00 1.879728447108401515e-03
1.442048883724324604e+00 1.697379632004492522e-03
1.443669737041762158e+00 1.536517060075967252e-03
1.445294238115867769e+00 1.399944406660764713e-03
1.446922399274517490e+00 1.288115905048752355e-03
1.448554232901199557e+00 1.199500034441497442e-03
1.450189751435329688e+00 1.131369803543779817e-03
1.451828967372567725e+00 1.080816473668889553e-03
1.453471893265134263e+00 1.045727763816227916e-03
1.455118541722132175e+00 1.025481466013246183e-03
1.456768925409868798e+00 1.021178918884083162e-03
1.458423057052181004e+00 1.035361437350762427e-03
1.460080949430762276e+00 1.071286274884874915e-03
1.461742615385490884e+00 1.131952665574113923e-03
1.463408067814762958e+00 1.219133466433772097e-03
1.465077319675824219e+00 1.332666939506293221e-03
1.466750383985108819e+00 1.470196332766643020e-03
1.468427273818574630e+00 1.627429283787346385e-03
1.470108002312046080e+00 1.798854556983080655e-03
1.471792582661556104e+00 1.978735157497838685e-03
1.473481028123691416e+00 2.162125379032646399e-03
1.475173352015941353e+00 2.345653730830964383e-03
1.476869567717046916e+00 2.527875793726133170e-03
1.478569688667353610e+00 2.709115029092601379e-03
1.480273728369166264e+00 2.890845796952860435e-03
1.481981700387106970e+00 3.074795503476568121e-03
1.483693618348475241e+00 3.262019135328541024e-03
1.485409495943609492e+00 3.452208420440791136e-03
1.487129346926251872e+00 3.643435963558473017e-03
1.488853185113917732e+00 3.832417251510348861e-03
1.490581024388262232e+00 4.015230934213381842e-03
1.492312878695457590e+00 4.188308260076406553e-03
1.494048762046563450e+00 4.349421489668151529e-03
1.495788688517908360e+00 4.498391962798195358e-03
1.497532672251467467e+00 4.637305953224207453e-03
1.499280727455248874e+00 4.770154640088974420e-03
1.501032868403676668e+00 4.901970625486510962e-03
1.502789109437979942e+00 5.037675917432929244e-03
1.504549464966586036e+00 5.180945834843126221e-03
1.506313949465511781e+00 5.333403333522287494e-03
1.508082577478762509e+00 5.494382619724111350e-03
1.509855363618730850e+00 5.661356199831249839e-03
1.511632322566598186e+00 5.830941529981481519e-03
1.513413469072741879e+00 6.000238481603395804e-03
1.515198817957142063e+00 6.168141880864730364e-03
1.516988384109793087e+00 6.336256067498888603e-03
1.518782182491116739e+00 6.509120159090691325e-03
1.520580228132380585e+00 6.693617159220567082e-03
1.522382536136117182e+00 6.897648213794934161e-03
1.524189121676545966e+00 7.128352721057010233e-03
1.526000000000000023e+00 7.390292821111363493e-03
