1.126000000000000112e+00 4.154998026247233578e-04
1.126987992296117014e+00 4.037606390839336922e-04
1.127977719913760390e+00 3.968008011107328138e-04
1.128969187428857879e+00 3.970316964735299452e-04
1.129962399433440456e+00 4.054956599009581705e-04
1.130957360535711942e+00 4.216297709680639377e-04
1.131954075360122047e+00 4.433632282577729838e-04
1.132952548547436100e+00 4.675313959000316501e-04
1.133952784754808318e+00 4.905231769977867404e-04
1.134954788655853974e+00 5.090282834900314909e-04
1.135958564940721782e+00 5.207278619934985154e-04
1.136964118316167838e+00 5.247812326739911739e-04
1.137971453505628228e+00 5.220021386557318959e-04
1.138980575249294080e+00 5.146821825693757716e-04
1.139991488304184397e+00 5.060939565888739706e-04
1.141004197444223101e+00 4.997758524929941026e-04
1.142018707460311200e+00 4.987493854015067609e-04
1.143035023160405395e+00 5.048369242009307810e-04
1.144053149369591793e+00 5.182286660545552858e-04
1.145073090930163184e+00 5.373961670141638811e-04
1.146094852701695865e+00 5.593766186538494953e-04
1.147118439561126468e+00 5.803729932052822385e-04
1.148143856402830121e+00 5.965470840697700318e-04
1.149171108138697273e+00 6.048398361846786010e-04
1.150200199698214076e+00 6.036452397079029256e-04
1.151231136028538549e+00 5.931923100251422585e-04
1.152263922094582727e+00 5.755487335121628467e-04
1.153298562879090827e+00 5.542378231124057758e-04
1.154335063382718740e+00 5.335417639750197547e-04
1.155373428624115739e+00 5.176320460974398506e-04
1.156413663640005973e+00 5.097080364892873873e-04
1.157455773485268402e+00 5.113275744875996412e-04
1.158499763233019175e+00 5.220773311719884013e-04
1.159545637974695120e+00 5.396616713246395235e-04
1.160593402820134123e+00 5.604004814476628389e-04
1.161643062897660617e+00 5.800373548817463207e-04
1.162694623354169066e+00 5.946891932558663043e-04
1.163748089355205462e+00 6.017329102230273806e-04
1.164803466085055916e+00 6.004335075308037768e-04
1.165860758746828818e+00 5.921697297295298694e-04
1.166919972562540542e+00 5.801984042095427669e-04
1.167981112773203378e+00 5.689984180000267656e-04
1.169044184638909245e+00 5.633284001277360500e-04
1.170109193438919171e+00 5.671980767988840785e-04
1.171176144471748781e+00 5.829771575465439925e-04
1.172245043055257785e+00 6.108416012068225952e-04
1.173315894526736125e+00 6.486894333306876667e-04
1.174388704242995241e+00 6.925604111071553132e-04
1.175463477580455329e+00 7.374857469531926214e-04
1.176540219935237941e+00 7.785983523872681573e-04
1.177618936723252130e+00 8.122712807949101534e-04
1.178699633380288825e+00 8.370367501233649940e-04
1.179782315362111200e+00 8.540755337254980805e-04
1.180866988144545493e+00 8.671509989794021472e-04
1.181953657223574483e+00 8.819777303108010261e-04
1.183042328115429642e+00 9.051380103860240649e-04
1.184133006356684392e+00 9.427639823030272218e-04
1.185225697504348696e+00 9.992652458799982686e-04
1.186320407135962984e+00 1.076385225372667159e-03
1.187417140849692743e+00 1.172811263960013518e-03
1.188515904264424883e+00 1.284453003158938893e-03
1.189616703019862110e+00 1.405363121703792411e-03
1.190719542776621509e+00 1.529133421998981343e-03
1.191824429216329584e+00 1.650488297478312468e-03
1.192931368041720619e+00 1.766742019065451657e-03
1.194040364976735713e+00 1.878800091666937410e-03
1.195151425766620035e+00 1.991467696081143050e-03
1.196264556178022742e+00 2.112964723807302884e-03
1.197379761999095793e+00 2.253709981340988946e-03
1.198497049039596751e+00 2.424593075091600099e-03
1.199616423130986265e+00 2.635067855485561349e-03
1.200737890126532648e+00 2.891449945993461879e-03
1.201861455901411802e+00 3.195769734259624670e-03
1.202987126352810021e+00 3.545424653237456893e-03
1.204114907400029022e+00 3.933710648111965122e-03
1.205244804984587415e+00 4.351082127901937345e-03
1.206376825070326175e+00 4.786983599301158042e-03
1.207510973643513230e+00 5.232000621254251707e-03
1.208647256712948925e+00 5.679053134910110739e-03
1.209785680310073053e+00 6.124427086019870910e-03
1.210926250489070988e+00 6.567781575198021991e-03
1.212068973326979604e+00 7.011264098908404595e-03
1.213213854923797186e+00 7.457942635589178033e-03
1.214360901402591786e+00 7.909941919201503302e-03
1.215510118909608916e+00 8.366770542115162593e-03
1.216661513614383239e+00 8.824316822323912540e-03
1.217815091709847364e+00 9.274868101252274274e-03
1.218970859412443097e+00 9.708289152552640813e-03
1.220128822962234905e+00 1.011422272636339215e-02
1.221288988623019378e+00 1.048490659071328948e-02
1.222451362682440701e+00 1.081799838169640073e-02
1.223615951452102335e+00 1.111871434180857800e-02
1.224782761267683151e+00 1.140065120645492383e-02
1.225951798489049782e+00 1.168487280503957733e-02
1.227123069500375196e+00 1.199717283602803192e-02
1.228296580710252384e+00 1.236381327036505627e-02
1.229472338551812483e+00 1.280640690543392336e-02
1.230650349482842243e+00 1.333688284034063691e-02
1.231830619985901931e+00 1.395357858097816088e-02
1.233013156568444346e+00 1.463940374901224854e-02
1.234197965762934945e+00 1.536271793096649803e-02
1.235385054126971083e+00 1.608110066572515651e-02
1.236574428243403911e+00 1.674764334097906052e-02
1.237766094720459620e+00 1.731886333036013539e-02
1.238960060191861778e+00 1.776293780292879584e-02
1.240156331316954574e+00 1.806676974138296185e-02
1.241354914780826935e+00 1.824048693730272175e-02
1.242555817294437093e+00 1.831834067398224047e-02
1.243759045594736268e+00 1.835556368240193886e-02
1.244964606444796784e+00 1.842146693173052352e-02
1.246172506633937749e+00 1.858976988466815722e-02
1.247382752977852505e+00 1.892772938214758519e-02
1.248595352318737195e+00 1.948593860870590985e-02
1.249810311525418882e+00 2.029063482029940316e-02
1.251027637493486333e+00 2.133997004668444081e-02
1.252247337145420136e+00 2.260501811464074237e-02
1.253469417430722599e+00 2.403543006278738639e-02
1.254693885326052527e+00 2.556876560514300539e-02
1.255920747835354900e+00 2.714179100005894782e-02
1.257150011989997207e+00 2.870159448607855976e-02
1.258381684848900894e+00 3.021433080745536404e-02
1.259615773498678593e+00 3.166979567426135567e-02
1.260852285053770450e+00 3.308079665375456002e-02
1.262091226656578691e+00 3.447729955914961841e-02
1.263332605477606396e+00 3.589640324017586565e-02
1.264576428715595835e+00 3.737012180964040947e-02
1.265822703597668353e+00 3.891353911804910914e-02
1.267071437379462040e+00 4.051600838879104716e-02
1.268322637345275172e+00 4.213764878050502150e-02
1.269576310808206099e+00 4.371248965855788204e-02
1.270832465110296461e+00 4.515837895803569146e-02
1.272091107622674411e+00 4.639242427675376035e-02
1.273352245745698719e+00 4.734952891868492858e-02
1.274615886909103546e+00 4.800076162539940183e-02
1.275882038572145216e+00 4.836803948641726220e-02
1.277150708223747877e+00 4.853199186316497354e-02
1.278421903382652269e+00 4.863087404119852825e-02
1.279695631597562944e+00 4.884986045804198818e-02
1.280971900447299028e+00 4.940172255956203073e-02
1.282250717540943441e+00 5.050148744932458217e-02
1.283532090517995217e+00 5.233888374246765951e-02
1.284816027048520271e+00 5.505297045118413835e-02
1.286102534833305722e+00 5.871317735889831219e-02
1.287391621604013325e+00 6.331005907627385021e-02
1.288683295123334016e+00 6.875751759309896294e-02
1.289977563185144005e+00 7.490633729823059639e-02
1.291274433614661987e+00 8.156693617708725419e-02
1.292573914268606350e+00 8.853761795245040922e-02
1.293876013035353711e+00 9.563361463099491477e-02
1.295180737835098794e+00 1.027120329662987025e-01
1.296488096620015629e+00 1.096888212326540407e-01
1.297798097374417203e+00 1.165438939645617594e-01
1.299110748114920444e+00 1.233145943767278152e-01
1.300426056890607862e+00 1.300797727753900956e-01
1.301744031783193201e+00 1.369355949196778277e-01
1.303064680907186412e+00 1.439688093940459102e-01
1.304388012410060194e+00 1.512322048700295019e-01
1.305714034472417628e+00 1.587267871598867786e-01
1.307042755308160942e+00 1.663939123249923990e-01
1.308374183164660698e+00 1.741187084361620341e-01
1.309708326322927663e+00 1.817439609389513155e-01
1.311045193097781558e+00 1.890916341165607695e-01
1.312384791838027587e+00 1.959877388316249025e-01
1.313727130926627851e+00 2.022856213277925141e-01
1.315072218780876323e+00 2.078830714557527715e-01
1.316420063852575595e+00 2.127298807115029500e-01
1.317770674628213401e+00 2.168243941704122713e-01
1.319124059629140922e+00 2.201998328923235604e-01
1.320480227411752194e+00 2.229032825650050786e-01
1.321839186567663527e+00 2.249718303104580319e-01
1.323200945723896238e+00 2.264110584700179396e-01
1.324565513543057849e+00 2.271808043557448642e-01
1.325932898723527265e+00 2.271917962550121517e-01
1.327303109999638409e+00 2.263147015434123499e-01
1.328676156141866516e+00 2.244006534571271194e-01
1.330052045957015094e+00 2.213099285096692959e-01
1.331430788288405109e+00 2.169435971337063118e-01
1.332812392016063274e+00 2.112720466608043191e-01
1.334196866056913677e+00 2.043544936987714000e-01
1.335584219364968961e+00 1.963449665507568387e-01
1.336974460931523057e+00 1.874825336784822494e-01
1.338367599785346362e+00 1.780663837834258190e-01
1.339763644992881142e+00 1.684192154916726858e-01
1.341162605658436702e+00 1.588447375395541927e-01
1.342564490924390119e+00 1.495864592675444082e-01
1.343969309971381643e+00 1.407950759328568668e-01
1.345377072018519193e+00 1.325105557870442652e-01
1.346787786323576430e+00 1.246626882005921200e-01
1.348201462183198140e+00 1.170907410297630097e-01
1.349618108933102745e+00 1.095795365494046658e-01
1.351037735948290130e+00 1.019062791447636895e-01
1.352460352643244823e+00 9.389039412319620526e-02
1.353885968472148260e+00 8.543785560827643621e-02
1.355314592929085071e+00 7.657216031511811238e-02
1.356746235548255131e+00 6.744615489709931966e-02
1.358180905904185831e+00 5.833201561668736879e-02
1.359618613611944804e+00 4.959029117515403873e-02
1.361059368327355079e+00 4.162243685776219337e-02
1.362503179747211357e+00 3.481408679055167377e-02
1.363950057609498057e+00 2.947794562471735616e-02
1.365400011693606253e+00 2.580534983239552924e-02
1.366853051820556830e+00 2.383422321863840065e-02
1.368309187853220088e+00 2.343855885651799364e-02
1.369768429696540002e+00 2.434114276751865938e-02
1.371230787297757381e+00 2.614757120840323357e-02
1.372696270646638572e+00 2.839631497081182912e-02
1.374164889775699727e+00 3.061718970745771345e-02
1.375636654760438393e+00 3.238947594176544431e-02
1.377111575719562442e+00 3.339124602760034505e-02
1.378589662815221883e+00 3.343310261392070520e-02
1.380070926253243568e+00 3.247219690800728920e-02
1.381555376283364778e+00 3.060559762477747456e-02
1.383043023199470367e+00 2.804527291510938020e-02
1.384533877339829910e+00 2.507960313112665707e-02
1.386027949087338174e+00 2.202805267878138809e-02
1.387525248869755812e+00 1.919616651159904500e-02
1.389025787159951619e+00 1.683740569287177358e-02
1.390529574476147223e+00 1.512668601945599614e-02
1.392036621382161998e+00 1.414818322583386891e-02
1.393546938487661091e+00 1.389745631188563091e-02
1.395060536448405220e+00 1.429566164480985946e-02
1.396577425966499586e+00 1.521195559807132433e-02
1.398097617790646341e+00 1.648934819378461078e-02
1.399621122716400601e+00 1.796934154001224651e-02
1.401147951586422913e+00 1.951156311223144202e-02
1.402678115290738603e+00 2.100607386694808287e-02
1.404211624766996236e+00 2.237760111750584230e-02
1.405748491000727851e+00 2.358269445949832260e-02
1.407288725025611198e+00 2.460195630655344357e-02
1.408832337923734634e+00 2.543004973220558754e-02
1.410379340825861805e+00 2.606626309788788801e-02
1.411929744911700313e+00 2.650780605878020474e-02
1.413483561410169731e+00 2.674705344737434917e-02
1.415040801599673825e+00 2.677284153242548079e-02
1.416601476808373228e+00 2.657490869301184014e-02
1.418165598414459661e+00 2.614986740993524572e-02
1.419733177846432826e+00 2.550682334928023459e-02
1.421304226583378183e+00 2.467094527900023926e-02
1.422878756155248059e+00 2.368386173273264589e-02
1.424456778143142976e+00 2.260056410126402154e-02
1.426038304179596539e+00 2.148333800802372864e-02
1.427623345948860090e+00 2.039393524284887488e-02
1.429211915187190263e+00 1.938559060611182855e-02
1.430804023683140525e+00 1.849650793386165004e-02
1.432399683277851388e+00 1.774609845630638685e-02
1.433998905865343287e+00 1.713464197189806804e-02
1.435601703392814343e+00 1.664630190270580123e-02
1.437208087860935457e+00 1.625472543303876222e-02
1.438818071324151404e+00 1.592995051404610951e-02
1.440431665890981705e+00 1.564512605541185791e-02
1.442048883724324604e+00 1.538166581455794116e-02
1.443669737041762158e+00 1.513186316635117476e-02
1.445294238115867769e+00 1.489859387074364723e-02
1.446922399274517490e+00 1.469238961357085399e-02
1.448554232901199557e+00 1.452673174548471322e-02
1.450189751435329688e+00 1.441277195906454089e-02
1.451828967372567725e+00 1.435476398523088774e-02
1.453471893265134263e+00 1.434728053382786951e-02
1.455118541722132175e+00 1.437484839926282849e-02
1.456768925409868798e+00 1.441406651102744574e-02
1.458423057052181004e+00 1.443770586864717882e-02
1.460080949430762276e+00 1.441985145492291967e-02
1.461742615385490884e+00 1.434092746546190324e-02
1.463408067814762958e+00 1.419149057610869478e-02
1.465077319675824219e+00 1.397396479548290542e-02
1.466750383985108819e+00 1.370195566138529726e-02
1.468427273818574630e+00 1.339731463011551403e-02
1.470108002312046080e+00 1.308560789522001874e-02
1.471792582661556104e+00 1.279097319038251419e-02
1.473481028123691416e+00 1.253145563355571347e-02
1.475173352015941353e+00 1.231578198431046087e-02
1.476869567717046916e+00 1.214219718230420166e-02
1.478569688667353610e+00 1.199952660997828831e-02
1.480273728369166264e+00 1.187014614113292288e-02
1.481981700387106970e+00 1.173414527868594723e-02
1.483693618348475241e+00 1.157374055007998406e-02
1.485409495943609492e+00 1.137698136794124820e-02
1.487129346926251872e+00 1.113998513276509041e-02
1.488853185113917732e+00 1.086729272261982744e-02
1.490581024388262232e+00 1.057036612492510616e-02
1.492312878695457590e+00 1.026465890808310986e-02
1.494048762046563450e+00 9.965987436981377234e-03
1.495788688517908360e+00 9.687053863116645153e-03
1.497532672251467467e+00 9.434899521421227439e-03
1.499280727455248874e+00 9.209822543526747368e-03
1.501032868403676668e+00 9.005937435339545979e-03
1.502789109437979942e+00 8.813171456630646342e-03
1.504549464966586036e+00 8.620170758596163232e-03
1.506313949465511781e+00 8.417399747603344570e-03
1.508082577478762509e+00 8.199699151781364784e-03
1.509855363618730850e+00 7.967720556378381919e-03
1.511632322566598186e+00 7.727937497667819976e-03
1.513413469072741879e+00 7.491276422642472940e-03
1.515198817957142063e+00 7.270733413011018324e-03
1.516988384109793087e+00 7.078569674663746578e-03
1.518782182491116739e+00 6.923759387098827635e-03
1.520580228132380585e+00 6.810281848137227610e-03
1.522382536136117182e+00 6.736628602763106502e-03
1.524189121676545966e+00 6.696590671156848508e-03
1.526000000000000023e+00 6.681075602613523179e-03
