1.126000000000000112e+00 8.069984411941753377e-04
1.126987992296117014e+00 8.561208251410013523e-04
1.127977719913760390e+00 9.048129236484376376e-04
1.128969187428857879e+00 9.483459534138935845e-04
1.129962399433440456e+00 9.832498781548258248e-04
1.130957360535711942e+00 1.007807181068039355e-03
1.131954075360122047e+00 1.022268828671042164e-03
1.132952548547436100e+00 1.028761720996706564e-03
1.133952784754808318e+00 1.030903578420723976e-03
1.134954788655853974e+00 1.033185566927528410e-03
1.135958564940721782e+00 1.040218508417489404e-03
1.136964118316167838e+00 1.055959913879097158e-03
1.137971453505628228e+00 1.083042858706830674e-03
1.138980575249294080e+00 1.122312902830425096e-03
1.139991488304184397e+00 1.172647638709372036e-03
1.141004197444223101e+00 1.231089539713201963e-03
1.142018707460311200e+00 1.293273275961134318e-03
1.143035023160405395e+00 1.354081454317952651e-03
1.144053149369591793e+00 1.408425596026327943e-03
1.145073090930163184e+00 1.452028356502330217e-03
1.146094852701695865e+00 1.482082115377758797e-03
1.147118439561126468e+00 1.497678372682600826e-03
1.148143856402830121e+00 1.499938743230610442e-03
1.149171108138697273e+00 1.491825811284984947e-03
1.150200199698214076e+00 1.477663026950172499e-03
1.151231136028538549e+00 1.462439105561037615e-03
1.152263922094582727e+00 1.451006804994307885e-03
1.153298562879090827e+00 1.447303199970644471e-03
1.154335063382718740e+00 1.453715981227029271e-03
1.155373428624115739e+00 1.470698177484150958e-03
1.156413663640005973e+00 1.496695232527217893e-03
1.157455773485268402e+00 1.528399267181818717e-03
1.158499763233019175e+00 1.561293074177381741e-03
1.159545637974695120e+00 1.590399130230800472e-03
1.160593402820134123e+00 1.611114383742774615e-03
1.161643062897660617e+00 1.619995762789409053e-03
1.162694623354169066e+00 1.615367370608411079e-03
1.163748089355205462e+00 1.597647760162738094e-03
1.164803466085055916e+00 1.569340401264103339e-03
1.165860758746828818e+00 1.534685271822500748e-03
1.166919972562540542e+00 1.499025314826258563e-03
1.167981112773203378e+00 1.467988894673248612e-03
1.169044184638909245e+00 1.446620323932593663e-03
1.170109193438919171e+00 1.438599769883460843e-03
1.171176144471748781e+00 1.445679820875131819e-03
1.172245043055257785e+00 1.467431010054688579e-03
1.173315894526736125e+00 1.501338392098608421e-03
1.174388704242995241e+00 1.543234000636151387e-03
1.175463477580455329e+00 1.587994922895344906e-03
1.176540219935237941e+00 1.630392707944457653e-03
1.177618936723252130e+00 1.665954073949535603e-03
1.178699633380288825e+00 1.691689803513624687e-03
1.179782315362111200e+00 1.706569207299699553e-03
1.180866988144545493e+00 1.711658731202701051e-03
1.181953657223574483e+00 1.709898861606840839e-03
1.183042328115429642e+00 1.705554530132515111e-03
1.184133006356684392e+00 1.703430570689335767e-03
1.185225697504348696e+00 1.707985697313778523e-03
1.186320407135962984e+00 1.722498351645809517e-03
1.187417140849692743e+00 1.748431597337400407e-03
1.188515904264424883e+00 1.785112441408706835e-03
1.189616703019862110e+00 1.829788478500029040e-03
1.190719542776621509e+00 1.878060266885502169e-03
1.191824429216329584e+00 1.924622308701161603e-03
1.192931368041720619e+00 1.964190242959578878e-03
1.194040364976735713e+00 1.992456590091352172e-03
1.195151425766620035e+00 2.006908553173962322e-03
1.196264556178022742e+00 2.007361037675897599e-03
1.197379761999095793e+00 1.996103486482533884e-03
1.198497049039596751e+00 1.977623249943530684e-03
1.199616423130986265e+00 1.957940630368118409e-03
1.200737890126532648e+00 1.943659371276898690e-03
1.201861455901411802e+00 1.940889341573568370e-03
1.202987126352810021e+00 1.954225818767157778e-03
1.204114907400029022e+00 1.985966336423146752e-03
1.205244804984587415e+00 2.035695471489992140e-03
1.206376825070326175e+00 2.100382368516538496e-03
1.207510973643513230e+00 2.174975847092528499e-03
1.208647256712948925e+00 2.253195625992688179e-03
1.209785680310073053e+00 2.328762100975909771e-03
1.210926250489070988e+00 2.396606577484986823e-03
1.212068973326979604e+00 2.453908892870462766e-03
1.213213854923797186e+00 2.500769635117491060e-03
1.214360901402591786e+00 2.540380590630387549e-03
1.215510118909608916e+00 2.578640346497341768e-03
1.216661513614383239e+00 2.623258858208002333e-03
1.217815091709847364e+00 2.682488821375288764e-03
1.218970859412443097e+00 2.763695957005548633e-03
1.220128822962234905e+00 2.872020501337792329e-03
1.221288988623019378e+00 3.009379257999045699e-03
1.222451362682440701e+00 3.174009727837687894e-03
1.223615951452102335e+00 3.360671207969239890e-03
1.224782761267683151e+00 3.561505676507325819e-03
1.225951798489049782e+00 3.767442250341822979e-03
1.227123069500375196e+00 3.969923675715366675e-03
1.228296580710252384e+00 4.162661029489112333e-03
1.229472338551812483e+00 4.343098251136815434e-03
1.230650349482842243e+00 4.513298604807217985e-03
1.231830619985901931e+00 4.680049021288246701e-03
1.233013156568444346e+00 4.854104592428354348e-03
1.234197965762934945e+00 5.048645357189659837e-03
1.235385054126971083e+00 5.277166543247045240e-03
1.236574428243403911e+00 5.551145424394065414e-03
1.237766094720459620e+00 5.877899205378719905e-03
1.238960060191861778e+00 6.259051860027842196e-03
1.240156331316954574e+00 6.689956878610018448e-03
1.241354914780826935e+00 7.160283018208129374e-03
1.242555817294437093e+00 7.655779466754313728e-03
1.243759045594736268e+00 8.161023842000127496e-03
1.244964606444796784e+00 8.662756064676596299e-03
1.246172506633937749e+00 9.153249199107725553e-03
1.247382752977852505e+00 9.633095547595544803e-03
1.248595352318737195e+00 1.011281263150988659e-02
1.249810311525418882e+00 1.061280441673197877e-02
1.251027637493486333e+00 1.116143678594317019e-02
1.252247337145420136e+00 1.179127538041936131e-02
1.253469417430722599e+00 1.253384834543113877e-02
1.254693885326052527e+00 1.341358866906088368e-02
1.255920747835354900e+00 1.444183257257872222e-02
1.257150011989997207e+00 1.561186033732832844e-02
1.258381684848900894e+00 1.689593600773144424e-02
1.259615773498678593e+00 1.824512324103736913e-02
1.260852285053770450e+00 1.959233842747346716e-02
1.262091226656578691e+00 2.085868289128029948e-02
1.263332605477606396e+00 2.196262563610994548e-02
1.264576428715595835e+00 2.283115088918349217e-02
1.265822703597668353e+00 2.341160819382687511e-02
1.267071437379462040e+00 2.368276808937656158e-02
1.268322637345275172e+00 2.366353848338655780e-02
1.269576310808206099e+00 2.341795671759649977e-02
1.270832465110296461e+00 2.305543255742832642e-02
1.272091107622674411e+00 2.272574134283396330e-02
1.273352245745698719e+00 2.260889261332052827e-02
1.274615886909103546e+00 2.290064861299619461e-02
1.275882038572145216e+00 2.379505344968345024e-02
1.277150708223747877e+00 2.546577678144885601e-02
1.278421903382652269e+00 2.804831178387537025e-02
1.279695631597562944e+00 3.162505770734861527e-02
1.280971900447299028e+00 3.621505610892294252e-02
1.282250717540943441e+00 4.176966357457018164e-02
1.283532090517995217e+00 4.817478941783439467e-02
1.284816027048520271e+00 5.525958458983389748e-02
1.286102534833305722e+00 6.281073080173732448e-02
1.287391621604013325e+00 7.059084007476533473e-02
1.288683295123334016e+00 7.835901587772030330e-02
1.289977563185144005e+00 8.589140559467202396e-02
1.291274433614661987e+00 9.299961663159812819e-02
1.292573914268606350e+00 9.954516595265103240e-02
1.293876013035353711e+00 1.054486419327576308e-01
1.295180737835098794e+00 1.106929067614798173e-01
1.296488096620015629e+00 1.153204568085170606e-01
1.297798097374417203e+00 1.194253974748543251e-01
1.299110748114920444e+00 1.231411521340337600e-01
1.300426056890607862e+00 1.266262654884121319e-01
1.301744031783193201e+00 1.300491151161722037e-01
1.303064680907186412e+00 1.335734059244078065e-01
1.304388012410060194e+00 1.373456638897537219e-01
1.305714034472417628e+00 1.414855446859377974e-01
1.307042755308160942e+00 1.460792818634239487e-01
1.308374183164660698e+00 1.511761337865326904e-01
1.309708326322927663e+00 1.567873218198060914e-01
1.311045193097781558e+00 1.628867376586672910e-01
1.312384791838027587e+00 1.694126603123255470e-01
1.313727130926627851e+00 1.762698561843734912e-01
1.315072218780876323e+00 1.833317016692811996e-01
1.316420063852575595e+00 1.904423055988327396e-01
1.317770674628213401e+00 1.974189444134881732e-01
1.319124059629140922e+00 2.040553814245909259e-01
1.320480227411752194e+00 2.101267610473037672e-01
1.321839186567663527e+00 2.153967114682736883e-01
1.323200945723896238e+00 2.196270483760158487e-01
1.324565513543057849e+00 2.225900755448738666e-01
1.325932898723527265e+00 2.240829834134126231e-01
1.327303109999638409e+00 2.239433349022513786e-01
1.328676156141866516e+00 2.220641890644058092e-01
1.330052045957015094e+00 2.184071335285115156e-01
1.331430788288405109e+00 2.130114426174143927e-01
1.332812392016063274e+00 2.059977847356058989e-01
1.334196866056913677e+00 1.975653664721973568e-01
1.335584219364968961e+00 1.879820775972037561e-01
1.336974460931523057e+00 1.775680104258347825e-01
1.338367599785346362e+00 1.666735628918472600e-01
1.339763644992881142e+00 1.556540801627595005e-01
1.341162605658436702e+00 1.448435338460117572e-01
1.342564490924390119e+00 1.345299926631581544e-01
1.343969309971381643e+00 1.249355525700902581e-01
1.345377072018519193e+00 1.162029621718991823e-01
1.346787786323576430e+00 1.083904439089807131e-01
1.348201462183198140e+00 1.014752600110323671e-01
1.349618108933102745e+00 9.536552499633119129e-02
1.351037735948290130e+00 8.991876105377577533e-02
1.352460352643244823e+00 8.496486460898455828e-02
1.353885968472148260e+00 8.033061618081427380e-02
1.355314592929085071e+00 7.586269782040835907e-02
1.356746235548255131e+00 7.144641002390718365e-02
1.358180905904185831e+00 6.701787585522535340e-02
1.359618613611944804e+00 6.256840578346285764e-02
1.361059368327355079e+00 5.814075339416649446e-02
1.362503179747211357e+00 5.381807633053350276e-02
1.363950057609498057e+00 4.970738092614982589e-02
1.365400011693606253e+00 4.591994182550394182e-02
1.366853051820556830e+00 4.255155319020924309e-02
1.368309187853220088e+00 3.966543803223455955e-02
1.369768429696540002e+00 3.728022404933607759e-02
1.371230787297757381e+00 3.536464920410328089e-02
1.372696270646638572e+00 3.383969441587209720e-02
1.374164889775699727e+00 3.258779028860253613e-02
1.375636654760438393e+00 3.146775656051139375e-02
1.377111575719562442e+00 3.033334361679143262e-02
1.378589662815221883e+00 2.905276238208200426e-02
1.380070926253243568e+00 2.752647550473991470e-02
1.381555376283364778e+00 2.570078966256588576e-02
1.383043023199470367e+00 2.357539327113688729e-02
1.384533877339829910e+00 2.120383634420040797e-02
1.386027949087338174e+00 1.868692686534649192e-02
1.387525248869755812e+00 1.615998251601903288e-02
1.389025787159951619e+00 1.377569420433692043e-02
1.390529574476147223e+00 1.168491818471147255e-02
1.392036621382161998e+00 1.001794483494271304e-02
1.393546938487661091e+00 8.868670397266194272e-03
1.395060536448405220e+00 8.283649285375623006e-03
1.396577425966499586e+00 8.257300053434569673e-03
1.398097617790646341e+00 8.733682690175867402e-03
1.399621122716400601e+00 9.614381330651414204e-03
1.401147951586422913e+00 1.077123756316927979e-02
1.402678115290738603e+00 1.206204605611643256e-02
1.404211624766996236e+00 1.334726295721861723e-02
1.405748491000727851e+00 1.450519564646857856e-02
1.407288725025611198e+00 1.544406109647568186e-02
1.408832337923734634e+00 1.610951096340574457e-02
1.410379340825861805e+00 1.648692178851442897e-02
1.411929744911700313e+00 1.659853667467780722e-02
1.413483561410169731e+00 1.649621715195976127e-02
1.415040801599673825e+00 1.625110481528634077e-02
1.416601476808373228e+00 1.594181976729329084e-02
1.418165598414459661e+00 1.564290307427961685e-02
1.419733177846432826e+00 1.541504670275027633e-02
1.421304226583378183e+00 1.529828500652978193e-02
1.422878756155248059e+00 1.530881261158621720e-02
1.424456778143142976e+00 1.543952684742669335e-02
1.426038304179596539e+00 1.566385457494263306e-02
1.427623345948860090e+00 1.594198985500801941e-02
1.429211915187190263e+00 1.622839663452024100e-02
1.430804023683140525e+00 1.647934822579623371e-02
1.432399683277851388e+00 1.665938132119144932e-02
1.433998905865343287e+00 1.674580692641551224e-02
1.435601703392814343e+00 1.673079226474390516e-02
1.437208087860935457e+00 1.662094203476959658e-02
1.438818071324151404e+00 1.643469796349913969e-02
1.440431665890981705e+00 1.619818421077709111e-02
1.442048883724324604e+00 1.594031136297307041e-02
1.443669737041762158e+00 1.568799403733506584e-02
1.445294238115867769e+00 1.546224066099879078e-02
1.446922399274517490e+00 1.527566441158476063e-02
1.448554232901199557e+00 1.513168332079255739e-02
1.450189751435329688e+00 1.502537537462661152e-02
1.451828967372567725e+00 1.494568135712021940e-02
1.453471893265134263e+00 1.487844647465117777e-02
1.455118541722132175e+00 1.480968950228036228e-02
1.456768925409868798e+00 1.472849542817589348e-02
1.458423057052181004e+00 1.462903595721254738e-02
1.460080949430762276e+00 1.451140734651452241e-02
1.461742615385490884e+00 1.438120134385372298e-02
1.463408067814762958e+00 1.424795229546978702e-02
1.465077319675824219e+00 1.412279380680342249e-02
1.466750383985108819e+00 1.401578201681545448e-02
1.468427273818574630e+00 1.393338261853065488e-02
1.470108002312046080e+00 1.387657299470793776e-02
1.471792582661556104e+00 1.383989124857709294e-02
1.473481028123691416e+00 1.381159395872540857e-02
1.475173352015941353e+00 1.377489460593950624e-02
1.476869567717046916e+00 1.371007686069230201e-02
1.478569688667353610e+00 1.359713966302414714e-02
1.480273728369166264e+00 1.341855458800846577e-02
1.481981700387106970e+00 1.316170978425067022e-02
1.483693618348475241e+00 1.282067639537643258e-02
1.485409495943609492e+00 1.239704964561737927e-02
1.487129346926251872e+00 1.189976646642084551e-02
1.488853185113917732e+00 1.134395927733905692e-02
1.490581024388262232e+00 1.074904610798371046e-02
1.492312878695457590e+00 1.013635969485258449e-02
1.494048762046563450e+00 9.526668902109203599e-03
1.495788688517908360e+00 8.937940266017792984e-03
1.497532672251467467e+00 8.383630296276131655e-03
1.499280727455248874e+00 7.871702802959998357e-03
1.501032868403676668e+00 7.404447564187889748e-03
1.502789109437979942e+00 6.979056676717242981e-03
1.504549464966586036e+00 6.588811189187995104e-03
1.506313949465511781e+00 6.224657257668094953e-03
1.508082577478762509e+00 5.876916283395647485e-03
1.509855363618730850e+00 5.536878821366999007e-03
1.511632322566598186e+00 5.198072773366039373e-03
1.513413469072741879e+00 4.857062931117058988e-03
1.515198817957142063e+00 4.513718898171149331e-03
1.516988384109793087e+00 4.170968767238682033e-03
1.518782182491116739e+00 3.834125103397740750e-03
1.520580228132380585e+00 3.509919281857643795e-03
1.522382536136117182e+00 3.205405514313237111e-03
1.524189121676545966e+00 2.926896549085616830e-03
1.526000000000000023e+00 2.679072211637495080e-03
