2.999999999999999864e-07
3.150000000000000016e-07
3.150000000000000016e-07
2.999999999999999864e-07
2.944999999999999438e-07
2.872222222222221780e-07
3.061111111111110155e-07
3.079012345679011545e-07
2.871844993141287557e-07
2.781510440481632077e-07
2.853868990160712498e-07
2.860541433573997727e-07
2.828587148484547715e-07
2.573429972285226262e-07
2.971939819661211919e-07
2.868058701079656375e-07
2.688561936080013555e-07
2.597183700185446371e-07
2.804381826893432170e-07
2.669461935190642242e-07
2.830439899470803924e-07
2.718552791356311252e-07
2.679051871847779404e-07
2.647754525994165090e-07
2.583576538954926038e-07
2.475242372909346411e-07
2.550480604087002274e-07
2.501880311483506706e-07
2.420267768225745089e-07
2.393042444058361647e-07
2.626721984456212689e-07
2.459883151579051228e-07
2.594432749087106213e-07
2.518394929716826010e-07
2.524169105561589686e-07
2.561636467357831401e-07
2.447452152241253658e-07
2.383757283616910185e-07
2.424908256363041974e-07
2.453364550970251923e-07
2.408919879762094321e-07
2.501783912737790158e-07
2.430524704039135462e-07
2.379576958330496487e-07
2.426244396130244720e-07
2.374611708555811170e-07
2.439818964796225469e-07
2.489666230108581856e-07
2.404704199195560867e-07
2.435688752449600741e-07
2.416294040346568120e-07
2.406157626109301620e-07
2.410125433469300033e-07
2.430520348099136498e-07
2.458994419257379604e-07
2.422156280775877187e-07
2.442611989446639727e-07
2.469777435827631913e-07
2.436257413843743142e-07
2.454390655841627332e-07
2.413502187442813100e-07
2.393213298589119011e-07
2.423096295468186178e-07
2.438629880814656179e-07
2.400807455036324686e-07
2.443300900565584284e-07
2.425020247785967525e-07
2.430401459986362618e-07
2.440951717086020098e-07
2.405040435267873836e-07
2.407443062039209850e-07
2.386351353679193543e-07
2.421418974029599590e-07
2.423288466897729388e-07
2.408837657548045815e-07
2.419482342665461994e-07
2.411053785712602306e-07
2.416163220033988929e-07
2.412147889728916984e-07
2.413040818061847344e-07
2.421546052393887262e-07
2.419610924537170841e-07
2.417924961912042923e-07
2.415837709319224179e-07
2.415258780211179036e-07
2.420579347778033644e-07
2.424673632995491153e-07
2.417228271058492682e-07
2.422720268516008922e-07
2.418375180917779752e-07
2.417905662204150574e-07
2.420023150755717533e-07
2.421206348006496055e-07
2.423829582231871602e-07
2.419160211419682315e-07
2.420956565418308784e-07
2.420813144735258380e-07
2.418624459445195028e-07
2.418924515066903986e-07
2.421311541666913878e-07
2.419185281940652991e-07
2.420646700892261178e-07
2.419290731794202878e-07
2.419090734882892941e-07
2.418283291539548182e-07
2.419308720505849497e-07
2.419263385983207280e-07
2.420763399733912730e-07
2.418801675116297274e-07
2.419516839055048854e-07
2.419534873595164798e-07
2.418864119776704233e-07
2.420516979790825136e-07
2.420503746439256237e-07
2.419510706747750691e-07
2.420307915361510120e-07
2.419685697687570305e-07
2.420343561039047669e-07
2.420352516653038221e-07
2.419697633602958694e-07
2.420362675589051346e-07
2.419703164557409127e-07
2.420217307467878899e-07
2.420704198482001398e-07
2.420509622262036120e-07
2.420607036900249555e-07
2.419892673706502883e-07
2.420535229326522465e-07
2.420349368480282797e-07
2.420359952879850008e-07
2.420912569279764969e-07
2.421208315395403439e-07
2.420695634990294603e-07
2.420548405547650307e-07
2.420661089253015575e-07
2.420544259891130209e-07
2.420644029399910201e-07
2.420739546215445640e-07
2.420820197106235052e-07
2.421103659538502499e-07
2.420660901863764718e-07
2.420856253221983936e-07
2.420763865616507396e-07
2.420831944703654956e-07
2.420778050611238955e-07
2.420744809434672199e-07
2.420850987637414166e-07
2.420813438330303370e-07
2.420796216690764695e-07
2.420839583395823036e-07
2.420807633676944311e-07
2.420832929372740226e-07
2.420846779459412821e-07
2.420820384516053458e-07
2.420839833508034103e-07
2.420824436429258291e-07
2.420835781674581128e-07
2.420826800035603327e-07
2.420833418095373968e-07
2.420828178802672469e-07
2.420832039337538544e-07
2.420828983082341101e-07
2.420831235061012404e-07
2.420830765899324501e-07
2.420829452245098383e-07
2.420830492221542464e-07
2.420886023505798730e-07
2.420774186447069106e-07
2.420831487155259392e-07
2.420926089882065556e-07
2.420805838984991506e-07
2.420851709679529569e-07
2.420847496763078216e-07
2.420835700290585647e-07
2.420838157926260917e-07
2.420868325844427431e-07
2.420814869590067308e-07
2.420842640972363818e-07
2.420834776667115122e-07
2.420836415080592362e-07
2.420820889729103134e-07
2.420856527190745614e-07
2.420839403775185147e-07
2.420834160909350864e-07
2.420835253180422732e-07
2.420862248928950498e-07
2.420829506673695450e-07
2.420833703976388264e-07
2.420849435953928443e-07
2.420825677618286877e-07
2.420853250601664455e-07
2.420832036025376610e-07
