1.199999999999999946e-06 2.500000000000000000e-01 1.600000000000000266e-05
1.260000000000000007e-06 2.500000000000000000e-01 1.600000000000000266e-05
1.199999999999999946e-06 2.625000000000000111e-01 1.600000000000000266e-05
1.199999999999999946e-06 2.500000000000000000e-01 1.680000000000000517e-05
1.139999999999999885e-06 2.583333333333333037e-01 1.653333333333333315e-05
1.100000000000000056e-06 2.611111111111110716e-01 1.671111111111110885e-05
1.159999999999999905e-06 2.638888888888888395e-01 1.555555555555555156e-05
1.146666666666666558e-06 2.685185185185184897e-01 1.514074074074073595e-05
1.124444444444444172e-06 2.554012345679011475e-01 1.578271604938271636e-05
1.099259259259258915e-06 2.530349794238682115e-01 1.571028806584361980e-05
1.057283950617283767e-06 2.699245541838133366e-01 1.558957475994512552e-05
1.062139917695472942e-06 2.693187014174667215e-01 1.442706904435299447e-05
1.036186556927297224e-06 2.729804907788445645e-01 1.372498094802621378e-05
9.818198445358932377e-07 2.621081644058322890e-01 1.487582177513590458e-05
1.112323578722755538e-06 2.671830280783755729e-01 1.508554928957306373e-05
1.107895645988923876e-06 2.588744446702455626e-01 1.409097077568347155e-05
1.049904062727564471e-06 2.560769151702633195e-01 1.393194390346247076e-05
1.029097557395834116e-06 2.523748775342258832e-01 1.354740877475893638e-05
1.030064917836598133e-06 2.722529209890340862e-01 1.212164235227115093e-05
9.695413790053825349e-07 2.753324399551824175e-01 1.242807402682308656e-05
1.079071840367352781e-06 2.623031936879407500e-01 1.374453395300422341e-05
1.069840657027046507e-06 2.541081957859808726e-01 1.280709919113235301e-05
1.081058690393629531e-06 2.478174307883596050e-01 1.250113860550106722e-05
1.109958144489099864e-06 2.385454387753417338e-01 1.466343528904069112e-05
1.136589220039933916e-06 2.273096113707775978e-01 1.551069960129720113e-05
1.099296141740065690e-06 2.251661111983262464e-01 1.421798745383626820e-05
1.095082745620750518e-06 2.329030033836626268e-01 1.411935130782959460e-05
1.158583041308644839e-06 2.159431151916031966e-01 1.415551577295610228e-05
1.194809367502338153e-06 2.025651818653831371e-01 1.423003972945398058e-05
1.179111314252590125e-06 2.029530558423360276e-01 1.668923918255420038e-05
1.101486320364246498e-06 2.384706860079380264e-01 1.337365955905380343e-05
1.158683684281973158e-06 2.122998006227576062e-01 1.581671822900146586e-05
1.113402437847106272e-06 2.330184182193587583e-01 1.388263011529290055e-05
1.108122929811067170e-06 2.272667464923054381e-01 1.259429852942186382e-05
1.158322860357128477e-06 2.179158498851822834e-01 1.296894497061764870e-05
1.178749296530852413e-06 2.173181757051240170e-01 1.474376204315590386e-05
1.217034360950644214e-06 2.010996756352475545e-01 1.402951840919353715e-05
1.251578335318490407e-06 1.904600947738770977e-01 1.407848117382708042e-05
1.177210878546759132e-06 2.059875847695646356e-01 1.269222405868895376e-05
1.177531382293445532e-06 2.083481245478061850e-01 1.311962780545290226e-05
1.210442996011361247e-06 1.990114270312556000e-01 1.456749635445071129e-05
1.169181221951760233e-06 2.139774284572809049e-01 1.330197650891620228e-05
1.217248268821921955e-06 1.996737039019531590e-01 1.281189937608565998e-05
1.238694786092247427e-06 1.921035742660570089e-01 1.333872055157186285e-05
1.204925417402302827e-06 2.013605457307873770e-01 1.418001180139320932e-05
1.262904994003350779e-06 1.880277392069217568e-01 1.457920603598617174e-05
1.195317551399675721e-06 2.041147109351219291e-01 1.342370660348066603e-05
1.172823433742834556e-06 2.122797139347142314e-01 1.441677065780641215e-05
1.224971587686119639e-06 1.963069366970272567e-01 1.356331432370406034e-05
1.219956915955323416e-06 1.996536697808104499e-01 1.316434775619230307e-05
1.245991024995049266e-06 1.939254771402682265e-01 1.374774705591260326e-05
1.262882182860173569e-06 1.905290658753170385e-01 1.385576054005658347e-05
1.238707733132552280e-06 1.945677232008848900e-01 1.439603876968116635e-05
1.223863336200579341e-06 1.985940975766593009e-01 1.342095005066915072e-05
1.232954227078062523e-06 1.994392302044228349e-01 1.390216268681279929e-05
1.251504697898483206e-06 1.935395276456526870e-01 1.335105478640283283e-05
1.224215681148110582e-06 1.995246448040819409e-01 1.388817182111214084e-05
1.208031137956119032e-06 2.044465045831745098e-01 1.372644264981679176e-05
1.204452543125143588e-06 2.022709344381876662e-01 1.345488032758592405e-05
1.227016376254537816e-06 2.000291685864571956e-01 1.380897886197386568e-05
1.242032457779366269e-06 1.943187693949577632e-01 1.368562450601997860e-05
1.253366231053782085e-06 1.909428576655521903e-01 1.367201845808770641e-05
1.237725765674878791e-06 1.957700455679676210e-01 1.338886379132985695e-05
1.227030282091187346e-06 1.987424366298914391e-01 1.378414931490749822e-05
1.234934341126217629e-06 1.944077004812151399e-01 1.345150371909055155e-05
1.228665952269471181e-06 1.988580293978651214e-01 1.373450487387317467e-05
1.229919710060174913e-06 1.971689881827587976e-01 1.350917486911942611e-05
1.232031007320580320e-06 1.972678808849135379e-01 1.375130771194499111e-05
1.232021736762814037e-06 1.981257021892907089e-01 1.376786074332256998e-05
1.237300380010600297e-06 1.943780567857959496e-01 1.352954398140035944e-05
1.244322853346856485e-06 1.934741498610194066e-01 1.380180926379079332e-05
1.250406120103968522e-06 1.908461031429351529e-01 1.359334412219576425e-05
1.235859155817119617e-06 1.959300105220013744e-01 1.371839863074723481e-05
1.244175931284961284e-06 1.947705630661897835e-01 1.394101095230497499e-05
1.238732786526092187e-06 1.944598289275446534e-01 1.361526626700548669e-05
1.242743524769469394e-06 1.946887909244410797e-01 1.385528866669984774e-05
1.239568356993462438e-06 1.945075293435647446e-01 1.366527093360847858e-05
1.239974690458617385e-06 1.948558497706389669e-01 1.369654921426239734e-05
1.241501620836944196e-06 1.942927700813467384e-01 1.377400571944294048e-05
1.237774909623101330e-06 1.949498894590302178e-01 1.364964372158606996e-05
1.234237549762281500e-06 1.961977297531002640e-01 1.360238865828752759e-05
1.235750897902836281e-06 1.958008631548183165e-01 1.363814221269490683e-05
1.238602845578118129e-06 1.952139033544264268e-01 1.370383235309067649e-05
1.237136325021107355e-06 1.952765964800206033e-01 1.367256202463979158e-05
1.239620799163669336e-06 1.948385168948982837e-01 1.375547002321103916e-05
1.238918875351497366e-06 1.953783573675301199e-01 1.377923864672617314e-05
1.235966452000820738e-06 1.961763306010737007e-01 1.371217639716501940e-05
1.238859476838075861e-06 1.951172280836848127e-01 1.374645051778478405e-05
1.236727774326414214e-06 1.958976194122871717e-01 1.372119590259127450e-05
1.238415372148146210e-06 1.952798096104769732e-01 1.374118913961946942e-05
1.236332707010758463e-06 1.955707916237396926e-01 1.366304143557874961e-05
1.238380090280510059e-06 1.954184478375737832e-01 1.375503089440379168e-05
1.236812688969018852e-06 1.957617648655240461e-01 1.371031877920833144e-05
1.235431777799647416e-06 1.961929121289730238e-01 1.375199984981556100e-05
1.237942206457603238e-06 1.954178635157903243e-01 1.371386724824169481e-05
1.236699467304916431e-06 1.957594896271921681e-01 1.373060938529942100e-05
1.237335156072849325e-06 1.956473258562072826e-01 1.372522281760681819e-05
1.238528593812248843e-06 1.952820848488088790e-01 1.372089853352838156e-05
1.238403611525600614e-06 1.953260223528425488e-01 1.374580305788091018e-05
1.237126852261768945e-06 1.957205550295967877e-01 1.376673035819436363e-05
1.238236564322565531e-06 1.953734328031396794e-01 1.373044683033379336e-05
1.237259674963447711e-06 1.956458090306527065e-01 1.373874988833421123e-05
1.238395771110570500e-06 1.953568308477529603e-01 1.374887900338853734e-05
1.238479092635002652e-06 1.953275391783971804e-01 1.373227598715351883e-05
1.239576961053941097e-06 1.950894028784966316e-01 1.375204070162968509e-05
1.239089455661678311e-06 1.952489151974850512e-01 1.377169107912782165e-05
1.238962296697787795e-06 1.952652951935084369e-01 1.376347960163317622e-05
1.237581811005304755e-06 1.956043130407268404e-01 1.375955229798732067e-05
1.239161304793808526e-06 1.951966758289612747e-01 1.375360561753752569e-05
1.238768227892028550e-06 1.953163460748635616e-01 1.376066336589004804e-05
1.238390544167217090e-06 1.953773698443599105e-01 1.375092963372695602e-05
1.239178004129464084e-06 1.951990845315223488e-01 1.375303743255438785e-05
1.237847904097039857e-06 1.955423579730091732e-01 1.375804516345947711e-05
1.238273604012502028e-06 1.954740647459378422e-01 1.376489664877525520e-05
1.239100044026320568e-06 1.952635477992409885e-01 1.376234877591992176e-05
1.238108766582306654e-06 1.954842725201407783e-01 1.375894174938873754e-05
1.238638848688189053e-06 1.953503799957669596e-01 1.375878587539462926e-05
1.238309099435171372e-06 1.954555257764831466e-01 1.376160806398476793e-05
1.238025299491529854e-06 1.955010545945307099e-01 1.375704040710758197e-05
1.238387059538314464e-06 1.953910625087645070e-01 1.375229672061923401e-05
1.237889450852047057e-06 1.955233299648123368e-01 1.375079280602577698e-05
1.238412434289051341e-06 1.953875056129030230e-01 1.374837320692495315e-05
1.238105952574346830e-06 1.954773985566916061e-01 1.375523474040286777e-05
1.237863269599621500e-06 1.955550550639540142e-01 1.375507557326905921e-05
1.237982587913772248e-06 1.955204900208684649e-01 1.375203144206288301e-05
1.237941466360247669e-06 1.955348538422607141e-01 1.375096367594955081e-05
1.238304816431264884e-06 1.954197901515490610e-01 1.375016118839257299e-05
1.237955258522880591e-06 1.955268748738696605e-01 1.375405174308645678e-05
1.238322506959395016e-06 1.954538785233956022e-01 1.375661658034297734e-05
1.237979670874411162e-06 1.955088609145171907e-01 1.375200609234186110e-05
1.237564921260199134e-06 1.956190360352631497e-01 1.375036195725700891e-05
1.237293198253428543e-06 1.956858987678262163e-01 1.374880564487474799e-05
1.237683979191221536e-06 1.955826911948981839e-01 1.375224841972733597e-05
1.237920377763240796e-06 1.955334485987913484e-01 1.375207664574297823e-05
1.237825146101986772e-06 1.955575952610008328e-01 1.375282181447664026e-05
1.237841421003007223e-06 1.955455859547658437e-01 1.375145804731357703e-05
1.237843365695914543e-06 1.955533386923333505e-01 1.375147494712759221e-05
1.237674659204093969e-06 1.955877118605740816e-01 1.374937481998880958e-05
1.237543968615619149e-06 1.956148838747353846e-01 1.374932160257866922e-05
1.237347611716934419e-06 1.956688352256159558e-01 1.374791420590274472e-05
1.237738544068408793e-06 1.955712628861929481e-01 1.375071974701965293e-05
1.237556963425391030e-06 1.956157433368868881e-01 1.375089405124807779e-05
1.237650139250197541e-06 1.955935517514725830e-01 1.374969132650115713e-05
1.237581483379287458e-06 1.956099034459883867e-01 1.375057754473573024e-05
1.237635835943757852e-06 1.955969583544966972e-01 1.374987595530002624e-05
1.237680669799005644e-06 1.955871872692163393e-01 1.375060048376543769e-05
1.237550952830479144e-06 1.956162679282446304e-01 1.374966838747144968e-05
1.237621733253531335e-06 1.956020465127361052e-01 1.374991487008644162e-05
1.237693930044677841e-06 1.955892452832324879e-01 1.375091648660113908e-05
1.237580739750103925e-06 1.956106382105337604e-01 1.374992840812346774e-05
1.237664143125053059e-06 1.955948750009433579e-01 1.375065646594912102e-05
1.237598115453218381e-06 1.956073542085357553e-01 1.375008008683714452e-05
1.237607404421417297e-06 1.956070051626073725e-01 1.375078014848662139e-05
1.237618748080174261e-06 1.956030795647926146e-01 1.375009513641981325e-05
1.237610389594774370e-06 1.956059721105508631e-01 1.375059988215324975e-05
1.237617006729049178e-06 1.956036821784922497e-01 1.375020029178094529e-05
1.237612130945899453e-06 1.956053694968512280e-01 1.375049472679211771e-05
1.237615990940893091e-06 1.956040337031503817e-01 1.375026163240827246e-05
1.237613146734055540e-06 1.956050179721930959e-01 1.375043338616479055e-05
1.237615398397802005e-06 1.956042387592009379e-01 1.375029741444088110e-05
1.237613739277146626e-06 1.956048129161425397e-01 1.375039760413218191e-05
1.237615052747665591e-06 1.956043583752304360e-01 1.375031828729323543e-05
1.237614084927283040e-06 1.956046933001130417e-01 1.375037673127982757e-05
1.237614286556529405e-06 1.956046235240958830e-01 1.375036455544928825e-05
1.237614851118419227e-06 1.956044281512475946e-01 1.375033046312377476e-05
1.237614404173589837e-06 1.956045828214191540e-01 1.375035745288147322e-05
1.237575985991205620e-06 1.956151420930206941e-01 1.375026800045038801e-05
1.237653151683743223e-06 1.955939095823228113e-01 1.375042701812267330e-05
1.237608896188759064e-06 1.956055337522425164e-01 1.375026973257857367e-05
1.237535513405045628e-06 1.956247771202098695e-01 1.374998486178806643e-05
1.237628643709014487e-06 1.956003403193826151e-01 1.375033490221962978e-05
1.237592933913533403e-06 1.956096906617169340e-01 1.375018559375953679e-05
1.237596259387538643e-06 1.956088246389098284e-01 1.375020312268017018e-05
1.237605570714753824e-06 1.956063997750496219e-01 1.375025220365794028e-05
1.237603630854917186e-06 1.956069049550205330e-01 1.375024197845423888e-05
1.237583362478543137e-06 1.956125461315257053e-01 1.375020536257930685e-05
1.237618467623749118e-06 1.956026782824336618e-01 1.375024996375880192e-05
1.237596878076098626e-06 1.956083344954518133e-01 1.375016211073249552e-05
1.237603085627575272e-06 1.956067179195448980e-01 1.375019483138434000e-05
1.237601792387684393e-06 1.956070547061921627e-01 1.375018801458187353e-05
1.237611683566905539e-06 1.956042369244676837e-01 1.375019333811824945e-05
1.237588280136768148e-06 1.956108154905290553e-01 1.375016360399858607e-05
1.237597290535138615e-06 1.956080077331464606e-01 1.375013476943404519e-05
1.237601428902789430e-06 1.956069300158752022e-01 1.375015658320194264e-05
1.237600566742862248e-06 1.956071545403067491e-01 1.375015203866696555e-05
1.237579624654993645e-06 1.956126459017799857e-01 1.375007048155021803e-05
1.237605004626923983e-06 1.956059887947410592e-01 1.375016774299990901e-05
1.237598932549766266e-06 1.956072876524594106e-01 1.375010407078041763e-05
1.237592375672132918e-06 1.956095951737882865e-01 1.375015974888804646e-05
1.237607977958891109e-06 1.956052094630807148e-01 1.375017957163448759e-05
1.237586605350949705e-06 1.956108154479555827e-01 1.375009766725579545e-05
1.237598360756919227e-06 1.956072432533594863e-01 1.375007610224740371e-05
