1.126000000000000112e+00 1.404702651694595024e-02
1.126987992296117014e+00 1.362027823462969717e-02
1.127977719913760390e+00 1.330655227479847491e-02
1.128969187428857879e+00 1.312399159487899480e-02
1.129962399433440456e+00 1.305835670907985399e-02
1.130957360535711942e+00 1.303795529310680310e-02
1.131954075360122047e+00 1.305712679322200073e-02
1.132952548547436100e+00 1.312881811286160938e-02
1.133952784754808318e+00 1.331081898210980004e-02
1.134954788655853974e+00 1.381115230717901848e-02
1.135958564940721782e+00 1.409138530110868974e-02
1.136964118316167838e+00 1.344328747088082386e-02
1.137971453505628228e+00 1.252165815716432644e-02
1.138980575249294080e+00 1.203082884628709631e-02
1.139991488304184397e+00 1.173201683020952055e-02
1.141004197444223101e+00 1.144512922660570302e-02
1.142018707460311200e+00 1.120292077456887421e-02
1.143035023160405395e+00 1.100076245768074473e-02
1.144053149369591793e+00 1.081767870898625757e-02
1.145073090930163184e+00 1.075523041975532702e-02
1.146094852701695865e+00 1.088697350300890133e-02
1.147118439561126468e+00 1.102244164603030478e-02
1.148143856402830121e+00 1.115856843142333174e-02
1.149171108138697273e+00 1.121203913079766266e-02
1.150200199698214076e+00 1.087502238576535350e-02
1.151231136028538549e+00 1.033880419317627537e-02
1.152263922094582727e+00 9.866221681331775392e-03
1.153298562879090827e+00 9.469363956163557791e-03
1.154335063382718740e+00 9.203535832142574133e-03
1.155373428624115739e+00 8.999914983581751987e-03
1.156413663640005973e+00 8.862390273711835686e-03
1.157455773485268402e+00 8.892009609167259368e-03
1.158499763233019175e+00 8.957863643460853981e-03
1.159545637974695120e+00 8.903472932043073745e-03
1.160593402820134123e+00 8.951070869278170486e-03
1.161643062897660617e+00 9.283962596590367156e-03
1.162694623354169066e+00 9.387458408524645970e-03
1.163748089355205462e+00 8.996627936015187330e-03
1.164803466085055916e+00 8.627745320776401133e-03
1.165860758746828818e+00 8.474920958464644827e-03
1.166919972562540542e+00 8.389588141804325133e-03
1.167981112773203378e+00 8.383903979658047234e-03
1.169044184638909245e+00 8.509159476058097971e-03
1.170109193438919171e+00 8.700337017071192378e-03
1.171176144471748781e+00 8.822681214286164086e-03
1.172245043055257785e+00 8.960993902510315176e-03
1.173315894526736125e+00 9.148205628464618419e-03
1.174388704242995241e+00 9.439288491462045211e-03
1.175463477580455329e+00 9.907696664906972053e-03
1.176540219935237941e+00 9.984331932201251023e-03
1.177618936723252130e+00 9.563938489759924583e-03
1.178699633380288825e+00 9.344246956051396533e-03
1.179782315362111200e+00 9.442616939429165565e-03
1.180866988144545493e+00 9.658064038875225146e-03
1.181953657223574483e+00 9.814062058812696165e-03
1.183042328115429642e+00 9.861532181049487145e-03
1.184133006356684392e+00 1.001615330371047503e-02
1.185225697504348696e+00 1.020277881772661301e-02
1.186320407135962984e+00 1.038236539061028300e-02
1.187417140849692743e+00 1.055600090287624714e-02
1.188515904264424883e+00 1.071724101383862704e-02
1.189616703019862110e+00 1.102653061634232927e-02
1.190719542776621509e+00 1.102304621278358057e-02
1.191824429216329584e+00 1.058806359677883294e-02
1.192931368041720619e+00 1.035962198593111047e-02
1.194040364976735713e+00 1.028065051744800860e-02
1.195151425766620035e+00 1.025310298557182039e-02
1.196264556178022742e+00 1.040173810573843602e-02
1.197379761999095793e+00 1.047378389107571015e-02
1.198497049039596751e+00 1.040067087966091257e-02
1.199616423130986265e+00 1.021096331890038005e-02
1.200737890126532648e+00 9.975724632481206347e-03
1.201861455901411802e+00 9.921076885946017096e-03
1.202987126352810021e+00 1.027463668554932409e-02
1.204114907400029022e+00 1.094528211081238420e-02
1.205244804984587415e+00 1.112396970341351238e-02
1.206376825070326175e+00 1.075096213938645656e-02
1.207510973643513230e+00 1.083559394991527071e-02
1.208647256712948925e+00 1.145173235049510956e-02
1.209785680310073053e+00 1.214156606770651695e-02
1.210926250489070988e+00 1.283579476804751728e-02
1.212068973326979604e+00 1.333459293352883684e-02
1.213213854923797186e+00 1.371652426456847380e-02
1.214360901402591786e+00 1.447581717532429174e-02
1.215510118909608916e+00 1.566776980096439356e-02
1.216661513614383239e+00 1.688148247053598491e-02
1.217815091709847364e+00 1.806725069577589868e-02
1.218970859412443097e+00 1.928597457162456105e-02
1.220128822962234905e+00 2.000831264038431534e-02
1.221288988623019378e+00 2.014071656226314525e-02
1.222451362682440701e+00 2.048942967796806708e-02
1.223615951452102335e+00 2.131618284041395320e-02
1.224782761267683151e+00 2.210193364044880926e-02
1.225951798489049782e+00 2.288810381795397184e-02
1.227123069500375196e+00 2.419675438946402440e-02
1.228296580710252384e+00 2.567621548877220203e-02
1.229472338551812483e+00 2.674819307815602329e-02
1.230650349482842243e+00 2.765596151673608769e-02
1.231830619985901931e+00 2.848978386609777799e-02
1.233013156568444346e+00 2.912845423423623611e-02
1.234197965762934945e+00 2.960531689622339716e-02
1.235385054126971083e+00 2.954345043562217263e-02
1.236574428243403911e+00 2.881601980336293001e-02
1.237766094720459620e+00 2.794828439830658595e-02
1.238960060191861778e+00 2.742406871807408567e-02
1.240156331316954574e+00 2.742896570689965299e-02
1.241354914780826935e+00 2.769518801072380979e-02
1.242555817294437093e+00 2.784872805670912319e-02
1.243759045594736268e+00 2.785415631860619148e-02
1.244964606444796784e+00 2.776700122695673068e-02
1.246172506633937749e+00 2.766183736733153140e-02
1.247382752977852505e+00 2.761504060159691507e-02
1.248595352318737195e+00 2.770252844780309032e-02
1.249810311525418882e+00 2.798754085757487048e-02
1.251027637493486333e+00 2.810910432196829511e-02
1.252247337145420136e+00 2.771424537195819535e-02
1.253469417430722599e+00 2.736310687795284746e-02
1.254693885326052527e+00 2.780116508740892653e-02
1.255920747835354900e+00 2.892598696977957684e-02
1.257150011989997207e+00 3.033081763808176054e-02
1.258381684848900894e+00 3.190516789305031936e-02
1.259615773498678593e+00 3.368171344178280679e-02
1.260852285053770450e+00 3.573818574531104769e-02
1.262091226656578691e+00 3.812225199676637366e-02
1.263332605477606396e+00 4.073768396597885616e-02
1.264576428715595835e+00 4.336059675001339292e-02
1.265822703597668353e+00 4.582108240259197968e-02
1.267071437379462040e+00 4.785009316144199498e-02
1.268322637345275172e+00 4.905203909799431966e-02
1.269576310808206099e+00 4.981321620167668968e-02
1.270832465110296461e+00 5.092737600880489074e-02
1.272091107622674411e+00 5.235429803925235881e-02
1.273352245745698719e+00 5.382397476253555219e-02
1.274615886909103546e+00 5.537525153733644651e-02
1.275882038572145216e+00 5.717124463651151317e-02
1.277150708223747877e+00 5.936798338816139803e-02
1.278421903382652269e+00 6.167421144788947512e-02
1.279695631597562944e+00 6.388103154258922833e-02
1.280971900447299028e+00 6.608939832196490671e-02
1.282250717540943441e+00 6.823284368311556547e-02
1.283532090517995217e+00 7.021588945729699549e-02
1.284816027048520271e+00 7.144674486034058303e-02
1.286102534833305722e+00 7.162978286638192749e-02
1.287391621604013325e+00 7.197611232770129153e-02
1.288683295123334016e+00 7.336876179443524437e-02
1.289977563185144005e+00 7.545463550794627439e-02
1.291274433614661987e+00 7.794044742601938247e-02
1.292573914268606350e+00 8.078651042130374771e-02
1.293876013035353711e+00 8.389281558271030614e-02
1.295180737835098794e+00 8.720478452973459693e-02
1.296488096620015629e+00 9.095624299879627450e-02
1.297798097374417203e+00 9.524703754273097789e-02
1.299110748114920444e+00 9.960360835466777751e-02
1.300426056890607862e+00 1.036069839706114798e-01
1.301744031783193201e+00 1.067143723114115095e-01
1.303064680907186412e+00 1.082467025399572597e-01
1.304388012410060194e+00 1.087994611762852365e-01
1.305714034472417628e+00 1.097897490929009567e-01
1.307042755308160942e+00 1.116865210852686918e-01
1.308374183164660698e+00 1.140361694508409962e-01
1.309708326322927663e+00 1.163640131817139517e-01
1.311045193097781558e+00 1.184842854543129292e-01
1.312384791838027587e+00 1.204792486844751126e-01
1.313727130926627851e+00 1.226740552059827211e-01
1.315072218780876323e+00 1.253223980065928111e-01
1.316420063852575595e+00 1.282007685635478123e-01
1.317770674628213401e+00 1.308805398828583877e-01
1.319124059629140922e+00 1.329149145069422056e-01
1.320480227411752194e+00 1.335535847795660536e-01
1.321839186567663527e+00 1.327001542415776059e-01
1.323200945723896238e+00 1.317055083110813818e-01
1.324565513543057849e+00 1.315867549767280875e-01
1.325932898723527265e+00 1.319587626644607437e-01
1.327303109999638409e+00 1.321706299551083930e-01
1.328676156141866516e+00 1.318525426789791122e-01
1.330052045957015094e+00 1.311385521642525476e-01
1.331430788288405109e+00 1.305975606425840985e-01
1.332812392016063274e+00 1.304702875979469878e-01
1.334196866056913677e+00 1.305938158494621693e-01
1.335584219364968961e+00 1.306380710321131400e-01
1.336974460931523057e+00 1.304710831491921463e-01
1.338367599785346362e+00 1.299647045720454253e-01
1.339763644992881142e+00 1.283713087295763333e-01
1.341162605658436702e+00 1.257519267325649392e-01
1.342564490924390119e+00 1.235524393513227764e-01
1.343969309971381643e+00 1.223620080603600724e-01
1.345377072018519193e+00 1.214437402691848633e-01
1.346787786323576430e+00 1.201766096293518105e-01
1.348201462183198140e+00 1.184198784009528188e-01
1.349618108933102745e+00 1.162152196554191858e-01
1.351037735948290130e+00 1.137515161842640316e-01
1.352460352643244823e+00 1.113121130137564307e-01
1.353885968472148260e+00 1.089640730283577830e-01
1.355314592929085071e+00 1.065750845089784432e-01
1.356746235548255131e+00 1.040642750878635475e-01
1.358180905904185831e+00 1.012587850658578370e-01
1.359618613611944804e+00 9.787533503684904546e-02
1.361059368327355079e+00 9.415834501388763156e-02
1.362503179747211357e+00 9.087580184046890885e-02
1.363950057609498057e+00 8.803283590141852688e-02
1.365400011693606253e+00 8.500164526409129118e-02
1.366853051820556830e+00 8.155165734788706600e-02
1.368309187853220088e+00 7.739270232777624436e-02
1.369768429696540002e+00 7.235432885111248158e-02
1.371230787297757381e+00 6.660481615743464590e-02
1.372696270646638572e+00 6.025958649892464158e-02
1.374164889775699727e+00 5.375551686874111001e-02
1.375636654760438393e+00 4.732135811638301520e-02
1.377111575719562442e+00 4.147666288707483467e-02
1.378589662815221883e+00 3.693134466905278329e-02
1.380070926253243568e+00 3.204968765158357907e-02
1.381555376283364778e+00 2.556018326099764038e-02
1.383043023199470367e+00 1.960145412755178937e-02
1.384533877339829910e+00 1.626979626603439893e-02
1.386027949087338174e+00 1.607305236660581602e-02
1.387525248869755812e+00 1.840743763834265176e-02
1.389025787159951619e+00 2.136327154943913967e-02
1.390529574476147223e+00 2.345432517138256248e-02
1.392036621382161998e+00 2.439936313465223064e-02
1.393546938487661091e+00 2.456572087101542567e-02
1.395060536448405220e+00 2.449032394696587511e-02
1.396577425966499586e+00 2.450946353752910672e-02
1.398097617790646341e+00 2.470049220786071920e-02
1.399621122716400601e+00 2.437627316776013256e-02
1.401147951586422913e+00 2.340388430195259814e-02
1.402678115290738603e+00 2.300418377465062586e-02
1.404211624766996236e+00 2.349516212705118207e-02
1.405748491000727851e+00 2.439145483391526661e-02
1.407288725025611198e+00 2.555680562125029268e-02
1.408832337923734634e+00 2.669244604438511526e-02
1.410379340825861805e+00 2.762935000929593599e-02
1.411929744911700313e+00 2.829730301630527592e-02
1.413483561410169731e+00 2.869229986911190841e-02
1.415040801599673825e+00 2.906794441478612392e-02
1.416601476808373228e+00 2.944803031593289100e-02
1.418165598414459661e+00 2.984447225666283371e-02
1.419733177846432826e+00 2.988846448260703767e-02
1.421304226583378183e+00 2.903135158977072222e-02
1.422878756155248059e+00 2.804222291360372252e-02
1.424456778143142976e+00 2.784937103994169008e-02
1.426038304179596539e+00 2.826269225058378881e-02
1.427623345948860090e+00 2.898383144404265144e-02
1.429211915187190263e+00 2.977122247887688603e-02
1.430804023683140525e+00 3.034861068712851537e-02
1.432399683277851388e+00 3.061887307647185794e-02
1.433998905865343287e+00 3.048703194601305039e-02
1.435601703392814343e+00 3.006240280656528180e-02
1.437208087860935457e+00 2.954137259065099316e-02
1.438818071324151404e+00 2.908945513915152728e-02
1.440431665890981705e+00 2.876378865974327931e-02
1.442048883724324604e+00 2.793338307179255714e-02
1.443669737041762158e+00 2.636290468411016039e-02
1.445294238115867769e+00 2.512009912780169274e-02
1.446922399274517490e+00 2.480683605369058894e-02
1.448554232901199557e+00 2.507478778112258444e-02
1.450189751435329688e+00 2.564332845990208512e-02
1.451828967372567725e+00 2.618748966369791042e-02
1.453471893265134263e+00 2.649528629488541454e-02
1.455118541722132175e+00 2.653433079022072746e-02
1.456768925409868798e+00 2.619151453036887636e-02
1.458423057052181004e+00 2.555892425055316525e-02
1.460080949430762276e+00 2.479075832500282975e-02
1.461742615385490884e+00 2.408341528228221187e-02
1.463408067814762958e+00 2.337191471090860687e-02
1.465077319675824219e+00 2.203995946057811864e-02
1.466750383985108819e+00 2.036189569166687793e-02
1.468427273818574630e+00 1.934942569432075710e-02
1.470108002312046080e+00 1.904206395166856136e-02
1.471792582661556104e+00 1.908163997186524199e-02
1.473481028123691416e+00 1.933868961195134989e-02
1.475173352015941353e+00 1.959880457488177505e-02
1.476869567717046916e+00 1.973404760826879406e-02
1.478569688667353610e+00 1.959411717390736191e-02
1.480273728369166264e+00 1.911033675948986543e-02
1.481981700387106970e+00 1.840973667993294621e-02
1.483693618348475241e+00 1.760579733812254327e-02
1.485409495943609492e+00 1.686041891260906325e-02
1.487129346926251872e+00 1.599144397784281121e-02
1.488853185113917732e+00 1.466459462719550688e-02
1.490581024388262232e+00 1.328771135335216416e-02
1.492312878695457590e+00 1.242288062967061672e-02
1.494048762046563450e+00 1.203678548397155157e-02
1.495788688517908360e+00 1.194075609500540140e-02
1.497532672251467467e+00 1.199976907227404306e-02
1.499280727455248874e+00 1.206172881631038460e-02
1.501032868403676668e+00 1.202865881042712408e-02
1.502789109437979942e+00 1.183151156854978306e-02
1.504549464966586036e+00 1.145375544253981331e-02
1.506313949465511781e+00 1.092425632480094680e-02
1.508082577478762509e+00 1.032638305214438230e-02
1.509855363618730850e+00 9.773778547813121581e-03
1.511632322566598186e+00 9.159576389311327102e-03
1.513413469072741879e+00 8.366038788671460724e-03
1.515198817957142063e+00 7.633520867229790126e-03
1.516988384109793087e+00 7.168420817535044870e-03
1.518782182491116739e+00 6.942380341036526875e-03
1.520580228132380585e+00 6.955051396380020241e-03
1.522382536136117182e+00 7.155989057014538676e-03
1.524189121676545966e+00 7.437996647729570171e-03
1.526000000000000023e+00 7.732752106470638584e-03
