1.126000000000000112e+00 1.856307580377790020e-02
1.126987992296117014e+00 1.846089753657159313e-02
1.127977719913760390e+00 1.827775089673875850e-02
1.128969187428857879e+00 1.801415869953435986e-02
1.129962399433440456e+00 1.768584517230046768e-02
1.130957360535711942e+00 1.732070886156580197e-02
1.131954075360122047e+00 1.695344241568650864e-02
1.132952548547436100e+00 1.661883200195664670e-02
1.133952784754808318e+00 1.634501635755127372e-02
1.134954788655853974e+00 1.614799691284688268e-02
1.135958564940721782e+00 1.602846195695928344e-02
1.136964118316167838e+00 1.597155769982543452e-02
1.137971453505628228e+00 1.594968272577396151e-02
1.138980575249294080e+00 1.592780053901194856e-02
1.139991488304184397e+00 1.587026695327974080e-02
1.141004197444223101e+00 1.574785302273282867e-02
1.142018707460311200e+00 1.554357769793925960e-02
1.143035023160405395e+00 1.525616977609538932e-02
1.144053149369591793e+00 1.490042582766889709e-02
1.145073090930163184e+00 1.450433960252739060e-02
1.146094852701695865e+00 1.410353209865267826e-02
1.147118439561126468e+00 1.373407797171631063e-02
1.148143856402830121e+00 1.342518249798712281e-02
1.149171108138697273e+00 1.319323043818330585e-02
1.150200199698214076e+00 1.303847779874363691e-02
1.151231136028538549e+00 1.294512998845664606e-02
1.152263922094582727e+00 1.288484720266726800e-02
1.153298562879090827e+00 1.282298493558384558e-02
1.154335063382718740e+00 1.272627257857188686e-02
1.155373428624115739e+00 1.257029319052927960e-02
1.156413663640005973e+00 1.234513673014432655e-02
1.157455773485268402e+00 1.205796659184038555e-02
1.158499763233019175e+00 1.173189412403084601e-02
1.159545637974695120e+00 1.140135933537157753e-02
1.160593402820134123e+00 1.110499132921176531e-02
1.161643062897660617e+00 1.087749351667745105e-02
1.162694623354169066e+00 1.074233277265657441e-02
1.163748089355205462e+00 1.070684919137488561e-02
1.164803466085055916e+00 1.076087476836965796e-02
1.165860758746828818e+00 1.087917078298725714e-02
1.166919972562540542e+00 1.102713987267342662e-02
1.167981112773203378e+00 1.116853422628250915e-02
1.169044184638909245e+00 1.127343470792339930e-02
1.170109193438919171e+00 1.132472035166711723e-02
1.171176144471748781e+00 1.132159669225140525e-02
1.172245043055257785e+00 1.127942418297047354e-02
1.173315894526736125e+00 1.122592860923812309e-02
1.174388704242995241e+00 1.119468929835483635e-02
1.175463477580455329e+00 1.121740057789527394e-02
1.176540219935237941e+00 1.131665136977685719e-02
1.177618936723252130e+00 1.150081456067327847e-02
1.178699633380288825e+00 1.176212473763266729e-02
1.179782315362111200e+00 1.207827690992573436e-02
1.180866988144545493e+00 1.241707917696299734e-02
1.181953657223574483e+00 1.274302641011987314e-02
1.183042328115429642e+00 1.302428019540941354e-02
1.184133006356684392e+00 1.323852036642206124e-02
1.185225697504348696e+00 1.337646429478374192e-02
1.186320407135962984e+00 1.344243759507965374e-02
1.187417140849692743e+00 1.345207338647900867e-02
1.188515904264424883e+00 1.342784893653175063e-02
1.189616703019862110e+00 1.339359536358221935e-02
1.190719542776621509e+00 1.336925345029236351e-02
1.191824429216329584e+00 1.336698738212057508e-02
1.192931368041720619e+00 1.338937176717639593e-02
1.194040364976735713e+00 1.342985032424884317e-02
1.195151425766620035e+00 1.347516021693269742e-02
1.196264556178022742e+00 1.350904028084523589e-02
1.197379761999095793e+00 1.351636534687295811e-02
1.198497049039596751e+00 1.348688458881215115e-02
1.199616423130986265e+00 1.341794588477370452e-02
1.200737890126532648e+00 1.331588020019149922e-02
1.201861455901411802e+00 1.319601007422400128e-02
1.202987126352810021e+00 1.308146262238152856e-02
1.204114907400029022e+00 1.300107581956351857e-02
1.205244804984587415e+00 1.298673717195171495e-02
1.206376825070326175e+00 1.307033126463574661e-02
1.207510973643513230e+00 1.328024922009501084e-02
1.208647256712948925e+00 1.363857785481093453e-02
1.209785680310073053e+00 1.415815822508795924e-02
1.210926250489070988e+00 1.484044500644391383e-02
1.212068973326979604e+00 1.567450268370981087e-02
1.213213854923797186e+00 1.663757323393057902e-02
1.214360901402591786e+00 1.769749517122927440e-02
1.215510118909608916e+00 1.881694403060944071e-02
1.216661513614383239e+00 1.995904376596862109e-02
1.217815091709847364e+00 2.109346412451452643e-02
1.218970859412443097e+00 2.220179874717648216e-02
1.220128822962234905e+00 2.328093548950384978e-02
1.221288988623019378e+00 2.434336221765882186e-02
1.222451362682440701e+00 2.541389895343760391e-02
1.223615951452102335e+00 2.652312117583743856e-02
1.224782761267683151e+00 2.769857129063209647e-02
1.225951798489049782e+00 2.895553572665977848e-02
1.227123069500375196e+00 3.028949510032500486e-02
1.228296580710252384e+00 3.167220359958194259e-02
1.229472338551812483e+00 3.305270232956794563e-02
1.230650349482842243e+00 3.436353073322787055e-02
1.231830619985901931e+00 3.553119486545761735e-02
1.233013156568444346e+00 3.648887057041816373e-02
1.234197965762934945e+00 3.718864661626312962e-02
1.235385054126971083e+00 3.761054901399698419e-02
1.236574428243403911e+00 3.776619314934623328e-02
1.237766094720459620e+00 3.769607736351512917e-02
1.238960060191861778e+00 3.746100153657468818e-02
1.240156331316954574e+00 3.712951520280109025e-02
1.241354914780826935e+00 3.676431287131191189e-02
1.242555817294437093e+00 3.641082640841221407e-02
1.243759045594736268e+00 3.609080318997508890e-02
1.244964606444796784e+00 3.580248901975786879e-02
1.246172506633937749e+00 3.552742484584689442e-02
1.247382752977852505e+00 3.524220595204768242e-02
1.248595352318737195e+00 3.493225705297203776e-02
1.249810311525418882e+00 3.460408190480257495e-02
1.251027637493486333e+00 3.429271850278799855e-02
1.252247337145420136e+00 3.406222191017236472e-02
1.253469417430722599e+00 3.399864946485735978e-02
1.254693885326052527e+00 3.419683448204938192e-02
1.255920747835354900e+00 3.474375631950010757e-02
1.257150011989997207e+00 3.570216782853647547e-02
1.258381684848900894e+00 3.709811420488020456e-02
1.259615773498678593e+00 3.891508115745359597e-02
1.260852285053770450e+00 4.109597598033781080e-02
1.262091226656578691e+00 4.355236227684169265e-02
1.263332605477606396e+00 4.617878342513807161e-02
1.264576428715595835e+00 4.886900568884977591e-02
1.265822703597668353e+00 5.153081224353981554e-02
1.267071437379462040e+00 5.409659108093870655e-02
1.268322637345275172e+00 5.652817777744808397e-02
1.269576310808206099e+00 5.881588418120425876e-02
1.270832465110296461e+00 6.097296495770753583e-02
1.272091107622674411e+00 6.302761051313743312e-02
1.273352245745698719e+00 6.501472954998302467e-02
1.274615886909103546e+00 6.696932138436646753e-02
1.275882038572145216e+00 6.892234675455634341e-02
1.277150708223747877e+00 7.089901069339427098e-02
1.278421903382652269e+00 7.291860735162035423e-02
1.279695631597562944e+00 7.499478399151526808e-02
1.280971900447299028e+00 7.713532753204170589e-02
1.282250717540943441e+00 7.934123637068203616e-02
1.283532090517995217e+00 8.160563427348638266e-02
1.284816027048520271e+00 8.391367273229542734e-02
1.286102534833305722e+00 8.624466963358183580e-02
1.287391621604013325e+00 8.857722131895232054e-02
1.288683295123334016e+00 9.089699563183718800e-02
1.289977563185144005e+00 9.320566619890277571e-02
1.291274433614661987e+00 9.552841121202529373e-02
1.292573914268606350e+00 9.791699903446988984e-02
1.293876013035353711e+00 1.004459983375898813e-01
1.295180737835098794e+00 1.032011051332386159e-01
1.296488096620015629e+00 1.062609299371205379e-01
1.297798097374417203e+00 1.096744108183769217e-01
1.299110748114920444e+00 1.134409689928604081e-01
1.300426056890607862e+00 1.174980686944380043e-01
1.301744031783193201e+00 1.217200958446883891e-01
1.303064680907186412e+00 1.259320207639301747e-01
1.304388012410060194e+00 1.299365648004262297e-01
1.305714034472417628e+00 1.335502856032214358e-01
1.307042755308160942e+00 1.366411065149709114e-01
1.308374183164660698e+00 1.391585077397149706e-01
1.309708326322927663e+00 1.411483976753999392e-01
1.311045193097781558e+00 1.427476073829479220e-01
1.312384791838027587e+00 1.441574507186113296e-01
1.313727130926627851e+00 1.456008513413089844e-01
1.315072218780876323e+00 1.472719045960207418e-01
1.316420063852575595e+00 1.492892443515243528e-01
1.317770674628213401e+00 1.516644436334529389e-01
1.319124059629140922e+00 1.542937424635820176e-01
1.320480227411752194e+00 1.569762261621181487e-01
1.321839186567663527e+00 1.594553420451605696e-01
1.323200945723896238e+00 1.614748538065517713e-01
1.324565513543057849e+00 1.628364712001431347e-01
1.325932898723527265e+00 1.634455202877234670e-01
1.327303109999638409e+00 1.633334841778226743e-01
1.328676156141866516e+00 1.626515552871330428e-01
1.330052045957015094e+00 1.616362596891289527e-01
1.331430788288405109e+00 1.605550475150392120e-01
1.332812392016063274e+00 1.596447620608416607e-01
1.334196866056913677e+00 1.590577890950820306e-01
1.335584219364968961e+00 1.588288999708963867e-01
1.336974460931523057e+00 1.588707237152231500e-01
1.338367599785346362e+00 1.589986583106422213e-01
1.339763644992881142e+00 1.589786585978934241e-01
1.341162605658436702e+00 1.585856133641002363e-01
1.342564490924390119e+00 1.576574448186893462e-01
1.343969309971381643e+00 1.561313268384190156e-01
1.345377072018519193e+00 1.540532207098999906e-01
1.346787786323576430e+00 1.515590260932538902e-01
1.348201462183198140e+00 1.488331718442142959e-01
1.349618108933102745e+00 1.460564185986684138e-01
1.351037735948290130e+00 1.433574018303471753e-01
1.352460352643244823e+00 1.407812374432062530e-01
1.353885968472148260e+00 1.382836319921571244e-01
1.355314592929085071e+00 1.357516828344800808e-01
1.356746235548255131e+00 1.330448919866668300e-01
1.358180905904185831e+00 1.300439765866815978e-01
1.359618613611944804e+00 1.266925400872581375e-01
1.361059368327355079e+00 1.230183720834829852e-01
1.362503179747211357e+00 1.191267257435218302e-01
1.363950057609498057e+00 1.151659495420231799e-01
1.365400011693606253e+00 1.112741659375643122e-01
1.366853051820556830e+00 1.075219736995558090e-01
1.368309187853220088e+00 1.038685486835369959e-01
1.369768429696540002e+00 1.001461631842482797e-01
1.371230787297757381e+00 9.608142845140490995e-02
1.372696270646638572e+00 9.135208032734543071e-02
1.374164889775699727e+00 8.566828328861260389e-02
1.375636654760438393e+00 7.885983632494490692e-02
1.377111575719562442e+00 7.094745489951817530e-02
1.378589662815221883e+00 6.217854375667702244e-02
1.380070926253243568e+00 5.301525372216768506e-02
1.381555376283364778e+00 4.407347854825451744e-02
1.383043023199470367e+00 3.602318974240229649e-02
1.384533877339829910e+00 2.947021680298246918e-02
1.386027949087338174e+00 2.484477962782715918e-02
1.387525248869755812e+00 2.232136641664382234e-02
1.389025787159951619e+00 2.178797196820115439e-02
1.390529574476147223e+00 2.287177484261581142e-02
1.392036621382161998e+00 2.501563955619821519e-02
1.393546938487661091e+00 2.758843332946244939e-02
1.395060536448405220e+00 3.000478382241864375e-02
1.396577425966499586e+00 3.182831442515155623e-02
1.398097617790646341e+00 3.283688789599057550e-02
1.399621122716400601e+00 3.303778292690809359e-02
1.401147951586422913e+00 3.263265432403458094e-02
1.402678115290738603e+00 3.194366807742225756e-02
1.404211624766996236e+00 3.132044837614711419e-02
1.405748491000727851e+00 3.105083923146828226e-02
1.407288725025611198e+00 3.129611104887784767e-02
1.408832337923734634e+00 3.206379815971588387e-02
1.410379340825861805e+00 3.322144448546940354e-02
1.411929744911700313e+00 3.454424713089148530e-02
1.413483561410169731e+00 3.578172181193721435e-02
1.415040801599673825e+00 3.672487269495311457e-02
1.416601476808373228e+00 3.725661787893893434e-02
1.418165598414459661e+00 3.737379583657148702e-02
1.419733177846432826e+00 3.717727722654293188e-02
1.421304226583378183e+00 3.683525929546174055e-02
1.422878756155248059e+00 3.653148426870823223e-02
1.424456778143142976e+00 3.641327130434369314e-02
1.426038304179596539e+00 3.655326930969234750e-02
1.427623345948860090e+00 3.693423523018714988e-02
1.429211915187190263e+00 3.745936090756459003e-02
1.430804023683140525e+00 3.798365167933236836e-02
1.432399683277851388e+00 3.835649505131714931e-02
1.433998905865343287e+00 3.846318819178035087e-02
1.435601703392814343e+00 3.825427373150654120e-02
1.437208087860935457e+00 3.775555925510366839e-02
1.438818071324151404e+00 3.705739157331629230e-02
1.440431665890981705e+00 3.628746741782966356e-02
1.442048883724324604e+00 3.557562748322367491e-02
1.443669737041762158e+00 3.502065904989543760e-02
1.445294238115867769e+00 3.466785852988760880e-02
1.446922399274517490e+00 3.450251944450368619e-02
1.448554232901199557e+00 3.445976238922272838e-02
1.450189751435329688e+00 3.444661221263542461e-02
1.451828967372567725e+00 3.436919839199262250e-02
1.453471893265134263e+00 3.415715365420721183e-02
1.455118541722132175e+00 3.377877928924127165e-02
1.456768925409868798e+00 3.324374106725369593e-02
1.458423057052181004e+00 3.259391602252793840e-02
1.460080949430762276e+00 3.188636476902547562e-02
1.461742615385490884e+00 3.117431663866771993e-02
1.463408067814762958e+00 3.049207006458603750e-02
1.465077319675824219e+00 2.984796205065276889e-02
1.466750383985108819e+00 2.922669788174986696e-02
1.468427273818574630e+00 2.859929835101231860e-02
1.470108002312046080e+00 2.793665441660387119e-02
1.471792582661556104e+00 2.722182857502774417e-02
1.473481028123691416e+00 2.645698867740801236e-02
1.475173352015941353e+00 2.566288174636370892e-02
1.476869567717046916e+00 2.487135058606115140e-02
1.478569688667353610e+00 2.411371490750076341e-02
1.480273728369166264e+00 2.340915259408058238e-02
1.481981700387106970e+00 2.275713955553642504e-02
1.483693618348475241e+00 2.213660347564836567e-02
1.485409495943609492e+00 2.151219961157139343e-02
1.487129346926251872e+00 2.084576212893588312e-02
1.488853185113917732e+00 2.010927645772131109e-02
1.490581024388262232e+00 1.929519243225398528e-02
1.492312878695457590e+00 1.842070861672503654e-02
1.494048762046563450e+00 1.752453688855644051e-02
1.495788688517908360e+00 1.665700346718321234e-02
1.497532672251467467e+00 1.586641959277002370e-02
1.499280727455248874e+00 1.518581652049121565e-02
1.501032868403676668e+00 1.462403229451097846e-02
1.502789109437979942e+00 1.416380656335654124e-02
1.504549464966586036e+00 1.376740744937460931e-02
1.506313949465511781e+00 1.338804609188086817e-02
1.508082577478762509e+00 1.298362758432990670e-02
1.509855363618730850e+00 1.252875575985698889e-02
1.511632322566598186e+00 1.202152809774817421e-02
1.513413469072741879e+00 1.148331208432819966e-02
1.515198817957142063e+00 1.095185608507939258e-02
1.516988384109793087e+00 1.047008036307292035e-02
1.518782182491116739e+00 1.007410770446465036e-02
1.520580228132380585e+00 9.784173348545151250e-03
1.522382536136117182e+00 9.601006633896850412e-03
1.524189121676545966e+00 9.508460458706050403e-03
1.526000000000000023e+00 9.481171246203205435e-03
