1.126000000000000112e+00 1.856307614959048363e-02
1.126987992296117014e+00 1.846090382926469237e-02
1.127977719913760390e+00 1.827776275800889819e-02
1.128969187428857879e+00 1.801417518948032759e-02
1.129962399433440456e+00 1.768586479185869573e-02
1.130957360535711942e+00 1.732072961449177342e-02
1.131954075360122047e+00 1.695346192463627680e-02
1.132952548547436100e+00 1.661884766982397316e-02
1.133952784754808318e+00 1.634502556276451468e-02
1.134954788655853974e+00 1.614799722476433982e-02
1.135958564940721782e+00 1.602845135420529962e-02
1.136964118316167838e+00 1.597153477059798030e-02
1.137971453505628228e+00 1.594964682597539013e-02
1.138980575249294080e+00 1.592775188329264083e-02
1.139991488304184397e+00 1.587020661758301379e-02
1.141004197444223101e+00 1.574778284584741131e-02
1.142018707460311200e+00 1.554350008372501653e-02
1.143035023160405395e+00 1.525608741557870490e-02
1.144053149369591793e+00 1.490034137767618991e-02
1.145073090930163184e+00 1.450425537061057757e-02
1.146094852701695865e+00 1.410344978861778099e-02
1.147118439561126468e+00 1.373399853739351931e-02
1.148143856402830121e+00 1.342510613476058726e-02
1.149171108138697273e+00 1.319315671500009488e-02
1.150200199698214076e+00 1.303840590329178109e-02
1.151231136028538549e+00 1.294505903194116507e-02
1.152263922094582727e+00 1.288477651495302002e-02
1.153298562879090827e+00 1.282291428120153204e-02
1.154335063382718740e+00 1.272620224044993149e-02
1.155373428624115739e+00 1.257022389840259553e-02
1.156413663640005973e+00 1.234506944777677417e-02
1.157455773485268402e+00 1.205790221265999260e-02
1.158499763233019175e+00 1.173183314967174082e-02
1.159545637974695120e+00 1.140130161934698946e-02
1.160593402820134123e+00 1.110493595592423714e-02
1.161643062897660617e+00 1.087743885639981360e-02
1.162694623354169066e+00 1.074227671255459197e-02
1.163748089355205462e+00 1.070678950050671721e-02
1.164803466085055916e+00 1.076080952094048658e-02
1.165860758746828818e+00 1.087909874723239252e-02
1.166919972562540542e+00 1.102706077707943204e-02
1.167981112773203378e+00 1.116844883997126017e-02
1.169044184638909245e+00 1.127334471250515321e-02
1.170109193438919171e+00 1.132462802850108322e-02
1.171176144471748781e+00 1.132150449092349416e-02
1.172245043055257785e+00 1.127933426387684422e-02
1.173315894526736125e+00 1.122584245878131305e-02
1.174388704242995241e+00 1.119460749783475831e-02
1.175463477580455329e+00 1.121732277077711233e-02
1.176540219935237941e+00 1.131657642545716436e-02
1.177618936723252130e+00 1.150074088759023457e-02
1.178699633380288825e+00 1.176205066575365665e-02
1.179782315362111200e+00 1.207820105030991097e-02
1.180866988144545493e+00 1.241700067696868345e-02
1.181953657223574483e+00 1.274294505361255048e-02
1.183042328115429642e+00 1.302419633957666717e-02
1.184133006356684392e+00 1.323843474917698292e-02
1.185225697504348696e+00 1.337637777805403445e-02
1.186320407135962984e+00 1.344235092150774906e-02
1.187417140849692743e+00 1.345198701745451905e-02
1.188515904264424883e+00 1.342776301127331789e-02
1.189616703019862110e+00 1.339350978045963404e-02
1.190719542776621509e+00 1.336916803376874373e-02
1.191824429216329584e+00 1.336690207237048456e-02
1.192931368041720619e+00 1.338928676215099013e-02
1.194040364976735713e+00 1.342976611795233463e-02
1.195151425766620035e+00 1.347507750920193086e-02
1.196264556178022742e+00 1.350895977421001821e-02
1.197379761999095793e+00 1.351628748364708081e-02
1.198497049039596751e+00 1.348680930538607124e-02
1.199616423130986265e+00 1.341787246262414121e-02
1.200737890126532648e+00 1.331580727258187095e-02
1.201861455901411802e+00 1.319593580853798548e-02
1.202987126352810021e+00 1.308138505045254064e-02
1.204114907400029022e+00 1.300099324496565602e-02
1.205244804984587415e+00 1.298664855572151215e-02
1.206376825070326175e+00 1.307023648844255967e-02
1.207510973643513230e+00 1.328014915391063921e-02
1.208647256712948925e+00 1.363847419024329967e-02
1.209785680310073053e+00 1.415805310111684784e-02
1.210926250489070988e+00 1.484034050159576019e-02
1.212068973326979604e+00 1.567440028447649597e-02
1.213213854923797186e+00 1.663747339827671701e-02
1.214360901402591786e+00 1.769739708647064674e-02
1.215510118909608916e+00 1.881684562150289647e-02
1.216661513614383239e+00 1.995894195238795757e-02
1.217815091709847364e+00 2.109335527274645503e-02
1.218970859412443097e+00 2.220167921836573369e-02
1.220128822962234905e+00 2.328080217275708616e-02
1.221288988623019378e+00 2.434321294685044476e-02
1.222451362682440701e+00 2.541373274160185422e-02
1.223615951452102335e+00 2.652293824888808660e-02
1.224782761267683151e+00 2.769837294960978205e-02
1.225951798489049782e+00 2.895532410202495202e-02
1.227123069500375196e+00 3.028927287448835576e-02
1.228296580710252384e+00 3.167197376301632977e-02
1.229472338551812483e+00 3.305246800665617712e-02
1.230650349482842243e+00 3.436329507709397213e-02
1.231830619985901931e+00 3.553096098921509211e-02
1.233013156568444346e+00 3.648864146658054725e-02
1.234197965762934945e+00 3.718842502224093544e-02
1.235385054126971083e+00 3.761033720814390552e-02
1.236574428243403911e+00 3.776599270035294054e-02
1.237766094720459620e+00 3.769588889288741362e-02
1.238960060191861778e+00 3.746082457563051221e-02
1.240156331316954574e+00 3.712934822199800977e-02
1.241354914780826935e+00 3.676415352798141634e-02
1.242555817294437093e+00 3.641067200514887248e-02
1.243759045594736268e+00 3.609065127376654553e-02
1.244964606444796784e+00 3.580233799944883971e-02
1.246172506633937749e+00 3.552727447991086557e-02
1.247382752977852505e+00 3.524205757108329201e-02
1.248595352318737195e+00 3.493211343313671474e-02
1.249810311525418882e+00 3.460394678963110704e-02
1.251027637493486333e+00 3.429259586218728895e-02
1.252247337145420136e+00 3.406211510272229986e-02
1.253469417430722599e+00 3.399856051032836696e-02
1.254693885326052527e+00 3.419676364070149688e-02
1.255920747835354900e+00 3.474370211135423964e-02
1.257150011989997207e+00 3.570212752173375359e-02
1.258381684848900894e+00 3.709808468177486218e-02
1.259615773498678593e+00 3.891505996084732716e-02
1.260852285053770450e+00 4.109596227942442087e-02
1.262091226656578691e+00 4.355235749277579921e-02
1.263332605477606396e+00 4.617879132418307997e-02
1.264576428715595835e+00 4.886903187381341773e-02
1.265822703597668353e+00 5.153086312352080089e-02
1.267071437379462040e+00 5.409667253843655765e-02
1.268322637345275172e+00 5.652829384420232639e-02
1.269576310808206099e+00 5.881603605325857326e-02
1.270832465110296461e+00 6.097315061699670746e-02
1.272091107622674411e+00 6.302782508885082513e-02
1.273352245745698719e+00 6.501496637818961200e-02
1.274615886909103546e+00 6.696957355081802066e-02
1.275882038572145216e+00 6.892260877672322372e-02
1.277150708223747877e+00 7.089927994769422426e-02
1.278421903382652269e+00 7.291888489606543344e-02
1.279695631597562944e+00 7.499507456511694814e-02
1.280971900447299028e+00 7.713563870082359997e-02
1.282250717540943441e+00 7.934157699141956843e-02
1.283532090517995217e+00 8.160601261133358653e-02
1.284816027048520271e+00 8.391409465616389562e-02
1.286102534833305722e+00 8.624513730073263273e-02
1.287391621604013325e+00 8.857773264936164015e-02
1.288683295123334016e+00 9.089754468943177235e-02
1.289977563185144005e+00 9.320624438476590723e-02
1.291274433614661987e+00 9.552900898546018427e-02
1.292573914268606350e+00 9.791760775712436693e-02
1.293876013035353711e+00 1.004466118125711682e-01
1.295180737835098794e+00 1.032017204900136792e-01
1.296488096620015629e+00 1.062615476760245259e-01
1.297798097374417203e+00 1.096750340207361674e-01
1.299110748114920444e+00 1.134416019103509782e-01
1.300426056890607862e+00 1.174987150698267313e-01
1.301744031783193201e+00 1.217207573563699463e-01
1.303064680907186412e+00 1.259326959524570411e-01
1.304388012410060194e+00 1.299372487061245252e-01
1.305714034472417628e+00 1.335509701689458484e-01
1.307042755308160942e+00 1.366417816293365728e-01
1.308374183164660698e+00 1.391591626572802054e-01
1.309708326322927663e+00 1.411490224827260664e-01
1.311045193097781558e+00 1.427481941951349032e-01
1.312384791838027587e+00 1.441579943801040986e-01
1.313727130926627851e+00 1.456013495397688595e-01
1.315072218780876323e+00 1.472723574413720982e-01
1.316420063852575595e+00 1.492896535869763786e-01
1.317770674628213401e+00 1.516648117048466360e-01
1.319124059629140922e+00 1.542940716682223989e-01
1.320480227411752194e+00 1.569765180372105218e-01
1.321839186567663527e+00 1.594555970628592778e-01
1.323200945723896238e+00 1.614750713482718258e-01
1.324565513543057849e+00 1.628366497156435166e-01
1.325932898723527265e+00 1.634456575220508967e-01
1.327303109999638409e+00 1.633335773732567386e-01
1.328676156141866516e+00 1.626516013238454295e-01
1.330052045957015094e+00 1.616362551928595959e-01
1.331430788288405109e+00 1.605549890060178619e-01
1.332812392016063274e+00 1.596446462258056531e-01
1.334196866056913677e+00 1.590576132277730370e-01
1.335584219364968961e+00 1.588286625563200549e-01
1.336974460931523057e+00 1.588704250529591466e-01
1.338367599785346362e+00 1.589983010120619711e-01
1.339763644992881142e+00 1.589782477768445501e-01
1.341162605658436702e+00 1.585851563832018085e-01
1.342564490924390119e+00 1.576569505487432910e-01
1.343969309971381643e+00 1.561308045138352363e-01
1.345377072018519193e+00 1.540526785839241297e-01
1.346787786323576430e+00 1.515584701766243547e-01
1.348201462183198140e+00 1.488326050219516694e-01
1.349618108933102745e+00 1.460558403520847703e-01
1.351037735948290130e+00 1.433568086570225775e-01
1.352460352643244823e+00 1.407806238985788438e-01
1.353885968472148260e+00 1.382829921166722209e-01
1.355314592929085071e+00 1.357510116245947418e-01
1.356746235548255131e+00 1.330441865489961351e-01
1.358180905904185831e+00 1.300432366927358752e-01
1.359618613611944804e+00 1.266917680056163231e-01
1.361059368327355079e+00 1.230175717672028629e-01
1.362503179747211357e+00 1.191259016391629372e-01
1.363950057609498057e+00 1.151651054089252724e-01
1.365400011693606253e+00 1.112733040830638370e-01
1.366853051820556830e+00 1.075210949357353479e-01
1.368309187853220088e+00 1.038676531139986203e-01
1.369768429696540002e+00 1.001452516838580442e-01
1.371230787297757381e+00 9.608050447331584198e-02
1.372696270646638572e+00 9.135115152481874945e-02
1.374164889775699727e+00 8.566736242100531085e-02
1.375636654760438393e+00 7.885894104248086789e-02
1.377111575719562442e+00 7.094660624726888132e-02
1.378589662815221883e+00 6.217776354832542374e-02
1.380070926253243568e+00 5.301456123248920321e-02
1.381555376283364778e+00 4.407288718289299051e-02
1.383043023199470367e+00 3.602270440672066670e-02
1.384533877339829910e+00 2.946983258549291246e-02
1.386027949087338174e+00 2.484448215652132474e-02
1.387525248869755812e+00 2.232113389505005832e-02
1.389025787159951619e+00 2.178777853346051258e-02
1.390529574476147223e+00 2.287159459646376236e-02
1.392036621382161998e+00 2.501545047122416890e-02
1.393546938487661091e+00 2.758822026333926369e-02
1.395060536448405220e+00 3.000454007496866637e-02
1.396577425966499586e+00 3.182804159884507211e-02
1.398097617790646341e+00 3.283659419209843111e-02
1.399621122716400601e+00 3.303748033937482786e-02
1.401147951586422913e+00 3.263235540526312345e-02
1.402678115290738603e+00 3.194338299905741252e-02
1.404211624766996236e+00 3.132018288763273317e-02
1.405748491000727851e+00 3.105059387327808659e-02
1.407288725025611198e+00 3.129588165572193270e-02
1.408832337923734634e+00 3.206357739316392091e-02
1.410379340825861805e+00 3.322122392143796871e-02
1.411929744911700313e+00 3.454401934563500198e-02
1.413483561410169731e+00 3.578148197015711129e-02
1.415040801599673825e+00 3.672461931866737028e-02
1.416601476808373228e+00 3.725635271219931988e-02
1.418165598414459661e+00 3.737352295396232510e-02
1.419733177846432826e+00 3.717700170397209014e-02
1.421304226583378183e+00 3.683498583260332720e-02
1.422878756155248059e+00 3.653121611547145015e-02
1.424456778143142976e+00 3.641300971988566809e-02
1.426038304179596539e+00 3.655301361370136282e-02
1.427623345948860090e+00 3.693398334224098911e-02
1.429211915187190263e+00 3.745911015483474604e-02
1.430804023683140525e+00 3.798339961170587448e-02
1.432399683277851388e+00 3.835624003903508050e-02
1.433998905865343287e+00 3.846292967508745109e-02
1.435601703392814343e+00 3.825401211124552364e-02
1.437208087860935457e+00 3.775529552055465615e-02
1.438818071324151404e+00 3.705712682891187937e-02
1.440431665890981705e+00 3.628720247883583661e-02
1.442048883724324604e+00 3.557536266544995135e-02
1.443669737041762158e+00 3.502039419910882301e-02
1.445294238115867769e+00 3.466759325080623344e-02
1.446922399274517490e+00 3.450225342472204582e-02
1.448554232901199557e+00 3.445949568910817995e-02
1.450189751435329688e+00 3.444634541300485575e-02
1.451828967372567725e+00 3.436893254732319158e-02
1.453471893265134263e+00 3.415689006954887585e-02
1.455118541722132175e+00 3.377851919958128890e-02
1.456768925409868798e+00 3.324348532903167314e-02
1.458423057052181004e+00 3.259366491933193138e-02
1.460080949430762276e+00 3.188611799159569993e-02
1.461742615385490884e+00 3.117407343898640285e-02
1.463408067814762958e+00 3.049182952650129549e-02
1.465077319675824219e+00 2.984772338480300505e-02
1.466750383985108819e+00 2.922646065163397519e-02
1.468427273818574630e+00 2.859906256882114445e-02
1.470108002312046080e+00 2.793642049928010684e-02
1.471792582661556104e+00 2.722159720340275313e-02
1.473481028123691416e+00 2.645676063467188380e-02
1.475173352015941353e+00 2.566265781403875498e-02
1.476869567717046916e+00 2.487113154504255047e-02
1.478569688667353610e+00 2.411350163961697990e-02
1.480273728369166264e+00 2.340894622543315817e-02
1.481981700387106970e+00 2.275694154784192041e-02
1.483693618348475241e+00 2.213641557153383718e-02
1.485409495943609492e+00 2.151202357850256000e-02
1.487129346926251872e+00 2.084559931482081116e-02
1.488853185113917732e+00 2.010912724851163236e-02
1.490581024388262232e+00 1.929505576205378312e-02
1.492312878695457590e+00 1.842058170091075836e-02
1.494048762046563450e+00 1.752441531779032682e-02
1.495788688517908360e+00 1.665688171819588309e-02
1.497532672251467467e+00 1.586629189963977352e-02
1.499280727455248874e+00 1.518567793857329533e-02
1.501032868403676668e+00 1.462387971186389357e-02
1.502789109437979942e+00 1.416363939813619112e-02
1.504549464966586036e+00 1.376722782717539062e-02
1.506313949465511781e+00 1.338785841511241914e-02
1.508082577478762509e+00 1.298343755809825903e-02
1.509855363618730850e+00 1.252856908511167620e-02
1.511632322566598186e+00 1.202134914129008268e-02
1.513413469072741879e+00 1.148314285627900083e-02
1.515198817957142063e+00 1.095169578764554168e-02
1.516988384109793087e+00 1.046992563427519111e-02
1.518782182491116739e+00 1.007395350260839421e-02
1.520580228132380585e+00 9.784014255141006144e-03
1.522382536136117182e+00 9.600838240798038187e-03
1.524189121676545966e+00 9.508280481213533461e-03
1.526000000000000023e+00 9.480980075748783945e-03
