1.020000000000000240e+00 5.012407290235851033e-05
1.020961855815927244e+00 7.198023622095342750e-05
1.021925527396290834e+00 2.096602771920550370e-05
1.022891019887571362e+00 3.843548143465978622e-06
1.023858338455719386e+00 1.460361152176209249e-05
1.024827488286241817e+00 7.278119406074042496e-05
1.025798474584300735e+00 8.327596899243248105e-05
1.026771302574802203e+00 2.948445039026399833e-05
1.027745977502491970e+00 1.657873559563888120e-05
1.028722504632049173e+00 4.339400832352468835e-05
1.029700889248181150e+00 8.969193491770848252e-05
1.030681136655719143e+00 8.260460384103070924e-05
1.031663252179713108e+00 3.857862647205897099e-05
1.032647241165530083e+00 2.906252324759460627e-05
1.033633108978949000e+00 5.080538276466600375e-05
1.034620861006259496e+00 9.916258491517282556e-05
1.035610502654359388e+00 1.106581190118516940e-04
1.036602039350854598e+00 6.721814363917235323e-05
1.037595476544156625e+00 3.672846053237070686e-05
1.038590819703582913e+00 3.504805767819493015e-05
1.039588074319458766e+00 6.258660771283257134e-05
1.040587245903215274e+00 1.043488238833198140e-04
1.041588339987493450e+00 1.043527697144971023e-04
1.042591362126245924e+00 6.605473100434200722e-05
1.043596317894838421e+00 3.634566243323880186e-05
1.044603212890154120e+00 3.601275313548926921e-05
1.045612052730696906e+00 6.226321993809163428e-05
1.046622843056697061e+00 1.120146736406275482e-04
1.047635589530214517e+00 1.399603465876344687e-04
1.048650297835246548e+00 1.126731451592246302e-04
1.049666973677832127e+00 7.423362021897732406e-05
1.050685622786161399e+00 5.192827441937933878e-05
1.051706250910680707e+00 5.605013860715417665e-05
1.052728863824201389e+00 8.122995962119268032e-05
1.053753467322011028e+00 1.131143679296951217e-04
1.054780067221978701e+00 1.177942868138517663e-04
1.055808669364669328e+00 8.676857805172925192e-05
1.056839279613451144e+00 5.831203244342747478e-05
1.057871903854609608e+00 4.309905961767904761e-05
1.058906547997457315e+00 4.849300512679924493e-05
1.059943217974448570e+00 6.374505979492704646e-05
1.060981919741290858e+00 7.762815006922647789e-05
1.062022659277061187e+00 7.371117514373595313e-05
1.063065442584319564e+00 5.801056896044238067e-05
1.064110275689223117e+00 4.954134126405348684e-05
1.065157164641645116e+00 5.403073344233548693e-05
1.066206115515288877e+00 7.890832536836285137e-05
1.067257134407807229e+00 1.086487809893870739e-04
1.068310227440919746e+00 1.318877307891354431e-04
1.069365400760531548e+00 1.259068651347365381e-04
1.070422660536853199e+00 1.061653476649433947e-04
1.071482012964520836e+00 8.802092896268230552e-05
1.072543464262717627e+00 7.706815615976907717e-05
1.073607020675293899e+00 7.791138576224138470e-05
1.074672688470891924e+00 7.847199421419301651e-05
1.075740473943067599e+00 8.178279821767552114e-05
1.076810383410413463e+00 7.697983161301542583e-05
1.077882423216685925e+00 7.540536441347128250e-05
1.078956599730928723e+00 7.560051709714057304e-05
1.080032919347598597e+00 8.559921169865900112e-05
1.081111388486694525e+00 1.049395130701006663e-04
1.082192013593882951e+00 1.259804672431680760e-04
1.083274801140627464e+00 1.394532799385549973e-04
1.084359757624317799e+00 1.275713214850844731e-04
1.085446889568399742e+00 1.110849975711036396e-04
1.086536203522505240e+00 9.441581449127867218e-05
1.087627706062584965e+00 9.440403484568831880e-05
1.088721403791040432e+00 1.052850567071029000e-04
1.089817303336856558e+00 1.254351354454332922e-04
1.090915411355735998e+00 1.417936469397410926e-04
1.092015734530233484e+00 1.320718099103534808e-04
1.093118279569892826e+00 1.067255201159500298e-04
1.094223053211380137e+00 7.720168407952758397e-05
1.095330062218625278e+00 6.886148968212487645e-05
1.096439313382955971e+00 7.644469510561057823e-05
1.097550813523240132e+00 1.055186987724546959e-04
1.098664569486021758e+00 1.382009999821786576e-04
1.099780588145665261e+00 1.596889029101308376e-04
1.100898876404494242e+00 1.571784952018028274e-04
1.102019441192936267e+00 1.329169839200299637e-04
1.103142289469662529e+00 1.148659952892249164e-04
1.104267428221735070e+00 1.039540025586331026e-04
1.105394864464750881e+00 1.156574277402061096e-04
1.106524605242986459e+00 1.347125228504675591e-04
1.107656657629546348e+00 1.565060604044290940e-04
1.108791028726509476e+00 1.563020946845933453e-04
1.109927725665077691e+00 1.343877441063881051e-04
1.111066755605726541e+00 1.099761182398924919e-04
1.112208125738353592e+00 9.020050823622248633e-05
1.113351843282431197e+00 9.225933747861181367e-05
1.114497915487158597e+00 1.052290981847462135e-04
1.115646349631614243e+00 1.341426011779093110e-04
1.116797153024911227e+00 1.533476604521599425e-04
1.117950333006350494e+00 1.572122216331372157e-04
1.119105896945578715e+00 1.379154585357711036e-04
1.120263852242744163e+00 1.100013557170301785e-04
1.121424206328655249e+00 9.238736343530514741e-05
1.122586966664938624e+00 7.957791090083092002e-05
1.123752140744200601e+00 7.945982357674591693e-05
1.124919736090186584e+00 7.375838992108578354e-05
1.126089760257944050e+00 6.695099082345429015e-05
1.127262220833984196e+00 4.944295814770929083e-05
1.128437125436447808e+00 2.933730543128287957e-05
1.129614481715269569e+00 1.508596635594374727e-05
1.130794297352342381e+00 1.156028546536736432e-05
1.131976580061686555e+00 1.968544862176076487e-05
1.133161337589617679e+00 3.545171305291141092e-05
1.134348577714914486e+00 5.311622307782836301e-05
1.135538308248990713e+00 6.512479743454623385e-05
1.136730537036065192e+00 7.515191528386464957e-05
1.137925271953334594e+00 7.665139139672671011e-05
1.139122520911147296e+00 8.687531866540433719e-05
1.140322291853178349e+00 9.932488409849162697e-05
1.141524592756603118e+00 1.245599106501269458e-04
1.142729431632276249e+00 1.534865878817291511e-04
1.143936816524909084e+00 1.898884660186956198e-04
1.145146755513247960e+00 2.235954131531275846e-04
1.146359256710254737e+00 2.500768671972769964e-04
1.147574328263289090e+00 2.842912143162604774e-04
1.148791978354289478e+00 3.262971674415415585e-04
1.150012215199957666e+00 4.081390742957288200e-04
1.151235047051943239e+00 5.154204712402962914e-04
1.152460482197030345e+00 6.651878535057132889e-04
1.153688528957323323e+00 8.003808795440244764e-04
1.154919195690436995e+00 9.046746105729815569e-04
1.156152490789684739e+00 9.582547607429490674e-04
1.157388422684269669e+00 9.841071306339490947e-04
1.158626999839477811e+00 1.053399028184074000e-03
1.159868230756869734e+00 1.190284515984105056e-03
1.161112123974476162e+00 1.456167145798719850e-03
1.162358688066992718e+00 1.769317849232877882e-03
1.163607931645977756e+00 2.083248755930137714e-03
1.164859863360051984e+00 2.281262873063400268e-03
1.166114491895094085e+00 2.429819692008409939e-03
1.167371825974446109e+00 2.640408862438746191e-03
1.168631874359112865e+00 3.020618618563055899e-03
1.169894645847965986e+00 3.654717102445592409e-03
1.171160149277949314e+00 4.422683387253471647e-03
1.172428393524284074e+00 5.223081465916239695e-03
1.173699387500677815e+00 5.741243343825543598e-03
1.174973140159531138e+00 5.986242534231398828e-03
1.176249660492150628e+00 6.101159643771800721e-03
1.177528957528957587e+00 6.442945850894729078e-03
1.178811040339702965e+00 7.214882294176249919e-03
1.180095918033680524e+00 8.357942004738081604e-03
1.181383599759943337e+00 9.716100571604210229e-03
1.182674094707521162e+00 1.083826883994627906e-02
1.183967412105637385e+00 1.170968451417805575e-02
1.185263561223931505e+00 1.242062768400551374e-02
1.186562551372678076e+00 1.354137505370867772e-02
1.187864391903011851e+00 1.537959609821271806e-02
1.189169092207150502e+00 1.817468115748631721e-02
1.190476661718621321e+00 2.188992349337788579e-02
1.191787109912488374e+00 2.595399500176173019e-02
1.193100446305581652e+00 2.994461223386797946e-02
1.194416680456727109e+00 3.376938809545165093e-02
1.195735821966977808e+00 3.873452261517529999e-02
1.197057880479849956e+00 4.579335723605852670e-02
1.198382865681554055e+00 5.589842433517826226e-02
1.199710787301235815e+00 6.891042000068195450e-02
1.201041655111209749e+00 8.354385827888037575e-02
1.202375478927203201e+00 9.797923228440427734e-02
1.203712268608594371e+00 1.112270160790850837e-01
1.205052034058656796e+00 1.258281689379511237e-01
1.206394785224803812e+00 1.448698188426571221e-01
1.207740532098834363e+00 1.719078446065584742e-01
1.209089284717181467e+00 2.065504155995923075e-01
1.210441053161160463e+00 2.432415085962582602e-01
1.211795847557222139e+00 2.754017566192376587e-01
1.213153678077203423e+00 3.025287600059916593e-01
1.214514554938583180e+00 3.313154269170580091e-01
1.215878488404739333e+00 3.650687201243643099e-01
1.217245488785204666e+00 4.029070625252906823e-01
1.218615566435927944e+00 4.348844455658036345e-01
1.219988731759535705e+00 4.485461131597565099e-01
1.221364995205595383e+00 4.428272005952042512e-01
1.222744367270879318e+00 4.266433485353899324e-01
1.224126858499632542e+00 4.077838364943783822e-01
1.225512479483841899e+00 3.809936757926165041e-01
1.226901240863505160e+00 3.399801915355621373e-01
1.228293153326904807e+00 2.888965729767516422e-01
1.229688227610880924e+00 2.385914958349900361e-01
1.231086474501108752e+00 1.936861987509857774e-01
1.232487904832375358e+00 1.496170640274387120e-01
1.233892529488859857e+00 1.063436510351759012e-01
1.235300359404415627e+00 6.917969353424903434e-02
1.236711405562853638e+00 4.240130600497359764e-02
1.238125678998227785e+00 2.515607287373950590e-02
1.239543190795122873e+00 1.502094167392463604e-02
1.240963952088945277e+00 1.006460921933761618e-02
1.242387974066211598e+00 7.776426447881791895e-03
1.243815267964845761e+00 6.743060543706118695e-03
1.245245845074472557e+00 6.071689461153500708e-03
1.246679716736715182e+00 5.665170974572434660e-03
1.248116894345495664e+00 5.302084490943175313e-03
1.249557389347337066e+00 5.010374660950403514e-03
1.251001213241666354e+00 4.694018321665442868e-03
1.252448377581121042e+00 4.333435768246921005e-03
1.253898893971857387e+00 4.018955447175050731e-03
1.255352774073859479e+00 3.687839744142588309e-03
1.256810029601253875e+00 3.475100007556500628e-03
1.258270672322622019e+00 3.246430579936063817e-03
1.259734714061318428e+00 3.125381113019857354e-03
1.261202166695789106e+00 2.971631169630273989e-03
1.262673042159893066e+00 2.867244995137319032e-03
1.264147352443225181e+00 2.750534457474156005e-03
1.265625109591443032e+00 2.641965148596368308e-03
1.267106325706594872e+00 2.557794899005003206e-03
1.268591012947448693e+00 2.429478201103972123e-03
1.270079183529825961e+00 2.337199635257969366e-03
1.271570849726936459e+00 2.170971469382950748e-03
1.273066023869716012e+00 2.064917072528407640e-03
1.274564718347166004e+00 1.921778365925693247e-03
1.276066945606694869e+00 1.846007992992166344e-03
1.277572718154463605e+00 1.767066282892364778e-03
1.279082048555732820e+00 1.709408840491930329e-03
1.280594949435212238e+00 1.662021276921140387e-03
1.282111433477411522e+00 1.578638967139391405e-03
1.283631513426996440e+00 1.531001728747189696e-03
1.285155202089144799e+00 1.427692568439049891e-03
1.286682512329907047e+00 1.378184716396696702e-03
1.288213457076566204e+00 1.273577852022074767e-03
1.289748049318005796e+00 1.207983158267666481e-03
1.291286302105074890e+00 1.112971503666663857e-03
1.292828228550958247e+00 1.036258203502005582e-03
1.294373841831550020e+00 9.760273773584110914e-04
1.295923155185827902e+00 9.088857334061207832e-04
1.297476181916232374e+00 8.859875800766387139e-04
1.299032935389045740e+00 8.236794373163514385e-04
1.300593429034776927e+00 8.072643823085623319e-04
1.302157676348547843e+00 7.379201753851808614e-04
1.303725690890481070e+00 7.066991966607912533e-04
1.305297486286093323e+00 6.443814095340271017e-04
1.306873076226688468e+00 6.016932482494382999e-04
1.308452474469756766e+00 5.593154514451961204e-04
1.310035694839373210e+00 5.062930200651790096e-04
1.311622751226603878e+00 4.801905268952224074e-04
1.313213657589908712e+00 4.224712193327432664e-04
1.314808427955552972e+00 4.089950825624624514e-04
1.316407076418019573e+00 3.592116569460713409e-04
1.318009617140422307e+00 3.507556238463306717e-04
1.319616064354927287e+00 3.121159934678470666e-04
1.321226432363170611e+00 2.934521006146295109e-04
1.322840735536685353e+00 2.634839561370495918e-04
1.324458988317328556e+00 2.298934729916102639e-04
1.326081205217711112e+00 2.114999069003483051e-04
1.327707400821632522e+00 1.728827831527370940e-04
1.329337589784517215e+00 1.653842096540296251e-04
1.330971786833855752e+00 1.295484910790523417e-04
1.332610006769647359e+00 1.263097174691228631e-04
1.334252264464846904e+00 9.800113921281876199e-05
1.335898574865815425e+00 9.486133936098847363e-05
1.337548952992773099e+00 7.749525444491052418e-05
1.339203413940256437e+00 7.325108896458349653e-05
1.340861972877577912e+00 6.678661251698902730e-05
1.342524645049290033e+00 6.059744688540464707e-05
1.344191445775653415e+00 6.360902994538703817e-05
1.345862390453104629e+00 5.573920014981785807e-05
1.347537494554732929e+00 6.801688819862395058e-05
1.349216773630755872e+00 5.969745309042576837e-05
1.350900243309002713e+00 8.154276308319484434e-05
1.352587919295396679e+00 7.386172048803148953e-05
1.354279817374445249e+00 1.031501437309591008e-04
1.355975953409731538e+00 9.876461171094180660e-05
1.357676343344410341e+00 1.288948394717176471e-04
1.359381003201707738e+00 1.349653828348130514e-04
1.361089949085423578e+00 1.559841503962905169e-04
1.362803197180439296e+00 1.811479827446636878e-04
1.364520763753229726e+00 1.810150094504011829e-04
1.366242665152375801e+00 2.260455326023951786e-04
1.367968917809084806e+00 2.008012798193478318e-04
1.369699538237712622e+00 2.566368997047608074e-04
1.371434543036291087e+00 2.227454890221827158e-04
1.373173948887056905e+00 2.720810043740735581e-04
1.374917772556987883e+00 2.548273052509248565e-04
1.376666030898340720e+00 2.685913141974127067e-04
1.378418740849195023e+00 2.862063431744593395e-04
1.380175919433998644e+00 2.388331177221471432e-04
1.381937583764120570e+00 2.909785965599836544e-04
1.383703751038405150e+00 1.912265974295056215e-04
1.385474438543732756e+00 2.436298060034473151e-04
1.387249663655583554e+00 1.397857871990411047e-04
1.389029443838604161e+00 1.301899547662093001e-04
1.390813796647183631e+00 8.693633369829423957e-05
1.392602739726027661e+00 4.914147533240761113e-06
1.394396290810741457e+00 4.527776128312586723e-05
1.396194467728415933e+00 3.212626320470445457e-05
1.397997288398218130e+00 8.925981364054388998e-05
1.399804770831986733e+00 1.584383990355566827e-05
1.401616933134830933e+00 4.117998456767366111e-04
1.403433793505736160e+00 3.565678703311214899e-03
1.405255370238172707e+00 8.534168277069450678e-03
1.407081681720709909e+00 8.343341244717193336e-03
1.408912746437634533e+00 5.060882908112752585e-03
1.410748582969574949e+00 5.738112074585498441e-03
1.412589209994128847e+00 1.640932387085876701e-02
1.414434646286498065e+00 3.245852805620677572e-02
1.416284910720125634e+00 3.265730511762022364e-02
1.418140022267339040e+00 2.103616444741319286e-02
1.420000000000000151e+00 1.515700146592924638e-02
