1.220000000000000195e+00 4.446754155667243229e-04
1.221008306128352761e+00 2.452457403786759030e-04
1.222018280325902984e+00 7.192020828688858018e-05
1.223029926735378137e+00 9.322885388597780358e-05
1.224043249513236287e+00 1.643592802658892349e-04
1.225058252829719585e+00 3.500151554628447618e-04
1.226074940868915775e+00 5.214047875250249530e-04
1.227093317828813701e+00 4.094880884293168816e-04
1.228113387921360156e+00 2.246286440477286326e-04
1.229135155372520050e+00 1.731197148719424924e-04
1.230158624422332370e+00 1.712579114018965970e-04
1.231183799324972128e+00 2.723929075637658830e-04
1.232210684348805430e+00 4.513419419580419088e-04
1.233239283776451867e+00 5.109573552504561482e-04
1.234269601904841807e+00 4.418791909733165899e-04
1.235301643045278119e+00 3.174825717721835349e-04
1.236335411523494798e+00 2.038739078400390425e-04
1.237370911679718688e+00 1.936929450798550881e-04
1.238408147868729214e+00 2.609699240478843807e-04
1.239447124459918781e+00 3.863522665198339430e-04
1.240487845837356939e+00 5.575326935127609051e-04
1.241530316399848788e+00 5.954360153127068005e-04
1.242574540560999363e+00 4.581861119682813471e-04
1.243620522749274260e+00 3.143400073072602952e-04
1.244668267408063134e+00 2.134434667853894036e-04
1.245717778995741876e+00 1.645753003608164890e-04
1.246769061985738114e+00 2.039103852089673081e-04
1.247822120866590945e+00 2.938957643974217881e-04
1.248876960142017989e+00 4.356560813744187908e-04
1.249933584330978453e+00 5.804957743843864671e-04
1.250991997967737968e+00 5.780245372742909282e-04
1.252052205601932533e+00 4.488347068930737590e-04
1.253114211798634470e+00 3.146960767862837629e-04
1.254178021138418808e+00 2.112323357678908399e-04
1.255243638217426794e+00 1.784408511400637084e-04
1.256311067647434276e+00 2.203762661246635307e-04
1.257380314055917436e+00 3.060439774452318874e-04
1.258451382086119619e+00 4.511031030596615609e-04
1.259524276397118614e+00 5.826912039500381545e-04
1.260599001663893493e+00 5.973750486636094162e-04
1.261675562577394549e+00 5.257317209659401452e-04
1.262753963844609029e+00 4.173263075733842781e-04
1.263834210188630847e+00 3.180959465260535090e-04
1.264916306348730979e+00 2.905633710096198119e-04
1.266000257080423630e+00 3.178291627084403040e-04
1.267086067155538620e+00 3.913783365527751293e-04
1.268173741362290441e+00 5.246344945780195487e-04
1.269263284505348421e+00 6.448371761671737234e-04
1.270354701405907560e+00 7.014010107369832853e-04
1.271447996901760247e+00 6.866564853023675264e-04
1.272543175847366648e+00 5.838439818363385910e-04
1.273640243113927539e+00 4.651019918882784258e-04
1.274739203589456249e+00 4.000197488769807654e-04
1.275840062178850598e+00 3.711489034649451276e-04
1.276942823803967508e+00 3.995602427494483939e-04
1.278047493403694057e+00 4.857894057682697131e-04
1.279154075934023416e+00 5.747367403523802667e-04
1.280262576368127236e+00 6.583772055823367735e-04
1.281372999696431147e+00 6.965283977677847165e-04
1.282485350926689804e+00 6.464617112811279391e-04
1.283599635084061275e+00 5.687595686987388785e-04
1.284715857211182977e+00 4.967252669906629210e-04
1.285834022368249396e+00 4.371768835874427451e-04
1.286954135633085139e+00 4.372916098962552692e-04
1.288076202101225087e+00 4.802763278597627973e-04
1.289200226885989897e+00 5.439380464213239199e-04
1.290326215118564379e+00 6.412682301822129850e-04
1.291454171948074992e+00 7.154157632963190072e-04
1.292584102541668889e+00 7.339854452338183876e-04
1.293716012084592304e+00 7.179172088247105527e-04
1.294849905780270927e+00 6.522094884506534620e-04
1.295985788850388509e+00 5.751835731225885028e-04
1.297123666534966357e+00 5.403812081103383583e-04
1.298263544092447264e+00 5.269157659694674112e-04
1.299405426799771446e+00 5.488020137154669487e-04
1.300549319952462923e+00 6.120382291297746941e-04
1.301695228864707898e+00 6.647980481829632348e-04
1.302843158869438911e+00 7.084125259117045456e-04
1.303993115318416773e+00 7.309158840481719656e-04
1.305145103582314059e+00 6.949830309471480934e-04
1.306299129050798369e+00 6.432009102825416401e-04
1.307455197132616709e+00 5.967435335417002433e-04
1.308613313255680533e+00 5.487037156805619001e-04
1.309773482867148564e+00 5.414429478104172255e-04
1.310935711433515394e+00 5.649789792248658500e-04
1.312100004440694745e+00 5.947307276090939808e-04
1.313266367394106737e+00 6.495825991749649628e-04
1.314434805818764485e+00 6.909053821157109393e-04
1.315605325259361802e+00 6.951029857732953085e-04
1.316777931280360470e+00 6.893112341003612351e-04
1.317952629466077941e+00 6.540024943576348967e-04
1.319129425420777935e+00 6.041602646184900593e-04
1.320308324768756814e+00 5.805499328069952487e-04
1.321489333154434842e+00 5.606562774194158699e-04
1.322672456242446115e+00 5.546709300098807928e-04
1.323857699717729597e+00 5.759454030369839028e-04
1.325045069285618382e+00 5.841214081579094346e-04
1.326234570671933177e+00 5.874527793896754373e-04
1.327426209623074005e+00 5.880475365096288947e-04
1.328619991906111020e+00 5.557423323538268796e-04
1.329815923308879766e+00 5.213487476818896372e-04
1.331014009640073992e+00 4.946258689710883926e-04
1.332214256729338686e+00 4.610846144740222887e-04
1.333416670427366224e+00 4.534056208952435174e-04
1.334621256605989847e+00 4.616203099662920424e-04
1.335828021158280476e+00 4.672853434137847232e-04
1.337036969998642633e+00 4.913194658278614629e-04
1.338248109062910807e+00 5.062856933308540822e-04
1.339461444308445826e+00 5.027935909536639016e-04
1.340676981714234106e+00 5.058717790645849473e-04
1.341894727280984911e+00 4.937099442797596898e-04
1.343114687031228938e+00 4.786932163750971803e-04
1.344336867009418457e+00 4.850335236981720161e-04
1.345561273282025905e+00 4.876437205949894467e-04
1.346787911937645354e+00 5.034230293845867992e-04
1.348016789087093770e+00 5.409393531479162300e-04
1.349247910863510036e+00 5.711730176955457814e-04
1.350481283422460210e+00 6.076347067848111416e-04
1.351716912942037885e+00 6.412427000448481370e-04
1.352954805622968326e+00 6.690506378775017138e-04
1.354194967688711948e+00 7.342230955792060018e-04
1.355437405385568672e+00 8.177683964927967867e-04
1.356682124982781623e+00 9.230226480916298550e-04
1.357929132772646152e+00 1.091063990357640486e-03
1.359178435070610647e+00 1.281944432406321175e-03
1.360430038215387549e+00 1.500806435973257424e-03
1.361683948569058833e+00 1.765182678144432658e-03
1.362940172517182802e+00 2.012156351741347174e-03
1.364198716468904449e+00 2.277490948641755063e-03
1.365459586857064034e+00 2.594765039615339833e-03
1.366722790138304555e+00 2.924532154073438989e-03
1.367988332793184991e+00 3.349510262687918714e-03
1.369256221326289769e+00 3.894050109690601683e-03
1.370526462266339118e+00 4.516821688191625071e-03
1.371799062166303207e+00 5.313994150056967555e-03
1.373074027603513159e+00 6.256002044009492322e-03
1.374351365179775852e+00 7.277512280272746721e-03
1.375631081521486498e+00 8.482576878566632991e-03
1.376913183279742992e+00 9.824582299009161288e-03
1.378197677130463372e+00 1.132510828174849646e-02
1.379484569774499514e+00 1.321140497542631388e-02
1.380773867937754362e+00 1.547905222405317888e-02
1.382065578371298953e+00 1.820691521535173357e-02
1.383359707851491427e+00 2.157717535629231562e-02
1.384656263180092939e+00 2.537864565613179302e-02
1.385955251184389780e+00 2.953488159677240127e-02
1.387256678717310621e+00 3.409809748499415677e-02
1.388560552657549962e+00 3.882599133522834922e-02
1.389866879909685382e+00 4.393278842922706401e-02
1.391175667404303651e+00 4.984107939980682300e-02
1.392486922098119972e+00 5.660051562963405031e-02
1.393800650974102773e+00 6.468416635890102129e-02
1.395116861041597822e+00 7.442646101235893263e-02
1.396435559336452803e+00 8.541167157085588491e-02
1.397756752921141210e+00 9.752294114267254233e-02
1.399080448884890471e+00 1.104186278550321060e-01
1.400406654343807844e+00 1.234510272585067903e-01
1.401735376441007874e+00 1.371982608471322973e-01
1.403066622346740511e+00 1.524110571306025730e-01
1.404400399258520116e+00 1.693472762894528971e-01
1.405736714401256471e+00 1.888451625995725136e-01
1.407075575027382452e+00 2.107013142578856857e-01
1.408416988416988813e+00 2.333462403440040855e-01
1.409760961877952301e+00 2.558072896197776114e-01
1.411107502746072218e+00 2.768073930805812211e-01
1.412456618385200535e+00 2.953322049618549716e-01
1.413808316187377567e+00 3.124883673498801695e-01
1.415162603572968303e+00 3.289626773228613299e-01
1.416519487990795634e+00 3.442556306868265192e-01
1.417878976918278466e+00 3.581966240564337656e-01
1.419241077861568723e+00 3.689926479021897743e-01
1.420605798355690341e+00 3.742713347253241452e-01
1.421973145964676055e+00 3.742173856628163708e-01
1.423343128281709280e+00 3.694936530408771680e-01
1.424715752929263779e+00 3.605105534940984957e-01
1.426091027559245106e+00 3.483580996690079368e-01
1.427468959853133379e+00 3.322605772572652660e-01
1.428849557522123837e+00 3.107406336330131857e-01
1.430232828307275383e+00 2.847283160704309757e-01
1.431618779979650480e+00 2.555790720069365807e-01
1.433007420340462801e+00 2.246868019106486314e-01
1.434398757221224452e+00 1.944533314409986613e-01
1.435792798483891408e+00 1.660291291827985516e-01
1.437189552021012950e+00 1.399035287662030724e-01
1.438589025755879325e+00 1.173892822430967209e-01
1.439991227642672733e+00 9.869659048608483976e-02
1.441396165666618101e+00 8.342114392871140260e-02
1.442803847844133402e+00 7.164575689189861540e-02
1.444214282222982648e+00 6.258878460114666864e-02
1.445627476882430873e+00 5.549119101815797039e-02
1.447043439933395570e+00 5.026047964059768974e-02
1.448462179518604120e+00 4.621654891207360727e-02
1.449883703812748559e+00 4.298092165204237675e-02
1.451308021022643890e+00 4.061433611499329355e-02
1.452735139387384189e+00 3.858201072017972827e-02
1.454165067178503135e+00 3.676522578748367409e-02
1.455597812700132998e+00 3.527933831866708614e-02
1.457033384289166289e+00 3.372174964647333545e-02
1.458471790315415628e+00 3.221526954843639823e-02
1.459913039181777838e+00 3.092135700562044856e-02
1.461357139324397814e+00 2.954251503460559800e-02
1.462804099212832387e+00 2.830920013014326039e-02
1.464253927350215978e+00 2.728391038382407818e-02
1.465706632273426457e+00 2.617454487644975056e-02
1.467162222553255013e+00 2.523004489758816707e-02
1.468620706794572461e+00 2.441219666574834593e-02
1.470082093636499554e+00 2.349484830600971630e-02
1.471546391752577287e+00 2.277474732646473168e-02
1.473013609850939876e+00 2.215126613845957992e-02
1.474483756674485058e+00 2.147326615545687087e-02
1.475956841001049291e+00 2.102361970971357991e-02
1.477432871643582279e+00 2.059814767030063859e-02
1.478911857450323053e+00 2.008715261899159457e-02
1.480393807304975606e+00 1.972610392777193050e-02
1.481878730126887200e+00 1.925110535670769216e-02
1.483366634871228884e+00 1.865612319654634879e-02
1.484857530529172465e+00 1.818150097895230785e-02
1.486351426128075248e+00 1.758116787815516141e-02
1.487848330731658342e+00 1.696555845297970794e-02
1.489348253440193837e+00 1.653032997201506205e-02
1.490851203390685775e+00 1.600716954813344306e-02
1.492357189757058444e+00 1.554999352382594423e-02
1.493866221750341561e+00 1.525225664764526604e-02
1.495378308618857233e+00 1.483427989307882673e-02
1.496893459648412028e+00 1.450021697929928036e-02
1.498411684162482826e+00 1.426900663757770839e-02
1.499932991522412440e+00 1.390335207819101172e-02
1.501457391127598129e+00 1.365946023887596415e-02
1.502984892415687668e+00 1.347900396087519000e-02
1.504515504862773190e+00 1.316556376315566532e-02
1.506049237983587696e+00 1.298197290811201922e-02
1.507586101331700901e+00 1.277985072191132644e-02
1.509126104499719290e+00 1.241731908749003563e-02
1.510669257119484854e+00 1.216415997001818808e-02
1.512215568862275816e+00 1.183072957843519547e-02
1.513765049439008470e+00 1.137570397629663471e-02
1.515317708600441238e+00 1.107351555612410242e-02
1.516873556137378731e+00 1.070249958233410008e-02
1.518432601880878030e+00 1.029510677405971394e-02
1.519994855702453851e+00 1.006795817480276786e-02
1.521560327514290156e+00 9.749554080448913709e-03
1.523129027269447100e+00 9.426710064161084035e-03
1.524700964962072636e+00 9.245541468451639808e-03
1.526276150627615236e+00 8.923289927677923242e-03
1.527854594343037498e+00 8.618482361565222433e-03
1.529436306227030640e+00 8.419207243091640300e-03
1.531021296440230328e+00 8.064136917046207595e-03
1.532609575185434947e+00 7.767804879808835709e-03
1.534201152707824978e+00 7.543985540243726938e-03
1.535796039295181714e+00 7.158994297323090748e-03
1.537394245278110194e+00 6.857459288377756347e-03
1.538995781030261911e+00 6.582803901702191131e-03
1.540600656968559523e+00 6.157810085199739297e-03
1.542208883553421561e+00 5.850641781791290734e-03
1.543820471288991136e+00 5.550677407450184224e-03
1.545435430723364423e+00 5.148802799172229328e-03
1.547053772448819364e+00 4.902399648651423365e-03
1.548675507102049487e+00 4.640152495523536084e-03
1.550300645364395047e+00 4.312488365936119686e-03
1.551929197962077955e+00 4.137820942014176252e-03
1.553561175666439143e+00 3.900520922351193888e-03
1.555196589294173481e+00 3.619273045242528148e-03
1.556835449707571817e+00 3.469906144559415252e-03
1.558477767814758552e+00 3.224383855987536431e-03
1.560123554569935456e+00 2.971138955203273587e-03
1.561772820973624576e+00 2.833270605230535540e-03
1.563425578072914046e+00 2.588588179059973619e-03
1.565081836961703665e+00 2.376563662093683638e-03
1.566741608780953365e+00 2.253980166884889200e-03
1.568404904718934345e+00 2.021895873465182677e-03
1.570071736011477981e+00 1.854346199075826993e-03
1.571742113942231400e+00 1.743440626635296350e-03
1.573416049842909503e+00 1.534451510059500322e-03
1.575093555093555198e+00 1.417310992968591650e-03
1.576774641122792087e+00 1.323729177651713487e-03
1.578459319408088257e+00 1.153904349497354752e-03
1.580147601476014740e+00 1.089334988615386132e-03
1.581839498902511076e+00 1.010517062522097364e-03
1.583535023313146661e+00 8.795439974237826645e-04
1.585234186383389865e+00 8.508992269842015213e-04
1.586936999838874485e+00 7.736348803549180199e-04
1.588643475455669751e+00 6.746631469950728401e-04
1.590353625060552334e+00 6.659182067684992845e-04
1.592067460531278567e+00 5.873837076888370262e-04
1.593784993796860894e+00 5.234481345446552903e-04
1.595506236837842318e+00 5.282430995881064965e-04
1.597231201686577950e+00 4.540065873614871554e-04
1.598959900427512126e+00 4.279415666754097093e-04
1.600692345197464839e+00 4.380861663151204956e-04
1.602428548185910406e+00 3.714788456570608261e-04
1.604168521635268130e+00 3.798190475478817460e-04
1.605912277841186953e+00 3.856128760474446769e-04
1.607659829152837672e+00 3.308497492600467773e-04
1.609411187973201596e+00 3.685256606879282215e-04
1.611166366759365420e+00 3.629602262633942590e-04
1.612925378022817879e+00 3.255145314222687670e-04
1.614688234329744843e+00 3.845307066064553741e-04
1.616454948301329519e+00 3.607849471969822052e-04
1.618225532614053330e+00 3.429166859157388339e-04
1.620000000000000107e+00 4.098892097293709469e-04
