8.400000000000001910e-01 2.040544938956635992e-05
8.409072254023114423e-01 1.742859365402532496e-05
8.418164125851445023e-01 1.674110784575141741e-05
8.427275679186061463e-01 1.107844178686933305e-05
8.436406978004119539e-01 1.149234839660851172e-05
8.445558086560365219e-01 1.356665937311760456e-05
8.454729069388643437e-01 8.887048213605565960e-06
8.463919991303404666e-01 9.360836522020908525e-06
8.473130917401242579e-01 8.883078276419491471e-06
8.482361913062427261e-01 5.099331831218707706e-06
8.491613043952450646e-01 6.952067363118968515e-06
8.500884376023585265e-01 7.773533562198678960e-06
8.510175975516450775e-01 5.767108628807889625e-06
8.519487908961594913e-01 9.830501487574999994e-06
8.528820243181073346e-01 8.805860943027169567e-06
8.538173045290055052e-01 5.826102118667679926e-06
8.547546382698432144e-01 1.084444527870626625e-05
8.556940323112431912e-01 8.816364452695766625e-06
8.566354934536254406e-01 6.718364112203137310e-06
8.575790285273711122e-01 1.395096763905763461e-05
8.585246443929871463e-01 8.210239049863838354e-06
8.594723479412740286e-01 6.411314626595107813e-06
8.604221460934912136e-01 9.396599019392839371e-06
8.613740458015268775e-01 1.568203191626962043e-06
8.623280540480674494e-01 7.735507080230272415e-07
8.632841778467681415e-01 1.251020686940954585e-05
8.642424242424243674e-01 3.723126635849996350e-05
8.652028003111458254e-01 5.687738550104024687e-05
8.661653131605295819e-01 1.235546741719436702e-04
8.671299699298365971e-01 1.467057789468071880e-04
8.680967777901663629e-01 3.128697057367431226e-05
8.690657439446368704e-01 7.827981972087706035e-04
8.700368756285620231e-01 7.923536220048141721e-04
8.710101801096320484e-01 2.205849947644196961e-04
8.719856646880952411e-01 8.316076695482349382e-04
8.729633366969392627e-01 1.934401295718777246e-03
8.739432035020766598e-01 3.892453473735687434e-04
8.749252725025286059e-01 2.658839329645361544e-04
8.759095511306110859e-01 5.571803761450167198e-04
8.768960468521233009e-01 6.573151331459108591e-04
8.778847671665354069e-01 2.130421487790650880e-04
8.788757196071793620e-01 7.686679658047233918e-05
8.798689117414398853e-01 1.698897415538349383e-04
8.808643511709470797e-01 2.738318594943652071e-04
8.818620455317704998e-01 8.062644958986468302e-05
8.828620024946141065e-01 9.407560832639389327e-06
8.838642297650132207e-01 3.296328043320258196e-05
8.848687350835323651e-01 1.260059117931595809e-04
8.858755262259643271e-01 1.774300417932121612e-04
8.868846110035313313e-01 1.013822647387028288e-04
8.878959972630859898e-01 1.219486952970602481e-04
8.889096928873161385e-01 2.688468846639269065e-04
8.899257057949481187e-01 1.646134160446996724e-04
8.909440439409544998e-01 2.951759435166857390e-04
8.919647153167603593e-01 2.647308258308811316e-04
8.929877279504531140e-01 3.535478608898794659e-04
8.940130899069929082e-01 1.555602619438127316e-04
8.950408092884241107e-01 1.084874617061895905e-04
8.960708942340893657e-01 9.754938152656551895e-05
8.971033529208436441e-01 1.409640627193890230e-04
8.981381935632717362e-01 1.991895653666356757e-04
8.991754244139049668e-01 2.629644504794825723e-04
9.002150537634411309e-01 4.023888099387048600e-04
9.012570899409656500e-01 4.045623613728440500e-04
9.023015413141733942e-01 2.168338267503999543e-04
9.033484162895930591e-01 6.399910387727732598e-05
9.043977233128124293e-01 5.144192938997184173e-06
9.054494708687058635e-01 1.881266358928119318e-05
9.065036674816628892e-01 5.816468182294467565e-05
9.075603217158180192e-01 6.738496311402107511e-05
9.086194421752832318e-01 1.068179080073334972e-04
9.096810375043816732e-01 2.118433778778667446e-04
9.107451163878819145e-01 3.371595934737296480e-04
9.118116875512357611e-01 4.580872329795746315e-04
9.128807597608162849e-01 4.277056965821344342e-04
9.139523418241579655e-01 2.246962144045935308e-04
9.150264425901988297e-01 9.078114190200694687e-05
9.161030709495235902e-01 2.957970024093156336e-05
9.171822358346097825e-01 3.518535023855736332e-05
9.182639462200732350e-01 8.658950151544713900e-05
9.193482111229190901e-01 1.179501403673371323e-04
9.204350396027900505e-01 8.546562759857281107e-05
9.215244407622206202e-01 7.755660061435733557e-05
9.226164237468896800e-01 1.341028358021303978e-04
9.237109977458773935e-01 2.492815767187628751e-04
9.248081719919232224e-01 3.678083484722712341e-04
9.259079557616840539e-01 3.502196621061751461e-04
9.270103583759973231e-01 2.189320869129709308e-04
9.281153892001431371e-01 1.059594209801983532e-04
9.292230576441103951e-01 6.833523088351840151e-05
9.303333731628631309e-01 1.021309112838221923e-04
9.314463452566097423e-01 1.727373009382908984e-04
9.325619834710745515e-01 2.194792545055765430e-04
9.336802973977696984e-01 2.534632468067104811e-04
9.348012966742708096e-01 2.863848228940750799e-04
9.359249909844935544e-01 3.132333390269874743e-04
9.370513900589724221e-01 3.369002111024666196e-04
9.381805036751417193e-01 3.010191535493046992e-04
9.393123416576186768e-01 1.998432992363059584e-04
9.404469138784877780e-01 1.092135217387048783e-04
9.415842302575887501e-01 5.490571165530620812e-05
9.427243007628042237e-01 4.340423547752094569e-05
9.438671354103529421e-01 6.814810493488596100e-05
9.450127442650807508e-01 9.069592925392443085e-05
9.461611374407584707e-01 9.737930796686396922e-05
9.473123251003772172e-01 1.531926143075888671e-04
9.484663174564502697e-01 2.614481219605583598e-04
9.496231247713136092e-01 4.045957123647606567e-04
9.507827573574310076e-01 5.437943725282113000e-04
9.519452255776993388e-01 5.441312007044727880e-04
9.531105398457586642e-01 3.994508895712771336e-04
9.542787106263025398e-01 1.912569943813737915e-04
9.554497484353910997e-01 5.539654328524238523e-05
9.566236638407670245e-01 1.475002298301681557e-05
9.578004674621726222e-01 5.690014518394846872e-05
9.589801699716715699e-01 1.447360826400912674e-04
9.601627820939698799e-01 2.075201867665974051e-04
9.613483146067419716e-01 2.092137614951198406e-04
9.625367783409570777e-01 1.776133163718326166e-04
9.637281841812107563e-01 1.908660109364704099e-04
9.649225430660554048e-01 2.379377922385446462e-04
9.661198659883362128e-01 2.558399726271909196e-04
9.673201639955275599e-01 2.074774803395563441e-04
9.685234481900736325e-01 1.143592335114414053e-04
9.697297297297298169e-01 5.882589130491524973e-05
9.709390198279089779e-01 6.133660675208525790e-05
9.721513297540269605e-01 1.162284100492525272e-04
9.733666708338543083e-01 2.247364935032620571e-04
9.745850544498686485e-01 3.561354626947245395e-04
9.758064920416092969e-01 3.971051839330156557e-04
9.770309951060360820e-01 3.874573114389528745e-04
9.782585751978892796e-01 4.107077005822312352e-04
9.794892439300542097e-01 4.898979346234193363e-04
9.807230129739263891e-01 6.542205838225670670e-04
9.819598940597806802e-01 8.483907617447343204e-04
9.831998989771437714e-01 8.875864053572090576e-04
9.844430395751675444e-01 8.583605093847427887e-04
9.856893277630079941e-01 1.011741395496762973e-03
9.869387755102041471e-01 1.432540876391568199e-03
9.881913948470621989e-01 2.091284116375569883e-03
9.894471978650404287e-01 2.771430069875408051e-03
9.907061967171399974e-01 2.966952330424817413e-03
9.919684036182957465e-01 2.757615567393550265e-03
9.932338308457714371e-01 2.640950898766294876e-03
9.945024907395583202e-01 2.956750233323175627e-03
9.957743957027755943e-01 3.804416125875407454e-03
9.970495582020748593e-01 4.524824206378882073e-03
9.983279907680474574e-01 4.486124688528562478e-03
9.996097059956350339e-01 4.039318397574334640e-03
1.000894716544543428e+00 3.764592647202104174e-03
1.002183035139657896e+00 4.165694853619310821e-03
1.003474674571465552e+00 5.200820363342060527e-03
1.004769647696477142e+00 6.026872943257806023e-03
1.006067967437653587e+00 6.006635803817000560e-03
1.007369646784836537e+00 5.682838343554296942e-03
1.008674698795181124e+00 5.771728113449762013e-03
1.009983136593592068e+00 6.576352087130194271e-03
1.011294973373165540e+00 8.017975139819277786e-03
1.012610222395630366e+00 9.405933861660572756e-03
1.013928896991796114e+00 1.014700749528248645e-02
1.015251010562003176e+00 1.083605376356487800e-02
1.016576576576576629e+00 1.253713075471257418e-02
1.017905608576284537e+00 1.616995941499991402e-02
1.019238120172797801e+00 2.151199496672090775e-02
1.020574125049154679e+00 2.701202035911168253e-02
1.021913636960231075e+00 3.203488295854526463e-02
1.023256669733210833e+00 3.810241766603867514e-02
1.024603237268061573e+00 4.963434590269809321e-02
1.025953353538015644e+00 7.036200152328238311e-02
1.027307032590051517e+00 9.727596959669010390e-02
1.028664288545382721e+00 1.246361125027513062e-01
1.030025135599947239e+00 1.525749259700725780e-01
1.031389588024904214e+00 1.879610427502313441e-01
1.032757660167131109e+00 2.344083063501838926e-01
1.034129366449727971e+00 2.850535897002068886e-01
1.035504721372523029e+00 3.251382646069255755e-01
1.036883739512585167e+00 3.595531228925669676e-01
1.038266435524736631e+00 4.012619185085697371e-01
1.039652824142075049e+00 4.370363921152908837e-01
1.041042920176494357e+00 4.424560624701180389e-01
1.042436738519212813e+00 4.108982795772500585e-01
1.043834294141305907e+00 3.647238420167233652e-01
1.045235602094241045e+00 3.100085373325059401e-01
1.046640677510418227e+00 2.403358284269314082e-01
1.048049535603715610e+00 1.705502126587822020e-01
1.049462191670036626e+00 1.143155239580703614e-01
1.050878661087866428e+00 6.999022537256975596e-02
1.052298959318827221e+00 3.782400375772894396e-02
1.053723101908242255e+00 2.019418277124629749e-02
1.055151104485703151e+00 1.264288857485514235e-02
1.056582982765640111e+00 9.181213183026892821e-03
1.058018752547900787e+00 6.882539427274683534e-03
1.059458429718329375e+00 5.593518295945263535e-03
1.060902030249353034e+00 5.044880983722294446e-03
1.062349570200573412e+00 4.714588611906921425e-03
1.063801065719360839e+00 4.396487680981902083e-03
1.065256533041456066e+00 3.995773936209752290e-03
1.066715988491574674e+00 3.532632384599674116e-03
1.068179448484017247e+00 3.249390665751682953e-03
1.069646929523286438e+00 3.096961034916716291e-03
1.071118448204705143e+00 2.898576667719250915e-03
1.072594021215043547e+00 2.790504455362433165e-03
1.074073665333149741e+00 2.757414410765822964e-03
1.075557397430584539e+00 2.619149008414051009e-03
1.077045234472264745e+00 2.433787370320833216e-03
1.078537193517107751e+00 2.207507476615384358e-03
1.080033291718685229e+00 1.976959129657289600e-03
1.081533546325878614e+00 1.894970793750533128e-03
1.083037974683544347e+00 1.846145119389911143e-03
1.084546594233180006e+00 1.731069363531218376e-03
1.086059422513600436e+00 1.680049415352606558e-03
1.087576477161614763e+00 1.616184547337306664e-03
1.089097775912715393e+00 1.476849773686924987e-03
1.090623336601765248e+00 1.371115006266549570e-03
1.092153177163697864e+00 1.247775169198319213e-03
1.093687315634218615e+00 1.142154427336246943e-03
1.095225770150513700e+00 1.146961272639772465e-03
1.096768558951965344e+00 1.124283123125816410e-03
1.098315700380872117e+00 1.051253363987925777e-03
1.099867212883175682e+00 1.029142897329263446e-03
1.101423115009195319e+00 9.597976462818050628e-04
1.102983425414364893e+00 8.660161164721491426e-04
1.104548162859980254e+00 8.226271658077407298e-04
1.106117346213951080e+00 7.433897936701532603e-04
1.107690994451557831e+00 6.893623405018788671e-04
1.109269126656218907e+00 7.045174549411007325e-04
1.110851762020260036e+00 6.545742244304138127e-04
1.112438919845692542e+00 5.875359479137693200e-04
1.114030619544999379e+00 5.588074012116580041e-04
1.115626880641926055e+00 4.809611289065932635e-04
1.117227722772277554e+00 4.229063472142067332e-04
1.118833165684725017e+00 4.035963895117266817e-04
1.120443229241617766e+00 3.440107824012076862e-04
1.122057933419801312e+00 3.150266218508652235e-04
1.123677298311445139e+00 3.211069552625609867e-04
1.125301344124873815e+00 2.725327802588147245e-04
1.126930091185410543e+00 2.388611877448014648e-04
1.128563559936222926e+00 2.347686323662652810e-04
1.130201770939178729e+00 1.963328553757367025e-04
1.131844744875708741e+00 1.832889336234654683e-04
1.133492502547678082e+00 2.039480554409084758e-04
1.135145064878262389e+00 1.904960135799954048e-04
1.136802452912834438e+00 1.998066982823422854e-04
1.138464687819856769e+00 2.550438559147960062e-04
1.140131790891785402e+00 2.595951882835583380e-04
1.141803783545974671e+00 2.753941195459780832e-04
1.143480687325598488e+00 3.481803230723673785e-04
1.145162523900573603e+00 3.682546998865793980e-04
1.146849315068493302e+00 4.204321371798878807e-04
1.148541082755568654e+00 5.477466465277830215e-04
1.150237849017580194e+00 5.808775701798599665e-04
1.151939636040834491e+00 6.643890274251756673e-04
1.153646466143132709e+00 8.193015714292637515e-04
1.155358361774744491e+00 8.027369336296390602e-04
1.157075345519394061e+00 8.614176972624447860e-04
1.158797440095252540e+00 9.752398820288799789e-04
1.160524668355940037e+00 9.358471339380695789e-04
1.162257053291536391e+00 1.066184048797455628e-03
1.163994618029601247e+00 1.185366254146850680e-03
1.165737385836203233e+00 1.078399376542400192e-03
1.167485380116959348e+00 1.198964970268179232e-03
1.169238624418081240e+00 1.198456286210059863e-03
1.170997142427432802e+00 9.988066112764130370e-04
1.172760957975598872e+00 1.087225382465935915e-03
1.174530095036959043e+00 9.582995629772395009e-04
1.176304577730775236e+00 7.796391847134536736e-04
1.178084430322287934e+00 9.129380726662041827e-04
1.179869677223821967e+00 6.647826690674111128e-04
1.181660342995902502e+00 4.810932972669848822e-04
1.183456452348381482e+00 5.266298656635230984e-04
1.185258030141574270e+00 1.649619893253322230e-04
1.187065101387406729e+00 1.061377213923444374e-04
1.188877691250572743e+00 1.727214205041838842e-04
1.190695825049702172e+00 7.285683174097727492e-05
1.192519528258539241e+00 1.871199775189542858e-04
1.194348826507133365e+00 2.514117039983661630e-04
1.196183745583039082e+00 6.679251763718811914e-03
1.198024311432528188e+00 2.218060510900512344e-02
1.199870550161812544e+00 1.558177951843033038e-02
1.201722488038277747e+00 1.081863449062527363e-02
1.203580151491730144e+00 4.182531775349512815e-02
1.205443567115652703e+00 8.221134116930191305e-02
1.207312761668476009e+00 5.187369078748656909e-02
1.209187762074856343e+00 3.284314327250137389e-02
1.211068595426971761e+00 3.946358088349011944e-02
1.212955288985823499e+00 6.748843478352199721e-02
1.214847870182556022e+00 7.633493003100826069e-02
1.216746366619784636e+00 4.152214237848256273e-02
1.218650806072938186e+00 3.041690435290916178e-02
1.220561216491613088e+00 2.601318800719692667e-02
1.222477626000942230e+00 3.230819996279288980e-02
1.224400062902972319e+00 2.883021317283253684e-02
1.226328555678059873e+00 1.905799201645353921e-02
1.228263132986275652e+00 1.224570952989462343e-02
1.230203823668826413e+00 1.006156601556596440e-02
1.232150656749485984e+00 8.095117133579302765e-03
1.234103661436044108e+00 6.441102929666465970e-03
1.236062867121765718e+00 3.344613626409644828e-03
1.238028303386866202e+00 2.160746455856519480e-03
1.240000000000000213e+00 1.740337620244488152e-03
