1.200000000000000178e+00 1.193734985563215761e-04
1.201004184100418648e+00 4.659796426081338247e-05
1.202010050251256290e+00 1.422477162888615629e-05
1.203017602682313614e+00 1.113230573976255026e-04
1.204026845637583776e+00 3.581944836102645118e-04
1.205037783375314753e+00 5.009626020811333005e-04
1.206050420168067294e+00 3.293167076368195461e-04
1.207064760302775541e+00 1.320511765668893646e-04
1.208080808080808088e+00 1.280082027480685628e-04
1.209098567818028824e+00 2.282411459522428170e-04
1.210118043844856661e+00 4.322600522160673650e-04
1.211139240506329262e+00 5.896900643501465497e-04
1.212162162162162327e+00 4.731201121902141467e-04
1.213186813186813318e+00 2.648811689177218921e-04
1.214213197969543412e+00 1.820011140172736442e-04
1.215241320914479450e+00 1.870110660465410413e-04
1.216271186440678109e+00 2.940307325463934742e-04
1.217302798982188516e+00 4.709480815995359436e-04
1.218336162988115756e+00 5.374153763333352259e-04
1.219371282922685040e+00 4.428364340373684379e-04
1.220408163265306323e+00 2.977415473568247625e-04
1.221446808510638249e+00 2.059224872958416018e-04
1.222487223168654324e+00 2.017317808312339776e-04
1.223529411764706198e+00 2.816333209484019073e-04
1.224573378839590498e+00 4.478542998281680697e-04
1.225619128949615666e+00 6.190906948255020222e-04
1.226666666666666572e+00 6.384055006679574887e-04
1.227715996578272017e+00 4.976924700864502260e-04
1.228767123287671570e+00 3.365338060188477736e-04
1.229820051413881954e+00 2.395193083538067031e-04
1.230874785591766774e+00 2.205646009830799224e-04
1.231931330472103125e+00 2.867981041702424199e-04
1.232989690721649545e+00 4.343096426858600073e-04
1.234049871023215950e+00 6.281787185279593148e-04
1.235111876075731363e+00 7.622985581445494707e-04
1.236175710594315191e+00 7.245909110475051229e-04
1.237241379310345168e+00 5.542937552860103569e-04
1.238308886971527523e+00 3.883187742967251165e-04
1.239378238341969141e+00 2.914243288139165044e-04
1.240449438202247290e+00 2.719127365389988125e-04
1.241522491349481117e+00 3.374222833057931954e-04
1.242597402597402700e+00 4.755128849709308841e-04
1.243674176776429885e+00 6.517144657494311705e-04
1.244752818733738442e+00 7.826171223475123211e-04
1.245833333333333348e+00 7.771997482392971378e-04
1.246915725456125168e+00 6.601426842086061770e-04
1.247999999999999998e+00 5.224465132041694604e-04
1.249086161879895629e+00 4.143055751517332177e-04
1.250174216027874596e+00 3.647155400615952644e-04
1.251264167393199900e+00 3.796263207807778497e-04
1.252356020942408499e+00 4.451363594094692559e-04
1.253449781659388806e+00 5.498051004307426054e-04
1.254545454545454852e+00 6.414683872350117073e-04
1.255643044619422666e+00 6.626590318784101891e-04
1.256742556917688658e+00 6.169901600754993916e-04
1.257843996494303340e+00 5.378613950170030951e-04
1.258947368421052593e+00 4.712779163716033625e-04
1.260052677787532938e+00 4.491176299856890122e-04
1.261159929701230364e+00 4.665487891826656749e-04
1.262269129287599156e+00 5.270559164589082345e-04
1.263380281690140938e+00 6.211962707790611403e-04
1.264493392070484612e+00 7.086975489050788279e-04
1.265608465608465849e+00 7.627766941900551061e-04
1.266725507502206804e+00 7.569079387414501562e-04
1.267844522968197829e+00 6.934992193715644069e-04
1.268965517241379626e+00 6.253005947549349379e-04
1.270088495575221410e+00 5.788703743691370283e-04
1.271213463241807284e+00 5.676088812744910358e-04
1.272340425531915065e+00 6.088307236185853911e-04
1.273469387755102211e+00 6.821263253755764384e-04
1.274600355239786875e+00 7.738030093887421617e-04
1.275733333333333386e+00 8.651125863582406284e-04
1.276868327402135517e+00 9.072879640085539750e-04
1.278005342831701086e+00 8.970233963388407009e-04
1.279144385026738107e+00 8.526957372779650187e-04
1.280285459411240057e+00 7.889920428773771833e-04
1.281428571428571583e+00 7.495440420332037321e-04
1.282573726541554882e+00 7.448250195473993555e-04
1.283720930232558288e+00 7.652797480401433939e-04
1.284870188003581326e+00 8.197316360178181398e-04
1.286021505376344187e+00 8.777686089603295525e-04
1.287174887892376995e+00 9.143659410848894780e-04
1.288330341113106181e+00 9.289195593765723529e-04
1.289487870619946408e+00 8.995060774782679455e-04
1.290647482014388725e+00 8.446092148403416605e-04
1.291809180918092048e+00 7.973118268656832200e-04
1.292972972972973089e+00 7.579403343188804380e-04
1.294138863841298503e+00 7.516167772932023320e-04
1.295306859205776151e+00 7.816060206979380575e-04
1.296476964769647910e+00 8.235048517031370212e-04
1.297649186256781162e+00 8.812542515316754144e-04
1.298823529411764710e+00 9.280765025954346810e-04
1.300000000000000044e+00 9.415325538110328645e-04
1.301178603807797041e+00 9.410187191605746872e-04
1.302359346642468330e+00 9.186747418961500574e-04
1.303542234332425220e+00 8.884058006992062544e-04
1.304727272727273180e+00 8.791097751022520102e-04
1.305914467697907533e+00 8.750320513924088632e-04
1.307103825136612274e+00 8.851004519621407740e-04
1.308295350957155989e+00 9.097143235927063936e-04
1.309489051094890666e+00 9.164161498666240774e-04
1.310684931506849615e+00 9.150366443097824329e-04
1.311882998171846504e+00 9.005874860901847074e-04
1.313083257090576605e+00 8.628788787360286861e-04
1.314285714285714501e+00 8.357913172897480855e-04
1.315490375802016887e+00 8.177627422030685168e-04
1.316697247706422269e+00 8.103016802255379311e-04
1.317906336088154662e+00 8.345722772621846789e-04
1.319117647058823950e+00 8.636825452577691136e-04
1.320331186752530028e+00 8.937665082316765186e-04
1.321546961325966940e+00 9.268108513317869926e-04
1.322764976958525462e+00 9.325172394521844292e-04
1.323985239852398577e+00 9.291815633798149740e-04
1.325207756232687162e+00 9.250875548444845945e-04
1.326432532347504800e+00 9.088700382724834801e-04
1.327659574468085246e+00 9.111312456971843061e-04
1.328888888888888786e+00 9.223756894867023420e-04
1.330120481927711262e+00 9.276899049006214360e-04
1.331354359925788877e+00 9.422188984545388319e-04
1.332590529247910993e+00 9.354895696309865460e-04
1.333828996282528045e+00 9.061346342000303365e-04
1.335069767441860566e+00 8.760720538519513106e-04
1.336312849162011318e+00 8.317020501786549867e-04
1.337558247903075870e+00 8.029360997060321385e-04
1.338805970149253843e+00 8.072111383274610920e-04
1.340056022408963710e+00 8.298864145418790705e-04
1.341308411214953589e+00 8.944100409351223675e-04
1.342563143124415603e+00 9.827982157142958232e-04
1.343820224719101342e+00 1.067530644785301235e-03
1.345079662605435988e+00 1.155938586770483998e-03
1.346341463414634454e+00 1.231744677144273924e-03
1.347605633802817060e+00 1.319157011231262286e-03
1.348872180451128111e+00 1.435058770758930327e-03
1.350141110065851580e+00 1.565523296005465453e-03
1.351412429378531233e+00 1.768498612050942121e-03
1.352686145146088759e+00 2.049667588203389016e-03
1.353962264150943673e+00 2.384625679077442308e-03
1.355240793201133220e+00 2.811527612343764099e-03
1.356521739130434945e+00 3.281181561939433555e-03
1.357805108798486593e+00 3.780345118576718382e-03
1.359090909090909349e+00 4.371215813979689550e-03
1.360379146919431514e+00 5.042749250863182674e-03
1.361669829222011741e+00 5.910466469946195310e-03
1.362962962962963154e+00 7.110297644504406239e-03
1.364258555133079920e+00 8.657974906914573526e-03
1.365556612749762255e+00 1.067544369910343460e-02
1.366857142857142993e+00 1.312491049485774337e-02
1.368160152526215478e+00 1.581507880063685520e-02
1.369465648854961914e+00 1.874014648422757737e-02
1.370773638968481700e+00 2.180971606883448308e-02
1.372084130019120884e+00 2.511510694983221451e-02
1.373397129186602950e+00 2.913596896917940160e-02
1.374712643678160928e+00 3.416731237862524057e-02
1.376030680728667743e+00 4.058677500151226109e-02
1.377351247600768103e+00 4.870727987085654576e-02
1.378674351585014612e+00 5.808129726369529178e-02
1.380000000000000115e+00 6.821726589323254264e-02
1.381328200192492917e+00 7.875645318741265888e-02
1.382658959537572230e+00 8.947573596286639841e-02
1.383992285438765624e+00 1.013151221214804026e-01
1.385328185328185358e+00 1.154997650407585258e-01
1.386666666666666936e+00 1.326559814218210009e-01
1.388007736943907444e+00 1.532383301307945478e-01
1.389351403678606323e+00 1.761241407012198168e-01
1.390697674418604812e+00 1.987893811606783745e-01
1.392046556741028285e+00 2.196081673567993886e-01
1.393398058252427463e+00 2.378545813607614579e-01
1.394752186588921417e+00 2.542430000711592419e-01
1.396108949416342560e+00 2.709470602438794340e-01
1.397468354430379645e+00 2.884552020779110326e-01
1.398830409356725202e+00 3.052015645581684367e-01
1.400195121951219868e+00 3.186927083197116373e-01
1.401562500000000488e+00 3.256332136715009429e-01
1.402932551319648447e+00 3.252026963743706034e-01
1.404305283757338874e+00 3.196062881359929553e-01
1.405680705190989643e+00 3.099713600344051190e-01
1.407058823529411917e+00 2.960979770746551831e-01
1.408439646712463356e+00 2.772916589527805176e-01
1.409823182711198664e+00 2.525290311519948205e-01
1.411209439528023690e+00 2.232971828902190481e-01
1.412598425196850416e+00 1.927753633438354375e-01
1.413990147783251494e+00 1.627605116743981173e-01
1.415384615384615463e+00 1.347960059784892306e-01
1.416781836130306393e+00 1.102865443383218291e-01
1.418181818181818432e+00 8.961741853504649746e-02
1.419584569732937673e+00 7.327025356714127191e-02
1.420990099009901142e+00 6.109124632793810211e-02
1.422398414271556222e+00 5.205845646201731625e-02
1.423809523809523858e+00 4.564065569874989348e-02
1.425223435948361539e+00 4.111389791715596570e-02
1.426640159045725831e+00 3.770072476926680793e-02
1.428059701492537359e+00 3.526355025609262395e-02
1.429482071713147340e+00 3.335968160670770705e-02
1.430907278165503893e+00 3.169624246206013962e-02
1.432335329341317687e+00 3.038161457666514742e-02
1.433766233766234244e+00 2.912128443840842837e-02
1.435200000000000253e+00 2.793253477173164231e-02
1.436636636636636988e+00 2.696896752306940023e-02
1.438076152304609501e+00 2.597940864324338808e-02
1.439518555667001154e+00 2.510248809255567065e-02
1.440963855421687034e+00 2.436986957977769694e-02
1.442412060301507815e+00 2.354941249998825439e-02
1.443863179074446723e+00 2.285211179640393719e-02
1.445317220543806735e+00 2.222381324372114941e-02
1.446774193548387100e+00 2.154872768032216335e-02
1.448234106962664081e+00 2.108395339489736384e-02
1.449696969696969928e+00 2.068276634868042307e-02
1.451162790697674732e+00 2.030884503478731090e-02
1.452631578947368718e+00 2.013650123904538181e-02
1.454103343465045883e+00 1.990294280136192112e-02
1.455578093306288290e+00 1.964032784283074179e-02
1.457055837563451917e+00 1.943495623227308247e-02
1.458536585365853844e+00 1.903611787893481899e-02
1.460020345879959436e+00 1.862256268775645471e-02
1.461507128309572190e+00 1.824021838855269945e-02
1.462996941896024694e+00 1.771949427406968244e-02
1.464489795918367809e+00 1.730695568457516625e-02
1.465985699693565403e+00 1.692532840288323362e-02
1.467484662576687304e+00 1.645485942540765578e-02
1.468986693961105594e+00 1.612496031437566507e-02
1.470491803278688892e+00 1.575948870193230600e-02
1.472000000000000197e+00 1.535069231369631804e-02
1.473511293634497177e+00 1.510200215143080345e-02
1.475025693730729781e+00 1.479491401679918806e-02
1.476543209876543195e+00 1.452707739087591779e-02
1.478063851699279230e+00 1.440021608553179733e-02
1.479587628865979498e+00 1.415972759636209728e-02
1.481114551083591468e+00 1.396379575441426477e-02
1.482644628099173856e+00 1.379280860906499651e-02
1.484177869700103791e+00 1.344243016369370790e-02
1.485714285714285765e+00 1.315256532424073123e-02
1.487253886010363013e+00 1.283798796106828607e-02
1.488796680497925351e+00 1.241504463526191954e-02
1.490342679127726111e+00 1.214315550141665916e-02
1.491891891891892197e+00 1.184432299878239100e-02
1.493444328824141465e+00 1.152167863498711371e-02
1.495000000000000107e+00 1.135973901533737090e-02
1.496558915537017809e+00 1.111018156145386626e-02
1.498121085594989799e+00 1.087767270386086858e-02
1.499686520376175780e+00 1.076116885200309112e-02
1.501255230125523310e+00 1.052148507939652290e-02
1.502827225130890287e+00 1.036086799980841765e-02
1.504402515723270772e+00 1.026790511206129852e-02
1.505981112277020362e+00 1.004435856007981909e-02
1.507563025210084007e+00 9.927283589820423693e-03
1.509148264984227161e+00 9.780593035032224269e-03
1.510736842105263378e+00 9.491665612369056329e-03
1.512328767123287898e+00 9.307143470995213677e-03
1.513924050632911689e+00 9.025934107313747512e-03
1.515522703273495253e+00 8.673566854595110565e-03
1.517124735729387108e+00 8.463932186062629245e-03
1.518730158730158930e+00 8.154564130624942717e-03
1.520338983050848025e+00 7.872679051632826969e-03
1.521951219512195363e+00 7.719958365334088357e-03
1.523566878980891826e+00 7.437711442884965309e-03
1.525185972369819343e+00 7.227389742118109014e-03
1.526808510638298033e+00 7.071199946504149597e-03
1.528434504792332449e+00 6.767655471911763164e-03
1.530063965884861599e+00 6.574206413941183387e-03
1.531696905016008747e+00 6.370056580290077951e-03
1.533333333333333881e+00 6.050221368946248277e-03
1.534973262032085728e+00 5.866607405757924901e-03
1.536616702355460884e+00 5.607608711648540481e-03
1.538263665594855611e+00 5.277005176253779344e-03
1.539914163090128962e+00 5.074401361283020079e-03
1.541568206229860571e+00 4.752190032929021375e-03
1.543225806451613336e+00 4.432265628091808934e-03
1.544886975242196092e+00 4.230112578041952259e-03
1.546551724137931183e+00 3.908998443056423480e-03
1.548220064724919132e+00 3.668553693605385978e-03
1.549892008639308871e+00 3.503982485255728498e-03
1.551567567567567529e+00 3.224886519955540154e-03
1.553246753246753542e+00 3.062367779099326587e-03
1.554929577464789103e+00 2.902130771663338858e-03
1.556616052060737720e+00 2.645921504555628478e-03
1.558306188925081770e+00 2.518811830284344022e-03
1.560000000000000275e+00 2.335452881209030673e-03
1.561697497279652014e+00 2.107913179671328050e-03
1.563398692810457957e+00 2.006124042458606264e-03
1.565103598691385045e+00 1.812306446268132330e-03
1.566812227074235953e+00 1.633547759964006823e-03
1.568524590163934418e+00 1.548392103296764803e-03
1.570240700218818564e+00 1.356845922866891816e-03
1.571960569550931330e+00 1.232681964729880845e-03
1.573684210526316241e+00 1.154723782100442213e-03
1.575411635565313162e+00 9.863468330167481698e-04
1.577142857142857402e+00 9.211660606366578680e-04
1.578877887788779244e+00 8.483318272027173682e-04
1.580616740088105932e+00 7.204644868469658233e-04
1.582359426681367420e+00 7.005966987794418066e-04
1.584105960264900803e+00 6.229874021900475185e-04
1.585856353591160284e+00 5.368608585556764292e-04
1.587610619469026929e+00 5.361419886852769471e-04
1.589368770764119532e+00 4.506432087415270221e-04
1.591130820399113466e+00 4.077350646992508923e-04
1.592896781354051328e+00 4.085294235038274165e-04
1.594666666666667121e+00 3.275282047712629874e-04
1.596440489432703336e+00 3.281331457158337514e-04
1.598218262806236467e+00 3.180482743711571703e-04
1.600000000000000089e+00 2.557590992728250292e-04
