1.140000000000000124e+00 8.130717740111756162e-06
1.140991175064122398e+00 3.300058695188456098e-06
1.141984075186007086e+00 1.487412541901068364e-06
1.142978704873056639e+00 9.195702460797732591e-07
1.143975068648389604e+00 3.003619936738225879e-06
1.144973171050909677e+00 1.348573953489591432e-05
1.145973016635375652e+00 5.965246473512395211e-06
1.146974609972468917e+00 4.735826912636143599e-06
1.147977955648865178e+00 2.709530137991061170e-05
1.148983058267303070e+00 1.988369430915270172e-05
1.149989922446654989e+00 1.690997876777772452e-06
1.150998552821997478e+00 2.017886185272682896e-05
1.152008954044682731e+00 4.254502709710751009e-05
1.153021130782410308e+00 3.419227191064101034e-05
1.154035087719298414e+00 1.371022752829578767e-05
1.155050829555956948e+00 1.294156576816417385e-05
1.156068361009558565e+00 3.955216492817193960e-05
1.157087686813913718e+00 7.504044701309575541e-05
1.158108811719543052e+00 7.357632189752256839e-05
1.159131740493750673e+00 3.341755140971473174e-05
1.160156477920700313e+00 1.964886417181781685e-05
1.161183028801486827e+00 4.947894658240150175e-05
1.162211397954213465e+00 1.102653872351987564e-04
1.163241590214067367e+00 1.543253764803667355e-04
1.164273610433393946e+00 1.157970082624347794e-04
1.165307463481774386e+00 6.825273292651302904e-05
1.166343154246100466e+00 7.575778878320219316e-05
1.167380687630654501e+00 1.357939210972850799e-04
1.168420068557183278e+00 2.885408780789698309e-04
1.169461301964978217e+00 4.159375441119722333e-04
1.170504392810953309e+00 3.715532556620239932e-04
1.171549346069722830e+00 2.431158615561230401e-04
1.172596166733682166e+00 1.560935579264274408e-04
1.173644859813084196e+00 1.541668592052915644e-04
1.174695430336123225e+00 2.505042726121595978e-04
1.175747883349012257e+00 4.475498204845342574e-04
1.176802223916065371e+00 6.348446934090878208e-04
1.177858457119777658e+00 6.191344338197508727e-04
1.178916588060908266e+00 4.553571076715304754e-04
1.179976621858562558e+00 3.321166514321342313e-04
1.181038563650272266e+00 2.989925801312149712e-04
1.182102418592082316e+00 3.832044450624124874e-04
1.183168191858630758e+00 5.769367781383099789e-04
1.184235888643234258e+00 7.955682494345680221e-04
1.185305514157973361e+00 8.976153960618644479e-04
1.186377073633774870e+00 7.861210829342697801e-04
1.187450572320499553e+00 5.930566807470100945e-04
1.188526015487026299e+00 4.682451124319963304e-04
1.189603408421339159e+00 4.439859568393475942e-04
1.190682756430613054e+00 5.459238425937477284e-04
1.191764064841302595e+00 7.341901144822404355e-04
1.192847338999227347e+00 9.252549029430114048e-04
1.193932584269662867e+00 1.000804719673074709e-03
1.195019806037426857e+00 9.035972329892552916e-04
1.196109009706968207e+00 7.541989742838871606e-04
1.197200200702458917e+00 6.457954940793732323e-04
1.198293384467881362e+00 6.186439364780187133e-04
1.199388566467120887e+00 6.973283895269701297e-04
1.200485752184055510e+00 8.320245442203736286e-04
1.201584947122648073e+00 9.785027842493926580e-04
1.202686156807038609e+00 1.053219278931993158e-03
1.203789386781635606e+00 1.008651012121566937e-03
1.204894642611210598e+00 9.123530987207116973e-04
1.206001929880990753e+00 8.157037861209957526e-04
1.207111254196753247e+00 7.775480681299226865e-04
1.208222621184919188e+00 8.163690061752788786e-04
1.209336036492650868e+00 8.987975689292743587e-04
1.210451505787944804e+00 1.007628164171674515e-03
1.211569034759728547e+00 1.076103478979851353e-03
1.212688629117959938e+00 1.084841452379324339e-03
1.213810294593719918e+00 1.060646508605248136e-03
1.214934036939314232e+00 1.017138719069093662e-03
1.216059861928369790e+00 1.008416097204642165e-03
1.217187775355933921e+00 1.034923452502151293e-03
1.218317783038573854e+00 1.085529838149659927e-03
1.219449890814477744e+00 1.153578509032057112e-03
1.220584104543552151e+00 1.188756029411751911e-03
1.221720430107527067e+00 1.200639083104164265e-03
1.222858873410054503e+00 1.194891340885726990e-03
1.223999440376813075e+00 1.185063128151977833e-03
1.225142136955608585e+00 1.212848047609867749e-03
1.226286969116479275e+00 1.256916422786841627e-03
1.227433942851798188e+00 1.315531029415740018e-03
1.228583064176379747e+00 1.361406325704399333e-03
1.229734339127582787e+00 1.354907994080541220e-03
1.230887773765417803e+00 1.320934645182613235e-03
1.232043374172651751e+00 1.258616084822871328e-03
1.233201146454917296e+00 1.204032286626780099e-03
1.234361096740817398e+00 1.189249161076362180e-03
1.235523231182036552e+00 1.199190617223161188e-03
1.236687555953446926e+00 1.242813563243294183e-03
1.237854077253218943e+00 1.270491034494139210e-03
1.239022801302931631e+00 1.250919086579363980e-03
1.240193734347682319e+00 1.193317977567775372e-03
1.241366882656198323e+00 1.102500544026104512e-03
1.242542252520948631e+00 1.043278715554646482e-03
1.243719850258257154e+00 1.039867488231747657e-03
1.244899682208414404e+00 1.104562860127234749e-03
1.246081754735792968e+00 1.244890395899479448e-03
1.247266074228959853e+00 1.395578172251839928e-03
1.248452647100794399e+00 1.514174092658174394e-03
1.249641479788601739e+00 1.541468547750625721e-03
1.250832578754229596e+00 1.471226063741907326e-03
1.252025950484186412e+00 1.381754320992508627e-03
1.253221601489758141e+00 1.315813032494139419e-03
1.254419538307126158e+00 1.343487672709525434e-03
1.255619767497488715e+00 1.484613777667450479e-03
1.256822295647177068e+00 1.712747841401776952e-03
1.258027129367780494e+00 1.991017748086637649e-03
1.259234275296262640e+00 2.178653233811978472e-03
1.260443740095087417e+00 2.206494511917449219e-03
1.261655530452338914e+00 2.100509917431432009e-03
1.262869653081845955e+00 1.946506910058735810e-03
1.264086114723306009e+00 1.885729110633840681e-03
1.265304922142409527e+00 1.955599525291199566e-03
1.266526082130965625e+00 2.186458900689472722e-03
1.267749601507028201e+00 2.557086509995567993e-03
1.268975487115022061e+00 2.938405159666821267e-03
1.270203745825872588e+00 3.211196044396228376e-03
1.271434384537131645e+00 3.224294380161732334e-03
1.272667410173107694e+00 3.007744305542576178e-03
1.273902829684997684e+00 2.749628230407240217e-03
1.275140650051013180e+00 2.581648458338212191e-03
1.276380878276516029e+00 2.637201061713224850e-03
1.277623521394148920e+00 2.921197070459498422e-03
1.278868586463967505e+00 3.379366186049109246e-03
1.280116080573574733e+00 3.889856320968893520e-03
1.281366010838256519e+00 4.182888408092223266e-03
1.282618384401114309e+00 4.168520234002622178e-03
1.283873208433204516e+00 3.929522132827602612e-03
1.285130490133672865e+00 3.674847695487615598e-03
1.286390236729892722e+00 3.633994089780275428e-03
1.287652455477604097e+00 3.852910161534418843e-03
1.288917153661052195e+00 4.384714396529440852e-03
1.290184338593128199e+00 5.150243202635670058e-03
1.291454017615509597e+00 5.910587627025945187e-03
1.292726198098803403e+00 6.387399534438142380e-03
1.294000887442686043e+00 6.332868013535372653e-03
1.295278093076050130e+00 5.990346988060779587e-03
1.296557822457145903e+00 5.774601927573974093e-03
1.297840083073728223e+00 5.926380588367329005e-03
1.299124882443201789e+00 6.643265680900392253e-03
1.300412228112768132e+00 7.856750552158070153e-03
1.301702127659574826e+00 9.382028969740463867e-03
1.302994588690860267e+00 1.074011502942653733e-02
1.304289618844108878e+00 1.136742032162552270e-02
1.305587225787196326e+00 1.143349124924764731e-02
1.306887417218543401e+00 1.147950042784967421e-02
1.308190200867268338e+00 1.215625963557702069e-02
1.309495584493339582e+00 1.395167110798936454e-02
1.310803575887729444e+00 1.700569245551062508e-02
1.312114182872569090e+00 2.129340827352471655e-02
1.313427413301306190e+00 2.564758918098416357e-02
1.314743275058859240e+00 2.839320964218667795e-02
1.316061776061776323e+00 2.933990540617228276e-02
1.317382924258395205e+00 2.998977139833038791e-02
1.318706727629000763e+00 3.241580455882556167e-02
1.320033194185988190e+00 3.788608121764689557e-02
1.321362331974021975e+00 4.715912478908120681e-02
1.322694149070201108e+00 5.939917006652800646e-02
1.324028653584220727e+00 7.027957036211887609e-02
1.325365853658536652e+00 7.588073274113095457e-02
1.326705757468533919e+00 7.702347112930925388e-02
1.328048373222689094e+00 7.835516492054207804e-02
1.329393709162741466e+00 8.420890769081613991e-02
1.330741773563859587e+00 9.628248868633007551e-02
1.332092574734812018e+00 1.142124164076663423e-01
1.333446121018137864e+00 1.314122752102659941e-01
1.334802420790317079e+00 1.380541793492806868e-01
1.336161482461945882e+00 1.348492236119854248e-01
1.337523314477908620e+00 1.312367903708929751e-01
1.338887925317553629e+00 1.335877938772966067e-01
1.340255323494868200e+00 1.394275591560146521e-01
1.341625517558656666e+00 1.374826067048506850e-01
1.342998516092718475e+00 1.220109463901553337e-01
1.344374327716027162e+00 1.015026606837682727e-01
1.345752961082910648e+00 8.525433880165551870e-02
1.347134424883231762e+00 7.304022487892526672e-02
1.348518727842573206e+00 5.870939593874230367e-02
1.349905878722419406e+00 4.068512707015836671e-02
1.351295886320342143e+00 2.506241377774590107e-02
1.352688759470185298e+00 1.483397310150143776e-02
1.354084507042253582e+00 7.837020800041680571e-03
1.355483137943500838e+00 3.597756616800149715e-03
1.356884661117716995e+00 2.067872517683280037e-03
1.358289085545722807e+00 1.956260671698969913e-03
1.359696420245558146e+00 2.286924696480851799e-03
1.361106674272675399e+00 2.622957409925993303e-03
1.362519856720137090e+00 2.937872556083094729e-03
1.363935976718807064e+00 3.222587402523455387e-03
1.365355043437548987e+00 3.484886270587122126e-03
1.366777066083424641e+00 3.738866724725612833e-03
1.368202053901892423e+00 3.938383719001960562e-03
1.369630016177008081e+00 4.134234411056139299e-03
1.371060962231625213e+00 4.290296395402237728e-03
1.372494901427600444e+00 4.445213105739502166e-03
1.373931843165994815e+00 4.621578998577379090e-03
1.375371796887282283e+00 4.788562095850192914e-03
1.376814772071552451e+00 5.005503796967610518e-03
1.378260778238723061e+00 5.210549131892385985e-03
1.379709824948746277e+00 5.427678342884685939e-03
1.381161921801820958e+00 5.658011825311476395e-03
1.382617078438602931e+00 5.853727676415299182e-03
1.384075304540420825e+00 6.085275047580554313e-03
1.385536609829488564e+00 6.287455558151100812e-03
1.387001004069122301e+00 6.486785390077240594e-03
1.388468497063958251e+00 6.685723940444978156e-03
1.389939098660170735e+00 6.809192108023430848e-03
1.391412818745692670e+00 6.929695294704833926e-03
1.392889667250437835e+00 6.983308287553957779e-03
1.394369654146522919e+00 7.011744989577917316e-03
1.395852789448492448e+00 7.069571817417163659e-03
1.397339083213544386e+00 7.100664034627838378e-03
1.398828545541757729e+00 7.203644571390091858e-03
1.400321186576322097e+00 7.310560764782226932e-03
1.401817016503765556e+00 7.418969087344359260e-03
1.403316045554189095e+00 7.561182883557381398e-03
1.404818284001498663e+00 7.631703058902158422e-03
1.406323742163639423e+00 7.720202586626699268e-03
1.407832430402832458e+00 7.773039634512567304e-03
1.409344359125812352e+00 7.787063581728143405e-03
1.410859538784067224e+00 7.837342044726322218e-03
1.412377979874078537e+00 7.814803944287939882e-03
1.413899692937564012e+00 7.807650209662378785e-03
1.415424688561721434e+00 7.773587862699427725e-03
1.416952977379474232e+00 7.684934360266211864e-03
1.418484570069718620e+00 7.650722891502806031e-03
1.420019477357572057e+00 7.575905405484027397e-03
1.421557710014623943e+00 7.562798676636631190e-03
1.423099278859187855e+00 7.600368085246320127e-03
1.424644194756554461e+00 7.626009099113333425e-03
1.426192468619247089e+00 7.737238458416046891e-03
1.427744111407278638e+00 7.793728770397534596e-03
1.429299134128410476e+00 7.850904365427078049e-03
1.430857547838412680e+00 7.905113192787081508e-03
1.432419363641325383e+00 7.870773642515755189e-03
1.433984592689723225e+00 7.888425104015451758e-03
1.435553246184980702e+00 7.848325073366831453e-03
1.437125335377539281e+00 7.808495915767862082e-03
1.438700871567176520e+00 7.806928716984929198e-03
1.440279866103276518e+00 7.724777693166897524e-03
1.441862330385101476e+00 7.705998012999243536e-03
1.443448275862069252e+00 7.647711487977524453e-03
1.445037714034025145e+00 7.586024258842674096e-03
1.446630656451524111e+00 7.605849834961150163e-03
1.448227114716106767e+00 7.572538752447627829e-03
1.449827100480583608e+00 7.632551616717085825e-03
1.451430625449317002e+00 7.679927466105643252e-03
1.453037701378508739e+00 7.684585100143475830e-03
1.454648340076484248e+00 7.735745186690921871e-03
1.456262553403983917e+00 7.655912918556654310e-03
1.457880353274454421e+00 7.594639268812700648e-03
1.459501751654340262e+00 7.501445801396923463e-03
1.461126760563380422e+00 7.339758866989396120e-03
1.462755392074904126e+00 7.270262248326373779e-03
1.464387658316130381e+00 7.119622935429584416e-03
1.466023571468469289e+00 7.018336987826802147e-03
1.467663143767824252e+00 6.940434306726517115e-03
1.469306387504898614e+00 6.788626082890028036e-03
1.470953315025500530e+00 6.743839967418037776e-03
1.472603938730853379e+00 6.630577145860861929e-03
1.474258271077908411e+00 6.558227532255766178e-03
1.475916324579654715e+00 6.545844192963072919e-03
1.477578111805438521e+00 6.444951359792157851e-03
1.479243645381277172e+00 6.444091453992535287e-03
1.480912937990182421e+00 6.353395524284143406e-03
1.482586002372479506e+00 6.233286651348769400e-03
1.484262851326132893e+00 6.157198450563833650e-03
1.485943497707071570e+00 5.950412720018016972e-03
1.487627954429519006e+00 5.844985277231347712e-03
1.489316234466322664e+00 5.700288263277504368e-03
1.491008350849287067e+00 5.542358743923213663e-03
1.492704316669510423e+00 5.497981397947437031e-03
1.494404145077720347e+00 5.342605169053447726e-03
1.496107849284615376e+00 5.289587156997498443e-03
1.497815442561205579e+00 5.215217380791054361e-03
1.499526938239159168e+00 5.082675723459070469e-03
1.501242349711148227e+00 5.074052453067249419e-03
1.502961690431197317e+00 4.938550252840571281e-03
1.504684973915037860e+00 4.882648530802962197e-03
1.506412213740458306e+00 4.827481203724411259e-03
1.508143423547664286e+00 4.660799999151093650e-03
1.509878617039636772e+00 4.615472037128975913e-03
1.511617807982492012e+00 4.421271379431812414e-03
1.513361010205847013e+00 4.261443143991012865e-03
1.515108237603186581e+00 4.144867433003806417e-03
1.516859504132231473e+00 3.901572780309533854e-03
1.518614823815309878e+00 3.821723103356196825e-03
1.520374210739732668e+00 3.645119137992367583e-03
1.522137679058168658e+00 3.488850136337711891e-03
1.523905242989026743e+00 3.426989345880767680e-03
1.525676916816834483e+00 3.205231440723653111e-03
1.527452714892626684e+00 3.131103815215157630e-03
1.529232651634329754e+00 2.973116471997610307e-03
1.531016741527154057e+00 2.775802618773304687e-03
1.532804999123985601e+00 2.710266638333794480e-03
1.534597439045781941e+00 2.466346169756569381e-03
1.536394075981970531e+00 2.354148246139869689e-03
1.538194924690851728e+00 2.205818211264070055e-03
1.540000000000000258e+00 1.966794309656928579e-03
