9.200000000000000400e-01 1.449003883504091207e-04
9.209333468600995332e-01 1.320906898755295231e-04
9.218685894180970175e-01 1.301304821506178819e-04
9.228057334553217972e-01 1.322171188661225771e-04
9.237447847766359077e-01 1.337562484389185648e-04
9.246857492105533538e-01 1.293432725243707441e-04
9.256286326093607908e-01 1.213153782065410903e-04
9.265734408492397600e-01 1.138483932729768316e-04
9.275201798303872591e-01 1.037447953234937642e-04
9.284688554771404201e-01 9.394960850880716306e-05
9.294194737380976346e-01 8.534814502406854288e-05
9.303720405862458964e-01 8.133218429789636119e-05
9.313265620190829264e-01 8.133604326650010542e-05
9.322830440587449585e-01 7.690934639986622093e-05
9.332414927521333059e-01 7.100630955188507853e-05
9.342019141710404817e-01 5.737421764536040306e-05
9.351643144122798734e-01 5.394935442553883901e-05
9.361286995978137515e-01 4.179589337911299222e-05
9.370950758748839426e-01 4.121269764524177875e-05
9.380634494161415038e-01 3.148301022631019234e-05
9.390338264197787277e-01 1.994615090657898273e-05
9.400062131096613705e-01 2.815044952958827313e-05
9.409806157354618783e-01 2.000404891010261889e-05
9.419570405727923923e-01 1.733177199293406374e-05
9.429354939233406396e-01 1.113213827997769641e-05
9.439159821150048257e-01 8.283001420086755448e-06
9.448985115020298586e-01 1.881665572401827314e-06
9.458830884651455717e-01 2.371228212538257791e-06
9.468697194117036142e-01 7.739418849423657764e-07
9.478584107758172284e-01 1.174016605534653648e-06
9.488491690185012484e-01 8.624581468469725177e-06
9.498420006278119887e-01 7.487818624878237134e-06
9.508369121189904627e-01 7.731840815789775979e-05
9.518339100346020487e-01 3.952602852505274293e-05
9.528330009446837057e-01 1.648648947253322542e-05
9.538341914468845273e-01 1.185800401913444268e-04
9.548374881666140679e-01 1.153796202570820181e-04
9.558428977571865603e-01 1.273403730852760559e-05
9.568504268999683537e-01 3.880974557275347918e-05
9.578600823045267942e-01 1.056952444928737923e-04
9.588718707087779958e-01 6.355804028168323902e-05
9.598857988791372753e-01 2.407759068882337169e-05
9.609018736106702541e-01 4.978118597730046439e-05
9.619201017272438481e-01 1.191062987904565636e-04
9.629404900816802559e-01 5.163974907123163581e-05
9.639630455559095035e-01 1.288159185573319790e-05
9.649877750611247640e-01 1.532710921531568605e-05
9.660146855379376785e-01 8.158574179225830066e-05
9.670437839565357852e-01 8.898869510505864530e-05
9.680750773168392831e-01 3.807252073618852154e-05
9.691085726486603491e-01 1.898339446721087029e-05
9.701442770118628989e-01 2.793745469404175359e-05
9.711821974965229032e-01 8.085008923676527545e-05
9.722223412230911466e-01 8.398737950883796430e-05
9.732647153425537656e-01 3.604607762678886071e-05
9.743093270366001146e-01 1.255357793919300841e-05
9.753561835177823047e-01 2.630150595758384794e-05
9.764052920296870663e-01 6.000155906615487183e-05
9.774566598470981749e-01 6.930709081518244695e-05
9.785102942761669809e-01 5.044038346825082390e-05
9.795662026545808310e-01 3.509292833295675989e-05
9.806243923517338201e-01 5.209809027965683269e-05
9.816848707688979880e-01 7.617719695308178610e-05
9.827476453393959588e-01 8.852695380787324467e-05
9.838127235287743577e-01 6.616762690450507902e-05
9.848801128349790046e-01 6.030064782906492394e-05
9.859498207885305510e-01 1.054856081376057272e-04
9.870218549527021157e-01 2.005144277065385328e-04
9.880962229236965877e-01 2.960202452667235720e-04
9.891729323308271482e-01 2.519569275651312688e-04
9.902519908366970158e-01 1.839957775947974740e-04
9.913334061373813011e-01 1.645869630884702606e-04
9.924171859626107484e-01 2.528795356284886274e-04
9.935033380759550337e-01 4.224380217869398431e-04
9.945918702750083940e-01 4.777747708825729280e-04
9.956827903915762557e-01 3.589204590476858083e-04
9.967761062918635284e-01 2.860865211247835284e-04
9.978718258766625659e-01 3.691096890292936967e-04
9.989699570815454566e-01 5.684037148599825010e-04
1.000070507877051762e+00 8.125088881205316327e-04
1.001173486268887247e+00 7.433165508018113295e-04
1.002278900298112063e+00 4.879672843748001959e-04
1.003386758041339588e+00 3.432805268119012380e-04
1.004497067610932826e+00 4.067259790287732326e-04
1.005609837155201136e+00 6.574090330162849849e-04
1.006725074858600522e+00 9.109452863160647429e-04
1.007842788941934131e+00 8.780692609626908948e-04
1.008962987662554323e+00 5.554008146686523640e-04
1.010085679314565610e+00 3.502855249204972444e-04
1.011210872229029833e+00 3.757479353840365629e-04
1.012338574774171995e+00 6.329816078964515093e-04
1.013468795355587870e+00 9.374222281478009284e-04
1.014601542416452507e+00 9.759812645784555043e-04
1.015736824437730945e+00 7.571447641991344880e-04
1.016874649938389163e+00 5.539928865599824410e-04
1.018015027475608569e+00 5.327709748566936436e-04
1.019157965644998498e+00 6.489771752079041920e-04
1.020303473080813816e+00 8.498599755287893770e-04
1.021451558456171860e+00 9.292319792565996179e-04
1.022602230483271368e+00 8.323199750930117442e-04
1.023755497913612089e+00 6.546671386581489260e-04
1.024911369538218375e+00 5.765695582430711017e-04
1.026069854187860342e+00 6.291089106107776137e-04
1.027230960733280574e+00 7.383513157591576909e-04
1.028394698085419945e+00 8.468521107624715034e-04
1.029561075195644992e+00 8.338217215984879919e-04
1.030730101055978176e+00 7.815601590450008476e-04
1.031901784699329472e+00 7.198560954169249586e-04
1.033076135199727075e+00 7.310089830374431191e-04
1.034253161672553212e+00 7.881908462135048948e-04
1.035432873274780396e+00 8.402042341038011173e-04
1.036615279205207241e+00 8.686906686359703545e-04
1.037800388704698928e+00 8.502864662066388426e-04
1.038988211056426803e+00 8.681891611990937918e-04
1.040178755586112169e+00 8.808590589051916008e-04
1.041372031662269215e+00 9.264128690092674791e-04
1.042568048696451255e+00 9.405575628130862431e-04
1.043766816143497866e+00 9.428602347207352616e-04
1.044968343501784469e+00 9.451920287518205581e-04
1.046172640313472568e+00 9.486414043809633526e-04
1.047379716164763108e+00 9.826463500556218561e-04
1.048589580686150047e+00 9.737869217979059407e-04
1.049802243552677483e+00 9.793209044991083110e-04
1.051017714484195897e+00 9.742637867961652810e-04
1.052236003245624163e+00 1.040238849697519563e-03
1.053457119647209117e+00 1.158759093320801915e-03
1.054681073544789349e+00 1.281126288884338812e-03
1.055907874840060545e+00 1.348719861374866576e-03
1.057137533480843050e+00 1.304207009342994413e-03
1.058370059461350321e+00 1.298092797169316057e-03
1.059605462822458266e+00 1.366378467054435832e-03
1.060843753651980803e+00 1.604931954617916812e-03
1.062084942084942085e+00 1.856433852904147263e-03
1.063329038303853835e+00 1.975237445705794667e-03
1.064576052538993789e+00 1.895499137991725827e-03
1.065825995068686360e+00 1.735549122750783789e-03
1.067078876219583972e+00 1.746706251028328763e-03
1.068334706366953268e+00 1.956758238902211663e-03
1.069593495934959337e+00 2.391600507151953048e-03
1.070855255396956585e+00 2.690842157322424332e-03
1.072119995275776727e+00 2.684558711942646413e-03
1.073387726144022558e+00 2.476050655127396815e-03
1.074658458624363710e+00 2.465849068717180809e-03
1.075932203389830644e+00 2.843182795333941588e-03
1.077208971164115292e+00 3.237716097478980041e-03
1.078488772721872380e+00 3.556441282096274321e-03
1.079771618889021179e+00 3.524312682081520102e-03
1.081057520543051265e+00 3.384761891811377803e-03
1.082346488613330271e+00 3.218210167665145650e-03
1.083638534081413640e+00 3.750860396781120071e-03
1.084933667981355487e+00 4.683335397289945141e-03
1.086231901400023903e+00 5.560850004269569935e-03
1.087533245477417143e+00 5.962721182971247348e-03
1.088837711406981157e+00 5.984997095505744519e-03
1.090145310435931325e+00 6.397860031190119069e-03
1.091456053865576648e+00 7.525785075126638531e-03
1.092769953051643261e+00 9.530369383603694289e-03
1.094087019404604177e+00 1.153329434869919401e-02
1.095407264390008573e+00 1.261701802118572052e-02
1.096730699528815078e+00 1.380017322260888510e-02
1.098057336397725958e+00 1.649918404495136562e-02
1.099387186629526392e+00 2.195275464251681199e-02
1.100720261913423093e+00 2.943083546995322111e-02
1.102056573995386701e+00 3.660695685042169439e-02
1.103396134678497509e+00 4.207433825150797002e-02
1.104738955823293400e+00 4.910557840539004487e-02
1.106085049348117577e+00 6.196400057203544504e-02
1.107434427229474272e+00 8.184692472468016455e-02
1.108787101502382022e+00 1.023408322790388680e-01
1.110143084260731605e+00 1.177668158600124332e-01
1.111502387657646418e+00 1.356117044740462463e-01
1.112865023905847739e+00 1.621618310736862856e-01
1.114231005278016218e+00 1.944680285587147839e-01
1.115600344107164910e+00 2.143855319457279029e-01
1.116973052787006315e+00 2.184571446350250523e-01
1.118349143772329635e+00 2.211932108470885949e-01
1.119728629579375800e+00 2.275512980716051792e-01
1.121111522786217174e+00 2.197354367273170461e-01
1.122497836033139684e+00 1.920163438402832379e-01
1.123887582023028298e+00 1.605591583737258632e-01
1.125280773521755373e+00 1.255696707042610882e-01
1.126677423358570351e+00 8.603581232531883061e-02
1.128077544426494550e+00 5.313981044631988643e-02
1.129481149682717511e+00 2.936636282407183510e-02
1.130888252148997131e+00 1.300627716257636568e-02
1.132298864912061998e+00 5.146481539526417959e-03
1.133713001124016406e+00 2.274194870714033642e-03
1.135130674002751139e+00 1.570271880752889277e-03
1.136551896832352693e+00 1.399356656271781964e-03
1.137976682963520281e+00 1.351572017898284954e-03
1.139405045813982831e+00 1.409178810539630285e-03
1.140836998868920649e+00 1.435632891338304651e-03
1.142272555681389523e+00 1.508436966636843854e-03
1.143711729872748162e+00 1.579050694900529942e-03
1.145154535133089402e+00 1.692256890164059490e-03
1.146600985221674973e+00 1.890978619243474830e-03
1.148051093967370706e+00 2.081446863907030799e-03
1.149504875269089510e+00 2.377879754685353116e-03
1.150962343096234353e+00 2.659984536702133476e-03
1.152423511489145902e+00 3.055196179829627792e-03
1.153888394559552610e+00 3.462738170906975999e-03
1.155357006491027239e+00 3.822603449440230630e-03
1.156829361539442047e+00 4.141908569056677349e-03
1.158305474033431315e+00 4.330820559467382994e-03
1.159785358374856301e+00 4.654318885649290187e-03
1.161269029039273537e+00 4.952860787015786644e-03
1.162756500576405783e+00 5.410462711322664396e-03
1.164247787610619422e+00 5.803372710696566052e-03
1.165742904841402305e+00 6.200732204126119251e-03
1.167241867043847359e+00 6.604189094251568248e-03
1.168744689069138865e+00 6.916200193713037750e-03
1.170251385845043179e+00 7.245168312403004254e-03
1.171761972376403893e+00 7.264135075756151042e-03
1.173276463745637876e+00 7.300448342305325758e-03
1.174794875113239545e+00 7.199769956320180991e-03
1.176317221718284234e+00 7.310927712620123552e-03
1.177843518878941120e+00 7.473431235369786159e-03
1.179373781992984593e+00 7.639088926816822549e-03
1.180908026538311395e+00 7.773966849401456498e-03
1.182446268073466422e+00 7.674740689786740087e-03
1.183988522238163421e+00 7.657536256101252561e-03
1.185534804753820115e+00 7.410633962514733518e-03
1.187085131424088003e+00 7.237028148245100607e-03
1.188639518135393702e+00 6.845668461989359160e-03
1.190197980857480076e+00 6.530891073670340267e-03
1.191760535643954233e+00 6.294790737452598747e-03
1.193327198632838426e+00 6.134040124129823933e-03
1.194897986047124050e+00 6.141015846328447964e-03
1.196472914195333859e+00 5.949301894425465705e-03
1.198051999472086626e+00 5.824028612084692150e-03
1.199635258358662471e+00 5.469245149946734899e-03
1.201222707423580838e+00 5.246476944990998564e-03
1.202814363323174929e+00 4.962787571310483051e-03
1.204410242802175901e+00 4.705354632716776675e-03
1.206010362694300619e+00 4.506084417945412264e-03
1.207614739922841629e+00 4.249411007689127794e-03
1.209223391501265565e+00 4.218605671043601166e-03
1.210836334533813785e+00 4.093845062914667869e-03
1.212453586216107659e+00 4.133762631208778848e-03
1.214075163835763194e+00 3.990973621041119662e-03
1.215701084773001428e+00 3.847962401614096490e-03
1.217331366501274159e+00 3.671632233169714200e-03
1.218966026587887663e+00 3.456794712501778510e-03
1.220605082694635080e+00 3.405235462393366164e-03
1.222248552578430125e+00 3.198358191505525951e-03
1.223896454091951025e+00 3.177387003252853549e-03
1.225548805184285328e+00 3.031403476917350018e-03
1.227205623901581832e+00 3.026937056233048977e-03
1.228866928387708279e+00 2.976660956528740659e-03
1.230532736884912604e+00 2.890795068508613102e-03
1.232203067734491730e+00 2.826775111955572104e-03
1.233877939377463706e+00 2.585787125263579005e-03
1.235557370355247153e+00 2.514254598124829668e-03
1.237241379310345168e+00 2.300865899328349232e-03
1.238929984987034327e+00 2.278181528839546156e-03
1.240623206232062348e+00 2.167332011087468296e-03
1.242321061995346865e+00 2.097605727016650223e-03
1.244023571330684197e+00 2.067888055957308596e-03
1.245730753396459445e+00 1.942549196036828275e-03
1.247442627456369468e+00 1.969912439300619631e-03
1.249159212880143199e+00 1.795563775546622168e-03
1.250880529144274611e+00 1.776518341036660001e-03
1.252606595832758352e+00 1.602148010969290434e-03
1.254337432637833372e+00 1.538972192200369765e-03
1.256073059360730770e+00 1.483878984432180845e-03
1.257813495912428969e+00 1.392662158281759684e-03
1.259558762314416658e+00 1.436685802789174808e-03
1.261308878699458402e+00 1.298609756167479808e-03
1.263063865312369805e+00 1.353466082058283780e-03
1.264823742510798654e+00 1.217180089788630305e-03
1.266588530766010967e+00 1.220943242856978176e-03
1.268358250663686126e+00 1.128151779201549834e-03
1.270132922904715356e+00 1.025792870596066355e-03
1.271912568306010849e+00 1.006075458139595209e-03
1.273697207801318898e+00 8.521705197907608565e-04
1.275486862442040348e+00 9.126669616151226192e-04
1.277281553398058156e+00 7.629629511261843810e-04
1.279081301958574279e+00 8.079494755679019792e-04
1.280886129532947892e+00 6.888307608903976482e-04
1.282696057651547372e+00 6.451867945402705576e-04
1.284511107966605392e+00 6.047198298626220696e-04
1.286331302253082454e+00 4.765455422798904107e-04
1.288156662409536191e+00 5.095567876337742672e-04
1.289987210459002664e+00 3.361625588825233610e-04
1.291822968549879214e+00 3.926051724555512765e-04
1.293663958956819071e+00 2.474213483943446252e-04
1.295510204081632644e+00 2.695221673468200618e-04
1.297361726454194786e+00 1.931661634837224771e-04
1.299218548733361844e+00 1.413843757684014077e-04
1.301080693707897584e+00 1.274192109436509280e-04
1.302948184297402001e+00 3.509458987606460609e-05
1.304821043553255899e+00 3.526490926247181348e-05
1.306699294659565691e+00 1.224514669857582535e-05
1.308582960934121520e+00 1.749487765922645547e-05
1.310472065829363153e+00 3.418722102414367231e-05
1.312366632933352539e+00 7.521785777621490436e-04
1.314266685970754134e+00 5.183527249297818773e-03
1.316172248803827882e+00 6.104287762910233159e-03
1.318083345433425535e+00 3.348879783488146675e-03
1.320000000000000062e+00 1.105674207693336034e-02
