9.000000000000001332e-01 1.517936516908402911e-04
9.009271182075716533e-01 1.612605156615370006e-04
9.018561484918794502e-01 1.505688580783664577e-04
9.027870967741936647e-01 1.433287655728912352e-04
9.037199690002584163e-01 1.193121083647907723e-04
9.046547711404190339e-01 1.170500635706071786e-04
9.055915091897489555e-01 1.100751697679426837e-04
9.065301891681784019e-01 1.075711602593286116e-04
9.074708171206227192e-01 1.069829682995746093e-04
9.084133991171124967e-01 9.832075774061274892e-05
9.093579412529244621e-01 1.001765185337457243e-04
9.103044496487120441e-01 8.113468970890450375e-05
9.112529304506383765e-01 7.309580107046398151e-05
9.122033898305085264e-01 5.830794104155815033e-05
9.131558339859046081e-01 5.399849567063224524e-05
9.141102691403188985e-01 5.193023096306497696e-05
9.150667015432906171e-01 4.397694184864012234e-05
9.160251374705420391e-01 4.380000964897760158e-05
9.169855832241153859e-01 3.221217111574621573e-05
9.179480451325112700e-01 3.184318140916796082e-05
9.189125295508274727e-01 2.134877083731098353e-05
9.198790428608993874e-01 1.779869456944484438e-05
9.208475914714399080e-01 1.351352238363953515e-05
9.218181818181819809e-01 7.909516261000973080e-06
9.227908203640200480e-01 8.759727020504430499e-06
9.237655135991552635e-01 1.386682750780261654e-06
9.247422680412373808e-01 1.170329667711283405e-06
9.257210902355123006e-01 2.269025736621445177e-05
9.267019867549670664e-01 1.418733645597453119e-05
9.276849642004775243e-01 9.708875438524275326e-05
9.286700292009558710e-01 2.394903877355560907e-04
9.296571884135000907e-01 1.738390120903693080e-05
9.306464485235436124e-01 1.287743025084181199e-04
9.316378162450067446e-01 7.814112595626842835e-05
9.326312983204479989e-01 1.683754805299741388e-06
9.336269015212171896e-01 5.800065952857173698e-05
9.346246326476089772e-01 6.681244643945376109e-05
9.356244985290185223e-01 1.898155144641520955e-06
9.366265060240965834e-01 1.401243748070069730e-05
9.376306620209060583e-01 1.000560661172098572e-04
9.386369734370808571e-01 6.832689431489989544e-05
9.396454472199841090e-01 5.207955877622427970e-05
9.406560903468675905e-01 1.203183999736674091e-04
9.416689098250337064e-01 2.201588269012775146e-04
9.426839126919970280e-01 9.637539547045653764e-05
9.437011060156462738e-01 3.108732086401651116e-05
9.447204968944100667e-01 6.938856642217144835e-05
9.457420924574210241e-01 2.576837582729785657e-04
9.467658998646820701e-01 3.407029645970359997e-04
9.477919263072338563e-01 1.602207232614149049e-04
9.488201790073231834e-01 1.154680803401834124e-04
9.498506652185719767e-01 1.624033573944557015e-04
9.508833922261484828e-01 2.879626513123744271e-04
9.519183673469387985e-01 2.808312642255079506e-04
9.529555979297195112e-01 1.158302706760279313e-04
9.539950913553315592e-01 3.391353457680342925e-05
9.550368550368552034e-01 1.047841865717255558e-05
9.560808964197869964e-01 1.930345941985766426e-05
9.571272229822161970e-01 2.612535417162328461e-05
9.581758422350041826e-01 2.187803481544161607e-05
9.592267617219633058e-01 2.663131918007939663e-05
9.602799890200385269e-01 3.516893959128485531e-05
9.613355317394890465e-01 5.276186060366410259e-05
9.623933975240714922e-01 5.432172182617432329e-05
9.634535940512255481e-01 3.078107577017883653e-05
9.645161290322581404e-01 1.611411408821362666e-05
9.655810102125309546e-01 2.476665407596270963e-05
9.666482453716496170e-01 6.052169422239800454e-05
9.677178423236515448e-01 7.860557199947099246e-05
9.687898089171975702e-01 6.200499683668793990e-05
9.698641530357640095e-01 4.724187931471039053e-05
9.709408825978351754e-01 4.625917482235524685e-05
9.720200055570991093e-01 6.671506732630044637e-05
9.731015299026425369e-01 8.411314116691156063e-05
9.741854636591479322e-01 7.347116783943397609e-05
9.752718148870923587e-01 3.134191844388365338e-05
9.763605916829474207e-01 8.745718828648904399e-06
9.774518021793797695e-01 1.878659633406565044e-05
9.785454545454544961e-01 7.068331947022150441e-05
9.796415569868384132e-01 1.710648887303379802e-04
9.807401177460051134e-01 2.411229279646910097e-04
9.818411451024418035e-01 2.145262650639680744e-04
9.829446473728575828e-01 1.575263016292622394e-04
9.840506329113922757e-01 1.305776469516630519e-04
9.851591101098282621e-01 1.840434303610602104e-04
9.862700873978009763e-01 2.829634253741926376e-04
9.873835732430147338e-01 3.545245203427987925e-04
9.884995761514555612e-01 3.147568233170803848e-04
9.896181046676097992e-01 2.351158294745783663e-04
9.907391673746815952e-01 2.217344295820618868e-04
9.918627728948116173e-01 2.783966462352538765e-04
9.929889298892990990e-01 3.959458686743139904e-04
9.941176470588237724e-01 4.821091399196059460e-04
9.952489331436701336e-01 5.191420099717389269e-04
9.963827969239534843e-01 5.079709893120287322e-04
9.975192472198461946e-01 5.159406682216442471e-04
9.986582928918070756e-01 6.189657456228644158e-04
9.997999428408118616e-01 7.387533904278714356e-04
1.000944206008583803e+00 8.131858235478657678e-04
1.002091091377828924e+00 7.328530090961525405e-04
1.003240607972469167e+00 6.378740503765636775e-04
1.004392764857881204e+00 6.274960368965913160e-04
1.005547571141132579e+00 7.045994040775502634e-04
1.006705035971223294e+00 8.437733257109649538e-04
1.007865168539326062e+00 8.879961575486663332e-04
1.009027978079030996e+00 8.601400050067656332e-04
1.010193473866589864e+00 7.742835208580091345e-04
1.011361665221162109e+00 7.316494277561107120e-04
1.012532561505065098e+00 7.508613422479836624e-04
1.013706172124021920e+00 7.520558912900128859e-04
1.014882506527415407e+00 7.343572342712016568e-04
1.016061574208539042e+00 6.591077297585238226e-04
1.017243384704856091e+00 6.325188038535536992e-04
1.018427947598253391e+00 6.658492561953289904e-04
1.019615272515301596e+00 7.384868906901244151e-04
1.020805369127516959e+00 8.148314152091535364e-04
1.021998247151621353e+00 8.041664187120491211e-04
1.023193916349810051e+00 8.088597936417561435e-04
1.024392386530014853e+00 8.542464425721472444e-04
1.025593667546174315e+00 9.899346416861387263e-04
1.026797769298503304e+00 1.137994835998108441e-03
1.028004701733764348e+00 1.135429980499312900e-03
1.029214474845542737e+00 1.015163381621523794e-03
1.030427098674521202e+00 8.375688501956312509e-04
1.031642583308758576e+00 7.908439566570354398e-04
1.032860938883968016e+00 8.911359291470992514e-04
1.034082175583801666e+00 1.126614676418873128e-03
1.035306303640130432e+00 1.372012546947881228e-03
1.036533333333333529e+00 1.366850969624852164e-03
1.037763274992584028e+00 1.296415654565665756e-03
1.038996138996139296e+00 1.274435239425334571e-03
1.040231935771632532e+00 1.432388024435698190e-03
1.041470675796368317e+00 1.742273639539924836e-03
1.042712369597615707e+00 1.971273481328739835e-03
1.043957027752909772e+00 1.904922036267063653e-03
1.045204660890349802e+00 1.502775420830937620e-03
1.046455279688902396e+00 1.224288227965435833e-03
1.047708894878706332e+00 1.222362996454892832e-03
1.048965517241379430e+00 1.535681558787987348e-03
1.050225157610327420e+00 2.003957374109652766e-03
1.051487826871055020e+00 2.177474821326976905e-03
1.052753535961480802e+00 2.057925129932642282e-03
1.054022295872250936e+00 1.835498640211913725e-03
1.055294117647058938e+00 1.883587908791905813e-03
1.056569012382966077e+00 2.292050409402457585e-03
1.057846991230722900e+00 2.922434584367545034e-03
1.059128065395095630e+00 3.480987711447152116e-03
1.060412246135192582e+00 3.332200672530549919e-03
1.061699544764795444e+00 3.055215833326356285e-03
1.062989972652689241e+00 3.148549836785382357e-03
1.064283541222999840e+00 3.747943436167905720e-03
1.065580261955528574e+00 4.595466702347332510e-03
1.066880146386093298e+00 5.253237405787372465e-03
1.068183206106870120e+00 5.546518644498941476e-03
1.069489452766738014e+00 5.744023354471759248e-03
1.070798898071625427e+00 6.474806097746495410e-03
1.072111553784860671e+00 8.155930766258272582e-03
1.073427431727523862e+00 1.040091342160605857e-02
1.074746543778801966e+00 1.209209768460240385e-02
1.076068901876345629e+00 1.313695391004329749e-02
1.077394518016630665e+00 1.472005346609499797e-02
1.078723404255319096e+00 1.821951254328972938e-02
1.080055572707625755e+00 2.470081909123874112e-02
1.081391035548686208e+00 3.349109582796827578e-02
1.082729805013927571e+00 4.132192645056617653e-02
1.084071893399442210e+00 4.927281456950645400e-02
1.085417313062364331e+00 6.160780102209692521e-02
1.086766076421248783e+00 8.287487711189912842e-02
1.088118195956454093e+00 1.108791310437714367e-01
1.089473684210526372e+00 1.357042460107783510e-01
1.090832553788587456e+00 1.542513262811194275e-01
1.092194817358726366e+00 1.764645979485441885e-01
1.093560487652391444e+00 2.147614220382602634e-01
1.094929577464788917e+00 2.592963875887067116e-01
1.096302099655280582e+00 2.877086903978716137e-01
1.097678067147787928e+00 3.024447450987837183e-01
1.099057492931197144e+00 3.210119260773656724e-01
1.100440390059767237e+00 3.341592283866088309e-01
1.101826771653543258e+00 3.148299063975421586e-01
1.103216650898769968e+00 2.712257950545816643e-01
1.104610041048310842e+00 2.256856127834648285e-01
1.106006955422067950e+00 1.775107209705756028e-01
1.107407407407407618e+00 1.225347461318165299e-01
1.108811410459587865e+00 7.757600967128923386e-02
1.110218978102189613e+00 4.385625540765855646e-02
1.111630123927550118e+00 2.058411867353561811e-02
1.113044861597200175e+00 8.966665764001865643e-03
1.114463204842306654e+00 4.678902705832751162e-03
1.115885167464115035e+00 3.438753937433106523e-03
1.117310763334398160e+00 2.760828572780160868e-03
1.118740006395906761e+00 2.317044694201677354e-03
1.120172910662824428e+00 1.964479768092754642e-03
1.121609490221224803e+00 1.683782155726809039e-03
1.123049759229534761e+00 1.543487659576771743e-03
1.124493731918997375e+00 1.368574967156313809e-03
1.125941422594142427e+00 1.237547027011776579e-03
1.127392845633258256e+00 1.079769101870327232e-03
1.128848015488867595e+00 9.201653313282430772e-04
1.130306946688206748e+00 8.342707218764472020e-04
1.131769653833710754e+00 7.233623176345475338e-04
1.133236151603498554e+00 6.755195985576407025e-04
1.134706454751865268e+00 6.343449522864407939e-04
1.136180578109776018e+00 6.081565422351981444e-04
1.137658536585365976e+00 6.508612606762638605e-04
1.139140345164441737e+00 6.657086693841485778e-04
1.140626018910987804e+00 7.268259425281969367e-04
1.142115572967678849e+00 7.752460681778224885e-04
1.143609022556391075e+00 8.205915605878098601e-04
1.145106382978723580e+00 9.444924262453428506e-04
1.146607669616519276e+00 1.040060911287004177e-03
1.148112897932392462e+00 1.222491153675030629e-03
1.149622083470259737e+00 1.401316024987657449e-03
1.151135241855873792e+00 1.601295935139353298e-03
1.152652388797364091e+00 1.897457926499821054e-03
1.154173540085780436e+00 2.109750640975447279e-03
1.155698711595639194e+00 2.386242820700918473e-03
1.157227919285478190e+00 2.524358825817597015e-03
1.158761179198410263e+00 2.692495288482079415e-03
1.160298507462686812e+00 2.930718662175217995e-03
1.161839920292262018e+00 3.135684150832925704e-03
1.163385433987363049e+00 3.495188597129273312e-03
1.164935064935065157e+00 3.692027319400037304e-03
1.166488829609870104e+00 3.984997526532436246e-03
1.168046744574290585e+00 4.207912916394792799e-03
1.169608826479438424e+00 4.357332735950649599e-03
1.171175092065617651e+00 4.514478700414493485e-03
1.172745558162923363e+00 4.403885004654634061e-03
1.174320241691843014e+00 4.461055580922300076e-03
1.175899159663865490e+00 4.428305749549683173e-03
1.177482329182093723e+00 4.555028408278679990e-03
1.179069767441860650e+00 4.708183993204157272e-03
1.180661491731353374e+00 4.681436065155277632e-03
1.182257519432240445e+00 4.755338814102684150e-03
1.183857868020304460e+00 4.566060336574077026e-03
1.185462555066079338e+00 4.527989439776865591e-03
1.187071598235494019e+00 4.325937881911375710e-03
1.188685015290519731e+00 4.084958544818871086e-03
1.190302824089826794e+00 3.955998775850878835e-03
1.191925042589437878e+00 3.718987401510115507e-03
1.193551688843398351e+00 3.771906127396610839e-03
1.195182781004441752e+00 3.654569123578565656e-03
1.196818337324666581e+00 3.596409786258167578e-03
1.198458376156218197e+00 3.465021344136600279e-03
1.200102915951972493e+00 3.203433232155800548e-03
1.201751975266231565e+00 3.143872372086135153e-03
1.203405572755418262e+00 2.879172105217588269e-03
1.205063727178780741e+00 2.815744742649109109e-03
1.206726457399103225e+00 2.652318059254535603e-03
1.208393782383419879e+00 2.535625976978660850e-03
1.210065721203736011e+00 2.582313022841478418e-03
1.211742293037755713e+00 2.450432248624658839e-03
1.213423517169615051e+00 2.516117066714528873e-03
1.215109412990621918e+00 2.341542518338962306e-03
1.216800000000000104e+00 2.233588157370589543e-03
1.218495297805642696e+00 2.160318919798891180e-03
1.220195326124869251e+00 1.980289998036688110e-03
1.221900104785190289e+00 2.029454783291360139e-03
1.223609653725078683e+00 1.848368145716260211e-03
1.225323992994746147e+00 1.860600798021610830e-03
1.227043142756927274e+00 1.815019413580507696e-03
1.228767123287671348e+00 1.727080377466578588e-03
1.230495954977136819e+00 1.784085915349219306e-03
1.232229658330398214e+00 1.556362631311392422e-03
1.233968253968254158e+00 1.558395291846884946e-03
1.235711762628046717e+00 1.380919438845009577e-03
1.237460205164485405e+00 1.307426998797847585e-03
1.239213602550478299e+00 1.316520879381441207e-03
1.240971975877971145e+00 1.142237790696435567e-03
1.242735346358792459e+00 1.226896260590680868e-03
1.244503735325507066e+00 1.053888804901115597e-03
1.246277164232276524e+00 1.069784433289111027e-03
1.248055654655726210e+00 1.021966471000634131e-03
1.249839228295819948e+00 8.685790027177872239e-04
1.251627906976744420e+00 9.235012062768507097e-04
1.253421712647796671e+00 7.007138749961202076e-04
1.255220667384284283e+00 7.680434247025014032e-04
1.257024793388429762e+00 6.572624649830207657e-04
1.258834112990284471e+00 5.959056605783746418e-04
1.260648648648648562e+00 6.407751963685806877e-04
1.262468422952002900e+00 4.358921485657702073e-04
1.264293458619443644e+00 5.436417112655849305e-04
1.266123778501628605e+00 3.379711134973627739e-04
1.267959405581732701e+00 3.527773413887600081e-04
1.269800362976406527e+00 2.722124327483190875e-04
1.271646673936750238e+00 1.407799693421749434e-04
1.273498361849290106e+00 1.816144318651460204e-04
1.275355450236966837e+00 8.762400425195766585e-06
1.277217962760131664e+00 3.824992929702366375e-05
1.279085923217550214e+00 5.616358741237121736e-05
1.280959355547418799e+00 3.631998961018921421e-05
1.282838283828382941e+00 5.056219098944175858e-05
1.284722732280573210e+00 4.403812205088504343e-03
1.286612725266642165e+00 1.283648454797294003e-02
1.288508287292817744e+00 7.612844888862439936e-03
1.290409443009959523e+00 8.289486844944965113e-03
1.292316217214628749e+00 3.961888274907510166e-02
1.294228634850166593e+00 4.774879653849561228e-02
1.296146721007780611e+00 2.020275544096219317e-02
1.298070500927643867e+00 1.691545498693619240e-02
1.300000000000000044e+00 3.637950568909088800e-02
