1.340000000000000080e+00 6.196855301497905229e-05
1.341031046820297723e+00 3.200731171088153310e-05
1.342063681515420104e+00 2.286711434519500121e-05
1.343097907756328979e+00 4.079522497282271788e-05
1.344133729225311713e+00 7.456220985308454404e-05
1.345171149616022577e+00 1.182590834766201278e-04
1.346210172633530711e+00 1.650859018716697752e-04
1.347250801994357206e+00 1.800280750649400137e-04
1.348293041426527061e+00 1.452012089990603215e-04
1.349336894669608711e+00 9.549035785187878083e-05
1.350382365474760871e+00 6.044216266645909387e-05
1.351429457604776507e+00 3.556589000749998589e-05
1.352478174834128799e+00 2.473514768334090112e-05
1.353528520949015768e+00 3.753970593024372529e-05
1.354580499747406019e+00 6.550030645219607757e-05
1.355634115039085374e+00 1.083852379690841081e-04
1.356689370645701276e+00 1.672324611469399572e-04
1.357746270400810307e+00 2.042092167235742091e-04
1.358804818149923932e+00 1.864170713662996709e-04
1.359865017750556015e+00 1.398688731295114236e-04
1.360926873072267895e+00 9.792814699013677941e-05
1.361990387996717899e+00 6.081186072172924600e-05
1.363055566417706199e+00 3.528465791892701692e-05
1.364122412241224103e+00 3.549394254741777382e-05
1.365190929385501351e+00 5.475079608264116936e-05
1.366261121781052745e+00 9.690140468943624465e-05
1.367332993370729444e+00 1.811496393895079156e-04
1.368406548109763365e+00 2.851624132093153342e-04
1.369481789965819374e+00 3.562100030013023110e-04
1.370558722919042127e+00 3.712151324919501800e-04
1.371637350962106039e+00 3.314928816091499580e-04
1.372717678100263905e+00 2.511720303932758682e-04
1.373799708351397308e+00 1.744192587329314943e-04
1.374883445746065469e+00 1.351436609753121931e-04
1.375968894327556757e+00 1.228322009444677361e-04
1.377056058151937767e+00 1.396733644662156331e-04
1.378144941288103498e+00 2.168142070029936458e-04
1.379235547817829532e+00 3.546934640952526256e-04
1.380327881835821557e+00 5.328131278999729842e-04
1.381421947449767984e+00 7.314785287248238297e-04
1.382517748780391242e+00 8.739144593518689830e-04
1.383615289961497519e+00 8.666295311481702051e-04
1.384714575140030934e+00 7.381540993335973175e-04
1.385815608476126171e+00 5.943174215735596124e-04
1.386918394143158428e+00 4.701007064930328469e-04
1.388022936327798273e+00 3.685897427993920948e-04
1.389129239230064039e+00 3.362333520783290742e-04
1.390237307063374894e+00 3.878981032937597949e-04
1.391347144054604357e+00 5.011350862161557344e-04
1.392458754444133806e+00 7.049291401564908776e-04
1.393572142485907550e+00 1.009660298497673308e-03
1.394687312447485450e+00 1.310828237765663705e-03
1.395804268610099097e+00 1.494151603214862595e-03
1.396923015268705104e+00 1.522763853668170552e-03
1.398043556732041948e+00 1.391016304589398102e-03
1.399165897322682817e+00 1.153482203455247820e-03
1.400290041377094230e+00 9.432683952591985627e-04
1.401415993245687996e+00 8.287067720243242609e-04
1.402543757292882054e+00 7.840852384118103795e-04
1.403673337897152873e+00 8.354435755417864880e-04
1.404804739451094298e+00 1.032896650380943923e-03
1.405937966361473057e+00 1.333577719812940442e-03
1.407073023049287608e+00 1.686685129883513717e-03
1.408209913949824310e+00 2.069685375237017167e-03
1.409348643512716048e+00 2.351768332603246334e-03
1.410489216201999074e+00 2.378729034950210694e-03
1.411631636496172959e+00 2.192323526179628009e-03
1.412775908888258547e+00 1.928348754598708257e-03
1.413922037885855465e+00 1.640247260686834808e-03
1.415070028011204739e+00 1.397006711639175872e-03
1.416219883801243418e+00 1.306936548625169678e-03
1.417371609807668742e+00 1.369858300426722618e-03
1.418525210596996766e+00 1.551470107658658787e-03
1.419680690750621199e+00 1.904968010162382810e-03
1.420838054864875577e+00 2.410014453975213577e-03
1.421997307551095213e+00 2.909845083170999481e-03
1.423158453435675597e+00 3.300302633585521037e-03
1.424321497160135674e+00 3.526709117797869816e-03
1.425486443381180468e+00 3.498099647003767142e-03
1.426653296770760582e+00 3.261120095604387852e-03
1.427822062016139038e+00 3.024402106552159276e-03
1.428992743819948341e+00 2.880096267610055168e-03
1.430165346900258649e+00 2.815332166814996529e-03
1.431339875990637722e+00 2.925572203422171884e-03
1.432516335840216870e+00 3.272827564385638772e-03
1.433694731213753792e+00 3.754911092731318817e-03
1.434875066891697193e+00 4.324054599399117932e-03
1.436057347670250950e+00 4.976589364123347806e-03
1.437241578361439842e+00 5.520242489350709117e-03
1.438427763793174607e+00 5.766097553940261258e-03
1.439615908809317446e+00 5.775345237820806756e-03
1.440806018269747524e+00 5.629224066171624984e-03
1.441998097050428029e+00 5.334582911253734835e-03
1.443192150043473010e+00 5.061129102499703318e-03
1.444388182157211986e+00 5.008277452596407615e-03
1.445586198316260784e+00 5.149329400233602569e-03
1.446786203461586151e+00 5.468015761541244676e-03
1.447988202550575254e+00 6.070398907130832543e-03
1.449192200557103183e+00 6.863022581647816589e-03
1.450398202471601339e+00 7.616227861281523251e-03
1.451606213301128490e+00 8.286190359765287575e-03
1.452816238069436938e+00 8.827896298827268493e-03
1.454028281817044022e+00 9.064240865632238950e-03
1.455242349601302498e+00 9.053115300115283787e-03
1.456458446496469383e+00 9.050059087973903391e-03
1.457676577593777445e+00 9.095131425058290003e-03
1.458896748001506927e+00 9.194832998171581853e-03
1.460118962845055046e+00 9.572645771760037239e-03
1.461343227267010381e+00 1.028785673600274113e-02
1.462569546427222811e+00 1.116242382779532478e-02
1.463797925502876573e+00 1.220352690225492108e-02
1.465028369688563759e+00 1.342570943431761234e-02
1.466260884196357361e+00 1.451858890835594496e-02
1.467495474255883448e+00 1.528885261482632735e-02
1.468732145114397758e+00 1.587343909657535149e-02
1.469970902036857652e+00 1.626333778960649401e-02
1.471211750305997601e+00 1.640328199294652234e-02
1.472454695222405352e+00 1.661577062774435842e-02
1.473699742104595423e+00 1.716997974454579842e-02
1.474946896289087261e+00 1.796607845051786598e-02
1.476196163130478745e+00 1.907316823132402736e-02
1.477447548001525890e+00 2.069668903071772773e-02
1.478701056293216798e+00 2.259834989840105862e-02
1.479956693414851587e+00 2.446438619341218673e-02
1.481214464794118779e+00 2.636043377200681867e-02
1.482474375877174344e+00 2.817561474060147411e-02
1.483736432128718974e+00 2.957756415397685273e-02
1.485000639032079572e+00 3.074930274412015357e-02
1.486267002089285194e+00 3.208139124899565819e-02
1.487535526821149645e+00 3.352772643611597742e-02
1.488806218767351419e+00 3.519600348370213738e-02
1.490079083486512967e+00 3.758208984318545109e-02
1.491354126556282855e+00 4.069309806976852129e-02
1.492631353573416586e+00 4.419635906776022555e-02
1.493910770153859424e+00 4.821999528326968015e-02
1.495192381932826997e+00 5.274072740148820493e-02
1.496476194564890783e+00 5.713475873533384319e-02
1.497762213724057823e+00 6.124587892811807210e-02
1.499050445103857543e+00 6.548323339309386482e-02
1.500340894417423465e+00 6.977295936875697879e-02
1.501633567397579139e+00 7.406985530642622162e-02
1.502928469796921407e+00 7.912665957384872051e-02
1.504225607387908337e+00 8.534328699710182209e-02
1.505524985962942264e+00 9.233766937086038129e-02
1.506826611334457278e+00 1.002283230930307439e-01
1.508130489335006263e+00 1.092967905073694845e-01
1.509436625817347055e+00 1.187735767223917077e-01
1.510745026654531253e+00 1.279727274455886854e-01
1.512055697739990379e+00 1.372571073104912609e-01
1.513368644987626466e+00 1.465981208133065872e-01
1.514683874331899327e+00 1.555013156898076288e-01
1.516001391727917369e+00 1.646749070438497109e-01
1.517321203151525744e+00 1.751587562407398713e-01
1.518643314599398719e+00 1.867153387346408011e-01
1.519967732089129386e+00 1.992368473381677663e-01
1.521294461659320030e+00 2.134466962875072593e-01
1.522623509369676498e+00 2.288352381664055524e-01
1.523954881301097242e+00 2.439110672536040914e-01
1.525288583555769462e+00 2.585050364276252344e-01
1.526624622257259034e+00 2.727922571668833784e-01
1.527963003550607102e+00 2.857356109566028257e-01
1.529303733602421778e+00 2.971161014446452309e-01
1.530646818600974735e+00 3.081915831603713185e-01
1.531992264756295796e+00 3.189420696873455641e-01
1.533340078300268416e+00 3.282043968558446823e-01
1.534690265486725824e+00 3.361327310933535650e-01
1.536042832591548057e+00 3.428469796064066433e-01
1.537397785912759662e+00 3.466765232045805889e-01
1.538755131770626283e+00 3.467169096376233606e-01
1.540114876507754138e+00 3.439331772519247377e-01
1.541477026489187496e+00 3.383390206795549027e-01
1.542841588102509487e+00 3.290666808690346223e-01
1.544208567757940909e+00 3.169273558732144669e-01
1.545577971888440594e+00 3.029957831154708736e-01
1.546949806949806883e+00 2.865359117696185121e-01
1.548324079420779098e+00 2.672934540911852119e-01
1.549700795803138575e+00 2.467309468581691534e-01
1.551079962621812802e+00 2.254544365737215228e-01
1.552461586424976669e+00 2.030608685074190844e-01
1.553845673784157499e+00 1.804371473618423538e-01
1.555232231294338296e+00 1.587695801033245646e-01
1.556621265574062996e+00 1.377733156816614568e-01
1.558012783265543266e+00 1.174053029939321757e-01
1.559406791034760431e+00 9.884275508603466986e-02
1.560803295571575600e+00 8.253447034195519894e-02
1.562202303589835362e+00 6.805024565282646876e-02
1.563603821827479257e+00 5.570427375234381084e-02
1.565007857046648354e+00 4.587091832556589033e-02
1.566414416033793167e+00 3.789532587002247127e-02
1.567823505599784006e+00 3.127704429301859934e-02
1.569235132580020453e+00 2.616397844262039266e-02
1.570649303834542376e+00 2.221063621928017970e-02
1.572066026248139625e+00 1.881763819367260684e-02
1.573485306730465716e+00 1.604937631596741257e-02
1.574907152216147743e+00 1.395784931574161128e-02
1.576331569664902732e+00 1.212833932270116974e-02
1.577758566061648438e+00 1.049715386826807935e-02
1.579188148416617699e+00 9.280514216207003814e-03
1.580620323765474122e+00 8.267703249707093055e-03
1.582055099169427770e+00 7.268605319368529050e-03
1.583492481715349953e+00 6.486882542702558478e-03
1.584932478515891585e+00 5.897786521569862300e-03
1.586375096709598198e+00 5.265746026069843301e-03
1.587820343461030292e+00 4.699576576918287028e-03
1.589268225960881020e+00 4.311225130236253332e-03
1.590718751426094091e+00 3.905014591073435910e-03
1.592171927099986117e+00 3.473075457085959741e-03
1.593627760252365855e+00 3.186080690664597984e-03
1.595086258179654992e+00 2.938013549247649701e-03
1.596547428205010499e+00 2.625960683554522980e-03
1.598011277678448527e+00 2.403384827539733083e-03
1.599477813976964979e+00 2.264414344814598933e-03
1.600947044504661854e+00 2.061181170120220899e-03
1.602418976692869812e+00 1.884075313995919355e-03
1.603893618000276078e+00 1.809506983651833602e-03
1.605370975913047449e+00 1.697588688084462980e-03
1.606851057944959305e+00 1.559966235873097833e-03
1.608333871637521284e+00 1.519974467861624117e-03
1.609819424560107182e+00 1.483552453107786929e-03
1.611307724310081513e+00 1.388907875191601037e-03
1.612798778512931852e+00 1.365762440199539112e-03
1.614292594822396065e+00 1.386772183402902115e-03
1.615789180920595092e+00 1.336933955276308362e-03
1.617288544518164395e+00 1.314936926669774174e-03
1.618790693354386301e+00 1.367232808823638183e-03
1.620295635197322559e+00 1.358595733779253923e-03
1.621803377843949345e+00 1.325721448437773868e-03
1.623313929120290489e+00 1.379382981871661194e-03
1.624827296881555139e+00 1.407646921907348449e-03
1.626343489012270771e+00 1.367601323011378035e-03
1.627862513426423297e+00 1.401692120771202239e-03
1.629384378067592065e+00 1.463112552984363081e-03
1.630909090909090642e+00 1.435228986724269981e-03
1.632436659954104696e+00 1.441222252215141600e-03
1.633967093235831891e+00 1.523634476724554637e-03
1.635500398817622880e+00 1.527461968128999417e-03
1.637036584793124527e+00 1.506099234339630709e-03
1.638575659286419572e+00 1.586552940106516693e-03
1.640117630452171626e+00 1.633141227882031450e-03
1.641662506475768613e+00 1.598964359336992264e-03
1.643210295573469093e+00 1.655526224580223171e-03
1.644761005992544822e+00 1.745435355279086574e-03
1.646314646011429739e+00 1.725887947027624240e-03
1.647871223939866736e+00 1.745809493965523292e-03
1.649430748119055323e+00 1.861657388593225158e-03
1.650993226921801504e+00 1.880711470617606705e-03
1.652558668752666549e+00 1.859678584113681060e-03
1.654127082048118202e+00 1.962567727800931631e-03
1.655698475276682347e+00 2.026626671380165560e-03
1.657272856939095762e+00 1.976662554286534330e-03
1.658850235568457787e+00 2.027274015238814033e-03
1.660430619730386193e+00 2.127467844974575625e-03
1.662014018023172612e+00 2.085699283927135161e-03
1.663600439077936199e+00 2.073300795653766539e-03
1.665189891558782831e+00 2.189495229431372841e-03
1.666782384162960984e+00 2.198393686226098390e-03
1.668377925621021385e+00 2.140529703677326000e-03
1.669976524696976883e+00 2.238287997706506650e-03
1.671578190188461877e+00 2.315288349365117980e-03
1.673182930926894851e+00 2.244847769658181273e-03
1.674790755777638918e+00 2.286524187818512761e-03
1.676401673640167456e+00 2.416040126624264400e-03
1.678015693448225987e+00 2.376162078058218548e-03
1.679632824169999594e+00 2.346213001832706934e-03
1.681253074808276571e+00 2.487906338749287967e-03
1.682876454400617838e+00 2.516606109177318019e-03
1.684502972019523481e+00 2.431547529708637679e-03
1.686132636772601945e+00 2.528946292249585875e-03
1.687765457802740343e+00 2.631017067830545685e-03
1.689401444288275878e+00 2.530076316046182307e-03
1.691040605443166589e+00 2.531523801179736636e-03
1.692682950517166107e+00 2.670091540458521991e-03
1.694328488795994847e+00 2.606595406091783210e-03
1.695977229601517866e+00 2.505789535058053439e-03
1.697629182291920280e+00 2.626535307138305828e-03
1.699284356261882678e+00 2.649101306606496328e-03
1.700942760942760756e+00 2.496956285183418375e-03
1.702604405802764509e+00 2.551073180794189571e-03
1.704269300347137417e+00 2.668295239122481146e-03
1.705937454118338081e+00 2.537714043749123190e-03
1.707608876696223188e+00 2.491927275409295314e-03
1.709283577698229584e+00 2.656775551240320860e-03
1.710961566779561016e+00 2.608850746990388179e-03
1.712642853633370876e+00 2.465056544886557940e-03
1.714327447990950493e+00 2.596972699143389358e-03
1.716015359621916980e+00 2.662200227552775651e-03
1.717706598334401091e+00 2.473647899872520074e-03
1.719401173975237951e+00 2.499004043129814372e-03
1.721099096430158459e+00 2.658387341135203755e-03
1.722800375623980473e+00 2.509160345382544476e-03
1.724505021520803538e+00 2.393554710846829744e-03
1.726213044124201401e+00 2.572260541990595891e-03
1.727924453477420519e+00 2.533861632483150588e-03
1.729639259663573458e+00 2.304940078560463370e-03
1.731357472805840958e+00 2.404446238978669940e-03
1.733079103067667326e+00 2.502376501991612507e-03
1.734804160652963612e+00 2.252474838924700077e-03
1.736532655806306780e+00 2.205089935377701864e-03
1.738264598813144879e+00 2.402065732638483404e-03
1.739999999999999769e+00 2.245403635887587360e-03
