1.420000000000000151e+00 4.587005830692852731e-04
1.421044540071352502e+00 5.222333579221852566e-04
1.422090617983731820e+00 6.487351481641889274e-04
1.423138237135806117e+00 8.103283153271181741e-04
1.424187400936267611e+00 9.468029412168924627e-04
1.425238112803866031e+00 1.014658840097183972e-03
1.426290376167448137e+00 1.008103186956185336e-03
1.427344194465994365e+00 9.417166207753683866e-04
1.428399571148656122e+00 8.422145856477386214e-04
1.429456509674793763e+00 7.551427239122577087e-04
1.430515013514014111e+00 7.278011617547098123e-04
1.431575086146207765e+00 7.752426159699379133e-04
1.432636731061589286e+00 8.809702091891978819e-04
1.433699951760733393e+00 1.030160212239157906e-03
1.434764751754614265e+00 1.213292024480152644e-03
1.435831134564643952e+00 1.391188874105483975e-03
1.436899103722712123e+00 1.493119971286718806e-03
1.437968662771223594e+00 1.476725804324811094e-03
1.439039815263138511e+00 1.372693092181725494e-03
1.440112564762011216e+00 1.250052885468499282e-03
1.441186914842030875e+00 1.155626891928668385e-03
1.442262869088058785e+00 1.110001165553564781e-03
1.443340431095670784e+00 1.140698961464102447e-03
1.444419604471195662e+00 1.278617849748341908e-03
1.445500392831755798e+00 1.521042951923647557e-03
1.446582799805309127e+00 1.826152433999791123e-03
1.447666829030686886e+00 2.142876750797994244e-03
1.448752484157636244e+00 2.418261403396104823e-03
1.449839768846861165e+00 2.580878295043115798e-03
1.450928686770062814e+00 2.564260534787095747e-03
1.452019241609981970e+00 2.371557100957748070e-03
1.453111437060438993e+00 2.091355235728411220e-03
1.454205276826376680e+00 1.827566040502021961e-03
1.455300764623903120e+00 1.632569138606303248e-03
1.456397904180331215e+00 1.523228175055168880e-03
1.457496699234222426e+00 1.527824782688066377e-03
1.458597153535429847e+00 1.677094004508935393e-03
1.459699270845139729e+00 1.961785603331919758e-03
1.460803054935914780e+00 2.333620328073830481e-03
1.461908509591736571e+00 2.737924272760742465e-03
1.463015638608050395e+00 3.109032401474614692e-03
1.464124445791807450e+00 3.346006426142778076e-03
1.465234934961508140e+00 3.352494091107107669e-03
1.466347109947246707e+00 3.126200700720777395e-03
1.467460974590755640e+00 2.776605650667650100e-03
1.468576532745448526e+00 2.433729903377760545e-03
1.469693788276465574e+00 2.166679183533834312e-03
1.470812745060718241e+00 2.004721899427230284e-03
1.471933406986932757e+00 1.990561396567018873e-03
1.473055777955698087e+00 2.165378593711874723e-03
1.474179861879507225e+00 2.521948490560063476e-03
1.475305662682805830e+00 3.015204125122458462e-03
1.476433184302036850e+00 3.601860856987922164e-03
1.477562430685686046e+00 4.219255024636972898e-03
1.478693405794328175e+00 4.734683255246362188e-03
1.479826113600674287e+00 4.984670875954672585e-03
1.480960558089616574e+00 4.898247957484394392e-03
1.482096743258276339e+00 4.551915581301710888e-03
1.483234673116050839e+00 4.088004711158719703e-03
1.484374351684659477e+00 3.616313148946791439e-03
1.485515782998192869e+00 3.212321836122942770e-03
1.486658971103159255e+00 2.954626285318892771e-03
1.487803920058531348e+00 2.903785882835474737e-03
1.488950633935797407e+00 3.061171491791879039e-03
1.490099116819005864e+00 3.395616699926203106e-03
1.491249372804817064e+00 3.895610117910370575e-03
1.492401406002549669e+00 4.540264578551680974e-03
1.493555220534230399e+00 5.220228635629051497e-03
1.494710820534643769e+00 5.748797401909378976e-03
1.495868210151380495e+00 5.982015680997912824e-03
1.497027393544887897e+00 5.903520117955452472e-03
1.498188374888518748e+00 5.588873713713171307e-03
1.499351158368582349e+00 5.136955979496607427e-03
1.500515748184395592e+00 4.659772345409386382e-03
1.501682148548330931e+00 4.284271546880057818e-03
1.502850363685868995e+00 4.102903491873396806e-03
1.504020397835649892e+00 4.132313863686276449e-03
1.505192255249522937e+00 4.355645787263541686e-03
1.506365940192600394e+00 4.784629022009655695e-03
1.507541456943306546e+00 5.432113835413174968e-03
1.508718809793432092e+00 6.230815583716306852e-03
1.509898003048184778e+00 7.027315336542544824e-03
1.511079041026242908e+00 7.662535250818557596e-03
1.512261928059806637e+00 8.027307793430801114e-03
1.513446668494653480e+00 8.057670614017065774e-03
1.514633266690187829e+00 7.750376296993903222e-03
1.515821727019498910e+00 7.212545946589328516e-03
1.517012053869409849e+00 6.640446167245417537e-03
1.518204251640535851e+00 6.199767685355067094e-03
1.519398324747335716e+00 5.947056000586557756e-03
1.520594277618166679e+00 5.888256808812024866e-03
1.521792114695340814e+00 6.062813094089211478e-03
1.522991840435176991e+00 6.513853664453761981e-03
1.524193459308059495e+00 7.204175761543577493e-03
1.525396975798491983e+00 8.022205863885249061e-03
1.526602394405152552e+00 8.854910658069122323e-03
1.527809719640950581e+00 9.594133642311734531e-03
1.529018956033084020e+00 1.009067229280786841e-02
1.530230108123094457e+00 1.020090130507866899e-02
1.531443180466923071e+00 9.921109328358950277e-03
1.532658177634972141e+00 9.419038264933479038e-03
1.533875104212156115e+00 8.894646556607037347e-03
1.535093964797965782e+00 8.455826573206747312e-03
1.536314764006521338e+00 8.157579996013028870e-03
1.537537506466632342e+00 8.085889841382237070e-03
1.538762196821856554e+00 8.320452943947594451e-03
1.539988839730559445e+00 8.847534005200628771e-03
1.541217439865970373e+00 9.586638517444637242e-03
1.542448001916244538e+00 1.048011477352813609e-02
1.543680530584522037e+00 1.146829005586042123e-02
1.544915030588988047e+00 1.238221151699425183e-02
1.546151506662931885e+00 1.297051295594069641e-02
1.547389963554808290e+00 1.308757192817606302e-02
1.548630406028297823e+00 1.280238222192713396e-02
1.549872838862369262e+00 1.229472763406543739e-02
1.551117266851339105e+00 1.171534706212196651e-02
1.552363694804934191e+00 1.119096071265962729e-02
1.553612127548353428e+00 1.087748804128377267e-02
1.554862569922331073e+00 1.090150191275251687e-02
1.556115026783197353e+00 1.127144922047595629e-02
1.557369503002942634e+00 1.192622586301386907e-02
1.558626003469280930e+00 1.284633895360524566e-02
1.559884533085712066e+00 1.402017439980659218e-02
1.561145096771586971e+00 1.530148414109624641e-02
1.562407699462170063e+00 1.640741787300093943e-02
1.563672346108705202e+00 1.710545140930804300e-02
1.564939041678480525e+00 1.734687316401852322e-02
1.566207791154890838e+00 1.720768258936292150e-02
1.567478599537506678e+00 1.680095662022185535e-02
1.568751471842137590e+00 1.630549142759322653e-02
1.570026413100898077e+00 1.598355402860165975e-02
1.571303428362275767e+00 1.605642575899694086e-02
1.572582522691196472e+00 1.658883955181455691e-02
1.573863701169090357e+00 1.756956133497554473e-02
1.575146968893962551e+00 1.905100740075430649e-02
1.576432330980456431e+00 2.108364059585603190e-02
1.577719792559924894e+00 2.351169946240026787e-02
1.579009358780498085e+00 2.595087239565119219e-02
1.580301034807149563e+00 2.801217843463188473e-02
1.581594825821769579e+00 2.949124437556592190e-02
1.582890737023229244e+00 3.036285561728680263e-02
1.584188773627455138e+00 3.074644693637463427e-02
1.585488940867495478e+00 3.095554486819053139e-02
1.586791243993593392e+00 3.145837915420850867e-02
1.588095688273254424e+00 3.265154963495942725e-02
1.589402278991320250e+00 3.470133616286506795e-02
1.590711021450039064e+00 3.766749839686786561e-02
1.592021920969137971e+00 4.166100178376284935e-02
1.593334982885892703e+00 4.667936707873612118e-02
1.594650212555202673e+00 5.228178599951009003e-02
1.595967615349663360e+00 5.761392233343817088e-02
1.597287196659638919e+00 6.187518088836584801e-02
1.598608961893334790e+00 6.475292721151958142e-02
1.599932916476873190e+00 6.646347264728569293e-02
1.601259065854366170e+00 6.756707198558038752e-02
1.602587415487991995e+00 6.882878438776610097e-02
1.603917970858068198e+00 7.107949237141714116e-02
1.605250737463127075e+00 7.496795556022227414e-02
1.606585720819992513e+00 8.074457630921440254e-02
1.607922926463856372e+00 8.819936791762426898e-02
1.609262359948352872e+00 9.659612925098397251e-02
1.610604026845637859e+00 1.045627965403126275e-01
1.611947932746464085e+00 1.103611371354530080e-01
1.613294083260261358e+00 1.128066005221319834e-01
1.614642484015211821e+00 1.121866187610835730e-01
1.615993140658329885e+00 1.101580614241107758e-01
1.617346058855540392e+00 1.086147883054960767e-01
1.618701244291759433e+00 1.086443326653178942e-01
1.620058702670971629e+00 1.103390030292602797e-01
1.621418439716312276e+00 1.130048690393331140e-01
1.622780461170145960e+00 1.151576479839903355e-01
1.624144772794148706e+00 1.147261670230062952e-01
1.625511380369388803e+00 1.101387628294386717e-01
1.626880289696408521e+00 1.016611016643262089e-01
1.628251506595305820e+00 9.142206280408587959e-02
1.629625036905816726e+00 8.175748307707959850e-02
1.631000886487399271e+00 7.347752116418931889e-02
1.632379061219316529e+00 6.576311665723665045e-02
1.633759567000719004e+00 5.749335620449567280e-02
1.635142409750730108e+00 4.840736397231903965e-02
1.636527595408530988e+00 3.914326437158219957e-02
1.637915129933443792e+00 3.060388544821777967e-02
1.639305019305019817e+00 2.346073733248174240e-02
1.640697269523122115e+00 1.800267301713650084e-02
1.642091886608015860e+00 1.415077968018929079e-02
1.643488876600451176e+00 1.158232234758499804e-02
1.644888245561752615e+00 9.944087878419990284e-03
1.646289999573905982e+00 8.978053557991132194e-03
1.647694144739647815e+00 8.464202315965970932e-03
1.649100687182551761e+00 8.163293378789987509e-03
1.650509633047118729e+00 7.911562702461865174e-03
1.651920988498867038e+00 7.706892819846361715e-03
1.653334759724421232e+00 7.602687573594776177e-03
1.654750952931603125e+00 7.557148267114769183e-03
1.656169574349522389e+00 7.477217911767143968e-03
1.657590630228667150e+00 7.364591829108933611e-03
1.659014126840997916e+00 7.297822027966109279e-03
1.660440070480037944e+00 7.281302834591172994e-03
1.661868467460966281e+00 7.231405334155151243e-03
1.663299324120711242e+00 7.124185861707298291e-03
1.664732646818044781e+00 7.038685033302267448e-03
1.666168441933675526e+00 7.016772279313377228e-03
1.667606715870344258e+00 6.990343020947300742e-03
1.669047475052918061e+00 6.906599351847537462e-03
1.670490725928488462e+00 6.826117231105863215e-03
1.671936474966463360e+00 6.816195115720864901e-03
1.673384728658668941e+00 6.830056400230390644e-03
1.674835493519441831e+00 6.789874233857448593e-03
1.676288776085730570e+00 6.726106712714349269e-03
1.677744582917191529e+00 6.722596072398683356e-03
1.679202920596288617e+00 6.764633561915515785e-03
1.680663795728392307e+00 6.763389522360278155e-03
1.682127214941878446e+00 6.715050199272645445e-03
1.683593184888230621e+00 6.709053742870764447e-03
1.685061712242139187e+00 6.767984981752958769e-03
1.686532803701602301e+00 6.805232287593619527e-03
1.688006465988029170e+00 6.778431804548180374e-03
1.689482705846342414e+00 6.764751508124728328e-03
1.690961530045078653e+00 6.820733988303991427e-03
1.692442945376495089e+00 6.875972078892612221e-03
1.693926958656670978e+00 6.853445984449204123e-03
1.695413576725613325e+00 6.804277988836014007e-03
1.696902806447362799e+00 6.814989166289974441e-03
1.698394654710097429e+00 6.850817424704146348e-03
1.699889128426239626e+00 6.816414594542837511e-03
1.701386234532564545e+00 6.728446004120812104e-03
1.702885979990304000e+00 6.691027024060386928e-03
1.704388371785257705e+00 6.714273583233570583e-03
1.705893416927899642e+00 6.699058255502010097e-03
1.707401122453488851e+00 6.617566958771630738e-03
1.708911495422177351e+00 6.567547591931107397e-03
1.710424542919120272e+00 6.600152111561900098e-03
1.711940272054588430e+00 6.627327325037071608e-03
1.713458689964078463e+00 6.577160757537611931e-03
1.714979803808424963e+00 6.522306233942393519e-03
1.716503620773913052e+00 6.550051180613503631e-03
1.718030148072390961e+00 6.603526725648282969e-03
1.719559392941386156e+00 6.579885374870111242e-03
1.721091362644216138e+00 6.513822683884092427e-03
1.722626064470106133e+00 6.517440460290520321e-03
1.724163505734303214e+00 6.579562891400190378e-03
1.725703693778194880e+00 6.582872548214002868e-03
1.727246635969422295e+00 6.512344745101159363e-03
1.728792339702000191e+00 6.483419000654784201e-03
1.730340812396435224e+00 6.535321863293325900e-03
1.731892061499843205e+00 6.556933246767919499e-03
1.733446094486069455e+00 6.481880559650885290e-03
1.735002918855808707e+00 6.407745214825415550e-03
1.736562542136725451e+00 6.423523103040958138e-03
1.738124971883575620e+00 6.450045096894760181e-03
1.739690215678328711e+00 6.381014715648912483e-03
1.741258281130290131e+00 6.276906955554688826e-03
1.742829175876223546e+00 6.263258783698462742e-03
1.744402907580477891e+00 6.309715136290260790e-03
1.745979483935108156e+00 6.284886476740082252e-03
1.747558912660002850e+00 6.193817735052479720e-03
1.749141201503011001e+00 6.173645276885627448e-03
1.750726358240065395e+00 6.249470258265298929e-03
1.752314390675314248e+00 6.285345146693820627e-03
1.753905306641245998e+00 6.223954027126872221e-03
1.755499113998818972e+00 6.189862100257291153e-03
1.757095820637591510e+00 6.266632712664153664e-03
1.758695434475852526e+00 6.342051117966930086e-03
1.760297963460750070e+00 6.303243564983810644e-03
1.761903415568425668e+00 6.239133304785830260e-03
1.763511798804144659e+00 6.284712308101797137e-03
1.765123121202430756e+00 6.378017287924529419e-03
1.766737390827198606e+00 6.365986419570857785e-03
1.768354615771889460e+00 6.277961052808970176e-03
1.769974804159604398e+00 6.277733089615877837e-03
1.771597964143243775e+00 6.371211647467757248e-03
1.773224103905640670e+00 6.390297527114971107e-03
1.774853231659699881e+00 6.290433557379094924e-03
1.776485355648535602e+00 6.234354238142366181e-03
1.778120484145612190e+00 6.304798933441478105e-03
1.779758625454880727e+00 6.353797139153822583e-03
1.781399787910922905e+00 6.264643650437173167e-03
1.783043979879090024e+00 6.165954864650811419e-03
1.784691209755647101e+00 6.209628319400790561e-03
1.786341485967913645e+00 6.299870219988714694e-03
1.787994816974409096e+00 6.260731580318473245e-03
1.789651211264996045e+00 6.152981014330398922e-03
1.791310677361027670e+00 6.172335228708456835e-03
1.792973223815490513e+00 6.299194572759673171e-03
1.794638859213154580e+00 6.324758920476388456e-03
1.796307592170719447e+00 6.219287812581434857e-03
1.797979431336963252e+00 6.188998198107123830e-03
1.799654385392892353e+00 6.308395359090718593e-03
1.801332463051890764e+00 6.377977226879783142e-03
1.803013673059872257e+00 6.272675710818964578e-03
1.804698024195432016e+00 6.169201006378477632e-03
1.806385525269998515e+00 6.237441992528161040e-03
1.808076185127989399e+00 6.333929219140155970e-03
1.809770012646962467e+00 6.250523530328159008e-03
1.811467016737774882e+00 6.088868372414352713e-03
1.813167206344737270e+00 6.089046798618833259e-03
1.814870590445770482e+00 6.202163565065544823e-03
1.816577178052564800e+00 6.169070818887178141e-03
1.818286978210739369e+00 5.981286298378304424e-03
1.820000000000000062e+00 5.906024522797231890e-03
