7.800000000000001377e-01 1.687264384126710521e-06
7.808853073037853587e-01 2.492025694575460902e-06
7.817726265553095466e-01 1.871429130631251083e-06
7.826619646208977654e-01 2.821546546007518768e-06
7.835533283981550579e-01 2.344298329677367505e-06
7.844467248161451911e-01 2.686458662983760794e-06
7.853421608355687367e-01 3.166050061702390280e-06
7.862396434489458130e-01 2.762355014918221500e-06
7.871391796807964969e-01 3.971947004193237728e-06
7.880407765878244541e-01 3.176396411739472037e-06
7.889444412591022360e-01 4.284342043841544115e-06
7.898501808162563531e-01 4.190631259607210126e-06
7.907580024136544594e-01 4.630218221413249664e-06
7.916679132385940898e-01 5.721499210365336825e-06
7.925799205114915091e-01 4.899846682636950790e-06
7.934940314860735588e-01 6.372865460522947201e-06
7.944102534495701695e-01 5.364282643322065929e-06
7.953285937229062075e-01 6.298088954858741750e-06
7.962490596608993165e-01 6.267719755088698665e-06
7.971716586524536519e-01 5.549271421676847034e-06
7.980963981207587210e-01 6.283612851756207717e-06
7.990232855234888909e-01 4.832905528894745962e-06
7.999523283530028950e-01 5.993676039327866871e-06
8.008835341365463378e-01 5.014004702686820995e-06
8.018169104364548661e-01 5.435618999346971046e-06
8.027524648503588933e-01 5.243336235612797520e-06
8.036902050113895468e-01 4.445063343646452711e-06
8.046301385883868340e-01 5.374471348508837039e-06
8.055722732861073654e-01 4.250504563395323762e-06
8.065166168454370732e-01 5.415944749919653011e-06
8.074631770436007105e-01 4.315066362194910901e-06
8.084119616943776787e-01 4.365072538033141910e-06
8.093629786483148569e-01 3.990409156150230311e-06
8.103162357929452053e-01 3.181599524483675852e-06
8.112717410530041473e-01 3.547376285357962015e-06
8.122295023906500600e-01 2.080196573482669617e-06
8.131895278056853194e-01 2.335772700388197116e-06
8.141518253357790114e-01 1.192316371646566708e-06
8.151164030566910856e-01 1.461853398669394331e-06
8.160832690824981750e-01 1.291532721779750839e-06
8.170524315658216352e-01 2.392516122555031680e-06
8.180238986980560290e-01 3.353514862402554604e-06
8.189976787096007182e-01 5.381670146053458355e-06
8.199737798700912350e-01 7.782773611067613913e-06
8.209522104886345373e-01 2.976450933230456063e-06
8.219329789140435993e-01 2.823303866189696394e-06
8.229160935350757766e-01 5.199159913558297923e-06
8.239015627806719477e-01 8.587169397813048690e-06
8.248893951201967667e-01 1.099893457235507060e-05
8.258795990636818019e-01 8.264034038644618339e-06
8.268721831620696738e-01 3.842338999147184841e-06
8.278671560074606361e-01 3.149157969973808323e-07
8.288645262333595998e-01 1.236142382590228772e-06
8.298643025149268215e-01 3.981650297224558540e-06
8.308664935692290365e-01 7.721723081038578420e-06
8.318711081554925890e-01 9.038534931157753664e-06
8.328781550753587837e-01 9.466801710021573290e-06
8.338876431731412353e-01 4.951759037712399733e-06
8.348995813360841067e-01 3.033991922974789877e-07
8.359139784946236773e-01 4.362032410902508369e-07
8.369308436226509107e-01 4.692727718370475212e-06
8.379501857377749108e-01 1.031498751245431453e-05
8.389720139015914846e-01 1.125826479449666734e-05
8.399963372199500400e-01 1.458497262722444682e-05
8.410231648432249241e-01 1.298454831992182891e-05
8.420525059665873169e-01 8.912054838556239390e-06
8.430843698302802336e-01 3.052808660283168078e-06
8.441187657198946370e-01 4.579673268415225268e-07
8.451557029666484366e-01 3.320719240320569937e-06
8.461951909476663758e-01 1.006659321244789646e-05
8.472372390862632496e-01 1.679922546675246243e-05
8.482818568522287883e-01 1.483208906703800561e-05
8.493290537621135394e-01 1.433957946012918812e-05
8.503788393795193024e-01 1.033748492721639805e-05
8.514312233153891185e-01 1.056977775910011284e-05
8.524862152283007033e-01 5.847018877926789422e-06
8.535438248247628756e-01 3.908685458805564680e-06
8.546040618595118765e-01 1.014282963659176691e-05
8.556669361358125725e-01 4.238662467446972082e-05
8.567324575057595482e-01 9.460470879731639002e-05
8.578006358705817513e-01 1.132579943561158825e-04
8.588714811809501359e-01 1.364046364928048769e-04
8.599450034372853047e-01 1.488838720249952539e-04
8.610212126900695928e-01 1.218760497298455365e-04
8.621001190401605951e-01 1.067265947251357235e-04
8.631817326391069134e-01 1.698271382838461240e-04
8.642660636894669013e-01 2.145419499847670713e-04
8.653531224451294079e-01 1.572562171413603260e-04
8.664429192116367417e-01 1.103480786271830060e-04
8.675354643465104099e-01 1.477773213021783090e-04
8.686307682595797441e-01 2.585931093646134981e-04
8.697288414133116374e-01 2.965597569522887772e-04
8.708296943231441656e-01 2.615837312827234149e-04
8.719333375578229850e-01 2.450183930264234768e-04
8.730397817397373972e-01 2.734536029243510150e-04
8.741490375452641848e-01 3.138677271644692182e-04
8.752611157051080060e-01 2.741952590881180114e-04
8.763760270046495604e-01 1.935220228656621985e-04
8.774937822842932000e-01 1.281791073237326854e-04
8.786143924398188698e-01 1.337682609439351717e-04
8.797378684227353807e-01 1.830229696649753187e-04
8.808642212406377903e-01 2.241527493642560904e-04
8.819934619575670043e-01 2.117576625090825050e-04
8.831256016943713760e-01 1.893123479365043890e-04
8.842606516290728580e-01 2.387021398667864259e-04
8.853986229972331534e-01 3.742569168220106200e-04
8.865395270923266402e-01 5.340208805678681473e-04
8.876833752661120736e-01 5.413996136066097755e-04
8.888301789290099508e-01 4.046654214356642685e-04
8.899799495504819857e-01 2.270620093504246387e-04
8.911326986594133581e-01 1.379341315079445464e-04
8.922884378444979614e-01 1.424938193250046442e-04
8.934471787546265364e-01 1.854795267672384486e-04
8.946089330992785804e-01 1.967889316482880982e-04
8.957737126489161428e-01 1.545363161937411244e-04
8.969415292353825064e-01 1.560485434841279485e-04
8.981123947523008688e-01 2.245579497720537679e-04
8.992863211554801284e-01 3.901489037771226857e-04
9.004633204633205601e-01 5.019191786082521879e-04
9.016434047572244870e-01 4.614036479410615768e-04
9.028265861820091720e-01 3.054901410416904837e-04
9.040128769463244840e-01 1.551572136270757784e-04
9.052022893230710077e-01 8.292793552556830929e-05
9.063948356498255920e-01 6.781176330626895903e-05
9.075905283292660108e-01 8.410328429853831521e-05
9.087893798296017289e-01 4.750758271662024093e-05
9.099914026850078885e-01 3.117507418346338711e-05
9.111966094960599616e-01 1.214845608349075990e-04
9.124050129301771728e-01 2.648302391793385768e-04
9.136166257220637021e-01 4.016241459623218213e-04
9.148314606741574373e-01 4.860831302891919798e-04
9.160495306570801688e-01 4.170749118098026546e-04
9.172708486100928926e-01 3.604313283330269234e-04
9.184954275415527780e-01 4.053764773329786341e-04
9.197232805293765745e-01 5.553650829958286812e-04
9.209544207215049072e-01 7.615811929415907625e-04
9.221888613363716791e-01 8.804413808250717089e-04
9.234266156633784695e-01 9.027520408470274130e-04
9.246676970633694870e-01 8.866198163917539529e-04
9.259121189691139620e-01 9.582914428853214111e-04
9.271598948857894262e-01 1.028927571871886227e-03
9.284110383914717657e-01 1.074199746685099025e-03
9.296655631376260498e-01 9.509057762323961131e-04
9.309234828496043557e-01 7.574427123256947296e-04
9.321848113271460345e-01 6.548660541749849609e-04
9.334495624448818640e-01 6.883868942895200738e-04
9.347177501528430854e-01 8.435633727287747928e-04
9.359893884769743266e-01 9.854742141315725717e-04
9.372644915196514104e-01 1.092680014561658473e-03
9.385430734602006053e-01 1.088810504059478136e-03
9.398251485554266482e-01 1.132847986844013602e-03
9.411107311401410991e-01 1.172879436277574549e-03
9.423998356276969135e-01 1.204628865670367109e-03
9.436924765105275670e-01 1.130337604840635397e-03
9.449886683606897320e-01 1.058276560897663957e-03
9.462884258304107288e-01 1.082050536640982285e-03
9.475917636526410837e-01 1.232262408233700778e-03
9.488986966416110835e-01 1.483424070356990313e-03
9.502092396933914387e-01 1.693272535342348799e-03
9.515234077864602735e-01 1.860787127582345761e-03
9.528412159822727823e-01 1.833914564352567139e-03
9.541626794258375455e-01 1.795467298483992974e-03
9.554878133462956225e-01 1.715476158818229685e-03
9.568166330575065270e-01 1.724415992710395416e-03
9.581491539586380890e-01 1.795799291574321594e-03
9.594853915347606454e-01 2.209296185611165676e-03
9.608253613574474494e-01 3.063988053695352546e-03
9.621690790853788533e-01 4.363400995359888179e-03
9.635165604649535975e-01 5.813543196007526191e-03
9.648678213309024310e-01 7.468464392573755800e-03
9.662228776069097247e-01 9.908958147935917685e-03
9.675817453062374174e-01 1.350756398143359953e-02
9.689444405323570653e-01 1.885805971428070743e-02
9.703109794795853338e-01 2.588433146364525761e-02
9.716813784337265947e-01 3.513180805182719579e-02
9.730556537727178545e-01 4.677670593246759101e-02
9.744338219672828982e-01 6.419600316681767227e-02
9.758158995815902070e-01 8.856115260735999972e-02
9.772019032739154287e-01 1.165951001469074516e-01
9.785918497973119523e-01 1.438779050227747269e-01
9.799857560002849244e-01 1.665341625514744628e-01
9.813836388274732592e-01 1.804278576561704484e-01
9.827855153203343130e-01 1.796240959752195276e-01
9.841914026178385511e-01 1.713514052564784340e-01
9.856013179571666560e-01 1.635801619605255219e-01
9.870152786744137430e-01 1.514572836953951285e-01
9.884333022053015672e-01 1.286823046393538172e-01
9.898554060858931747e-01 1.005743200240390850e-01
9.912816079533176561e-01 7.592365009779469820e-02
9.927119255464975645e-01 5.630295095988781945e-02
9.941463767068856594e-01 4.280065399041722146e-02
9.955849793792055369e-01 3.414941013237338813e-02
9.970277516122021400e-01 2.949086642277141609e-02
9.984747115593936018e-01 2.584092005694629823e-02
9.999258774798343019e-01 2.164067115875025274e-02
1.001381267738883807e+00 1.808047701931678880e-02
1.002840900808979141e+00 1.563428568982318245e-02
1.004304795270418493e+00 1.406039479277459286e-02
1.005772969812148476e+00 1.265601859521335582e-02
1.007245443232559934e+00 1.193207037489301889e-02
1.008722234440290411e+00 1.106715169402940936e-02
1.010203362455032838e+00 9.831721983853057914e-03
1.011688846408352438e+00 8.280197775380306394e-03
1.013178705544510949e+00 7.446298487522419636e-03
1.014672959221296633e+00 6.942499151684658303e-03
1.016171626910863601e+00 6.545335977184980718e-03
1.017674728200576917e+00 6.124401447663269105e-03
1.019182282793867245e+00 5.690180306160774228e-03
1.020694310511089942e+00 5.174593464327625729e-03
1.022210831290394584e+00 4.436717797911079834e-03
1.023731865188602486e+00 4.049350074779196028e-03
1.025257432382087996e+00 3.810730414471409037e-03
1.026787553167674227e+00 3.823680897959333067e-03
1.028322247963530556e+00 3.569141371220139330e-03
1.029861537310081676e+00 3.428303943060134491e-03
1.031405441870924200e+00 3.144605156057051366e-03
1.032953982433751472e+00 2.914381660746481143e-03
1.034507179911285046e+00 2.644201357669823116e-03
1.036065055342218377e+00 2.585211671882209610e-03
1.037627629892165171e+00 2.626749592742400573e-03
1.039194924854618396e+00 2.564637922666055791e-03
1.040766961651917510e+00 2.435725038563155836e-03
1.042343761836224791e+00 2.203452577975181879e-03
1.043925347090509215e+00 2.110207206773413290e-03
1.045511739229541881e+00 1.883282914093613314e-03
1.047102960200898103e+00 1.862776718436081258e-03
1.048699032085969041e+00 1.779726682282835619e-03
1.050299977100984883e+00 1.835800194736834142e-03
1.051905817598043136e+00 1.648883629034414910e-03
1.053516576066151345e+00 1.541378927610849393e-03
1.055132275132275366e+00 1.397199757122579268e-03
1.056752937562399408e+00 1.348372063189629336e-03
1.058378586262595400e+00 1.287693503809442426e-03
1.060009244280102125e+00 1.257794790222546482e-03
1.061644934804413243e+00 1.291347881667420910e-03
1.063285681168379737e+00 1.207434969578973167e-03
1.064931506849315257e+00 1.163555129163009860e-03
1.066582435470118773e+00 1.004464933220305771e-03
1.068238490800403895e+00 1.037111573785342005e-03
1.069899696757639518e+00 9.360957823469530240e-04
1.071566077408301787e+00 9.888737776288260544e-04
1.073237656969035392e+00 8.895387985110787040e-04
1.074914459807827738e+00 9.231479892954807436e-04
1.076596510445192001e+00 7.951498373225065639e-04
1.078283833555364168e+00 7.427761245464127929e-04
1.079976453967506744e+00 6.651595053686123202e-04
1.081674396666928883e+00 6.447164803389231896e-04
1.083377686796315409e+00 6.366401138767008782e-04
1.085086349656967375e+00 5.692842491582290757e-04
1.086800410710054621e+00 5.812781906997279953e-04
1.088519895577881869e+00 4.734897757898449142e-04
1.090244830045162816e+00 4.957754913722031828e-04
1.091975240060313102e+00 3.676297591289865731e-04
1.093711151736746157e+00 4.268265286815091028e-04
1.095452591354191707e+00 3.286169699175948066e-04
1.097199585360019380e+00 3.903968457985579755e-04
1.098952160370577635e+00 2.826881494638426302e-04
1.100710343172546457e+00 3.061966010227685619e-04
1.102474160724301155e+00 2.286318157389649565e-04
1.104243640157290818e+00 2.157530509590481580e-04
1.106018808777429641e+00 1.818195872863991199e-04
1.107799694066500473e+00 1.437300657352568725e-04
1.109586323683574127e+00 1.546845226616124066e-04
1.111378725466440898e+00 7.470830880747385857e-05
1.113176927433055852e+00 1.072298486340679519e-04
1.114980957782999882e+00 1.873080756851469683e-05
1.116790844898953194e+00 5.645686725490361627e-05
1.118606617348183452e+00 1.203991045069638657e-06
1.120428303884048793e+00 4.878336275257469991e-05
1.122255933447516618e+00 7.904607505614909605e-05
1.124089535168695475e+00 1.079824327048219487e-04
1.125929138368382487e+00 1.289533564780427871e-04
1.127774772559626548e+00 1.560251006034408562e-03
1.129626467449306615e+00 2.594000971610123472e-03
1.131484252939725543e+00 2.438030510743668597e-03
1.133348159130219912e+00 5.639147516111292328e-03
1.135218216318785611e+00 1.544637171847792166e-02
1.137094455003718751e+00 1.786014914961753589e-02
1.138976905885274560e+00 9.475417720490477910e-03
1.140865599867341373e+00 7.821919360679961686e-03
1.142760568059131510e+00 1.499151504125448980e-02
1.144661841776890565e+00 1.988009391348135452e-02
1.146569452545621370e+00 1.394059521718295398e-02
1.148483432100826596e+00 8.536092795821650231e-03
1.150403812390268676e+00 9.091931389433066668e-03
1.152330625575747725e+00 8.496907232047403585e-03
1.154263904034896537e+00 7.438218270846621953e-03
1.156203680362994923e+00 6.941955175865622933e-03
1.158149987374800460e+00 5.210518383451883014e-03
1.160102858106399237e+00 3.893360313947502333e-03
1.162062325817076358e+00 4.098861069450159683e-03
1.164028423991202210e+00 2.788021937703283413e-03
1.166001186340140716e+00 1.515545706886901314e-03
1.167980646804176237e+00 1.706598785064151200e-03
1.169966839554459792e+00 2.130839756322769861e-03
1.171959798994975044e+00 1.843053316553196729e-03
1.173959559764525373e+00 1.533183842570229327e-03
1.175966156738740276e+00 6.937524702231210282e-04
1.177979625032103739e+00 2.821215590648044110e-04
1.180000000000000382e+00 7.209267768944378763e-04
