7.400000000000001021e-01 1.509642704295508365e-04
7.408694119720379279e-01 1.367908615651318427e-04
7.417408692583662422e-01 1.339501836950486775e-04
7.426143790849674131e-01 9.170742150554546813e-05
7.434899487119025485e-01 2.058783934032951999e-05
7.443675854335124464e-01 1.751352852688231403e-05
7.452472965786208770e-01 7.715122692860762617e-05
7.461290895107377530e-01 1.105101698969071278e-04
7.470129716282651877e-01 1.061762180572799094e-04
7.478989503647038850e-01 8.326597749339465458e-05
7.487870331888618614e-01 3.244669100649730269e-05
7.496772276050646111e-01 1.245372489900073405e-05
7.505695411533654937e-01 2.360369616003738327e-05
7.514639814097598958e-01 6.997140642559039180e-05
7.523605559863987269e-01 8.135287992705360078e-05
7.532592725318043581e-01 4.925631729116421918e-05
7.541601387310890026e-01 2.878250571970326628e-05
7.550631623061726527e-01 2.299659419993584096e-06
7.559683510160043474e-01 5.602004530460157449e-06
7.568757126567845495e-01 3.804926098931071023e-05
7.577852550621885230e-01 4.367501392257553322e-05
7.586969861035914864e-01 3.292774942642873610e-05
7.596109136902970960e-01 2.187718811116269482e-05
7.605270457697642650e-01 5.947669495730351427e-06
7.614453903278393110e-01 2.843282744637492531e-05
7.623659553889863272e-01 5.044096047521793251e-05
7.632887490165225497e-01 8.405494607093390649e-05
7.642137793128521706e-01 5.103145723386750090e-05
7.651410544197052577e-01 9.618898319558436319e-05
7.660705825183746764e-01 5.597979235677049461e-05
7.670023718299582294e-01 4.944297783191149606e-05
7.679364306156001296e-01 3.336668860393289971e-05
7.688727671767361382e-01 2.416003560723669152e-05
7.698113898553379242e-01 1.956140964215823556e-05
7.707523070341625315e-01 2.318347064485111296e-05
7.716955271370006253e-01 3.137455346806314338e-05
7.726410586289285121e-01 2.923172479228342330e-05
7.735889100165613819e-01 3.059967052165952058e-05
7.745390898483081044e-01 3.868300012006421870e-05
7.754916067146283565e-01 5.425858088298078278e-05
7.764464692482917485e-01 9.145636685531516872e-05
7.774036861246379493e-01 1.058311985259562099e-04
7.783632660618404753e-01 1.062477616911428448e-04
7.793252178211703685e-01 9.766845264133641410e-05
7.802895502072636491e-01 7.749396303222725821e-05
7.812562720683888795e-01 6.833698780524418131e-05
7.822253922967191686e-01 4.969075215413542299e-05
7.831969198286033995e-01 4.140479034737495374e-05
7.841708636448424530e-01 7.168098147758646436e-05
7.851472327709643206e-01 1.275482141426993472e-04
7.861260362775043253e-01 1.623637982404169935e-04
7.871072832802846753e-01 1.877225041448484834e-04
7.880909829406986811e-01 1.788949063717239023e-04
7.890771444659951950e-01 1.714431585721452335e-04
7.900657771095659365e-01 2.136386899557296917e-04
7.910568901712350387e-01 2.308481033677944091e-04
7.920504929975507036e-01 2.152856063872173585e-04
7.930465949820788563e-01 2.016424022193938370e-04
7.940452055656992414e-01 1.837063851959954135e-04
7.950463342369036290e-01 2.137334435259468670e-04
7.960499905320962410e-01 2.252906462066416699e-04
7.970561840358971750e-01 1.660010175668747518e-04
7.980649243814466054e-01 1.414034065345927339e-04
7.990762212507129814e-01 1.334586297866366411e-04
8.000900843748017799e-01 1.345877240908931519e-04
8.011065235342693658e-01 1.473359993002182691e-04
8.021255485594351864e-01 1.216091614300248591e-04
8.031471693307012938e-01 9.802406814220835610e-05
8.041713957788689804e-01 1.052714210835616439e-04
8.051982378854627420e-01 1.164084252487227107e-04
8.062277056830533528e-01 1.231197972297265822e-04
8.072598092555848259e-01 1.253931897985030423e-04
8.082945587387042607e-01 1.031411225516349581e-04
8.093319643200925784e-01 9.771766160631309667e-05
8.103720362397995869e-01 1.103053622105379931e-04
8.114147847905811561e-01 1.033924040325890579e-04
8.124602203182375026e-01 9.037410542479013974e-05
8.135083532219572477e-01 7.540350601608303510e-05
8.145591939546601434e-01 5.978905070416574633e-05
8.156127530233462375e-01 5.795704408532746443e-05
8.166690409894452607e-01 5.949323136060261324e-05
8.177280684691696777e-01 5.076923296779662590e-05
8.187898461338700695e-01 4.454915902469733756e-05
8.198543847103946236e-01 3.831414298084039657e-05
8.209216949814489572e-01 3.344561404239318117e-05
8.219917877859611588e-01 3.748903095858861800e-05
8.230646740194479394e-01 4.066475671580066601e-05
8.241403646343854472e-01 3.266070828791190530e-05
8.252188706405810814e-01 2.687426362556055709e-05
8.263002031055494134e-01 2.376682115233054243e-05
8.273843731548908842e-01 2.316656752448814654e-05
8.284713919726729436e-01 2.361693655100094202e-05
8.295612708018155201e-01 1.657224301219008614e-05
8.306540209444773781e-01 1.002970933357952783e-05
8.317496537624481379e-01 8.392977877414085661e-06
8.328481806775408502e-01 8.271139406019765834e-06
8.339496131719897898e-01 7.039326882456271650e-06
8.350539627888499128e-01 4.555620762673276616e-06
8.361612411324009786e-01 2.154733921981989444e-06
8.372714598685521148e-01 1.656458228033288847e-06
8.383846307252543761e-01 2.637801148798155233e-06
8.395007654929108609e-01 6.190715187752255897e-06
8.406198760247952650e-01 1.253206240008455318e-05
8.417419742374692149e-01 5.691108053143434775e-06
8.428670721112079267e-01 6.982305604290949512e-06
8.439951816904236459e-01 6.383426631069728057e-06
8.451263150840985228e-01 8.029543848852300410e-06
8.462604844662148240e-01 3.625332317908959591e-05
8.473977020761944701e-01 7.078088798868691859e-05
8.485379802193366849e-01 9.877578829034415218e-06
8.496813312672641949e-01 1.712263924867710060e-05
8.508277676583688720e-01 1.009821346104747340e-05
8.519773018982640389e-01 3.409358219057108229e-05
8.531299465602383281e-01 6.967884641439026983e-05
8.542857142857144259e-01 6.035319989133986247e-06
8.554446177847115917e-01 8.655727455390663610e-06
8.566066698363107301e-01 9.289378752590568685e-05
8.577718832891247924e-01 1.269936094245656031e-04
8.589402710617721759e-01 1.404156565288707274e-04
8.601118461433541196e-01 3.059080634809026897e-04
8.612866215939357639e-01 5.299204312059723181e-04
8.624646105450319844e-01 2.140852654150966739e-04
8.636458262000960007e-01 6.932863862331916857e-05
8.648302818350134258e-01 1.901089483304320893e-04
8.660179907985994241e-01 4.237896847143135049e-04
8.672089665130991998e-01 2.812643529299944023e-04
8.684032224746953688e-01 6.221927792739370005e-05
8.696007722540164409e-01 1.229766549118410223e-04
8.708016294966512971e-01 4.064417106595544856e-04
8.720058079236673310e-01 4.530340801608797241e-04
8.732133213321333631e-01 2.983316748140026780e-04
8.744241835956459985e-01 1.398106417972399510e-04
8.756384086648616449e-01 1.432622816140057269e-04
8.768560105680317518e-01 9.354726002725157938e-05
8.780770034115437106e-01 8.128234371845349186e-05
8.793014013804644202e-01 5.762666502275181246e-05
8.805292187390909575e-01 1.368132572866108323e-04
8.817604698315041345e-01 3.885182069635481020e-04
8.829951690821257193e-01 5.535546414897807212e-04
8.842333309962843169e-01 3.706347325749859731e-04
8.854749701607808055e-01 2.205338051517464603e-04
8.867201012444633212e-01 2.790730638249385690e-04
8.879687389988030199e-01 3.814809445722032910e-04
8.892208982584786092e-01 2.553273459682410518e-04
8.904765939419614362e-01 6.187462346223450047e-05
8.917358410521106782e-01 5.230126798189818014e-05
8.929986546767684219e-01 2.011097942674333605e-04
8.942650499893641802e-01 3.577957655526145726e-04
8.955350422495208518e-01 3.720194352943362922e-04
8.968086468036693404e-01 2.877293454884897279e-04
8.980858790856657281e-01 2.727526568608614052e-04
8.993667546174144434e-01 2.645950171937721867e-04
9.006512890094980905e-01 1.855833990137846479e-04
9.019394979618109431e-01 1.008926090934203089e-04
9.032313972641983213e-01 1.169793409795012458e-04
9.045270027971026305e-01 2.465023152447658986e-04
9.058263305322130643e-01 4.345321178358359303e-04
9.071293965331225229e-01 5.060680785982468689e-04
9.084362169559895284e-01 4.548297421975783716e-04
9.097468080502058019e-01 3.971085345112386217e-04
9.110611861590697247e-01 3.467667316577181694e-04
9.123793677204660169e-01 2.583854493767929659e-04
9.137013692675506338e-01 9.456412941069968349e-05
9.150272074294421021e-01 7.257578309334205917e-06
9.163568989319189617e-01 8.168157824211248297e-05
9.176904605981227592e-01 3.180539237979543104e-04
9.190279093492678131e-01 6.067933092743648012e-04
9.203692622053565309e-01 6.786841126006092116e-04
9.217145362859022750e-01 4.844486635461360134e-04
9.230637488106565591e-01 3.856079570092183959e-04
9.244169171003445706e-01 4.149035220291732474e-04
9.257740585774059117e-01 4.211703101799310102e-04
9.271351907667427783e-01 2.793728542027012563e-04
9.285003312964735800e-01 4.299075579877354868e-05
9.298694978986949966e-01 4.178731327021494284e-05
9.312427084102488095e-01 2.854739524831164765e-04
9.326199807734970593e-01 7.001050542046128233e-04
9.340013330371028655e-01 9.474169272512255333e-04
9.353867833568196843e-01 8.464211535839327684e-04
9.367763499962862284e-01 6.137290479770232112e-04
9.381700513278288245e-01 4.979238802357762459e-04
9.395679058332713218e-01 4.732348069411032956e-04
9.409699321047529930e-01 4.004489447935554824e-04
9.423761488455503210e-01 2.544994302905378373e-04
9.437865748709124425e-01 1.949494692276108746e-04
9.452012291088962570e-01 2.860956448214840137e-04
9.466201306012160810e-01 5.422354100275643797e-04
9.480432985040970761e-01 8.114077930349151806e-04
9.494707520891367825e-01 7.836861351595663912e-04
9.509025107441756441e-01 6.006217590162468483e-04
9.523385939741751960e-01 4.524295373964942898e-04
9.537790214021025781e-01 3.309504342186138587e-04
9.552238127698252645e-01 2.161804569363171057e-04
9.566729879390124536e-01 9.329841387422722118e-05
9.581265668920460055e-01 4.060324027769943384e-05
9.595845697329377089e-01 7.768626533616437759e-05
9.610470166882573162e-01 1.793691858453690384e-04
9.625139281080670184e-01 2.805044956148287959e-04
9.639853244668654675e-01 3.044924915512565240e-04
9.654612263645412362e-01 2.590164471871307921e-04
9.669416545273327168e-01 2.563286846211121372e-04
9.684266298087997882e-01 3.554301241199491856e-04
9.699161731908021444e-01 5.729720177153381369e-04
9.714103057844875044e-01 8.780938428009353071e-04
9.729090488312891472e-01 1.204332963804871214e-03
9.744124237039326619e-01 1.605390751085293078e-03
9.759204519074518025e-01 2.346762539531982959e-03
9.774331550802138890e-01 3.348919913698217028e-03
9.789505549949546470e-01 4.200278471570304505e-03
9.804726735598228160e-01 5.022696348444681200e-03
9.819995328194347506e-01 6.511325251749058331e-03
9.835311549559386801e-01 9.204978603453407848e-03
9.850675622900881834e-01 1.302873307588993390e-02
9.866087772823280977e-01 1.718785308249493049e-02
9.881548225338870894e-01 2.177627610530883523e-02
9.897057207878835472e-01 2.743374952793574753e-02
9.912614949304409118e-01 3.512106381630988872e-02
9.928221679918129983e-01 4.469150283561838799e-02
9.943877631475201984e-01 5.503621342727997579e-02
9.959583037194981170e-01 6.999676161081699877e-02
9.975338131772523154e-01 9.691968386839315552e-02
9.991143151390322608e-01 1.336215825657920409e-01
1.000699833373006387e+00 1.688927923649742036e-01
1.002290391798458469e+00 2.022338171812228524e-01
1.003886014486985889e+00 2.447814729228990349e-01
1.005486725663716996e+00 2.939286973419321103e-01
1.007092549708536566e+00 3.358894563578845860e-01
1.008703511157322597e+00 3.656290290134450172e-01
1.010319634703196634e+00 3.747676384196491628e-01
1.011940945197785657e+00 3.520250014670760486e-01
1.013567467652495724e+00 3.087779726079891707e-01
1.015199227239797164e+00 2.601783556959051391e-01
1.016836249294525762e+00 2.099049789983410408e-01
1.018478559315190379e+00 1.569220998071766127e-01
1.020126182965299888e+00 1.042486403697683583e-01
1.021779146074698330e+00 5.920358272127649452e-02
1.023437474640915612e+00 2.997310162069817888e-02
1.025101194830529305e+00 1.606991446523551442e-02
1.026770332980542433e+00 1.068436751862913633e-02
1.028444915599771692e+00 8.306072157985516444e-03
1.030124969370252330e+00 6.749909871773596137e-03
1.031810521148654347e+00 5.703344554824118021e-03
1.033501597967713126e+00 4.841107368933458312e-03
1.035198227037675611e+00 4.104452942358124447e-03
1.036900435747759586e+00 3.736087457948284677e-03
1.038608251667627602e+00 3.657377271368074997e-03
1.040321702548874239e+00 3.477558365614768447e-03
1.042040816326530672e+00 3.154625473802295018e-03
1.043765621120582798e+00 2.850578713475934028e-03
1.045496145237503338e+00 2.556633353653268558e-03
1.047232417171801044e+00 2.322890443254463280e-03
1.048974465607585671e+00 2.253018071016439985e-03
1.050722319420144935e+00 2.240088555916266034e-03
1.052476007677543235e+00 2.072454219656582469e-03
1.054235559642230369e+00 1.829051615285540340e-03
1.056001004772670226e+00 1.667454096266120364e-03
1.057772372724985477e+00 1.569390774034833342e-03
1.059549693354616684e+00 1.504561799114858666e-03
1.061332996718000521e+00 1.492084459730693910e-03
1.063122313074264635e+00 1.471491882719008900e-03
1.064917672886937616e+00 1.354861543538012081e-03
1.066719106825678942e+00 1.225030884302734770e-03
1.068526645768025363e+00 1.169708553015843177e-03
1.070340320801154377e+00 1.145610182314867878e-03
1.072160163223667695e+00 1.102628734529449445e-03
1.073986204547390022e+00 1.064795860859008535e-03
1.075818476499189602e+00 1.024965684546690894e-03
1.077657011022814748e+00 9.382887655713848364e-04
1.079501840280750136e+00 8.428043011744158677e-04
1.081352996656092191e+00 7.865001768128640275e-04
1.083210512754444910e+00 7.509622593328839271e-04
1.085074421405833434e+00 7.121873370796888989e-04
1.086944755666638285e+00 6.825009157675809629e-04
1.088821548821548912e+00 6.494965496558365286e-04
1.090704834385540112e+00 5.813232624093473072e-04
1.092594646105865097e+00 5.074416961047259131e-04
1.094491017964071888e+00 4.741361344999195588e-04
1.096393984178040570e+00 4.756109656089655704e-04
1.098303579204040759e+00 4.683542239050449314e-04
1.100219837738811934e+00 4.328167277419617287e-04
1.102142794721663988e+00 3.801305116919361177e-04
1.104072485336601739e+00 3.249522757553649282e-04
1.106008945014470113e+00 2.900369952286947837e-04
1.107952209435122626e+00 2.824738492810986712e-04
1.109902314529613854e+00 2.747838643309120335e-04
1.111859296482412107e+00 2.354396961282723426e-04
1.113823191733639861e+00 1.829116569792811284e-04
1.115794036981332393e+00 1.501502802142997794e-04
1.117771869183727729e+00 1.376214262548192179e-04
1.119756725561573463e+00 1.288091000618864224e-04
1.121748643600462891e+00 1.137901453454505526e-04
1.123747661053194458e+00 9.192772525190169553e-05
1.125753815942158509e+00 7.139838639115038150e-05
1.127767146561745815e+00 6.578112031295381271e-05
1.129787691480784950e+00 7.741266681524835980e-05
1.131815489545006104e+00 9.559520041665344251e-05
1.133850579879529086e+00 1.043995142269582435e-04
1.135893001891380871e+00 1.002332099948028787e-04
1.137942795272038232e+00 1.015696996637152459e-04
1.140000000000000124e+00 1.333262827164424780e-04
