1.240000000000000213e+00 1.038449791079236478e-04
1.241012327536942017e+00 1.569585368438838652e-04
1.242026309338998713e+00 2.122922787469887543e-04
1.243041949464388063e+00 2.364100549402149156e-04
1.244059251984614312e+00 2.224209284996616525e-04
1.245078220984519923e+00 1.776171164306954652e-04
1.246098860562341537e+00 1.223004386750513263e-04
1.247121174829764811e+00 8.769436021090230230e-05
1.248145167911979936e+00 8.587068839674343403e-05
1.249170843947736254e+00 1.058165709957584655e-04
1.250198207089398883e+00 1.461293368664745443e-04
1.251227261503004451e+00 2.092164741655165269e-04
1.252258011368317270e+00 2.664364125523806530e-04
1.253290460878885737e+00 2.784158062764984843e-04
1.254324614242099400e+00 2.442854408900317956e-04
1.255360475679247134e+00 1.939009239289131914e-04
1.256398049425572649e+00 1.495684927109645998e-04
1.257437339730333559e+00 1.229786135519641589e-04
1.258478350856859329e+00 1.239184691270141876e-04
1.259521087082608570e+00 1.513442359848369840e-04
1.260565552699228986e+00 1.948652960193457667e-04
1.261611752012615773e+00 2.448591816034053768e-04
1.262659689342968905e+00 2.832547870608549483e-04
1.263709369024856866e+00 2.834808424733399677e-04
1.264760795407271932e+00 2.418359160924017030e-04
1.265813972853693237e+00 1.869407441490626514e-04
1.266868905742145612e+00 1.450204168864254633e-04
1.267925598465259984e+00 1.219883444072999729e-04
1.268984055430336877e+00 1.215821105308510081e-04
1.270044281059403701e+00 1.493147069787050711e-04
1.271106279789280258e+00 1.988449705953251629e-04
1.272170056071637800e+00 2.567853698838261389e-04
1.273235614373063207e+00 3.105611012625747111e-04
1.274302959175119598e+00 3.400304534437964088e-04
1.275372094974410953e+00 3.263514835349571978e-04
1.276443026282643611e+00 2.792349909885040969e-04
1.277515757626691562e+00 2.298846990460124242e-04
1.278590293548658829e+00 1.962196488639390054e-04
1.279666638605943652e+00 1.796084788858005269e-04
1.280744797371303534e+00 1.844751995851517891e-04
1.281824774432920311e+00 2.132993384027215538e-04
1.282906574394463872e+00 2.542593301860265301e-04
1.283990201875158776e+00 2.923180666723985206e-04
1.285075661509849088e+00 3.173218235807327660e-04
1.286162957949065433e+00 3.164467066029205558e-04
1.287252095859090728e+00 2.827238546419469172e-04
1.288343079922027457e+00 2.314300183549083847e-04
1.289435914835864061e+00 1.862632454229949035e-04
1.290530605314543111e+00 1.566553960450520970e-04
1.291627156088027917e+00 1.446314503953524341e-04
1.292725571902373138e+00 1.560262072614755603e-04
1.293825857519789180e+00 1.899681098531492496e-04
1.294928017718715463e+00 2.349739393037529980e-04
1.296032057293887263e+00 2.807013700847722434e-04
1.297137981056404321e+00 3.164961129679559398e-04
1.298245793833803230e+00 3.261827968522948169e-04
1.299355500470125824e+00 3.048013902526442169e-04
1.300467105825990677e+00 2.686485748945654584e-04
1.301580614778662826e+00 2.344180929564685766e-04
1.302696032222127043e+00 2.058841831755797486e-04
1.303813363067158670e+00 1.870805390799361854e-04
1.304932612241394452e+00 1.845753959327132109e-04
1.306053784689406694e+00 1.940328104635017183e-04
1.307176885372775210e+00 2.048581286697185525e-04
1.308301919270161262e+00 2.126283937007352593e-04
1.309428891377379944e+00 2.124678056987148414e-04
1.310557806707475015e+00 1.956429922801008277e-04
1.311688670290793279e+00 1.643353287994848359e-04
1.312821487175058532e+00 1.323070444796068659e-04
1.313956262425447497e+00 1.074608983640409720e-04
1.315093001124665095e+00 9.112232670910209986e-05
1.316231708373019504e+00 8.825774061545182513e-05
1.317372389288500090e+00 1.010428542222752710e-04
1.318515049006852458e+00 1.227868160807436175e-04
1.319659692681656393e+00 1.482864731712061517e-04
1.320806325484403798e+00 1.753001664221821659e-04
1.321954952604574407e+00 1.949830481495929823e-04
1.323105579249717279e+00 1.994824936199036990e-04
1.324258210645526734e+00 1.938425785310490812e-04
1.325412852035923184e+00 1.854775687239250501e-04
1.326569508683131504e+00 1.748077179782677360e-04
1.327728185867761646e+00 1.654931032806240257e-04
1.328888888888889008e+00 1.649120305860025850e-04
1.330051623064135269e+00 1.709060886114316348e-04
1.331216393729748759e+00 1.763765986303763417e-04
1.332383206240687290e+00 1.811742579825577175e-04
1.333552065970699418e+00 1.839431787494044625e-04
1.334722978312407049e+00 1.767944926911945390e-04
1.335895948677388478e+00 1.593898125930313166e-04
1.337070982496262106e+00 1.405974191893895624e-04
1.338248085218769479e+00 1.240887961080698837e-04
1.339427262313860778e+00 1.105547675050501139e-04
1.340608519269776977e+00 1.060238811396816566e-04
1.341791861594139101e+00 1.119209430580620607e-04
1.342977294814029943e+00 1.218403697132580405e-04
1.344164824476081543e+00 1.356862812290152154e-04
1.345354456146562017e+00 1.563336985893312757e-04
1.346546195411462588e+00 1.750212027254756245e-04
1.347740047876585079e+00 1.826330702727435411e-04
1.348936019167628286e+00 1.837560707423474256e-04
1.350134114930278351e+00 1.824059533860497800e-04
1.351334340830296243e+00 1.748315734787583712e-04
1.352536702553608361e+00 1.652611947332404535e-04
1.353741205806394454e+00 1.631572792422086578e-04
1.354947856315179777e+00 1.668836203171360580e-04
1.356156659826925015e+00 1.732623513860349700e-04
1.357367622109117322e+00 1.879348284362230301e-04
1.358580748949861805e+00 2.095567231820272128e-04
1.359796046157975002e+00 2.288394248943307068e-04
1.361013519563076812e+00 2.485199070415955837e-04
1.362233175015682640e+00 2.761848563113306109e-04
1.363455018387299544e+00 3.085106640513360669e-04
1.364679055570518162e+00 3.483189631933877005e-04
1.365905292479109079e+00 4.110791201050604041e-04
1.367133735048116083e+00 4.993579230096025293e-04
1.368364389233954537e+00 6.070148791727255190e-04
1.369597261014505962e+00 7.443852794635278085e-04
1.370832356389214857e+00 9.173578542326051629e-04
1.372069681379186168e+00 1.105134286512648046e-03
1.373309242027283661e+00 1.292881837364162666e-03
1.374551044398228061e+00 1.483028380959276228e-03
1.375795094578695199e+00 1.661466092804715850e-03
1.377041398677416595e+00 1.816619169824862509e-03
1.378289962825278936e+00 1.983139674795282668e-03
1.379540793175424662e+00 2.201802729640427170e-03
1.380793895903352109e+00 2.477728562422583988e-03
1.382049277207018756e+00 2.829492285552236228e-03
1.383306943306943593e+00 3.298480249544656108e-03
1.384566900446306814e+00 3.874035824886992111e-03
1.385829154891056625e+00 4.505075828608524555e-03
1.387093712930012268e+00 5.178217258649983092e-03
1.388360580874965944e+00 5.886388482470729377e-03
1.389629765060792055e+00 6.591209066031050202e-03
1.390901271845548681e+00 7.319120529158453306e-03
1.392175107610587270e+00 8.188859483107885015e-03
1.393451278760656553e+00 9.288862510549403262e-03
1.394729791724011791e+00 1.067733293638365236e-02
1.396010652952520914e+00 1.248601609151848632e-02
1.397293868921776205e+00 1.481922679538459110e-02
1.398579446131199333e+00 1.759793291282242197e-02
1.399867391104153702e+00 2.066176593088355981e-02
1.401157710388054367e+00 2.388655697474291462e-02
1.402450410554479499e+00 2.712095226647130361e-02
1.403745498199280073e+00 3.029009061335093123e-02
1.405042979942693782e+00 3.364158484930952764e-02
1.406342862429457163e+00 3.761946706696601972e-02
1.407645152328919735e+00 4.256131040486171857e-02
1.408949856335156570e+00 4.878174616948903475e-02
1.410256981167084200e+00 5.665263146802027028e-02
1.411566533568576531e+00 6.619813244651651107e-02
1.412878520308578967e+00 7.687090950389630084e-02
1.414192948181226317e+00 8.795641620437766317e-02
1.415509824005959816e+00 9.889305737874357072e-02
1.416829154627645027e+00 1.093342272116136632e-01
1.418150946916690192e+00 1.195840301435353026e-01
1.419475207769166580e+00 1.309252108993732289e-01
1.420801944106925951e+00 1.449612852431426402e-01
1.422131162877725119e+00 1.628107730341341319e-01
1.423462871055342749e+00 1.850348129240809436e-01
1.424797075639703925e+00 2.112775356511478464e-01
1.426133783657003606e+00 2.393972121442486667e-01
1.427473002159827420e+00 2.660777722278192536e-01
1.428814738227277337e+00 2.891278933133668572e-01
1.430158998965095574e+00 3.087154865183348029e-01
1.431505791505791825e+00 3.265705849347501633e-01
1.432855123008766496e+00 3.450190229955295007e-01
1.434207000660439935e+00 3.662082798382987336e-01
1.435561431674379218e+00 3.904245938560128026e-01
1.436918423291426716e+00 4.147711268049613653e-01
1.438277982779828212e+00 4.343190261372267269e-01
1.439640117435363686e+00 4.447948905200656555e-01
1.441004834581476990e+00 4.446003991644284503e-01
1.442372141569409294e+00 4.355858200137261993e-01
1.443742045778326766e+00 4.221486349224679024e-01
1.445114554615458013e+00 4.082035739294274657e-01
1.446489675516224649e+00 3.942310846991279316e-01
1.447867415944375846e+00 3.774719224613724555e-01
1.449247783392125344e+00 3.546794696486513243e-01
1.450630785380284449e+00 3.245525672583151056e-01
1.452016429458401037e+00 2.886634719498269996e-01
1.453404723204895888e+00 2.507176690161313504e-01
1.454795674227199243e+00 2.140709534938430858e-01
1.456189290161892913e+00 1.796454622205804486e-01
1.457585578674849280e+00 1.469159078819996245e-01
1.458984547461368741e+00 1.163750275958800734e-01
1.460386204246325592e+00 8.975470585099627752e-02
1.461790556784306361e+00 6.831567232159581338e-02
1.463197612859755914e+00 5.216233422089626426e-02
1.464607380287118454e+00 4.076796922774751641e-02
1.466019866910984959e+00 3.317640978162441495e-02
1.467435080606236397e+00 2.813160347111793788e-02
1.468853029278191391e+00 2.466485891802280145e-02
1.470273720862753208e+00 2.227301656999875618e-02
1.471697163326556312e+00 2.053625507069885628e-02
1.473123364667119128e+00 1.911927923451601716e-02
1.474552332912989039e+00 1.798696961313685921e-02
1.475984076123895594e+00 1.713885352748808003e-02
1.477418602390903057e+00 1.640128390026840063e-02
1.478855919836560284e+00 1.570590234900717114e-02
1.480296036615055266e+00 1.513106582339303514e-02
1.481738960912370118e+00 1.460512776056369956e-02
1.483184700946434065e+00 1.400507425265504723e-02
1.484633264967281985e+00 1.340961620625374939e-02
1.486084661257210282e+00 1.289186684385035427e-02
1.487538898130932985e+00 1.235744722305066184e-02
1.488995983935743173e+00 1.180696587283668400e-02
1.490455927051671958e+00 1.136403125227452258e-02
1.491918735891648140e+00 1.099352829449764569e-02
1.493384418901660515e+00 1.059428327585459559e-02
1.494852984560920417e+00 1.023780695053000747e-02
1.496324441382026027e+00 9.976932478950942262e-03
1.497798797911124691e+00 9.701238639026187049e-03
1.499276062728079895e+00 9.395843307998219887e-03
1.500756244446638465e+00 9.171853418983135289e-03
1.502239351714596438e+00 8.993116494462244370e-03
1.503725393213968031e+00 8.761846819462910940e-03
1.505214377661154845e+00 8.548991894763300486e-03
1.506706313807117059e+00 8.405353461640563406e-03
1.508201210437543738e+00 8.215418489694792034e-03
1.509699076373026250e+00 7.954964897278813882e-03
1.511199920469231683e+00 7.732263919424820636e-03
1.512703751617076708e+00 7.518810582718052533e-03
1.514210578742902991e+00 7.226619943353411110e-03
1.515720410808655050e+00 6.940853718581155817e-03
1.517233256812057451e+00 6.736255545038281889e-03
1.518749125786792220e+00 6.517103316451628575e-03
1.520268026802680472e+00 6.263354451278102183e-03
1.521789968965862494e+00 6.081771612002914197e-03
1.523314961418980040e+00 5.940006778082354034e-03
1.524843013341358633e+00 5.733949852605905485e-03
1.526374133949191858e+00 5.528160232099837458e-03
1.527908332495728327e+00 5.388929102939902897e-03
1.529445618271455976e+00 5.218032735916819723e-03
1.530986000604291020e+00 4.989867708044354311e-03
1.532529488859764033e+00 4.813579745125442372e-03
1.534076092441215344e+00 4.668093379801842649e-03
1.535625820789978890e+00 4.451651996203703776e-03
1.537178683385580058e+00 4.224288321428603873e-03
1.538734689745925976e+00 4.057886938425421704e-03
1.540293849427500472e+00 3.862120592358885603e-03
1.541856172025560801e+00 3.608017267892512682e-03
1.543421667174332601e+00 3.405103366989549029e-03
1.544990344547210182e+00 3.246698844086826595e-03
1.546562213856954138e+00 3.039184692987935595e-03
1.548137284855892082e+00 2.836942810560830978e-03
1.549715567336120037e+00 2.711779539694740386e-03
1.551297071129707161e+00 2.578144933243440521e-03
1.552881806108898033e+00 2.397255054027533361e-03
1.554469782186317817e+00 2.262788938033920023e-03
1.556061009315180987e+00 2.166010254715927934e-03
1.557655497489497165e+00 2.014278001288777667e-03
1.559253256744281835e+00 1.853776107687200641e-03
1.560854297155765735e+00 1.755533380813877270e-03
1.562458628841607577e+00 1.645882868863793834e-03
1.564066261961107429e+00 1.489225564719826511e-03
1.565677206715418990e+00 1.373671262721602422e-03
1.567291473347768083e+00 1.296506824912014785e-03
1.568909072143668260e+00 1.174024883446823150e-03
1.570530013431139738e+00 1.045299183488480671e-03
1.572154307580929222e+00 9.746911592524098392e-04
1.573781965006729733e+00 8.980720246785132239e-04
1.575412996165405977e+00 7.835719853572523314e-04
1.577047411557215728e+00 7.078804930844518825e-04
1.578685221726036314e+00 6.678375182504631699e-04
1.580326437259590433e+00 5.912249511741123498e-04
1.581971068789676416e+00 5.123358901187784285e-04
1.583619126992395154e+00 4.825332481035792356e-04
1.585270622588382805e+00 4.436104759562095471e-04
1.586925566343042160e+00 3.718191957229572222e-04
1.588583969066778234e+00 3.325123662740281740e-04
1.590245841615232081e+00 3.172817822774868070e-04
1.591911194889517489e+00 2.682399963956690753e-04
1.593580039836461015e+00 2.214245367505388040e-04
1.595252387448840681e+00 2.144588655219170756e-04
1.596928248765627112e+00 1.946225169469066216e-04
1.598607634872226457e+00 1.524326982980086164e-04
1.600290556900726635e+00 1.425881196490234881e-04
1.601977026030140472e+00 1.449679586936281962e-04
1.603667053486655059e+00 1.167859360801640532e-04
1.605360650543880219e+00 1.003253382297959902e-04
1.607057828523099863e+00 1.137900660518583932e-04
1.608758598793523342e+00 1.041068617568116032e-04
1.610462972772539914e+00 8.245382080860377523e-05
1.612170961925973200e+00 9.632272925051070349e-05
1.613882577768340987e+00 1.059439544733116923e-04
1.615597831863109901e+00 8.319803140151010715e-05
1.617316735822959872e+00 8.593364061546154874e-05
1.619039301310043699e+00 1.109076594046000966e-04
1.620765540036251506e+00 9.600910753068138924e-05
1.622495463763475865e+00 7.835531359891554401e-05
1.624229084303878690e+00 1.056905660179197624e-04
1.625966413520163023e+00 1.110785489562067274e-04
1.627707463325838377e+00 7.662164785691358011e-05
1.629452245685497402e+00 8.543052525051137965e-05
1.631200772615087891e+00 1.145437026481541424e-04
1.632953056182189666e+00 8.334511862291935785e-05
1.634709108506291253e+00 5.670443955184751363e-05
1.636468941759070317e+00 9.077661334173662481e-05
1.638232568164673220e+00 8.749429216720812385e-05
1.640000000000000346e+00 3.311199271947087863e-05
