1.479999999999999982e+00 1.801535074804878379e-03
1.481053905860571174e+00 1.865611766513912331e-03
1.482109313760421765e+00 1.824424345050717653e-03
1.483166226912928876e+00 1.706803760846473941e-03
1.484224648540640734e+00 1.556239596646422215e-03
1.485284581875312426e+00 1.409161785674940392e-03
1.486346030157936315e+00 1.294653546603401206e-03
1.487408996638775571e+00 1.239057200918632865e-03
1.488473484577399475e+00 1.259037344694480818e-03
1.489539497242713173e+00 1.352816250465024113e-03
1.490607037912993427e+00 1.504995548592292327e-03
1.491676109875923473e+00 1.697096084353486804e-03
1.492746716428622555e+00 1.905222151529005741e-03
1.493818860877684562e+00 2.089398009780516364e-03
1.494892546539208000e+00 2.199562186199789052e-03
1.495967776738833299e+00 2.204006829704326185e-03
1.497044554811775896e+00 2.111826443384289161e-03
1.498122884102859542e+00 1.963518526218252166e-03
1.499202767966553607e+00 1.802388522081330028e-03
1.500284209767005716e+00 1.659488350837983860e-03
1.501367212878076840e+00 1.559922276189350298e-03
1.502451780683377924e+00 1.528317449938977526e-03
1.503537916576302980e+00 1.579592904021321449e-03
1.504625623960066605e+00 1.709640983054615910e-03
1.505714906247737295e+00 1.901634876349967557e-03
1.506805766862276519e+00 2.137032506692010479e-03
1.507898209236569587e+00 2.391793652525041943e-03
1.508992236813465837e+00 2.624408817560005755e-03
1.510087853045814166e+00 2.781737354074339565e-03
1.511185061396497886e+00 2.827246199663832182e-03
1.512283865338471589e+00 2.763175512800945897e-03
1.513384268354798667e+00 2.623023080996224419e-03
1.514486273938687955e+00 2.447358418211427033e-03
1.515589885593529029e+00 2.271557948497030487e-03
1.516695106832931961e+00 2.129396409468932265e-03
1.517801941180763281e+00 2.052667204417119723e-03
1.518910392171182400e+00 2.059354163408997490e-03
1.520020463348680684e+00 2.147080679154152183e-03
1.521132158268119428e+00 2.302889887855881067e-03
1.522245480494766934e+00 2.513877177572620102e-03
1.523360433604336039e+00 2.760613487803396503e-03
1.524477021183024306e+00 3.003772541601245662e-03
1.525595246827550877e+00 3.189711922381382233e-03
1.526715114145195562e+00 3.276748572079122689e-03
1.527836626753838134e+00 3.254932930134619810e-03
1.528959788281996524e+00 3.141030081361526841e-03
1.530084602368866342e+00 2.962659264123341987e-03
1.531211072664359740e+00 2.752971884901216429e-03
1.532339202829146041e+00 2.552762206621870308e-03
1.533468996534689932e+00 2.402726253028446713e-03
1.534600457463292322e+00 2.327190166010474712e-03
1.535733589308129643e+00 2.329534768875814003e-03
1.536868395773295148e+00 2.405288364876341164e-03
1.538004880573837108e+00 2.552405173609057464e-03
1.539143047435802547e+00 2.762247444147185836e-03
1.540282900096274998e+00 3.004872592256586233e-03
1.541424442303416686e+00 3.232541884422049285e-03
1.542567677816509608e+00 3.400294327266855429e-03
1.543712610405997276e+00 3.480665824594377563e-03
1.544859243853524466e+00 3.462789338908764739e-03
1.546007581951980958e+00 3.350012150251463049e-03
1.547157628505541949e+00 3.165803003782398459e-03
1.548309387329710463e+00 2.954725646264378877e-03
1.549462862251359763e+00 2.765169882056761879e-03
1.550618057108775316e+00 2.627236190628129409e-03
1.551774975751697427e+00 2.550138402074692088e-03
1.552933622041364758e+00 2.538038393223542109e-03
1.554093999850556518e+00 2.598305829365751395e-03
1.555256113063635537e+00 2.729946581214515340e-03
1.556419965576592235e+00 2.911209575368157738e-03
1.557585561297086807e+00 3.106185632551723263e-03
1.558752904144495188e+00 3.280936713612907837e-03
1.559921998049951464e+00 3.407649419613086907e-03
1.561092846956391167e+00 3.458738825627707091e-03
1.562265454818598354e+00 3.411875006916716743e-03
1.563439825603247124e+00 3.268514271705243949e-03
1.564615963288949141e+00 3.061321566923887703e-03
1.565793871866295373e+00 2.835520888730941932e-03
1.566973555337904056e+00 2.624213564463331351e-03
1.568155017718464883e+00 2.445092197276510070e-03
1.569338263034784298e+00 2.314030274916412024e-03
1.570523295325832569e+00 2.248674792735205590e-03
1.571710118642787313e+00 2.255316575474447440e-03
1.572898737049081008e+00 2.321051577797599019e-03
1.574089154620449627e+00 2.424641311407210297e-03
1.575281375444974374e+00 2.548846531009358023e-03
1.576475403623133653e+00 2.675334071932758493e-03
1.577671243267844803e+00 2.774029364345255693e-03
1.578868898504516727e+00 2.811442957731713314e-03
1.580068373471093413e+00 2.774139882856784325e-03
1.581269672318102337e+00 2.677656890122099773e-03
1.582472799208704206e+00 2.549553691904053992e-03
1.583677758318739137e+00 2.410691383421563559e-03
1.584884553836775289e+00 2.277143434739740870e-03
1.586093189964157713e+00 2.170725780650613248e-03
1.587303670915057641e+00 2.114235977524996177e-03
1.588516000916520232e+00 2.115660061539130238e-03
1.589730184208514752e+00 2.166291412695527802e-03
1.590946225043983864e+00 2.256166887005367581e-03
1.592164127688892483e+00 2.381617767422451477e-03
1.593383896422278401e+00 2.532109659921581192e-03
1.594605535536302909e+00 2.678479875193074365e-03
1.595829049336300320e+00 2.785427808769994594e-03
1.597054442140827701e+00 2.834696794576041946e-03
1.598281718281718167e+00 2.829161119926338133e-03
1.599510882104129728e+00 2.777800941254841838e-03
1.600741937966597472e+00 2.689261469055758726e-03
1.601974890241084193e+00 2.582981436750414733e-03
1.603209743313034563e+00 2.493679826632358432e-03
1.604446501581423989e+00 2.453671300327465304e-03
1.605685169458812567e+00 2.475154011102470748e-03
1.606925751371397704e+00 2.558138798163116061e-03
1.608168251759066081e+00 2.709909291609029387e-03
1.609412675075446941e+00 2.942450715064223211e-03
1.610659025787965604e+00 3.249156797093955083e-03
1.611907308377896531e+00 3.597005817381719074e-03
1.613157527340417285e+00 3.948142236109899832e-03
1.614409687184661601e+00 4.280056472066550745e-03
1.615663792433776225e+00 4.579149699852873810e-03
1.616919847624970874e+00 4.829491919714756602e-03
1.618177857309577306e+00 5.027651870833671835e-03
1.619437826053102825e+00 5.206890903448554292e-03
1.620699758435284021e+00 5.428550672964270983e-03
1.621963659050144502e+00 5.744155202829916845e-03
1.623229532506048622e+00 6.179740385473647332e-03
1.624497383425759667e+00 6.762387238128316456e-03
1.625767216446494245e+00 7.541083137721157903e-03
1.627039036219979584e+00 8.558559710167092105e-03
1.628312847412510811e+00 9.806313794161452407e-03
1.629588654705006912e+00 1.122321280619712966e-02
1.630866462793068239e+00 1.273160180123570663e-02
1.632146276387036021e+00 1.425146379966552544e-02
1.633428100212047429e+00 1.568480197341111729e-02
1.634711939008095527e+00 1.693500878963599340e-02
1.635997797530087450e+00 1.798553267263676078e-02
1.637285680547902134e+00 1.895429498756042580e-02
1.638575592846450935e+00 2.004222169985671667e-02
1.639867539225735138e+00 2.143100097518958747e-02
1.641161524500907465e+00 2.325889147486790223e-02
1.642457553502329803e+00 2.568607037440569230e-02
1.643755631075634049e+00 2.891398817500985541e-02
1.645055762081784279e+00 3.307320751200309300e-02
1.646357951397134700e+00 3.808082600845375670e-02
1.647662203913491386e+00 4.361984842466379991e-02
1.648968524538175107e+00 4.924066373226491239e-02
1.650276918194080844e+00 5.447260445184475691e-02
1.651587389819741070e+00 5.892321525629710260e-02
1.652899944369387253e+00 6.244066251767749903e-02
1.654214586813011811e+00 6.529424391444096920e-02
1.655531322136432504e+00 6.815840271683018536e-02
1.656850155341352604e+00 7.181696351043267978e-02
1.658171091445427736e+00 7.685537447255040566e-02
1.659494135482326715e+00 8.365761929389188556e-02
1.660819292501796607e+00 9.258248154027887145e-02
1.662146567569727562e+00 1.038392949244721086e-01
1.663475965768215437e+00 1.169336860695329994e-01
1.664807492195629735e+00 1.302806628362776220e-01
1.666141151966674672e+00 1.416802429470338798e-01
1.667476950212458897e+00 1.495035330825585096e-01
1.668814892080558554e+00 1.536063674635304577e-01
1.670154982735083893e+00 1.552378663913266399e-01
1.671497227356746995e+00 1.562614210390876057e-01
1.672841631142925944e+00 1.585399015480030704e-01
1.674188199307735658e+00 1.637474289266854510e-01
1.675536937082091393e+00 1.730656750348095740e-01
1.676887849713778911e+00 1.863742616402142838e-01
1.678240942467522201e+00 2.014858802255243830e-01
1.679596220625050762e+00 2.144353759669264670e-01
1.680953689485169322e+00 2.211163697289086627e-01
1.682313354363827784e+00 2.193919728843893580e-01
1.683675220594187394e+00 2.103371793216302632e-01
1.685039293526695348e+00 1.977872831538960430e-01
1.686405578529149407e+00 1.863243898217382399e-01
1.687774080986772729e+00 1.787053473030570661e-01
1.689144806302282031e+00 1.742355830777685133e-01
1.690517759895960204e+00 1.693114593481743757e-01
1.691892947205726916e+00 1.600027335788611060e-01
1.693270373687210117e+00 1.448577008678372524e-01
1.694650044813819090e+00 1.257158561724690260e-01
1.696031966076816611e+00 1.059803867000366773e-01
1.697416142985391119e+00 8.810245011789906433e-02
1.698802581066732209e+00 7.257094483460806156e-02
1.700191285866099911e+00 5.890824759746800254e-02
1.701582262946903290e+00 4.709823814151961607e-02
1.702975517890772394e+00 3.779890084903442249e-02
1.704371056297631748e+00 3.142468871010486303e-02
1.705768883785778733e+00 2.747200631259912387e-02
1.707169005991956201e+00 2.489470668316479812e-02
1.708571428571428408e+00 2.293213724395427866e-02
1.709976157198059843e+00 2.139493761479450973e-02
1.711383197564387393e+00 2.029204412196496804e-02
1.712792555381701609e+00 1.947636034128093913e-02
1.714204236380120649e+00 1.873257307038424940e-02
1.715618246308669548e+00 1.801528718558631850e-02
1.717034590935358818e+00 1.742221424999194912e-02
1.718453276047260836e+00 1.697748062429913635e-02
1.719874307450591333e+00 1.657598004794526986e-02
1.721297690970785554e+00 1.614310675972032913e-02
1.722723432452579972e+00 1.573182483964041117e-02
1.724151537760093111e+00 1.541370180498840940e-02
1.725582012776901930e+00 1.515509568055774595e-02
1.727014863406128198e+00 1.487121498331237315e-02
1.728450095570514655e+00 1.455571987598266483e-02
1.729887715212509391e+00 1.427661567260446809e-02
1.731327728294347779e+00 1.405663381925286934e-02
1.732770140798133740e+00 1.383532188789081060e-02
1.734214958725923461e+00 1.356670557245130866e-02
1.735662188099807990e+00 1.328957250658619089e-02
1.737111834961998058e+00 1.306134588941836733e-02
1.738563905374905794e+00 1.286810948561224570e-02
1.740018405421233094e+00 1.265405275260862196e-02
1.741475341204052674e+00 1.241666086849533245e-02
1.742934718846895326e+00 1.221257968377023086e-02
1.744396544493835410e+00 1.206831955896460647e-02
1.745860824309577897e+00 1.194153499719106080e-02
1.747327564479543183e+00 1.179228718561378154e-02
1.748796771209955470e+00 1.164643688791486623e-02
1.750268450727930913e+00 1.155025965501791860e-02
1.751742609281563112e+00 1.149251853420224165e-02
1.753219253140015255e+00 1.142008677345892481e-02
1.754698388593604941e+00 1.132017577671441851e-02
1.756180021953896775e+00 1.123621794713371667e-02
1.757664159553790295e+00 1.119362245646939903e-02
1.759150807747610568e+00 1.115645917863703450e-02
1.760639972911199669e+00 1.108418925592821042e-02
1.762131661442006614e+00 1.099575696701511097e-02
1.763625879759179282e+00 1.093769793961574949e-02
1.765122634303657900e+00 1.090836549175699943e-02
1.766621931538265411e+00 1.086026789793849770e-02
1.768123777947802511e+00 1.077598340980069104e-02
1.769628180039138687e+00 1.069501436166275278e-02
1.771135144341309919e+00 1.064875928623913205e-02
1.772644677405608160e+00 1.060886306760047866e-02
1.774156785805681258e+00 1.053229556712780186e-02
1.775671476137624882e+00 1.043064970274199671e-02
1.777188755020080668e+00 1.035226809280457606e-02
1.778708629094329918e+00 1.030606741752819640e-02
1.780231105024394633e+00 1.024959145270543277e-02
1.781756189497130105e+00 1.016037143736772674e-02
1.783283889222327057e+00 1.007545591905679126e-02
1.784814210932807121e+00 1.003487345702836625e-02
1.786347161384523208e+00 1.001933530266256069e-02
1.787882747356657864e+00 9.982274018565799253e-03
1.789420975651724977e+00 9.924958527027872082e-03
1.790961853095668577e+00 9.893780114038500453e-03
1.792505386537964540e+00 9.903524069247231568e-03
1.794051582851721172e+00 9.909989293284243370e-03
1.795600448933782456e+00 9.877026913933413879e-03
1.797151991704829976e+00 9.831302943643352790e-03
1.798706218109487498e+00 9.816676848305623537e-03
1.800263135116420443e+00 9.820865987379759354e-03
1.801822749718444028e+00 9.792556179903705652e-03
1.803385068932628288e+00 9.722676440651041238e-03
1.804950099800399110e+00 9.659595742993081977e-03
1.806517849387648811e+00 9.632578406803997753e-03
1.808088324784838941e+00 9.605281127508512665e-03
1.809661533107108422e+00 9.534449689600368524e-03
1.811237481494383017e+00 9.440618493035454056e-03
1.812816177111479243e+00 9.376939549122036838e-03
1.814397627148216063e+00 9.344765555284063191e-03
1.815981838819523464e+00 9.291291780996737901e-03
1.817568819365551036e+00 9.194560832816176324e-03
1.819158576051779885e+00 9.100400758371793991e-03
1.820751116169132544e+00 9.050999898928656015e-03
1.822346447034084216e+00 9.018418664605837645e-03
1.823944575988775352e+00 8.950322181609994543e-03
1.825545510401123561e+00 8.856082440896834163e-03
1.827149257664939075e+00 8.794817735620302432e-03
1.828755825200035323e+00 8.782454006455883005e-03
1.830365220452345287e+00 8.765994521667765452e-03
1.831977450894036963e+00 8.707832521266676076e-03
1.833592524023626824e+00 8.646217521855036059e-03
1.835210447366099284e+00 8.633616189786048195e-03
1.836831228473019273e+00 8.649859314515074768e-03
1.838454874922655469e+00 8.630127969372160257e-03
1.840081394320092212e+00 8.565718069813550717e-03
1.841710794297352294e+00 8.516857030677270693e-03
1.843343082513515974e+00 8.514868599345774489e-03
1.844978266654838883e+00 8.509177489702214256e-03
1.846616354434875262e+00 8.446175029671132081e-03
1.848257353594597419e+00 8.356032971594052824e-03
1.849901271902517186e+00 8.307199020980359297e-03
1.851548117154811823e+00 8.298232062481578075e-03
1.853197897175443254e+00 8.259842888452903140e-03
1.854850619816284629e+00 8.166746161491498027e-03
1.856506292957243565e+00 8.081402037060821109e-03
1.858164924506388038e+00 8.056751063891583881e-03
1.859826522400071624e+00 8.051062112107017568e-03
1.861491094603060725e+00 7.993132932989290007e-03
1.863158649108662468e+00 7.897070527776713783e-03
1.864829193938850826e+00 7.842458754915009045e-03
1.866502737144395629e+00 7.847760733711637085e-03
1.868179286804994232e+00 7.838612772503091020e-03
1.869858851029398306e+00 7.765634232339690447e-03
1.871541437955547726e+00 7.685868296268756270e-03
1.873227055750698256e+00 7.674342466711550279e-03
1.874915712611556762e+00 7.702884783103159695e-03
1.876607416764414227e+00 7.681488303628616378e-03
1.878302176465275863e+00 7.601185608453304120e-03
1.880000000000000115e+00 7.550401631814739403e-03
