8.000000000000000444e-01 1.788295141265676316e-04
8.008928571428572951e-01 1.832064029178167804e-04
8.017877094972067908e-01 1.940653467480803283e-04
8.026845637583893689e-01 1.605995610117068014e-04
8.035834266517358770e-01 1.319690241194993493e-04
8.044843049327355944e-01 1.397574904784009602e-04
8.053872053872055403e-01 1.547942349887975811e-04
8.062921348314608938e-01 1.574108871626104904e-04
8.071991001124860787e-01 1.677186047329910822e-04
8.081081081081082917e-01 1.502556152883453020e-04
8.090191657271704750e-01 1.177458373392345216e-04
8.099322799097066206e-01 1.181750876792606882e-04
8.108474576271187395e-01 1.319703672349698627e-04
8.117647058823530548e-01 1.140885535197485326e-04
8.126840317100793021e-01 9.554118126784568962e-05
8.136054421768708078e-01 8.069484745294407927e-05
8.145289443813849006e-01 5.886681190970669751e-05
8.154545454545455430e-01 5.122127772688243576e-05
8.163822525597270729e-01 5.790020225544800363e-05
8.173120728929387235e-01 4.891941777768640500e-05
8.182440136830104738e-01 3.437109169622585523e-05
8.191780821917810096e-01 3.237536365383007222e-05
8.201142857142859066e-01 2.633160088593604272e-05
8.210526315789474783e-01 1.671327828055152318e-05
8.219931271477665113e-01 1.993104603416886043e-05
8.229357798165138904e-01 2.114855798154893006e-05
8.238805970149254421e-01 3.325528521611084067e-06
8.248275862068966680e-01 6.077544948384043720e-06
8.257767548906791433e-01 4.298984496796419348e-05
8.267281105990784695e-01 3.529475273293052973e-05
8.276816608996541147e-01 2.035798023037156614e-04
8.286374133949193643e-01 1.152062954878546753e-05
8.295953757225436043e-01 2.748346659738032056e-06
8.305555555555556024e-01 3.991971978957338507e-05
8.315179606025494552e-01 1.219312825456219990e-05
8.324825986078888684e-01 2.834080616355069275e-05
8.334494773519164346e-01 1.725350141655842336e-04
8.344186046511630206e-01 8.101028011410035703e-05
8.353899883585564901e-01 1.209297385204486702e-05
8.363636363636365312e-01 1.018418362968313848e-06
8.373395565927654882e-01 1.989383447134714228e-05
8.383177570093458542e-01 2.592156367834588663e-05
8.392982456140353209e-01 2.544570130611183422e-05
8.402810304449650491e-01 4.325498245544310628e-05
8.412661195779603807e-01 8.516745206688405530e-05
8.422535211267607735e-01 6.511342021679930299e-05
8.432432432432434011e-01 1.281014903384984071e-05
8.442352941176471948e-01 2.047066644015444853e-08
8.452296819787987747e-01 1.574364343132208938e-05
8.462264150943397123e-01 7.008386777335097895e-05
8.472255017709563463e-01 9.707777748444307026e-05
8.482269503546101541e-01 7.737269428662075252e-05
8.492307692307694555e-01 7.459032962714022856e-05
8.502369668246447798e-01 1.107459833889585458e-04
8.512455516014236778e-01 1.864077524519013843e-04
8.522565320665084210e-01 1.467036789286069729e-04
8.532699167657551431e-01 7.690116532989980968e-05
8.542857142857144259e-01 3.215169506743853267e-05
8.553039332538737716e-01 2.143281120267665036e-05
8.563245823389021849e-01 4.729840460575570569e-05
8.573476702508960878e-01 6.133611073545094353e-05
8.583732057416268990e-01 4.151429206993854964e-05
8.594011976047905010e-01 1.520792231010425318e-05
8.604316546762590390e-01 9.377138270881942234e-06
8.614645858343337181e-01 3.617253230003161165e-06
8.625000000000001554e-01 2.480126451795646025e-05
8.635379061371841747e-01 4.848590736200155478e-05
8.645783132530121540e-01 1.686526679742205706e-04
8.656212303980700407e-01 5.630093300596323517e-04
8.666666666666668073e-01 6.167409532371074740e-04
8.677146311970981296e-01 6.533824151021536998e-04
8.687651331719129510e-01 1.359433859062489011e-04
8.698181818181818237e-01 1.066237552824736472e-04
8.708737864077670254e-01 2.500483072432485858e-04
8.719319562575943428e-01 4.738573990673140791e-04
8.729927007299271846e-01 6.518725212522066088e-04
8.740560292326432501e-01 6.892292953012460997e-04
8.751219512195124173e-01 3.822782731512974807e-04
8.761904761904764083e-01 1.868557015087139240e-04
8.772616136919316743e-01 1.477148766697752012e-04
8.783353733170136124e-01 2.530961162636101392e-04
8.794117647058824483e-01 3.656261754736939780e-04
8.804907975460123382e-01 3.739472356520228140e-04
8.815724815724815810e-01 2.950193146328491684e-04
8.826568265682657177e-01 2.523761288972098111e-04
8.837438423645321839e-01 3.020394910105943654e-04
8.848335388409371838e-01 4.338839023585830705e-04
8.859259259259260055e-01 4.762405648191109231e-04
8.870210135970335585e-01 3.740125284262100255e-04
8.881188118811883525e-01 2.439596651953648550e-04
8.892193308550188080e-01 1.823024533774916269e-04
8.903225806451614543e-01 2.179809647745386300e-04
8.914285714285715700e-01 2.899417549649902035e-04
8.925373134328360436e-01 2.768052216502189344e-04
8.936488169364882328e-01 2.147439637681494750e-04
8.947630922693268207e-01 2.345985691626978808e-04
8.958801498127341167e-01 3.759614878207888779e-04
8.970000000000002416e-01 6.585783398929691800e-04
8.981226533166460912e-01 9.535908333280347605e-04
8.992481203007521851e-01 8.538291763669626604e-04
9.003764115432874027e-01 4.754221849396719508e-04
9.015075376884422731e-01 2.182922719547926460e-04
9.026415094339623746e-01 1.393053633136717587e-04
9.037783375314862866e-01 2.363451028615501978e-04
9.049180327868854290e-01 4.468596004664591873e-04
9.060606060606062329e-01 5.094345849938936195e-04
9.072060682680153088e-01 3.328283513346006459e-04
9.083544303797469466e-01 1.709926238530107463e-04
9.095057034220532799e-01 1.998892982057171963e-04
9.106598984771574479e-01 4.790598209694288813e-04
9.118170266836086446e-01 9.034693240093483830e-04
9.129770992366413873e-01 1.259576286425596664e-03
9.141401273885352285e-01 1.079013387336674431e-03
9.153061224489797976e-01 6.835132309416890170e-04
9.164750957854407298e-01 3.878993187148661653e-04
9.176470588235294823e-01 1.896095311962533048e-04
9.188220230473753691e-01 8.748800050477575940e-05
9.200000000000000400e-01 1.545270533962605911e-04
9.211810012836971762e-01 3.201015790092486858e-04
9.223650385604114099e-01 4.246150631552324402e-04
9.235521235521236827e-01 5.592433475136968134e-04
9.247422680412373808e-01 7.466257867947847073e-04
9.259354838709679125e-01 8.958846719711833443e-04
9.271317829457366155e-01 9.036413226578724834e-04
9.283311772315654409e-01 7.309263191739651588e-04
9.295336787564768555e-01 5.118580529900941013e-04
9.307392996108951877e-01 3.843485678353346477e-04
9.319480519480520808e-01 3.825411772812190242e-04
9.331599479843953882e-01 4.352046356832857030e-04
9.343750000000000666e-01 4.623728611699155539e-04
9.355932203389831781e-01 4.436702209460783946e-04
9.368146214099217772e-01 4.211986948420966899e-04
9.380392156862744635e-01 4.750681348434320872e-04
9.392670157068064851e-01 6.204939181722104189e-04
9.404980340760159541e-01 8.206119203897654403e-04
9.417322834645670548e-01 9.192422393519188379e-04
9.429697766097242528e-01 8.222115346192534818e-04
9.442105263157896111e-01 5.908244951120397931e-04
9.454545454545455474e-01 4.105175939642812422e-04
9.467018469656993673e-01 3.751921641626891342e-04
9.479524438573316836e-01 4.507303820301219359e-04
9.492063492063492758e-01 5.589668088465794913e-04
9.504635761589405041e-01 6.087088814558893040e-04
9.517241379310346083e-01 6.222411842188957203e-04
9.529880478087652262e-01 6.436220285302744412e-04
9.542553191489364650e-01 7.078442298891167569e-04
9.555259653794940800e-01 8.307557485434486581e-04
9.568000000000000949e-01 8.984851644650692498e-04
9.580774365821095317e-01 8.239476427698792099e-04
9.593582887700534689e-01 7.005453211579668743e-04
9.606425702811247636e-01 6.468931328400799206e-04
9.619302949061662167e-01 6.984799092652175948e-04
9.632214765100672871e-01 8.481466538553352526e-04
9.645161290322581404e-01 1.024536937090660864e-03
9.658142664872140237e-01 1.120847367003626176e-03
9.671159029649595285e-01 1.189085532312719393e-03
9.684210526315791823e-01 1.311129724377468452e-03
9.697297297297298169e-01 1.529693406478050159e-03
9.710419485791611516e-01 1.870045544754819463e-03
9.723577235772358218e-01 2.315308402735908287e-03
9.736770691994574012e-01 2.841742729033381806e-03
9.750000000000001998e-01 3.590954430502403191e-03
9.763265306122449472e-01 5.021145297710766925e-03
9.776566757493188042e-01 7.479312880640322063e-03
9.789904502046384849e-01 1.081140523329392721e-02
9.803278688524590390e-01 1.470821445963036572e-02
9.816689466484270765e-01 1.911864913790411319e-02
9.830136986301373225e-01 2.436537652287546971e-02
9.843621399176956110e-01 3.180088425091037729e-02
9.857142857142858761e-01 4.354859306963562021e-02
9.870701513067401400e-01 5.939875871620670794e-02
9.884297520661158298e-01 7.709026678661287657e-02
9.897931034482759793e-01 9.584481792576554637e-02
9.911602209944752051e-01 1.184503476186316712e-01
9.925311203319503450e-01 1.473743057135682710e-01
9.939058171745154269e-01 1.792427799190278448e-01
9.952843273231624099e-01 2.101427601949569235e-01
9.966666666666667007e-01 2.425560993144961486e-01
9.980528511821976645e-01 2.769388801242315679e-01
9.994428969359333559e-01 3.023261888122950602e-01
1.000836820083682133e+00 3.112519147458499003e-01
1.002234636871508489e+00 3.075051304689912501e-01
1.003636363636363660e+00 2.963813888768013771e-01
1.005042016806722893e+00 2.785967365849919553e-01
1.006451612903225934e+00 2.548118972729949139e-01
1.007865168539326062e+00 2.246421752233065672e-01
1.009282700421941126e+00 1.856030686957620968e-01
1.010704225352112795e+00 1.400288922770394351e-01
1.012129760225669806e+00 9.802545313257958470e-02
1.013559322033898535e+00 6.630767166629830678e-02
1.014992927864215133e+00 4.466611050215530537e-02
1.016430594900849860e+00 3.075084758891487649e-02
1.017872340425532096e+00 2.238740864403363298e-02
1.019318181818182012e+00 1.746992490812860482e-02
1.020768136557610228e+00 1.399360174806239115e-02
1.022222222222222365e+00 1.114125167012249354e-02
1.023680456490727586e+00 9.180356280587793211e-03
1.025142857142857356e+00 8.128770598557622309e-03
1.026609442060085975e+00 7.601833871778876199e-03
1.028080229226361109e+00 7.108386169790581292e-03
1.029555236728837864e+00 6.529133627674097926e-03
1.031034482758620641e+00 5.990366347779202578e-03
1.032517985611510980e+00 5.446245336403956507e-03
1.034005763688760959e+00 4.862079639220591443e-03
1.035497835497835695e+00 4.474137853722080435e-03
1.036994219653179394e+00 4.411132955531814163e-03
1.038494934876989850e+00 4.420823612549088649e-03
1.040000000000000258e+00 4.198814441240351913e-03
1.041509433962264364e+00 3.867150139844917518e-03
1.043023255813953609e+00 3.598612361829371751e-03
1.044541484716157376e+00 3.309948975167454656e-03
1.046064139941691007e+00 3.023384808303749074e-03
1.047591240875912710e+00 2.902426705957497806e-03
1.049122807017544012e+00 2.911289538189077569e-03
1.050658857979502425e+00 2.825127687381248469e-03
1.052199413489736335e+00 2.595058482525720682e-03
1.053744493392070769e+00 2.373310109374380649e-03
1.055294117647058938e+00 2.199400491486382201e-03
1.056848306332842435e+00 2.056222066810370515e-03
1.058407079646017657e+00 1.975225540582081860e-03
1.059970457902511098e+00 1.954562883794842831e-03
1.061538461538461542e+00 1.941902247018128516e-03
1.063111111111111340e+00 1.886393247469165700e-03
1.064688427299703255e+00 1.761212093656342294e-03
1.066270430906389288e+00 1.607644901836260054e-03
1.067857142857143060e+00 1.513000813972309282e-03
1.069448584202682850e+00 1.494760958626694010e-03
1.071044776119403297e+00 1.469753993835489023e-03
1.072645739910313978e+00 1.415383079423051995e-03
1.074251497005988210e+00 1.385797312824869985e-03
1.075862068965517393e+00 1.328729746759493716e-03
1.077477477477477574e+00 1.182814136310226258e-03
1.079097744360902222e+00 1.057693756941409467e-03
1.080722891566264998e+00 1.028432986782237000e-03
1.082352941176470740e+00 1.012145771211378498e-03
1.083987915407855107e+00 9.496518605558900350e-04
1.085627836611195329e+00 9.061088975057082946e-04
1.087272727272727169e+00 8.786777659494768213e-04
1.088922610015174541e+00 7.947251833988085417e-04
1.090577507598784468e+00 7.009091293969685029e-04
1.092237442922374679e+00 6.655192214292462993e-04
1.093902439024390105e+00 6.457761819062372843e-04
1.095572519083969354e+00 6.096079253030805417e-04
1.097247706422018521e+00 5.914364897700461138e-04
1.098928024502296985e+00 5.689991460676796986e-04
1.100613496932515423e+00 5.006544654587094523e-04
1.102304147465437811e+00 4.401491459736984373e-04
1.104000000000000092e+00 4.166347865462062951e-04
1.105701078582434604e+00 3.746442946273476787e-04
1.107407407407407618e+00 3.224965152925147365e-04
1.109119010819165307e+00 3.134706597029189123e-04
1.110835913312693712e+00 2.969505079476213367e-04
1.112558139534884027e+00 2.264305572896654635e-04
1.114285714285714324e+00 1.795019522305670359e-04
1.116018662519440152e+00 1.727406680734973506e-04
1.117757009345794250e+00 1.350049056231659062e-04
1.119500780031201126e+00 8.503920494180262023e-05
1.121250000000000302e+00 7.971780512563990037e-05
1.123004694835680883e+00 6.984453632882517340e-05
1.124764890282131669e+00 2.260360063093811678e-05
1.126530612244897922e+00 6.729629194238197242e-06
1.128301886792452802e+00 2.661009275810664713e-05
1.130078740157480333e+00 1.320759211034269592e-05
1.131861198738170371e+00 1.574291838377597124e-04
1.133649289099526225e+00 2.049692756443371035e-05
1.135443037974683600e+00 1.361094850225425630e-04
1.137242472266244198e+00 3.208657633309481855e-03
1.139047619047619087e+00 5.670993166331469472e-03
1.140858505564388059e+00 2.648326529551645481e-03
1.142675159235668980e+00 4.537119835403575357e-03
1.144497607655502458e+00 1.889794476590962724e-02
1.146325878594249392e+00 3.360465520583993254e-02
1.148160000000000069e+00 1.625762864700000532e-02
1.150000000000000133e+00 1.308719192898573705e-02
1.151845906902086769e+00 1.480403577878499494e-02
1.153697749196141764e+00 2.700168515171252892e-02
1.155555555555555669e+00 3.083111758113226547e-02
1.157419354838709724e+00 1.940798756892316360e-02
1.159289176090468665e+00 1.415370763765979104e-02
1.161165048543689515e+00 1.188076543301879069e-02
1.163047001620745702e+00 1.213268960563882067e-02
1.164935064935065157e+00 1.187423019703737204e-02
1.166829268292683297e+00 1.078242601219128044e-02
1.168729641693811327e+00 8.933119560641543389e-03
1.170636215334420971e+00 7.593315623184357203e-03
1.172549019607843412e+00 6.576128559408234674e-03
1.174468085106382897e+00 5.070050475444178376e-03
1.176393442622950980e+00 3.223283285182964881e-03
1.178325123152709430e+00 2.401668623822100345e-03
1.180263157894737125e+00 2.913227043633555540e-03
1.182207578253706926e+00 2.924102454861560348e-03
1.184158415841584544e+00 2.626538426092825396e-03
1.186115702479338951e+00 1.771143784824447598e-03
1.188079470198675658e+00 7.363599971228142367e-04
1.190049751243781095e+00 7.897475584335497678e-04
1.192026578073089871e+00 1.396639216872872609e-03
1.194009983361064897e+00 1.851810217811974794e-03
1.196000000000000174e+00 1.793149982893090010e-03
1.197996661101836446e+00 1.376974242616289031e-03
1.200000000000000178e+00 5.621051794546313030e-04
