1.500000000000000444e+00 1.094436890492937048e-03
1.501056896248018635e+00 8.921932162098769343e-04
1.502115282919090911e+00 8.442677106952964491e-04
1.503175163168107620e+00 9.328296031591651197e-04
1.504236540158870428e+00 1.082472694877203425e-03
1.505299417064123180e+00 1.250798023393228991e-03
1.506363797065582766e+00 1.447970783456513453e-03
1.507429683353971761e+00 1.673194579353064681e-03
1.508497079129049734e+00 1.860043071588325138e-03
1.509565987599645887e+00 1.911076623645867854e-03
1.510636411983691030e+00 1.791192539717708287e-03
1.511708355508249335e+00 1.573455540100284671e-03
1.512781821409551197e+00 1.381572187088235060e-03
1.513856812933025653e+00 1.289576049242935210e-03
1.514933333333333687e+00 1.284602220802144720e-03
1.516011385874399764e+00 1.322061995498065084e-03
1.517090973829446465e+00 1.396974925475361756e-03
1.518172100481026465e+00 1.544055675833526202e-03
1.519254769121055615e+00 1.770835963390307317e-03
1.520338983050848025e+00 2.010559724353813346e-03
1.521424745581146265e+00 2.158167200220357986e-03
1.522512060032160219e+00 2.154668977371206745e-03
1.523600929733595954e+00 2.029786356937368988e-03
1.524691358024691912e+00 1.862198812969700044e-03
1.525783348254252880e+00 1.708597437551608294e-03
1.526876903780684858e+00 1.579304711130453910e-03
1.527972027972028135e+00 1.474673292953743425e-03
1.529068724205993490e+00 1.424308940742184237e-03
1.530166995869995050e+00 1.475279629201173498e-03
1.531266846361186040e+00 1.643954795750550727e-03
1.532368279086495644e+00 1.891396090927043505e-03
1.533471297462659866e+00 2.151194886219673103e-03
1.534575904916261724e+00 2.374507989741932602e-03
1.535682104883762999e+00 2.540790383768649040e-03
1.536789900811542209e+00 2.631604461806339758e-03
1.537899296155928797e+00 2.613875174981127557e-03
1.539010294383240440e+00 2.464927746436995117e-03
1.540122898969817689e+00 2.212864417262395359e-03
1.541237113402062153e+00 1.938213364813661747e-03
1.542352941176470704e+00 1.723976718716666587e-03
1.543470385799674327e+00 1.602644177619437678e-03
1.544589450788472096e+00 1.554935341810705952e-03
1.545710139669871364e+00 1.556638911063818517e-03
1.546832455981121957e+00 1.615898999316894369e-03
1.547956403269755032e+00 1.757553971026054292e-03
1.549081985093619718e+00 1.975652223735958630e-03
1.550209205020920633e+00 2.212859787475885461e-03
1.551338066630256973e+00 2.393015832631225324e-03
1.552468573510658034e+00 2.471646075887519011e-03
1.553600729261622959e+00 2.452044263294565415e-03
1.554734537493158486e+00 2.358551610706779815e-03
1.555870001825817139e+00 2.207327094973017545e-03
1.557007125890736532e+00 2.009973540341728360e-03
1.558145913329676668e+00 1.797466394377956675e-03
1.559286367795059691e+00 1.623786912238034787e-03
1.560428492950009405e+00 1.535532818559246252e-03
1.561572292468389467e+00 1.539925413058164643e-03
1.562717770034843578e+00 1.609137956212840529e-03
1.563864929344834120e+00 1.715610594248415241e-03
1.565013774104683453e+00 1.854990371184646759e-03
1.566164308031612107e+00 2.028898284860544774e-03
1.567316534853779864e+00 2.210682857441801860e-03
1.568470458310326165e+00 2.340824945487945345e-03
1.569626082151409197e+00 2.364794009259731360e-03
1.570783410138248959e+00 2.275167821860283636e-03
1.571942446043165909e+00 2.113140247907093622e-03
1.573103193649621812e+00 1.930026644894495928e-03
1.574265656752263265e+00 1.752446691499635282e-03
1.575429839156960998e+00 1.585384901797042001e-03
1.576595744680851396e+00 1.439604125960488494e-03
1.577763377152379354e+00 1.343009125582786834e-03
1.578932740411340241e+00 1.320193333354181386e-03
1.580103838308919428e+00 1.366882651313219106e-03
1.581276674707738250e+00 1.452454748483210248e-03
1.582451253481894415e+00 1.547530103630192187e-03
1.583627578517004864e+00 1.642070699585905730e-03
1.584805653710247730e+00 1.732809979657953586e-03
1.585985482970408089e+00 1.799666230800466525e-03
1.587167070217917919e+00 1.806466983411648183e-03
1.588350419384902734e+00 1.730883828434970047e-03
1.589535534415221107e+00 1.589984634226832309e-03
1.590722419264514187e+00 1.429927716559202273e-03
1.591911077900243221e+00 1.289676951443146724e-03
1.593101514301739297e+00 1.178618726398620274e-03
1.594293732460243529e+00 1.089931320315592339e-03
1.595487736378955690e+00 1.028234467834119583e-03
1.596683530073074841e+00 1.014921520175918624e-03
1.597881117569848630e+00 1.065136291669435296e-03
1.599080502908613477e+00 1.166962626828948893e-03
1.600281690140845425e+00 1.289889669044362889e-03
1.601484683330201664e+00 1.411521407084382696e-03
1.602689486552567599e+00 1.528351120517302576e-03
1.603896103896104375e+00 1.638193701856327207e-03
1.605104539461292612e+00 1.720374293146395821e-03
1.606314797360980595e+00 1.744506151452548687e-03
1.607526881720430456e+00 1.701970554383643291e-03
1.608740796677365026e+00 1.622360929869589522e-03
1.609956546382014464e+00 1.552198289654907340e-03
1.611174134997164442e+00 1.518364447369607633e-03
1.612393566698202774e+00 1.517740019527859642e-03
1.613614845673168263e+00 1.542503715661138397e-03
1.614837976122797336e+00 1.606556066548468862e-03
1.616062962260573110e+00 1.737767599086487754e-03
1.617289808312773358e+00 1.944694576560692485e-03
1.618518518518518912e+00 2.199744792178557132e-03
1.619749097129823401e+00 2.460781645867252902e-03
1.620981548411642104e+00 2.704681604224618268e-03
1.622215876641919463e+00 2.931546218371639066e-03
1.623452086111640602e+00 3.137267473608412911e-03
1.624690181124881505e+00 3.295444991928157038e-03
1.625930165998855648e+00 3.379785563796957205e-03
1.627172045063968397e+00 3.404598399465276395e-03
1.628415822663864088e+00 3.431825168721413903e-03
1.629661503155479307e+00 3.529305412779858847e-03
1.630909090909091308e+00 3.725150582524908074e-03
1.632158590308370405e+00 4.011095693412481192e-03
1.633410005750431715e+00 4.389008171534574537e-03
1.634663341645885559e+00 4.899570076975921090e-03
1.635918602418890755e+00 5.591113474091378988e-03
1.637175792507204797e+00 6.460390580701854540e-03
1.638434916362238480e+00 7.435577112977783884e-03
1.639695978449105418e+00 8.424659635018982851e-03
1.640958983246678660e+00 9.375107510082865414e-03
1.642223935247639544e+00 1.027959020873201075e-02
1.643490838958534539e+00 1.113350601801245399e-02
1.644759698899826539e+00 1.191427773928768925e-02
1.646030519605949927e+00 1.262470414737422095e-02
1.647303305625362757e+00 1.335300587668480574e-02
1.648578061520604043e+00 1.426517612025450001e-02
1.649854791868345050e+00 1.551720831434636252e-02
1.651133501259446357e+00 1.717419437657212791e-02
1.652414194299011374e+00 1.922315607638681867e-02
1.653696875606443406e+00 2.165504706300005675e-02
1.654981549815498720e+00 2.450027949110959724e-02
1.656268221574344501e+00 2.775255630472922910e-02
1.657556895545614140e+00 3.126138169218577872e-02
1.658847576406463187e+00 3.474010738394034403e-02
1.660140268848626866e+00 3.792745062780779330e-02
1.661434977578475802e+00 4.076719021191474446e-02
1.662731707317073537e+00 4.343556492940037900e-02
1.664030462800234700e+00 4.620263581608102799e-02
1.665331248778581630e+00 4.928992344103157175e-02
1.666634070017602332e+00 5.287523820886252945e-02
1.667938931297710203e+00 5.720344230640948824e-02
1.669245837414299993e+00 6.261409708814887065e-02
1.670554793177808417e+00 6.937814683643800384e-02
1.671865803413773222e+00 7.746467386220812212e-02
1.673178872962890473e+00 8.647097761685898498e-02
1.674494006681077174e+00 9.580453825225379583e-02
1.675811209439528326e+00 1.049600886356890500e-01
1.677130486124778885e+00 1.136661314121868299e-01
1.678451841638763486e+00 1.218545173598697684e-01
1.679775280898876844e+00 1.296110216542893379e-01
1.681100808838035476e+00 1.372415961053544131e-01
1.682428430404738773e+00 1.453652829681437997e-01
1.683758150563130052e+00 1.548077689463478457e-01
1.685089974293059623e+00 1.662231360827274018e-01
1.686423906590144739e+00 1.796734519800534391e-01
1.687759952465835322e+00 1.945031063253329362e-01
1.689098116947473249e+00 2.096117709547636321e-01
1.690438405078357853e+00 2.238942704114817994e-01
1.691780821917808542e+00 2.365350804951228403e-01
1.693125372541228302e+00 2.470810529778366682e-01
1.694472062040167426e+00 2.554596386238976446e-01
1.695820895522388572e+00 2.620551233125463231e-01
1.697171878111930265e+00 2.676841024417905834e-01
1.698525014949173073e+00 2.732170437612894132e-01
1.699880311190904214e+00 2.788993828722326485e-01
1.701237772010381510e+00 2.838608348115634339e-01
1.702597402597402887e+00 2.863449895147075486e-01
1.703959208158368543e+00 2.846648908035283587e-01
1.705323193916350011e+00 2.782299729400857791e-01
1.706689365111156098e+00 2.678477829956130152e-01
1.708057726999399062e+00 2.550721952082734001e-01
1.709428284854563884e+00 2.411485597446786366e-01
1.710801043967075108e+00 2.263859286169152829e-01
1.712176009644364338e+00 2.103466846517545730e-01
1.713553187210939299e+00 1.925430797644970549e-01
1.714932582008452888e+00 1.730129259911043216e-01
1.716314199395770679e+00 1.524117483282991237e-01
1.717698044749042863e+00 1.317383834599744341e-01
1.719084123461771529e+00 1.120249455438870889e-01
1.720472440944882164e+00 9.416655434908285938e-02
1.721863002626793593e+00 7.882968820584511371e-02
1.723255813953488591e+00 6.634499661208827226e-02
1.724650880388585605e+00 5.663022125597164808e-02
1.726048207413409141e+00 4.925989247489043210e-02
1.727447800527063038e+00 4.368311441707545262e-02
1.728849665246500411e+00 3.943432880566061921e-02
1.730253807106599373e+00 3.618918320052243870e-02
1.731660231660232085e+00 3.368676935066518968e-02
1.733068944478340700e+00 3.166780001694907004e-02
1.734479951150010413e+00 2.991858463544897623e-02
1.735893257282542734e+00 2.835051098933093205e-02
1.737308868501529435e+00 2.698954048515303863e-02
1.738726790450928705e+00 2.586494417838909252e-02
1.740147028793139095e+00 2.491983824812743151e-02
1.741569589209074342e+00 2.404561504459476473e-02
1.742994477398241315e+00 2.319180646026928680e-02
1.744421699078813059e+00 2.241069202154036613e-02
1.745851259987707849e+00 2.177810706358515938e-02
1.747283165880664679e+00 2.128679152498229657e-02
1.748717422532321208e+00 2.084373428982054521e-02
1.750154035736291025e+00 2.037455871032401583e-02
1.751593011305241809e+00 1.990542064186453380e-02
1.753034355070973271e+00 1.952076145829937520e-02
1.754478072884496864e+00 1.924924440974891404e-02
1.755924170616113944e+00 1.901952676556793731e-02
1.757372654155496150e+00 1.874128053267235666e-02
1.758823529411764897e+00 1.841155609333565424e-02
1.760276802313571753e+00 1.811454370548848045e-02
1.761732478809179492e+00 1.791422549474711023e-02
1.763190564866542687e+00 1.777215092644651717e-02
1.764651066473390095e+00 1.759216530351723207e-02
1.766113989637305925e+00 1.733721366697717897e-02
1.767579340385812214e+00 1.707373279283783477e-02
1.769047124766452317e+00 1.688799079793346092e-02
1.770517348846873285e+00 1.677711931730834632e-02
1.771990018714909798e+00 1.664983775479447412e-02
1.773465140478668323e+00 1.643714616614831009e-02
1.774942720266611262e+00 1.617708462334243452e-02
1.776422764227642448e+00 1.596856562826007991e-02
1.777905278531191957e+00 1.585037514057486066e-02
1.779390269367300492e+00 1.575444330916180719e-02
1.780877742946709086e+00 1.559174786896069809e-02
1.782367705500941257e+00 1.536541689260422297e-02
1.783860163282395384e+00 1.517080689862151770e-02
1.785355122564425079e+00 1.508086980454728145e-02
1.786852589641434896e+00 1.505719539876413694e-02
1.788352570828961596e+00 1.499698248011266562e-02
1.789855072463768515e+00 1.485920156938445175e-02
1.791360100903931496e+00 1.471459708494660470e-02
1.792867662528929484e+00 1.465676219979468106e-02
1.794377763739735343e+00 1.468293925041431504e-02
1.795890410958904670e+00 1.469219667442057953e-02
1.797405610630669059e+00 1.460526117562262888e-02
1.798923369221026469e+00 1.445965482095784918e-02
1.800443693217832708e+00 1.436224362567387232e-02
1.801966589130895136e+00 1.435604636570260960e-02
1.803492063492063924e+00 1.436496312406377977e-02
1.805020122855327980e+00 1.428588973848811394e-02
1.806550773796905318e+00 1.411622651494611955e-02
1.808084022915340983e+00 1.395931516469724708e-02
1.809619876831599417e+00 1.389904048447291457e-02
1.811158342189161052e+00 1.389658869678558201e-02
1.812699425654116681e+00 1.383729595744394997e-02
1.814243133915265593e+00 1.367188910513006048e-02
1.815789473684211064e+00 1.347893759003235443e-02
1.817338451695458046e+00 1.337023456814916307e-02
1.818890074706510651e+00 1.335391247298979914e-02
1.820444349497970959e+00 1.332407535114534143e-02
1.822001282873637384e+00 1.319174010610880098e-02
1.823560881660603927e+00 1.299719657728792138e-02
1.825123152709360319e+00 1.286428789707585139e-02
1.826688102893891053e+00 1.285045168678279788e-02
1.828255739111779077e+00 1.287623391213476090e-02
1.829826068284303719e+00 1.282265870281155268e-02
1.831399097356544603e+00 1.267853826466124392e-02
1.832974833297483563e+00 1.255599026984732976e-02
1.834553283100108123e+00 1.255254260197627772e-02
1.836134453781512965e+00 1.262795831118269235e-02
1.837718352383006737e+00 1.264889043824470038e-02
1.839304985970214190e+00 1.254952103775603366e-02
1.840894361633182541e+00 1.241169102066270839e-02
1.842486486486487163e+00 1.236393314577429944e-02
1.844081367669336169e+00 1.242113552848309911e-02
1.845679012345679437e+00 1.246246469796419461e-02
1.847279427704314303e+00 1.237780756019571556e-02
1.848882620958993694e+00 1.220476242939301341e-02
1.850488599348534713e+00 1.208614893721699120e-02
1.852097370136927434e+00 1.209670283208193198e-02
1.853708940613443934e+00 1.215063323653004825e-02
1.855323318092750196e+00 1.210605391951857096e-02
1.856940509915014692e+00 1.194097805127263510e-02
1.858560523446019852e+00 1.178430119134325250e-02
1.860183366077276190e+00 1.176019848526862338e-02
1.861809045226131110e+00 1.183466760409542830e-02
1.863437568335884809e+00 1.185454115177581383e-02
1.865068942875903080e+00 1.173511228457189449e-02
1.866703176341730996e+00 1.156731523352791911e-02
1.868340276255207710e+00 1.150971522682739563e-02
1.869980250164582358e+00 1.159404697944451876e-02
1.871623105644630192e+00 1.168326730865967139e-02
1.873268850296768928e+00 1.163783809932716212e-02
1.874917491749175325e+00 1.148915514104207128e-02
1.876569037656904193e+00 1.140505599029930858e-02
1.878223495702006307e+00 1.148458498394942275e-02
1.879880873593646973e+00 1.163190993476354192e-02
1.881541179068227487e+00 1.166791466673387442e-02
1.883204419889503045e+00 1.154776611681385644e-02
1.884870603848706638e+00 1.141788524905114170e-02
1.886539738764667185e+00 1.143740965470824329e-02
1.888211832483935870e+00 1.157890990989605094e-02
1.889886892880905389e+00 1.165485311279781250e-02
1.891564927857935841e+00 1.154373583398570803e-02
1.893245945345479075e+00 1.134183738809382141e-02
1.894929953302201930e+00 1.125066527276548899e-02
1.896616959715112793e+00 1.133161501637613457e-02
1.898306972599688613e+00 1.142728900402054451e-02
1.900000000000000355e+00 1.135138495550984221e-02
