1.000000000000000222e+00 2.518671994418356249e-04
1.000956480153037065e+00 2.339816400828138680e-04
1.001914791766395751e+00 2.389624524215684502e-04
1.002874940105414892e+00 2.262071193684478767e-04
1.003836930455635601e+00 2.313210645366916543e-04
1.004800768122899868e+00 2.195944123896712518e-04
1.005766458433445587e+00 2.241411799778665343e-04
1.006734006734007147e+00 2.150055681747950194e-04
1.007703418391911798e+00 2.135088794038481118e-04
1.008674698795181124e+00 1.953242665787806450e-04
1.009647853352629188e+00 1.766145840709848957e-04
1.010622887493964450e+00 1.542606894666761379e-04
1.011599806669889245e+00 1.360362852556660899e-04
1.012578616352201477e+00 1.238260920900788927e-04
1.013559322033898535e+00 1.100525998861168377e-04
1.014541929229277883e+00 1.021723588153185323e-04
1.015526443474041862e+00 8.538936356085263877e-05
1.016512870325401163e+00 7.848223066690159346e-05
1.017501215362178302e+00 5.901223350668396295e-05
1.018491484184915086e+00 5.365660792145981095e-05
1.019483682415976755e+00 3.135867368056672894e-05
1.020477815699658786e+00 2.746885651297348684e-05
1.021473889702294136e+00 6.253975434031726680e-06
1.022471910112359827e+00 4.420585386111338886e-06
1.023471882640587083e+00 1.405101204992996743e-05
1.024473813020068569e+00 2.986387762383910249e-05
1.025477707006369643e+00 1.745899461451274397e-05
1.026483570377636489e+00 1.086590396287378634e-04
1.027491408934708250e+00 1.154595862306895146e-05
1.028501228501228715e+00 1.147798877618474398e-04
1.029513034923758230e+00 1.869498111392110850e-04
1.030526834071886055e+00 4.297761606349305143e-05
1.031542631838344271e+00 4.411816417810462379e-05
1.032560434139122130e+00 1.583426583831589005e-04
1.033580246913580636e+00 1.442285459333070405e-04
1.034602076124567560e+00 4.740444735605390256e-05
1.035625927758535569e+00 8.722654018398777226e-05
1.036651807825656579e+00 1.953265406377752774e-04
1.037679722359940993e+00 1.883346401765123763e-04
1.038709677419355160e+00 7.651250475116539980e-05
1.039741679085941506e+00 7.557208479053391565e-05
1.040775733465937325e+00 1.607352961409428619e-04
1.041811846689895793e+00 2.716539755265945182e-04
1.042850024912805429e+00 1.761775361999162455e-04
1.043890274314214661e+00 8.072179256867322299e-05
1.044932601098352842e+00 7.409441951777694807e-05
1.045977011494253039e+00 1.669353721274664554e-04
1.047023511755878378e+00 2.874190224676583427e-04
1.048072108162243721e+00 2.624873062398672824e-04
1.049122807017544012e+00 1.415330014561144191e-04
1.050175614651279510e+00 9.456986000056722872e-05
1.051230537418383015e+00 1.149092317697372257e-04
1.052287581699346664e+00 1.990363577715465566e-04
1.053346753900352706e+00 2.458246420742269127e-04
1.054408060453400742e+00 1.995918474629011449e-04
1.055471507816440058e+00 1.287628174914851346e-04
1.056537102473498191e+00 1.132186213964996306e-04
1.057604850934815932e+00 1.459048303582772047e-04
1.058674759736975668e+00 2.110568638582904766e-04
1.059746835443038160e+00 2.381594345125036358e-04
1.060821084642676215e+00 2.211278566090173875e-04
1.061897513952308580e+00 2.015804233626907209e-04
1.062976130015236498e+00 2.224108485286506432e-04
1.064056939501779597e+00 2.734886269850884759e-04
1.065139949109414896e+00 3.244302743519324574e-04
1.066225165562914245e+00 3.219369409607394906e-04
1.067312595614482662e+00 2.818429137710069159e-04
1.068402246043900217e+00 2.513918336990308240e-04
1.069494123658661477e+00 2.575567278078692954e-04
1.070588235294118062e+00 2.854633754460375009e-04
1.071684587813620082e+00 2.926003748226903658e-04
1.072783188108662689e+00 2.560582017631974380e-04
1.073884043099025298e+00 2.123467247337613149e-04
1.074987159732922803e+00 2.037570787609336957e-04
1.076092544987146793e+00 2.402439010826950693e-04
1.077200205867215876e+00 3.100126219290246367e-04
1.078310149407522234e+00 3.755399201844401846e-04
1.079422382671480385e+00 3.797472943072634504e-04
1.080536912751678180e+00 3.176168704689165141e-04
1.081653746770026014e+00 2.598060681577622701e-04
1.082772891877910038e+00 2.453559072389755662e-04
1.083894355256344255e+00 2.882612743933769947e-04
1.085018144116122407e+00 3.675170848884781760e-04
1.086144265697976508e+00 4.336316842671804838e-04
1.087272727272727391e+00 4.179371302887137439e-04
1.088403536141445915e+00 3.429818077247427373e-04
1.089536699635606620e+00 2.689014850800153190e-04
1.090672225117248706e+00 2.495024164672969254e-04
1.091810119979134353e+00 2.870129591278699089e-04
1.092950391644908814e+00 3.717967083351377531e-04
1.094093047569263177e+00 4.379854081899813836e-04
1.095238095238095344e+00 4.327963057450951974e-04
1.096385542168675009e+00 3.655768853750391775e-04
1.097535395909806200e+00 3.121575946293757677e-04
1.098687664041994916e+00 2.992621915629286146e-04
1.099842354177614556e+00 3.415423203164194023e-04
1.100999473961073338e+00 4.052315535138449306e-04
1.102159031068983719e+00 4.524838684678056432e-04
1.103321033210332258e+00 4.309756939098518874e-04
1.104485488126649262e+00 3.693518505848385875e-04
1.105652403592181976e+00 3.119082074697555234e-04
1.106821787414066893e+00 3.082820888830705547e-04
1.107993647432504059e+00 3.535348980138001149e-04
1.109167991520932928e+00 4.349337450928353354e-04
1.110344827586207117e+00 4.914857125736245107e-04
1.111524163568773371e+00 4.966466989458046639e-04
1.112706007442849865e+00 4.483649607424067241e-04
1.113890367216604949e+00 4.015267907659160495e-04
1.115077250932339004e+00 3.787375418824756070e-04
1.116266666666666962e+00 3.967854489287251708e-04
1.117458622530699719e+00 4.330858772327445525e-04
1.118653126670229980e+00 4.681774167437069401e-04
1.119850187265917896e+00 4.484210719980880554e-04
1.121049812533476464e+00 4.062000879440665871e-04
1.122252010723860716e+00 3.650076231474977243e-04
1.123456790123456894e+00 3.625069474281553670e-04
1.124664159054272083e+00 3.908888365224001118e-04
1.125874125874126053e+00 4.417230010714142101e-04
1.127086698976844659e+00 4.779204162150570536e-04
1.128301886792453024e+00 4.863718874301747376e-04
1.129519697787372046e+00 4.594321624662402919e-04
1.130740140464613797e+00 4.303926897571464546e-04
1.131963223363980697e+00 4.153668570422675249e-04
1.133188955062263359e+00 4.288983211719847176e-04
1.134417344173441977e+00 4.560071951151144676e-04
1.135648399348888171e+00 4.875268793242255286e-04
1.136882129277566600e+00 5.024110100882724734e-04
1.138118542686242796e+00 5.138128553648683376e-04
1.139357648339684559e+00 5.342879969557037985e-04
1.140599455040872012e+00 5.892099481809057963e-04
1.141843971631205878e+00 6.778359312925867804e-04
1.143091206990715758e+00 8.082477967444198991e-04
1.144341170038272626e+00 9.584765360654116679e-04
1.145593869731801107e+00 1.119934634460323852e-03
1.146849315068493302e+00 1.273994859618406920e-03
1.148107515085024843e+00 1.451984409022720338e-03
1.149368478857770492e+00 1.683533863890746777e-03
1.150632215503023970e+00 2.022524191823574322e-03
1.151898734177215333e+00 2.478791951093311900e-03
1.153168044077135024e+00 3.045419360907466403e-03
1.154440154440154576e+00 3.663552822007774823e-03
1.155715074544450882e+00 4.310481761426941151e-03
1.156992813709232015e+00 4.999878943948429105e-03
1.158273381294964377e+00 5.815514521822806246e-03
1.159556786703601183e+00 6.859024440047697090e-03
1.160843039378813168e+00 8.173320374940415065e-03
1.162132148806218845e+00 9.704289647547647071e-03
1.163424124513618985e+00 1.131290018816289052e-02
1.164718976071229983e+00 1.297584359015733352e-02
1.166016713091922341e+00 1.476578134968170412e-02
1.167317345231456027e+00 1.692300471751477867e-02
1.168620882188721621e+00 1.952322646025528644e-02
1.169927333705981232e+00 2.257397412098862202e-02
1.171236709569110523e+00 2.577980059140251232e-02
1.172549019607843412e+00 2.906876651255905011e-02
1.173864273696018090e+00 3.242705819412117219e-02
1.175182481751825048e+00 3.638616408329838070e-02
1.176503653738055322e+00 4.132748781781671321e-02
1.177827799662352515e+00 4.773076399692354616e-02
1.179154929577464817e+00 5.539012487885207336e-02
1.180485053581500576e+00 6.424971409055638127e-02
1.181818181818182101e+00 7.400534343335117560e-02
1.183154324477105890e+00 8.513770090340580521e-02
1.184493491794001319e+00 9.787257752205877348e-02
1.185835694050991540e+00 1.126572873957524257e-01
1.187180941576857940e+00 1.288544400219030217e-01
1.188529244747302815e+00 1.459366136287202076e-01
1.189880613985219382e+00 1.632042924535568595e-01
1.191235059760956227e+00 1.812843814414394905e-01
1.192592592592592649e+00 2.010109640132533848e-01
1.193953223046206658e+00 2.231502114484697485e-01
1.195316961736150763e+00 2.468403876867794333e-01
1.196683819325329079e+00 2.699463528415643188e-01
1.198053806525472220e+00 2.899259154941500327e-01
1.199426934097421515e+00 3.049086709346279789e-01
1.200803212851405677e+00 3.144770459404618301e-01
1.202182653647329458e+00 3.180366038797489137e-01
1.203565267395054983e+00 3.152247807332184681e-01
1.204951065054692183e+00 3.047984840213575630e-01
1.206340057636887675e+00 2.874725596690807516e-01
1.207732256203116084e+00 2.644994385059680764e-01
1.209127671865973586e+00 2.389052577221889295e-01
1.210526315789474117e+00 2.122271433233417215e-01
1.211928199189346023e+00 1.858321872270490283e-01
1.213333333333333597e+00 1.594711550464129046e-01
1.214741729541497506e+00 1.337031004554063429e-01
1.216153399186519657e+00 1.091950047720741529e-01
1.217568353694008509e+00 8.755316624744027831e-02
1.218986604542807495e+00 6.963464103835854957e-02
1.220408163265306323e+00 5.567738298292044391e-02
1.221833041447752732e+00 4.506246664637965360e-02
1.223261250730567129e+00 3.707778323537289089e-02
1.224692802808660330e+00 3.106309411937501971e-02
1.226127709431751756e+00 2.659139929149007334e-02
1.227565982404692280e+00 2.333523736105189844e-02
1.229007633587786197e+00 2.097349962079622307e-02
1.230452674897119403e+00 1.918205800233582434e-02
1.231901118304885578e+00 1.762349758060191562e-02
1.233352975839717258e+00 1.612522089883125162e-02
1.234808259587020673e+00 1.463201591106243378e-02
1.236266981689309263e+00 1.328009938623246969e-02
1.237729154346540739e+00 1.210890350178846220e-02
1.239194789816459696e+00 1.117780885192262187e-02
1.240663900414938015e+00 1.038173594617443872e-02
1.242136498516320797e+00 9.722795740895146671e-03
1.243612596553773431e+00 9.116062254465498449e-03
1.245092207019631525e+00 8.631851164887795538e-03
1.246575342465753744e+00 8.202754285247929045e-03
1.248062015503876410e+00 7.867572935479459281e-03
1.249552238805970550e+00 7.490666844648710340e-03
1.251046025104602499e+00 7.099494710361557367e-03
1.252543387193297386e+00 6.614811387147700138e-03
1.254044337926902619e+00 6.172781312747973800e-03
1.255548890221955594e+00 5.749282829408181549e-03
1.257057057057057392e+00 5.455503840915822654e-03
1.258568851473241157e+00 5.193034314513574924e-03
1.260084286574353118e+00 5.030009461688692701e-03
1.261603375527426518e+00 4.815148620281561355e-03
1.263126131563065968e+00 4.674120883962172915e-03
1.264652567975830921e+00 4.501201984280930012e-03
1.266182698124622252e+00 4.380590837426131222e-03
1.267716535433071057e+00 4.201973594876588433e-03
1.269254093389933669e+00 4.053040968890616984e-03
1.270795385549484013e+00 3.825215856328299368e-03
1.272340425531915065e+00 3.624260942273983908e-03
1.273889227023737192e+00 3.386845721593891717e-03
1.275441803778184502e+00 3.229588105189936439e-03
1.276998169615619627e+00 3.077880306895079514e-03
1.278558338423946505e+00 3.006403694523449542e-03
1.280122324159021607e+00 2.894237197379040220e-03
1.281690140845070491e+00 2.811636982449087965e-03
1.283261802575107691e+00 2.668278910023341895e-03
1.284837323511356599e+00 2.555891853636521518e-03
1.286416717885679351e+00 2.397832737448010124e-03
1.288000000000000256e+00 2.275876411548068221e-03
1.289587184226740790e+00 2.111050816530192584e-03
1.291178285009253690e+00 1.978172155962861813e-03
1.292773316862260824e+00 1.818084602218839876e-03
1.294372294372294396e+00 1.708580858293741976e-03
1.295975232198142812e+00 1.592598448201087979e-03
1.297582145071295878e+00 1.524954820967752353e-03
1.299193047796399991e+00 1.438178251691709817e-03
1.300807955251709558e+00 1.374179453241412613e-03
1.302426882389545959e+00 1.277072240779542327e-03
1.304049844236760514e+00 1.196167946969718936e-03
1.305676855895196775e+00 1.094405627534259483e-03
1.307307932542161488e+00 1.015225896602464607e-03
1.308943089430894657e+00 9.230326956395776879e-04
1.310582341891045832e+00 8.494911730153716306e-04
1.312225705329153946e+00 7.661915211312107180e-04
1.313873195229127600e+00 7.025631415379216980e-04
1.315524827152734444e+00 6.372486409208823199e-04
1.317180616740088350e+00 5.920014451842866643e-04
1.318840579710145233e+00 5.434642796802660472e-04
1.320504731861198877e+00 5.051943647862720864e-04
1.322173089071383867e+00 4.570744968713042681e-04
1.323845667299178075e+00 4.141884682854977398e-04
1.325522482583914030e+00 3.661103879628261476e-04
1.327203551046290508e+00 3.282310643125403824e-04
1.328888888888889008e+00 2.907997706948540237e-04
1.330578512396694224e+00 2.651471721363902936e-04
1.332272437937619625e+00 2.393613340304377507e-04
1.333970681963033922e+00 2.257873706932848228e-04
1.335673261008296420e+00 2.113339315506534738e-04
1.337380191693291032e+00 2.118484852211110613e-04
1.339091490722968736e+00 2.099562928238990738e-04
1.340807174887892694e+00 2.247840640459288603e-04
1.342527261064785371e+00 2.322661554520932435e-04
1.344251766217084310e+00 2.562593683573121013e-04
1.345980707395498577e+00 2.681221111596609899e-04
1.347714101738570536e+00 2.995631589755738938e-04
1.349451966473243170e+00 3.184414669925921481e-04
1.351194318915429626e+00 3.625917578911347773e-04
1.352941176470588536e+00 3.924551429523413120e-04
1.354692556634304434e+00 4.499457916391288591e-04
1.356448476992871299e+00 4.886530731226229997e-04
1.358208955223880965e+00 5.564956746351271176e-04
1.359974009096816205e+00 6.040784453751335548e-04
1.361743656473650033e+00 6.822244517912171144e-04
1.363517915309446549e+00 7.365815487791239641e-04
1.365296803652968238e+00 8.129527668527898512e-04
1.367080339647289700e+00 8.589530622761423328e-04
1.368868541530412264e+00 9.191278967271003953e-04
1.370661427635887719e+00 9.589516496714639657e-04
1.372459016393442699e+00 1.017196324032884885e-03
1.374261326329612620e+00 1.070984135154742084e-03
1.376068376068376287e+00 1.136523697096628212e-03
1.377880184331797597e+00 1.200822773692583351e-03
1.379696769940672807e+00 1.254301501036026237e-03
1.381518151815181783e+00 1.313027600699448547e-03
1.383344348975545479e+00 1.340726256613073873e-03
1.385175380542687185e+00 1.391551070917547645e-03
1.387011265738900212e+00 1.384911931897471471e-03
1.388852023888520693e+00 1.416398058121870517e-03
1.390697674418604812e+00 1.360273033879595694e-03
1.392548236859614263e+00 1.372002881499002468e-03
1.394403730846102807e+00 1.285082885061828405e-03
1.396264176117411937e+00 1.303982380056817802e-03
1.398129592518370323e+00 1.205597270627433316e-03
1.400000000000000355e+00 1.228576686771233519e-03
