1.300000000000000044e+00 3.155709943154435008e-04
1.301023823587320383e+00 2.071892704762394531e-04
1.302049261083744192e+00 1.327574058509442176e-04
1.303076316308420690e+00 1.029794733002741946e-04
1.304104993092559894e+00 9.687882956146763147e-05
1.305135295279478580e+00 1.434710672547060860e-04
1.306167226724649133e+00 2.396961918688399792e-04
1.307200791295747067e+00 3.281204549562887298e-04
1.308235992872698539e+00 3.647166799520326218e-04
1.309272835347731423e+00 3.250940790714199318e-04
1.310311322625421271e+00 2.250622164640798094e-04
1.311351458622742827e+00 1.373511889025516076e-04
1.312393247269116214e+00 9.848655102251798387e-05
1.313436692506460002e+00 8.243807158656969258e-05
1.314481798289238279e+00 9.472020539957163340e-05
1.315528568584511504e+00 1.594707718398906827e-04
1.316577007371986685e+00 2.500351702974718308e-04
1.317627118644067785e+00 3.247575328884952199e-04
1.318678906405907014e+00 3.505035124898297637e-04
1.319732374675454345e+00 2.994987284471719788e-04
1.320787527483509916e+00 2.072625317069854832e-04
1.321844368873774878e+00 1.444712154319287994e-04
1.322902902902903133e+00 1.140691796821709383e-04
1.323963133640553069e+00 9.475050089398000610e-05
1.325025065169440630e+00 1.080521560535503190e-04
1.326088701585390384e+00 1.547401020000153666e-04
1.327154046997389036e+00 2.117172775227134070e-04
1.328221105527638279e+00 2.821134805712200940e-04
1.329289881311607191e+00 3.344702038025784523e-04
1.330360378498087526e+00 3.078706429983111897e-04
1.331432601249244563e+00 2.278561355630501467e-04
1.332506553740673505e+00 1.629668739246527081e-04
1.333582240161453214e+00 1.166166704101581836e-04
1.334659664714199279e+00 8.246990857779241512e-05
1.335738831615120414e+00 7.964028824581842535e-05
1.336819745094072642e+00 9.509102884993952867e-05
1.337902409394614134e+00 1.175290155757170458e-04
1.338986828774062943e+00 1.652527269986865481e-04
1.340073007503548963e+00 2.163994232447666668e-04
1.341160949868073882e+00 2.304966769155356520e-04
1.342250660166564913e+00 2.167885299926983135e-04
1.343342142711933640e+00 1.882732902736982577e-04
1.344435401831129306e+00 1.428948927012054014e-04
1.345530441865200544e+00 1.074744182607582574e-04
1.346627267169349995e+00 9.648048089084084507e-05
1.347725882112992268e+00 8.945169037456190161e-05
1.348826291079812112e+00 9.195039294583111876e-05
1.349928498467824367e+00 1.160351687018271486e-04
1.351032508689429701e+00 1.406012412979050963e-04
1.352138326171475446e+00 1.621096754475815358e-04
1.353245955355314445e+00 1.868840356615686230e-04
1.354355400696864331e+00 1.862215851847820653e-04
1.355466666666666820e+00 1.559876621823987129e-04
1.356579757749948767e+00 1.313768962731980442e-04
1.357694678446681902e+00 1.132855212486595751e-04
1.358811433271643221e+00 9.374724105190063064e-05
1.359930026754476495e+00 9.429759019116943665e-05
1.361050463439752889e+00 1.108599004901262354e-04
1.362172747887033575e+00 1.300632354402567865e-04
1.363296884670930353e+00 1.733018018833642072e-04
1.364422878381168935e+00 2.349725650797813200e-04
1.365550733622649560e+00 2.828861018071402887e-04
1.366680455015512052e+00 3.235889396925543254e-04
1.367812047195197778e+00 3.523525799337208411e-04
1.368945514812513142e+00 3.390759527613867010e-04
1.370080862533692878e+00 3.113594048653364993e-04
1.371218095040464879e+00 3.050112499124130812e-04
1.372357217030114152e+00 3.004727846036750862e-04
1.373498233215547870e+00 3.097411540610568682e-04
1.374641148325359108e+00 3.665020912038435179e-04
1.375785967103893448e+00 4.428776174263084260e-04
1.376932694311314931e+00 5.276135167924238690e-04
1.378081334723670448e+00 6.423874038994952440e-04
1.379231893132957687e+00 7.357051432276624954e-04
1.380384374347190413e+00 7.654995247006788446e-04
1.381538783190466413e+00 7.821780428328256292e-04
1.382695124503034112e+00 7.951497608618741421e-04
1.383853403141361404e+00 7.809348447485615213e-04
1.385013623978201824e+00 7.993253738504878204e-04
1.386175791902664267e+00 8.812127413931423320e-04
1.387339911820281380e+00 9.887247848672708547e-04
1.388505988653078616e+00 1.156910564320626830e-03
1.389674027339642848e+00 1.406378159734334712e-03
1.390844032835192534e+00 1.647755368617975650e-03
1.392016010111649660e+00 1.853716768267169111e-03
1.393189964157706129e+00 2.040199998594627914e-03
1.394365899978898593e+00 2.122746649405744899e-03
1.395543822597677064e+00 2.093790429092833201e-03
1.396723737053476855e+00 2.077531107128851445e-03
1.397905648402792744e+00 2.091586280496401159e-03
1.399089561719246477e+00 2.126189945077764428e-03
1.400275482093663815e+00 2.289567693642640452e-03
1.401463414634146254e+00 2.585010286392056770e-03
1.402653364466143193e+00 2.917908390584691633e-03
1.403845336732526317e+00 3.319802377806983350e-03
1.405039336593663757e+00 3.759369202211652189e-03
1.406235369227495369e+00 4.060860518630938013e-03
1.407433439829606003e+00 4.220371521887429644e-03
1.408633553613302336e+00 4.321671913270833977e-03
1.409835715809686585e+00 4.309620697326921150e-03
1.411039931667734448e+00 4.249722335752842244e-03
1.412246206454370823e+00 4.328465904108419297e-03
1.413454545454545519e+00 4.521290639894036921e-03
1.414664953971312311e+00 4.797454073100363911e-03
1.415877437325905319e+00 5.284203567531427573e-03
1.417092000857817169e+00 5.908222439730406901e-03
1.418308649924876708e+00 6.492533342756592191e-03
1.419527389903330050e+00 7.073243468878206985e-03
1.420748226187916741e+00 7.591787645241473981e-03
1.421971164191951686e+00 7.871973451976784983e-03
1.423196209347404873e+00 8.054727367793506829e-03
1.424423367104979521e+00 8.328096150502270478e-03
1.425652642934196246e+00 8.628529374897556808e-03
1.426884042323472324e+00 9.067382211714745260e-03
1.428117570780202961e+00 9.839017579832258845e-03
1.429353233830845893e+00 1.078568521105858179e-02
1.430591037021000211e+00 1.180654341002539132e-02
1.431830985915492960e+00 1.300242800709153733e-02
1.433073086098460180e+00 1.414501955244770390e-02
1.434317343173431958e+00 1.499451930641465362e-02
1.435563762763415241e+00 1.573602796614721744e-02
1.436812350510980441e+00 1.640933422290343294e-02
1.438063112078346029e+00 1.691655787907515862e-02
1.439316053147462249e+00 1.758898870369889067e-02
1.440571179420100378e+00 1.865589079380580717e-02
1.441828496617935773e+00 1.993851991556426159e-02
1.443088010482638239e+00 2.156700877935153332e-02
1.444349726775956633e+00 2.370380446020732904e-02
1.445613651279807454e+00 2.596022011226978635e-02
1.446879789796365223e+00 2.816463369169862341e-02
1.448148148148148406e+00 3.049496457559258342e-02
1.449418732178109348e+00 3.269474573841301551e-02
1.450691547749725752e+00 3.467934186391492118e-02
1.451966600747088831e+00 3.699922415983394886e-02
1.453243897074994795e+00 3.977919874746597972e-02
1.454523442659036103e+00 4.287176344256837107e-02
1.455805243445692954e+00 4.672760060469097199e-02
1.457089305402425650e+00 5.144500849203241521e-02
1.458375634517766750e+00 5.646882653572433963e-02
1.459664236801413884e+00 6.184229521234247545e-02
1.460955118284324561e+00 6.765815791606331897e-02
1.462248285018809435e+00 7.325166112749120773e-02
1.463543743078626669e+00 7.862126953903866844e-02
1.464841498559077859e+00 8.446600506052523438e-02
1.466141557577102406e+00 9.069460338400592292e-02
1.467443926271374766e+00 9.739418818884162943e-02
1.468748610802400822e+00 1.055249230962881923e-01
1.470055617352614030e+00 1.150909050166677855e-01
1.471364952126475112e+00 1.254813430217175396e-01
1.472676621350568205e+00 1.370704889262953363e-01
1.473990631273701002e+00 1.496935015647955780e-01
1.475306988167001787e+00 1.622065023588303845e-01
1.476625698324022462e+00 1.748332324997176612e-01
1.477946768060836691e+00 1.883419297325215347e-01
1.479270203716140708e+00 2.022350568253331038e-01
1.480596011651355681e+00 2.167615795758206509e-01
1.481924198250728741e+00 2.330719838243111575e-01
1.483254769921436678e+00 2.504777176092094493e-01
1.484587733093686968e+00 2.678571597086690237e-01
1.485923094220823248e+00 2.855765587111768200e-01
1.487260859779428568e+00 3.028955236974942844e-01
1.488601036269429967e+00 3.181409863297767204e-01
1.489943630214205061e+00 3.319238268408535308e-01
1.491288648160686403e+00 3.451806628052792036e-01
1.492636096679466950e+00 3.570013883595056781e-01
1.493985982364910869e+00 3.676179998157042550e-01
1.495338311835257006e+00 3.780489921634669348e-01
1.496693091732729464e+00 3.867224932635301426e-01
1.498050328723645297e+00 3.920170159912116925e-01
1.499410029498525088e+00 3.946277563517970322e-01
1.500772200772200859e+00 3.941853471776211038e-01
1.502136849283928210e+00 3.895113044344152842e-01
1.503503981797497113e+00 3.819114920924021050e-01
1.504873605101343825e+00 3.723850212021180273e-01
1.506245726008661912e+00 3.594342460323393662e-01
1.507620351357517707e+00 3.428688407818518136e-01
1.508997488010961563e+00 3.238304053235612767e-01
1.510377142857143085e+00 3.016207399851054682e-01
1.511759322809425932e+00 2.761364299211175877e-01
1.513144034806503502e+00 2.496042810251105915e-01
1.514531285812514394e+00 2.229923836004024384e-01
1.515921082817159871e+00 1.961446691030152845e-01
1.517313432835820874e+00 1.706744570771548120e-01
1.518708342909676157e+00 1.478471887271216589e-01
1.520105820105820182e+00 1.271201682970763691e-01
1.521505871517384367e+00 1.088767203541042006e-01
1.522908504263655205e+00 9.394673235802809830e-02
1.524313725490195948e+00 8.147495415672142971e-02
1.525721542368968064e+00 7.084816172760066699e-02
1.527131962098451812e+00 6.248873463280273793e-02
1.528544991903770800e+00 5.576098238006758218e-02
1.529960639036814118e+00 4.983147782774410839e-02
1.531378910776361568e+00 4.505653807858298748e-02
1.532799814428207119e+00 4.125888678720969482e-02
1.534223357325284587e+00 3.767711507834273915e-02
1.535649546827794643e+00 3.457220994251825746e-02
1.537078390323331156e+00 3.209960730351495845e-02
1.538509895227008428e+00 2.961486671808494578e-02
1.539944068981589753e+00 2.722483332369868281e-02
1.541380919057615984e+00 2.530926629248469659e-02
1.542820452953537202e+00 2.340462455537015499e-02
1.544262678195839955e+00 2.145391449295561137e-02
1.545707602339181586e+00 1.992864657864921313e-02
1.547155232966518357e+00 1.854124655460371099e-02
1.548605577689243118e+00 1.705618168194323811e-02
1.550058644147314313e+00 1.590204924426363159e-02
1.551514440009391871e+00 1.495155062144245574e-02
1.552972972972973098e+00 1.384469132034122502e-02
1.554434250764526126e+00 1.291541384794006944e-02
1.555898281139628025e+00 1.220706747727021146e-02
1.557365071883101582e+00 1.132631074501858938e-02
1.558834630809153188e+00 1.049276881170510371e-02
1.560306965761511400e+00 9.900562866197561498e-03
1.561782084613566379e+00 9.188643398016563962e-03
1.563259995268512004e+00 8.437147806262083882e-03
1.564740705659483977e+00 7.928172792089059964e-03
1.566224223749703715e+00 7.372728827352451574e-03
1.567710557532621785e+00 6.712084974747687185e-03
1.569199715032058906e+00 6.257370100286336473e-03
1.570691704302353386e+00 5.827240601988383645e-03
1.572186533428503452e+00 5.260708305392704405e-03
1.573684210526316019e+00 4.851099110389852850e-03
1.575184743742550797e+00 4.534486639840325586e-03
1.576688141255070619e+00 4.087307235247153447e-03
1.578194411272987985e+00 3.742229137574759872e-03
1.579703562036815612e+00 3.533262050758107474e-03
1.581215601818616756e+00 3.210623151500413032e-03
1.582730538922155761e+00 2.925935912265389266e-03
1.584248381683049711e+00 2.788836309181481031e-03
1.585769138468922757e+00 2.559950256903067468e-03
1.587292817679558210e+00 2.310732446658558467e-03
1.588819427747054869e+00 2.205296718822356491e-03
1.590348977135980890e+00 2.042823562811830161e-03
1.591881474343531666e+00 1.822111861507778050e-03
1.593416927899686586e+00 1.734886776170027926e-03
1.594955346367366689e+00 1.631625164672385582e-03
1.596496738342594979e+00 1.448750013115521207e-03
1.598041112454655632e+00 1.379628718197907977e-03
1.599588477366255201e+00 1.328798282103575918e-03
1.601138841773685373e+00 1.186024796888917416e-03
1.602692214406985283e+00 1.130981911960089780e-03
1.604248604030104275e+00 1.121327017347314645e-03
1.605808019441069545e+00 1.015729381934120336e-03
1.607370469472148233e+00 9.717140509528556912e-04
1.608935962990016844e+00 9.960000519681727442e-04
1.610504508895929776e+00 9.262602650893760536e-04
1.612076116125884528e+00 8.916272823717839207e-04
1.613650793650793780e+00 9.441003956636653685e-04
1.615228550476656144e+00 9.067829725786704514e-04
1.616809395644727365e+00 8.742975320044554712e-04
1.618393338231692846e+00 9.439619656416537666e-04
1.619980387349840845e+00 9.322860079150282770e-04
1.621570552147239219e+00 8.910534089613961553e-04
1.623163841807909513e+00 9.642185841397753719e-04
1.624760265552004146e+00 9.749874834872931375e-04
1.626359832635983382e+00 9.215828742021696385e-04
1.627962552352796299e+00 9.901570871637744350e-04
1.629568434032059310e+00 1.027218381679722214e-03
1.631177487040237128e+00 9.669718114950330177e-04
1.632789720780825293e+00 1.025683004623466430e-03
1.634405144694534018e+00 1.092071657270336262e-03
1.636023768259470268e+00 1.030961599004268873e-03
1.637645600991326056e+00 1.071489037114852329e-03
1.639270652443562737e+00 1.165812237511435227e-03
1.640898932207598637e+00 1.111507978485916500e-03
1.642530449913000234e+00 1.126870731606035170e-03
1.644165215227668453e+00 1.246641331345744400e-03
1.645803237858032508e+00 1.211196128620417155e-03
1.647444527549239757e+00 1.196993449066514371e-03
1.649089094085350871e+00 1.334361737495679164e-03
1.650736947289532797e+00 1.327309447101992623e-03
1.652388097024255931e+00 1.275828994000323792e-03
1.654042553191489517e+00 1.410542955717657013e-03
1.655700325732899048e+00 1.435705481019666167e-03
1.657361424630047653e+00 1.343149587379641749e-03
1.659025859904594613e+00 1.452577365759466803e-03
1.660693641618497196e+00 1.516675853694656514e-03
1.662364779874213827e+00 1.397399042420667797e-03
1.664039284814907926e+00 1.469525819945331421e-03
1.665717166624653522e+00 1.581118943513662011e-03
1.667398435528640199e+00 1.459177931684107121e-03
1.669083101793382262e+00 1.483999571440627841e-03
1.670771175726928126e+00 1.640125488519554326e-03
1.672462667679068815e+00 1.535967382382880412e-03
1.674157588041550460e+00 1.499736929912357615e-03
1.675855947248288125e+00 1.684040389002547117e-03
1.677557755775577641e+00 1.617948189732827018e-03
1.679263024142312544e+00 1.513506300984258099e-03
1.680971762910201228e+00 1.702178993376865512e-03
1.682683982683983004e+00 1.695065880867051332e-03
1.684399694111649248e+00 1.525272473978629608e-03
1.686118907884664342e+00 1.684012626346857982e-03
1.687841634738186603e+00 1.746781278284205126e-03
1.689567885451291218e+00 1.523150159900332583e-03
1.691297670847197621e+00 1.610295951839472127e-03
1.693031001793492418e+00 1.742059212443313604e-03
1.694767889202359434e+00 1.495741954516137872e-03
1.696508344030808635e+00 1.484185339525019706e-03
1.698252377280904835e+00 1.678277163406447165e-03
1.699999999999999956e+00 1.457674746413533144e-03
