6.000000000000000888e-01 1.903838078391055335e-08
6.008037508372404689e-01 1.882030824412430675e-08
6.016096579476861717e-01 1.867279631039609273e-08
6.024177300201478680e-01 1.850733559405656436e-08
6.032279757901816142e-01 1.832010676242540230e-08
6.040404040404039332e-01 1.820069983057498657e-08
6.048550236008092273e-01 1.798501851312282951e-08
6.056718433490885234e-01 1.790183617440058761e-08
6.064908722109534356e-01 1.768662119268788535e-08
6.073121191604604618e-01 1.758406096857911438e-08
6.081355932203389436e-01 1.743461066002978272e-08
6.089613034623219123e-01 1.726396267348745645e-08
6.097892590074780461e-01 1.719445789445119009e-08
6.106194690265487335e-01 1.696644895169762396e-08
6.114519427402862473e-01 1.692155866926644600e-08
6.122866894197952492e-01 1.674195534206261981e-08
6.131237183868762930e-01 1.662650030883402933e-08
6.139630390143737682e-01 1.653806044208813904e-08
6.148046607265250652e-01 1.635234481057986884e-08
6.156485929993136264e-01 1.631457078352691947e-08
6.164948453608246615e-01 1.612464773053228758e-08
6.173434273916036386e-01 1.605681366088279224e-08
6.181943487250173286e-01 1.593213387026586261e-08
6.190476190476190688e-01 1.581010896414057460e-08
6.199032480995163574e-01 1.574753068666063803e-08
6.207612456747405583e-01 1.558873182393345396e-08
6.216216216216217116e-01 1.554182945843477778e-08
6.224843858431646781e-01 1.539132048189386664e-08
6.233495482974288349e-01 1.533772016889360331e-08
6.242171189979123236e-01 1.523767569611171317e-08
6.250871080139372982e-01 1.515452597684971290e-08
6.259595254710398349e-01 1.512510582047730150e-08
6.268343815513626183e-01 1.499001865210670731e-08
6.277116864940518459e-01 1.497625002803661670e-08
6.285914505956551324e-01 1.481978012562525375e-08
6.294736842105262964e-01 1.475032139372508855e-08
6.303583977512298153e-01 1.463643591554373236e-08
6.312456016889513855e-01 1.450014081304969004e-08
6.321353065539113691e-01 1.446617746915565320e-08
6.330275229357800182e-01 1.432732705764996884e-08
6.339222614840989145e-01 1.436087978265982448e-08
6.348195329087049643e-01 1.432360797081656394e-08
6.357193479801560576e-01 1.436039928708880163e-08
6.366217175301632780e-01 1.438683016998111316e-08
6.375266524520256661e-01 1.429370373286909730e-08
6.384341637010677584e-01 1.421123237560909763e-08
6.393442622950818999e-01 1.396512999533246603e-08
6.402569593147752203e-01 1.380406910843413825e-08
6.411722659042172756e-01 1.366865143750942426e-08
6.420901932712955729e-01 1.369102665094960437e-08
6.430107526881720936e-01 1.384395211841870600e-08
6.439339554917444808e-01 1.393854944104289071e-08
6.448598130841122211e-01 1.399872682521388857e-08
6.457883369330454926e-01 1.379859206424409466e-08
6.467195385724585632e-01 1.350889720635610617e-08
6.476534296028880755e-01 1.329260734120047255e-08
6.485900216919739947e-01 1.323319987506767219e-08
6.495293265749456646e-01 1.346133901855400468e-08
6.504713560551124152e-01 1.374084547360762215e-08
6.514161220043572786e-01 1.383902700590962749e-08
6.523636363636363678e-01 1.364829527499294275e-08
6.533139111434814739e-01 1.320716248729284573e-08
6.542669584245076608e-01 1.288262261627805990e-08
6.552227903579255219e-01 1.293270666298816733e-08
6.561814191660571005e-01 1.332568507666835526e-08
6.571428571428571397e-01 1.378160180484208143e-08
6.581071166544387729e-01 1.383770329198195894e-08
6.590742101396033226e-01 1.342444583551071791e-08
6.600441501103754272e-01 1.289112602772576226e-08
6.610169491525424990e-01 1.268214950563331704e-08
6.619926199261992883e-01 1.300450210646446422e-08
6.629711751662972219e-01 1.349537381513791421e-08
6.639526276831977381e-01 1.361724036291868359e-08
6.649369903632319501e-01 1.326075733458453638e-08
6.659242761692650836e-01 1.285442973774918646e-08
6.669144981412639117e-01 1.293667965307720776e-08
6.679076693968728495e-01 1.346492877800659987e-08
6.689038031319911592e-01 1.369023842115342567e-08
6.699029126213592589e-01 1.312033902042838483e-08
6.709050112191472515e-01 1.222657762878894779e-08
6.719101123595506708e-01 1.222186817727014833e-08
6.729182295573894468e-01 1.357409280560408193e-08
6.739293764087154193e-01 1.502645996461492673e-08
6.749435665914222948e-01 1.468223255768617141e-08
6.759608138658629306e-01 1.237403617114831291e-08
6.769811320754718365e-01 1.051073357330699254e-08
6.780045351473923398e-01 1.175726095767982965e-08
6.790310370931113004e-01 1.552559469208541781e-08
6.800606520090978213e-01 1.767053751274882161e-08
6.810933940774487327e-01 1.503016588474024935e-08
6.821292775665399599e-01 9.866262424102166742e-09
6.831683168316832200e-01 8.576240479832644216e-09
6.842105263157896022e-01 1.395394541514941377e-08
6.852559205500382555e-01 2.078351942399313304e-08
6.863045141545524030e-01 2.060489549905857547e-08
6.873563218390804641e-01 1.237226752829117087e-08
6.884113584036839484e-01 5.971473993998740023e-09
6.894696387394313453e-01 1.048166797876899100e-08
6.905311778290993407e-01 2.228452402794392580e-08
6.915959907478798074e-01 2.686693469372437822e-08
6.926640926640926788e-01 1.696071970171469954e-08
6.937354988399072608e-01 4.590944957698862158e-09
6.948102246320682074e-01 7.220946307701987073e-09
6.958882854926300432e-01 2.491332481807022084e-08
6.969696969696971278e-01 3.642695759106629612e-08
6.980544747081712798e-01 2.577491656654761238e-08
6.991426344505067281e-01 5.805349629516064416e-09
7.002341920374708373e-01 3.831070406457493616e-09
7.013291634089133808e-01 2.524810989415760923e-08
7.024275646045420318e-01 4.245999589199405772e-08
7.035294117647059586e-01 3.116358238463119554e-08
7.046347211311863035e-01 6.143965136978368876e-09
7.057435090479937667e-01 3.900302431390502328e-09
7.068557919621749619e-01 3.119847031786859863e-08
7.079715864246250989e-01 5.122343612495199900e-08
7.090909090909089940e-01 3.481709614699884653e-08
7.102137767220902953e-01 4.944524647024161949e-09
7.113402061855670366e-01 6.622787228444391220e-09
7.124702144559175165e-01 3.954708669375913026e-08
7.136038186157518393e-01 5.381961274317023403e-08
7.147410358565736699e-01 2.584487900655713214e-08
7.158818834796488728e-01 7.009253248308620755e-10
7.170263788968826990e-01 2.909001456651190304e-08
7.181745396317054109e-01 8.531947072655239248e-08
7.193263833199680102e-01 9.412122522411865291e-08
7.204819277108435172e-01 4.225985321431825363e-08
7.216411906677393517e-01 6.701729337315075267e-09
7.228041901692184856e-01 4.390802391118506792e-08
7.239709443099273667e-01 1.021902097647205827e-07
7.251414713015360558e-01 9.460243603446687808e-08
7.263157894736842479e-01 3.115327516550912558e-08
7.274939172749392835e-01 7.180666943300027744e-09
7.286758732737611544e-01 5.777403016111348311e-08
7.298616761594793889e-01 1.037398095050457339e-07
7.310513447432763767e-01 7.414846160966921018e-08
7.322448979591836826e-01 1.411597451528869054e-08
7.334423548650859104e-01 1.088774872849567454e-08
7.346437346437347804e-01 5.776781721181523561e-08
7.358490566037736436e-01 7.287699194060574083e-08
7.370583401807725421e-01 3.324911141486450302e-08
7.382716049382715973e-01 1.608262417263686754e-09
7.394888705688376085e-01 1.667728389113313723e-08
7.407101568951280912e-01 3.822000749525764272e-08
7.419354838709676381e-01 2.731841018032395592e-08
7.431648715824358264e-01 9.622857510171309386e-09
7.443983402489626755e-01 1.617522782577225863e-08
7.456359102244389803e-01 2.676819153445497596e-08
7.468776019983347503e-01 1.833330834131688094e-08
7.481234361968307489e-01 1.152547543898814733e-08
7.493734335839599137e-01 2.379685958009928468e-08
7.506276150627616550e-01 2.993859925525339404e-08
7.518860016764461474e-01 1.482204133032108314e-08
7.531486146095719425e-01 1.151777069512504812e-08
7.544154751892346855e-01 3.203590786911072530e-08
7.556866048862680429e-01 3.403442259794481809e-08
7.569620253164558443e-01 1.007488243142331740e-08
7.582417582417582125e-01 1.312556134165515334e-08
7.595258255715495732e-01 5.050094395476241747e-08
7.608142493638677673e-01 4.820324995557494687e-08
7.621070518266781502e-01 3.986500717091779106e-09
7.634042553191490166e-01 2.931810591937698764e-08
7.647058823529412352e-01 1.259469220489148733e-07
7.660119555935098745e-01 1.444758213577963936e-07
7.673224978614200387e-01 5.990361367641249737e-08
7.686375321336763600e-01 7.927708845702797299e-08
7.699570815450644812e-01 2.676286214467683176e-07
7.712811693895099685e-01 3.400616894018609396e-07
7.726098191214471056e-01 1.783306274219588403e-07
7.739430543572045629e-01 1.289368787844728069e-07
7.752808988764045006e-01 4.292933343424032473e-07
7.766233766233766600e-01 7.046270399128661839e-07
7.779705117085863320e-01 6.359184181340393885e-07
7.793223284100783133e-01 7.109534483828173454e-07
7.806788511749348514e-01 1.308015399408720576e-06
7.820401046207499096e-01 1.825327167589769024e-06
7.834061135371179763e-01 1.733598666663038376e-06
7.847769028871391939e-01 1.701689724209443234e-06
7.861524978089395876e-01 2.569338446293327117e-06
7.875329236172081693e-01 3.641787584256261638e-06
7.889182058047494728e-01 3.684312852927136493e-06
7.903083700440529658e-01 3.200009804538879664e-06
7.917034421888792250e-01 3.579291129354619327e-06
7.931034482758622106e-01 4.391324250480608481e-06
7.945084145261293029e-01 4.008226970423409125e-06
7.959183673469388820e-01 2.705573538528675107e-06
7.973333333333333384e-01 2.318610535894121960e-06
7.987533392698131784e-01 2.992540532622057402e-06
8.001784121320251186e-01 3.215573819596833997e-06
8.016085790884719398e-01 3.041582175451324199e-06
8.030438675022382178e-01 3.974156924725182194e-06
8.044843049327355944e-01 5.456508515350401279e-06
8.059299191374664773e-01 5.286063816677813677e-06
8.073807380738076134e-01 3.663324797041744954e-06
8.088367899008117590e-01 3.004830164716724294e-06
8.102981029810299995e-01 3.672864931588041580e-06
8.117647058823530548e-01 3.797396227847556230e-06
8.132366273798732337e-01 3.296458022180202544e-06
8.147138964577657072e-01 3.745934561832562562e-06
8.161965423111919860e-01 4.611100082257134503e-06
8.176845943482224932e-01 3.982020207134890296e-06
8.191780821917810096e-01 2.373512219701075809e-06
8.206770356816103229e-01 1.662061906675139072e-06
8.221814848762603045e-01 1.528325439677464892e-06
8.236914600550966359e-01 8.730819007946436851e-07
8.252069917203311844e-01 6.289727717599564183e-07
8.267281105990784695e-01 1.799222094857215090e-06
8.282548476454295594e-01 3.596775233397332849e-06
8.297872340425533899e-01 5.735186159924417913e-06
8.313253012048194002e-01 8.429184235793179652e-06
8.328690807799443707e-01 9.579203733973904510e-06
8.344186046511630206e-01 7.793415145390339025e-06
8.359739049394223631e-01 6.919530799774753941e-06
8.375350140056023740e-01 1.026603433735933085e-05
8.391019644527598631e-01 1.415606500255939048e-05
8.406747891283975482e-01 1.589191237746244415e-05
8.422535211267607735e-01 2.050581905864363972e-05
8.438381937911572095e-01 3.008127219496038038e-05
8.454288407163055297e-01 3.879880412931553365e-05
8.470254957507082905e-01 4.872346202061564828e-05
8.486281929990541206e-01 7.248154344047384094e-05
8.502369668246447798e-01 1.106168542117852085e-04
8.518518518518519711e-01 1.508486092448927112e-04
8.534728829686014651e-01 1.953521866609939897e-04
8.551000953288846462e-01 2.543929426999974770e-04
8.567335243553009239e-01 3.121833701598194111e-04
8.583732057416268990e-01 3.453598162093239219e-04
8.600191754554171730e-01 3.705211033992946183e-04
8.616714697406342438e-01 4.168556663409128324e-04
8.633301251203081561e-01 4.680667796243342753e-04
8.649951783992285703e-01 4.990625557244888740e-04
8.666666666666668073e-01 5.378423389549647545e-04
8.683446272991288684e-01 6.134304396421826717e-04
8.700290979631426502e-01 6.982318783172220163e-04
8.717201166180760241e-01 7.875560483479058854e-04
8.734177215189875554e-01 9.479171377812605197e-04
8.751219512195124173e-01 1.198005884358260484e-03
8.768328445747802791e-01 1.479788979707072523e-03
8.785504407443684993e-01 1.846321130617106917e-03
8.802747791952896250e-01 2.493033223232006199e-03
8.820058997050148619e-01 3.515884845313910819e-03
8.837438423645321839e-01 4.899128769314065567e-03
8.854886475814414126e-01 6.803063433259162740e-03
8.872403560830862679e-01 9.444371899128627471e-03
8.889990089197226109e-01 1.251862918319856209e-02
8.907646474677261006e-01 1.515906989271400239e-02
8.925373134328360436e-01 1.663613629402788119e-02
8.943170488534397666e-01 1.669821945325638754e-02
8.961038961038962913e-01 1.524307986114589904e-02
8.978978978978980896e-01 1.235022411429777603e-02
8.996990972918756935e-01 8.779328814781066706e-03
9.015075376884422731e-01 5.707088659000758395e-03
9.033232628398791819e-01 3.698593778702378640e-03
9.051463168516650226e-01 2.457228762787188551e-03
9.069767441860466795e-01 1.618614181417694442e-03
9.088145896656535383e-01 1.150449107133360346e-03
9.106598984771576699e-01 9.626733286751153803e-04
9.125127161749747584e-01 8.026556039540295746e-04
9.143730886850154338e-01 6.161519224631010257e-04
9.162410623084781269e-01 5.252419401301520801e-04
9.181166837256908853e-01 4.981015339014151916e-04
9.200000000000000400e-01 4.221877166474088169e-04
9.218910585817063907e-01 3.430586250260094449e-04
9.237899073120497961e-01 3.292206057748466486e-04
9.256965944272448343e-01 3.157807869705504551e-04
9.276111685625647585e-01 2.686990446963358355e-04
9.295336787564768555e-01 2.514927221260182403e-04
9.314641744548286528e-01 2.572201157077105100e-04
9.334027055150884156e-01 2.265897309161521694e-04
9.353493222106360472e-01 1.938250770641569037e-04
9.373040752351100569e-01 1.981470683273504766e-04
9.392670157068064851e-01 1.841215745495466190e-04
9.412381951731376706e-01 1.383208097200709045e-04
9.432176656151421978e-01 1.257007488587250229e-04
9.452054794520549086e-01 1.334957365709829938e-04
9.472016895459346442e-01 1.033627959166722680e-04
9.492063492063493868e-01 7.332994770654488860e-05
9.512195121951222410e-01 8.342989056115630354e-05
9.532412327311373668e-01 7.974058397801841395e-05
9.552715654952079749e-01 5.098682378554774791e-05
9.573105656350053838e-01 5.453408688644183807e-05
9.593582887700534689e-01 7.110666102409035703e-05
9.614147909967846184e-01 6.066577895536841812e-05
9.634801288936630792e-01 7.516960502682131157e-05
9.655543595263728074e-01 1.260668409654710706e-04
9.676375404530745961e-01 1.462166359758509590e-04
9.697297297297298169e-01 1.727539771105281673e-04
9.718309859154931063e-01 2.725802299358726652e-04
9.739413680781758842e-01 3.508680801840603487e-04
9.760609357997823698e-01 3.592925393904987798e-04
9.781897491821158752e-01 4.423421099680734125e-04
9.803278688524592610e-01 5.964221223214960206e-04
9.824753559693322202e-01 6.224794568465821581e-04
9.846322722283207263e-01 5.697463472017102971e-04
9.867986798679870830e-01 6.442279036088442538e-04
9.889746416758545822e-01 7.269911517949960260e-04
9.911602209944752051e-01 6.302854201916940078e-04
9.933554817275751514e-01 5.371755339193530444e-04
9.955604883462821908e-01 5.890917293641014787e-04
9.977753058954397236e-01 5.748044193512841064e-04
1.000000000000000222e+00 4.510929026211773964e-04
