1.400000000000000577e+00 6.392082415246762859e-04
1.401041279285980323e+00 6.597339708857681779e-04
1.402084108671381335e+00 6.156722033058380358e-04
1.403128491620112328e+00 5.432511734575264659e-04
1.404174431606411089e+00 4.758136254758093360e-04
1.405221932114882888e+00 4.238768479069577591e-04
1.406270996640538007e+00 3.948849279799319608e-04
1.407321628688831039e+00 4.101938047336354089e-04
1.408373831775701523e+00 4.881084704689943386e-04
1.409427609427609918e+00 6.218365336053350081e-04
1.410482965181580228e+00 7.880945161907985811e-04
1.411539902585238426e+00 9.668826887743662809e-04
1.412598425196850860e+00 1.133941081766937911e-03
1.413658536585366221e+00 1.241783354161410478e-03
1.414720240330454626e+00 1.239407250139565190e-03
1.415783540022548470e+00 1.124986106635409398e-03
1.416848439262881065e+00 9.616300617380232158e-04
1.417914941663530826e+00 8.246635327855456098e-04
1.418983050847457905e+00 7.440217626223431888e-04
1.420052770448549051e+00 7.131490432723172060e-04
1.421124104111656239e+00 7.393644954312860069e-04
1.422197055492639306e+00 8.544399957143127824e-04
1.423271628258406141e+00 1.071181233455726148e-03
1.424347826086956870e+00 1.354263346803346322e-03
1.425425652667423826e+00 1.644910574891491695e-03
1.426505111700113737e+00 1.893721675321247177e-03
1.427586206896552135e+00 2.055483472487193344e-03
1.428668941979522433e+00 2.078851949085676852e-03
1.429753320683112117e+00 1.940674360812910020e-03
1.430839346752754038e+00 1.691812244898290452e-03
1.431927023945268607e+00 1.437182531612083737e-03
1.433016356028908644e+00 1.256179763442308783e-03
1.434107346783403569e+00 1.160826485249786318e-03
1.435200000000000475e+00 1.140240356584924612e-03
1.436294319481510096e+00 1.217005390035077756e-03
1.437390309042350767e+00 1.429784464718456558e-03
1.438487972508591506e+00 1.772105093967463749e-03
1.439587313717997974e+00 2.179143073327126628e-03
1.440688336520077106e+00 2.572690975362148125e-03
1.441791044776119746e+00 2.889248945171566958e-03
1.442895442359249714e+00 3.064310830702607607e-03
1.444001533154465777e+00 3.036830135923526252e-03
1.445109321058688723e+00 2.807014621830551497e-03
1.446218809980806430e+00 2.471443302428310510e-03
1.447330003841721391e+00 2.162162354429845740e-03
1.448442906574394895e+00 1.949896366046993072e-03
1.449557522123894104e+00 1.832128992740315442e-03
1.450673854447439792e+00 1.808443514503671077e-03
1.451791907514451418e+00 1.922092697435673261e-03
1.452911685306595313e+00 2.207263029637372958e-03
1.454033191817831305e+00 2.629149160452342281e-03
1.455156431054461574e+00 3.107084808465522801e-03
1.456281407035176167e+00 3.572730875083464548e-03
1.457408123791103183e+00 3.966591051404096471e-03
1.458536585365854066e+00 4.196900352570572500e-03
1.459666795815575790e+00 4.168575045166992427e-03
1.460798759208996156e+00 3.881850731657122532e-03
1.461932479627474191e+00 3.465276770295198493e-03
1.463067961165049002e+00 3.076119717273365691e-03
1.464205207928488406e+00 2.787522995263766543e-03
1.465344224037339993e+00 2.600793504954007108e-03
1.466485013623978428e+00 2.537291079302790141e-03
1.467627580833658518e+00 2.657639279172863914e-03
1.468771929824562061e+00 2.984979881478744181e-03
1.469918064767850696e+00 3.461730753927358146e-03
1.471065989847716304e+00 4.004548316103665080e-03
1.472215709261430971e+00 4.556311652718607851e-03
1.473367227219398279e+00 5.047018251082903070e-03
1.474520547945205928e+00 5.347806479693262630e-03
1.475675675675676146e+00 5.339645389054842664e-03
1.476832614660917420e+00 5.037495351761231595e-03
1.477991369164378677e+00 4.595655974590372519e-03
1.479151943462897911e+00 4.172163185237588723e-03
1.480314341846758586e+00 3.829136772378085446e-03
1.481478568619740921e+00 3.583848650711429339e-03
1.482644628099174078e+00 3.497278666252215222e-03
1.483812524615991002e+00 3.647744756144560667e-03
1.484982262514781493e+00 4.038274544551636105e-03
1.486153846153846825e+00 4.595659267408444548e-03
1.487327279905250821e+00 5.259820737824751936e-03
1.488502568154880024e+00 6.002938638036279390e-03
1.489679715302491658e+00 6.734366219060513095e-03
1.490858725761773362e+00 7.259446023500946109e-03
1.492039603960396477e+00 7.409323914358343158e-03
1.493222354340072000e+00 7.197799250470249093e-03
1.494406981356604991e+00 6.796379309777894270e-03
1.495593489479952742e+00 6.367562326012194025e-03
1.496781883194279406e+00 5.984879943673443448e-03
1.497972166998012167e+00 5.711716137595052901e-03
1.499164345403900311e+00 5.664040456107940873e-03
1.500358422939068292e+00 5.932822802575790470e-03
1.501554404145078347e+00 6.492356682039993401e-03
1.502752293577982012e+00 7.251989748976422033e-03
1.503952095808383849e+00 8.166847085315448798e-03
1.505153815421494512e+00 9.213148894535339029e-03
1.506357457017193591e+00 1.025594201771739579e-02
1.507563025210084451e+00 1.104037034244174063e-02
1.508770524629555743e+00 1.137512392470568269e-02
1.509979959919840020e+00 1.128212817943931474e-02
1.511191335740072361e+00 1.092313287209541878e-02
1.512404656764352318e+00 1.043393697521516512e-02
1.513619927681800537e+00 9.904490301702749758e-03
1.514837153196622932e+00 9.480185942001723501e-03
1.516056338028169526e+00 9.359304739436153514e-03
1.517277486910995066e+00 9.648157987421711324e-03
1.518500604594921866e+00 1.029543242880843514e-02
1.519725695845099089e+00 1.121788463732103537e-02
1.520952765442067367e+00 1.241395297493239937e-02
1.522181818181818524e+00 1.386363227645551026e-02
1.523412858875859754e+00 1.535941860637547556e-02
1.524645892351275123e+00 1.655802909319654959e-02
1.525880923450790405e+00 1.723185879184211886e-02
1.527117957032833928e+00 1.740107061230704300e-02
1.528356997971602738e+00 1.720678939029990015e-02
1.529598051157125882e+00 1.676120368161343119e-02
1.530841121495327473e+00 1.619415632428285873e-02
1.532086213908093297e+00 1.575367252753260769e-02
1.533333333333333881e+00 1.571343411708384097e-02
1.534582484725051543e+00 1.617148053275186195e-02
1.535833673053404347e+00 1.704131024948994308e-02
1.537086903304774044e+00 1.825444569021481347e-02
1.538342180481829802e+00 1.984752081592697920e-02
1.539599509603596594e+00 2.177398786570720196e-02
1.540858895705521814e+00 2.372862277954414928e-02
1.542120343839542107e+00 2.529251060969060771e-02
1.543383859074150433e+00 2.624084960384573048e-02
1.544649446494465339e+00 2.662151374476978000e-02
1.545917111202298466e+00 2.657145713598983369e-02
1.547186858316222047e+00 2.621531667435810301e-02
1.548458692971640627e+00 2.578965789883155488e-02
1.549732620320855903e+00 2.570501389609830892e-02
1.551008645533141328e+00 2.632812577776176555e-02
1.552286773794808949e+00 2.774589041196294514e-02
1.553567010309278906e+00 2.985947152175168554e-02
1.554849360297152705e+00 3.265223997970072983e-02
1.556133828996282942e+00 3.616923419722799238e-02
1.557420421661844134e+00 4.018061447698327571e-02
1.558709143566405109e+00 4.404572555858776717e-02
1.560000000000000497e+00 4.707731573997925995e-02
1.561292996270203570e+00 4.900583903340145764e-02
1.562588137702198621e+00 5.001010361234958790e-02
1.563885429638854685e+00 5.040979089923627865e-02
1.565184877440797928e+00 5.053416228773905533e-02
1.566486486486486918e+00 5.087157911048495462e-02
1.567790262172285010e+00 5.207440565377321334e-02
1.569096209912536954e+00 5.462768727845600941e-02
1.570404335139641727e+00 5.859838004684752438e-02
1.571714643304130465e+00 6.381505341265661380e-02
1.573027139874739300e+00 7.012408702465332266e-02
1.574341830338487513e+00 7.719039617344061743e-02
1.575658720200753038e+00 8.407903587003238977e-02
1.576977814985349946e+00 8.942244047804634444e-02
1.578299120234604613e+00 9.232700617858513592e-02
1.579622641509434322e+00 9.309995029295137225e-02
1.580948384389425421e+00 9.295873093378946572e-02
1.582276354472910818e+00 9.311528882088937475e-02
1.583606557377049695e+00 9.431787125197231558e-02
1.584938998737905225e+00 9.714487915541927809e-02
1.586273684210526724e+00 1.022532179333974084e-01
1.587610619469027151e+00 1.099409695307396184e-01
1.588949810206664148e+00 1.194819905106666302e-01
1.590291262135922645e+00 1.291142364409444687e-01
1.591634980988593462e+00 1.367905904918354787e-01
1.592980972515856575e+00 1.410148597749205368e-01
1.594329242488362608e+00 1.412745148822523167e-01
1.595679796696315433e+00 1.381716928530125066e-01
1.597032640949555438e+00 1.333561817498405133e-01
1.598387781077641456e+00 1.289990366217941553e-01
1.599745222929936705e+00 1.267367890706114220e-01
1.601104972375690938e+00 1.267141386607914533e-01
1.602467035304126375e+00 1.275078574116740027e-01
1.603831417624521416e+00 1.269593049267040974e-01
1.605198125266298126e+00 1.232297531205378827e-01
1.606567164179104834e+00 1.155341265596047384e-01
1.607938540332907174e+00 1.044911028072061515e-01
1.609312259718069571e+00 9.200918471046483360e-02
1.610688328345446951e+00 8.042176496265582286e-02
1.612066752246470225e+00 7.107592932162558330e-02
1.613447537473233773e+00 6.346684488440353100e-02
1.614830690098586041e+00 5.589164962985989499e-02
1.616216216216216583e+00 4.713415212795353526e-02
1.617604121940747541e+00 3.752670983777613850e-02
1.618994413407821353e+00 2.842558267819588272e-02
1.620387096774194235e+00 2.090402462342319523e-02
1.621782178217822112e+00 1.513287387145114543e-02
1.623179663937958095e+00 1.081158593561010878e-02
1.624579560155239522e+00 7.756055496492707604e-03
1.625981873111782994e+00 5.899001346204585904e-03
1.627386609071274748e+00 4.982404305392088527e-03
1.628793774319066356e+00 4.562958341148969955e-03
1.630203375162267987e+00 4.321391383141103860e-03
1.631615417929840106e+00 4.191765475953298549e-03
1.633029908972692068e+00 4.173566121454316304e-03
1.634446854663774706e+00 4.179397904799219549e-03
1.635866261398176702e+00 4.131436104167128531e-03
1.637288135593220728e+00 4.075727923704869013e-03
1.638712483688560484e+00 4.088642627511965104e-03
1.640139312146277950e+00 4.136161492376477442e-03
1.641568627450980644e+00 4.129455888936291522e-03
1.643000436109899987e+00 4.077828736487370577e-03
1.644434744652990332e+00 4.074075359050346665e-03
1.645871559633027781e+00 4.136533932655611992e-03
1.647310887625710762e+00 4.177298129124943672e-03
1.648752735229759514e+00 4.151720621198539893e-03
1.650197109067017553e+00 4.136205636061335116e-03
1.651644015782551822e+00 4.200779254578502347e-03
1.653093462044756823e+00 4.289197985126433355e-03
1.654545454545454763e+00 4.309536615868081455e-03
1.656000000000000361e+00 4.286076475652185816e-03
1.657457105147382537e+00 4.317845364346549301e-03
1.658916776750330335e+00 4.410312321939919601e-03
1.660379021595416837e+00 4.461094526853479764e-03
1.661843846493163079e+00 4.427285945792605246e-03
1.663311258278146187e+00 4.398068028000248590e-03
1.664781263809103296e+00 4.449175481685151493e-03
1.666253869969040569e+00 4.517762911676249937e-03
1.667729083665338896e+00 4.506683244413863323e-03
1.669206911829862916e+00 4.448499495615492946e-03
1.670687361419068928e+00 4.456535920550454624e-03
1.672170439414114806e+00 4.539649449480124763e-03
1.673656152820968801e+00 4.586144570412896068e-03
1.675144508670520560e+00 4.547352015537837674e-03
1.676635514018691930e+00 4.519957653066714216e-03
1.678129175946548202e+00 4.588040349285640168e-03
1.679625501560410683e+00 4.682232290586910151e-03
1.681124497991968170e+00 4.690810468663198646e-03
1.682626172398392628e+00 4.644264523684314173e-03
1.684130531962449995e+00 4.668416560714747955e-03
1.685637583892617641e+00 4.777951574728467841e-03
1.687147335423198058e+00 4.848815252656056042e-03
1.688659793814433430e+00 4.819641777422192970e-03
1.690174966352624875e+00 4.793893547151220624e-03
1.691692860350247241e+00 4.870755054155503048e-03
1.693213483146067899e+00 4.977999158035443551e-03
1.694736842105263319e+00 4.983973361604786961e-03
1.696262944619541191e+00 4.911147922333211797e-03
1.697791798107255890e+00 4.901186893339929025e-03
1.699323410013531932e+00 4.983337342889360144e-03
1.700857787810384103e+00 5.024002683530581596e-03
1.702394938996837137e+00 4.945181310336323362e-03
1.703934871099050730e+00 4.857423696235146394e-03
1.705477591670439441e+00 4.885313236625370842e-03
1.707023108291799041e+00 4.965544570795355980e-03
1.708571428571428852e+00 4.949681366130222540e-03
1.710122560145256765e+00 4.848999984767748787e-03
1.711676510676965357e+00 4.820599607898106917e-03
1.713233287858117571e+00 4.911427125179523324e-03
1.714792899408284388e+00 4.977031611197265358e-03
1.716355353075170953e+00 4.913923124800769274e-03
1.717920656634747356e+00 4.830218175931533936e-03
1.719488817891373866e+00 4.871455114834828508e-03
1.721059844677935713e+00 4.980285673807334675e-03
1.722633744855967208e+00 4.985096442984482054e-03
1.724210526315790082e+00 4.879985820710532399e-03
1.725790196976638047e+00 4.838895796168834161e-03
1.727372764786795356e+00 4.933108909988182314e-03
1.728958237723726699e+00 5.010063472426708360e-03
1.730546623794212424e+00 4.937861318194944338e-03
1.732137931034483103e+00 4.822249514473114090e-03
1.733732167510354527e+00 4.837615244428261456e-03
1.735329341317365603e+00 4.940430247165607421e-03
1.736929460580913132e+00 4.934826993606760033e-03
1.738532533456391693e+00 4.792063049470917865e-03
1.740138568129330654e+00 4.704032319509427948e-03
1.741747572815534051e+00 4.775074223662803367e-03
1.743359555761221813e+00 4.850172750310906972e-03
1.744974525243168317e+00 4.766493186001122609e-03
1.746592489568846052e+00 4.624691008399439349e-03
1.748213457076566391e+00 4.632194959976710172e-03
1.749837436135625035e+00 4.764428271425083170e-03
1.751464435146443677e+00 4.798202420331571308e-03
1.753094462540716991e+00 4.673734757679748504e-03
1.754727526781556080e+00 4.597382063439963036e-03
1.756363636363636571e+00 4.707005961103224133e-03
1.758002799813346062e+00 4.839161030340291721e-03
1.759645025688930664e+00 4.786950296934245307e-03
1.761290322580645551e+00 4.639295075023696334e-03
1.762938699110903285e+00 4.643504622470221756e-03
1.764590163934426359e+00 4.801392411494739138e-03
1.766244725738397081e+00 4.856943397835485760e-03
1.767902393242609449e+00 4.709920591990680687e-03
1.769563175199624361e+00 4.587240583202032915e-03
1.771227080394922382e+00 4.679947681246100603e-03
1.772894117647058954e+00 4.825804177427701382e-03
1.774564295807819381e+00 4.763608198817970672e-03
1.776237623762376705e+00 4.560693094839127215e-03
1.777914110429448247e+00 4.514262086004005789e-03
1.779593764761455255e+00 4.669798981460398374e-03
1.781276595744681224e+00 4.737405569890262673e-03
1.782962612399432656e+00 4.559421116336503932e-03
1.784651823780199376e+00 4.378062795068962329e-03
1.786344238975818177e+00 4.452797302352732786e-03
1.788039867109634917e+00 4.633468766830878272e-03
1.789738717339667495e+00 4.592561228117959631e-03
1.791440798858773276e+00 4.359631907408545101e-03
1.793146120894812290e+00 4.287068233433243003e-03
1.794854692710814881e+00 4.479607670865276559e-03
1.796566523605150234e+00 4.607642642392772124e-03
1.798281622911694910e+00 4.430108766089174178e-03
1.800000000000000266e+00 4.194800675832941958e-03
