8.599999999999999867e-01 1.827795005043739954e-04
8.609140670670140105e-01 1.983149380640002288e-04
8.618300792679682854e-01 2.145227948490634976e-04
8.627480428183417205e-01 2.433451731192478684e-04
8.636679639601216874e-01 2.786587880115988861e-04
8.645898489619469052e-01 3.079645210987471955e-04
8.655137041192499936e-01 3.562200503582100349e-04
8.664395357543991372e-01 3.505822253166120464e-04
8.673673502168441907e-01 3.124653485844625079e-04
8.682971538832610081e-01 2.955761497185269951e-04
8.692289531576972150e-01 2.886083955890161737e-04
8.701627544717193130e-01 3.031612002083628886e-04
8.710985642845621157e-01 2.983357420969020451e-04
8.720363890832750764e-01 2.867174661904009795e-04
8.729762353828744992e-01 2.812039262994686585e-04
8.739181097264929754e-01 2.417336800535411470e-04
8.748620186855321501e-01 2.094354611442254832e-04
8.758079688598152668e-01 1.909392469414815277e-04
8.767559668777398230e-01 1.855942767459161128e-04
8.777060193964349999e-01 1.971062551129915564e-04
8.786581331019147623e-01 1.858961786213804196e-04
8.796123147092361760e-01 1.717936296003527556e-04
8.805685709626569491e-01 1.598544895237871927e-04
8.815269086357948591e-01 1.335105532181715367e-04
8.824873345317861828e-01 1.169347519877477490e-04
8.834498554834488981e-01 1.035634209069725628e-04
8.844144783534423349e-01 9.571212375542190664e-05
8.853812100344318203e-01 9.411313844727493719e-05
8.863500574492532147e-01 7.291814647914597386e-05
8.873210275510762246e-01 5.336569351098891949e-05
8.882941273235729351e-01 4.143761848852922750e-05
8.892693637810836771e-01 2.246996881669179253e-05
8.902467439687862250e-01 1.370155861871520058e-05
8.912262749628652170e-01 7.099624204868190870e-06
8.922079638706835736e-01 5.341691182370333415e-06
8.931918178309532497e-01 2.183620229874098009e-05
8.941778440139096507e-01 6.174301498157982787e-05
8.951660496214843832e-01 1.063688743319780698e-04
8.961564418874813365e-01 3.520649126538821376e-05
8.971490280777538739e-01 1.187425467082558106e-04
8.981438154903808035e-01 3.172189671485901342e-05
8.991408114558473441e-01 1.441202629552398808e-04
9.001400233372229831e-01 4.238924356474347253e-04
9.011414585303445524e-01 6.918077931887940636e-05
9.021451244639973055e-01 3.628799470502597538e-05
9.031510286001005472e-01 2.543140980861756341e-04
9.041591784338897098e-01 2.045620672319498090e-04
9.051695814941052021e-01 1.202123465280950849e-04
9.061822453431785940e-01 1.588967845458144406e-04
9.071971775774206881e-01 3.171031947766666951e-04
9.082143858272131443e-01 4.193276298831577226e-04
9.092338777571982167e-01 1.347861727597161668e-04
9.102556610664718217e-01 5.250407855048325396e-05
9.112797434887777159e-01 2.554783715310766923e-04
9.123061327927016739e-01 6.951179246747297763e-04
9.133348367818684421e-01 3.305203339167022856e-04
9.143658632951403575e-01 1.366348937169260195e-04
9.153992202068147455e-01 1.994269971020473566e-04
9.164349154268258690e-01 4.619119476362799014e-04
9.174729569009458796e-01 4.563223970878148858e-04
9.185133526109883206e-01 1.674295631647034551e-04
9.195561105750129638e-01 7.240962646083872042e-05
9.206012388475307562e-01 6.244488897225582104e-05
9.216487455197132084e-01 5.899032514616992618e-05
9.226986387195991179e-01 3.474450296909054194e-05
9.237509266123056229e-01 3.878694316846403547e-05
9.248056174002398100e-01 8.810307416815568683e-05
9.258627193233126551e-01 1.827748929462525524e-04
9.269222406591519636e-01 2.351840428049621471e-04
9.279841897233201964e-01 1.778041431082529977e-04
9.290485748695304080e-01 7.976644576579647599e-05
9.301154044898661821e-01 6.335175455647796584e-05
9.311846870150026767e-01 1.480501439839084486e-04
9.322564309144270034e-01 2.341749266597331028e-04
9.333306446966641579e-01 2.163314125676581504e-04
9.344073369094999526e-01 1.429580457789512635e-04
9.354865161402091678e-01 1.247378667961364764e-04
9.365681910157831469e-01 2.125778485620318469e-04
9.376523702031603902e-01 3.515761191871211470e-04
9.387390624094570368e-01 3.586051035254908732e-04
9.398282763822011221e-01 2.100860471411281397e-04
9.409200209095662792e-01 1.047562102119289299e-04
9.420143048206082170e-01 1.151622067422481647e-04
9.431111369855039728e-01 1.968494220249902295e-04
9.442105263157893891e-01 2.742169540193036383e-04
9.453124817646029188e-01 2.657927534124990472e-04
9.464170123269265433e-01 1.872334526083587792e-04
9.475241270398316873e-01 1.525860641650793022e-04
9.486338349827253547e-01 1.857448979178483400e-04
9.497461452775987079e-01 2.572853094511703097e-04
9.508610670892763128e-01 3.185480144255050479e-04
9.519786096256686037e-01 2.825816469367870292e-04
9.530987821380244585e-01 1.870662269542160551e-04
9.542215939211874387e-01 1.329781504523375592e-04
9.553470543138528059e-01 1.325565207872376713e-04
9.564751726988250935e-01 1.695941412104062047e-04
9.576059585032808963e-01 1.934381198333449210e-04
9.587394211990294401e-01 1.648040069094354292e-04
9.598755703027791464e-01 1.423865156248650861e-04
9.610144153764016428e-01 1.444935794244633389e-04
9.621559660272022141e-01 1.633590580932165631e-04
9.633002319081881426e-01 1.981917812558701508e-04
9.644472227183426005e-01 2.106205868719890340e-04
9.655969482028970985e-01 2.209498088096775324e-04
9.667494181536073761e-01 2.565496976561839216e-04
9.679046424090338441e-01 2.869099024922672930e-04
9.690626308548183632e-01 3.001352523867171422e-04
9.702233934239684610e-01 2.341924535595206534e-04
9.713869400971398838e-01 1.251944282114185751e-04
9.725532809029237002e-01 7.307682124781895235e-05
9.737224259181341823e-01 1.182005400109330240e-04
9.748943852680991284e-01 2.582021408093386548e-04
9.760691691269505199e-01 3.878898236970633961e-04
9.772467877179223938e-01 3.606726407850334112e-04
9.784272513136439420e-01 2.739612109215753730e-04
9.796105702364393819e-01 2.321969291012679511e-04
9.807967548586306039e-01 2.855524732452263789e-04
9.819858156028369311e-01 4.954182715880724175e-04
9.831777629422832065e-01 7.763541430736147376e-04
9.843726074011059923e-01 8.826207702363871250e-04
9.855703595546635443e-01 8.508021032630481810e-04
9.867710300298471182e-01 8.133683164817323910e-04
9.879746295053973837e-01 9.310302414511739504e-04
9.891811687122183949e-01 1.273405468250357782e-03
9.903906584336983343e-01 1.642678675882424093e-03
9.916031095060294787e-01 1.718816416876637557e-03
9.928185328185327174e-01 1.459730094284216514e-03
9.940369393139842913e-01 1.305744049215415339e-03
9.952583399889416427e-01 1.586162713865624718e-03
9.964827458940763716e-01 2.247654072560132353e-03
9.977101681345076356e-01 2.893940993073059343e-03
9.989406178701363270e-01 2.996140987660305538e-03
1.000174106315984357e+00 2.607732503316867977e-03
1.001410644742535938e+00 2.454177716155506953e-03
1.002650244476078312e+00 2.813209126783986196e-03
1.003892916899052024e+00 3.616495328078341356e-03
1.005138673450393982e+00 4.347087693059308207e-03
1.006387525625892954e+00 4.218908194554564679e-03
1.007639484978540834e+00 3.755543856929628894e-03
1.008894563118889254e+00 3.555906970535953858e-03
1.010152771715408182e+00 3.746913547043882135e-03
1.011414122494849410e+00 4.394633660465314604e-03
1.012678627242608265e+00 4.872417777977556055e-03
1.013946297803091978e+00 4.606083859364056877e-03
1.015217146080090282e+00 4.132089325209994599e-03
1.016491184037146223e+00 4.012668814196622934e-03
1.017768423697932967e+00 4.617307495059556031e-03
1.019048877146631726e+00 5.799021124558195912e-03
1.020332556528311230e+00 6.879564552383804835e-03
1.021619474049315857e+00 7.360651613146597036e-03
1.022909641977647555e+00 7.070677624492136860e-03
1.024203072643358414e+00 6.985507727265449426e-03
1.025499778438944132e+00 7.871020447475063353e-03
1.026799771819737694e+00 9.202260365543194973e-03
1.028103065304309283e+00 1.027633242722283610e-02
1.029409671474868171e+00 1.078936772195746019e-02
1.030719602977667515e+00 1.130939378065758810e-02
1.032032872523412248e+00 1.282379003782623157e-02
1.033349492887669863e+00 1.527693763556821696e-02
1.034669476911285635e+00 1.805866590419635473e-02
1.035992837500799402e+00 2.064618281325725224e-02
1.037319587628866113e+00 2.321563631613019624e-02
1.038649740334679716e+00 2.764491311843375945e-02
1.039983308724401478e+00 3.478085486827704742e-02
1.041320305971588533e+00 4.437300133723873219e-02
1.042660745317628868e+00 5.526246416233682873e-02
1.044004640072178969e+00 6.581474793107748578e-02
1.045352003613602587e+00 7.822236466411545963e-02
1.046702849389416601e+00 9.814668525474294636e-02
1.048057190916736880e+00 1.270231294999139282e-01
1.049415041782729707e+00 1.609956146472049376e-01
1.050776415645067408e+00 1.957489352913565350e-01
1.052141326232383101e+00 2.325645821304336280e-01
1.053509787344735660e+00 2.750148692166277109e-01
1.054881812854073120e+00 3.192707369612126644e-01
1.056257416704701191e+00 3.537901587429920225e-01
1.057636612913755991e+00 3.763099457898679279e-01
1.059019415571680778e+00 3.960736282651822759e-01
1.060405838842704673e+00 4.120023236360253471e-01
1.061795896965327390e+00 4.044876651617275165e-01
1.063189604252805731e+00 3.709086522390345753e-01
1.064586975093645194e+00 3.178673563364298738e-01
1.065988023952095798e+00 2.501321972624291901e-01
1.067392765368649910e+00 1.816787208215199789e-01
1.068801213960546503e+00 1.231611376747720754e-01
1.070213384422276315e+00 7.723097445542395634e-02
1.071629291526096539e+00 4.558758583618911786e-02
1.073048950122540868e+00 2.761327400251611247e-02
1.074472375140943292e+00 1.895674922599832959e-02
1.075899581589958354e+00 1.457326733484786557e-02
1.077330584558090054e+00 1.169745226369034961e-02
1.078765399214224097e+00 9.677295634265862742e-03
1.080204040808161681e+00 8.181405084022801838e-03
1.081646524671162402e+00 7.257003001270325576e-03
1.083092866216487149e+00 6.711794682092700991e-03
1.084543080939947668e+00 6.129908070753436848e-03
1.085997184420459893e+00 5.698060099097594297e-03
1.087455192320601505e+00 5.354129152857787198e-03
1.088917120387174808e+00 4.888928228445637257e-03
1.090382984451773840e+00 4.444123013883507535e-03
1.091852800431354131e+00 3.936678034216749104e-03
1.093326584328811579e+00 3.533553256482719219e-03
1.094804352233560873e+00 3.391784398834388377e-03
1.096286120322122359e+00 3.239845608652110361e-03
1.097771904858711123e+00 3.098371714982969902e-03
1.099261722195833624e+00 2.972869804354840492e-03
1.100755588774886329e+00 2.742094102890909810e-03
1.102253521126760782e+00 2.582335423732076609e-03
1.103755535872453564e+00 2.379411239884201158e-03
1.105261649723681350e+00 2.110765699885280931e-03
1.106771879483500864e+00 1.988418357987251864e-03
1.108286242046931713e+00 1.883486550907757318e-03
1.109804754401589433e+00 1.802057265278865419e-03
1.111327433628318540e+00 1.759931360732904654e-03
1.112854296901834239e+00 1.585479960495930285e-03
1.114385361491366799e+00 1.443240827212684783e-03
1.115920644761314362e+00 1.335172947177548121e-03
1.117460164171897752e+00 1.163945801328258737e-03
1.119003937279823280e+00 1.070299682295570553e-03
1.120551981738950209e+00 9.802803514526441542e-04
1.122104315300962885e+00 8.880942806270011002e-04
1.123660955816050633e+00 8.821430509961531016e-04
1.125221921233590328e+00 8.149956292206900904e-04
1.126787229602837836e+00 7.278915705006261654e-04
1.128356899073622799e+00 6.914565491144465280e-04
1.129930947897049620e+00 6.127763358560536777e-04
1.131509394426206461e+00 5.819428686199048508e-04
1.133092257116877555e+00 5.903490552822736543e-04
1.134679554528262413e+00 5.574227624146372998e-04
1.136271305323700798e+00 5.960598793973318843e-04
1.137867528271405471e+00 6.633607335057928800e-04
1.139468242245199381e+00 6.854488474273042874e-04
1.141073466225258848e+00 7.713385055809264014e-04
1.142683219298864516e+00 8.264929427382708719e-04
1.144297520661156975e+00 8.687931459559152967e-04
1.145916389615901476e+00 1.032579849169865983e-03
1.147539845576255546e+00 1.152237939218570938e-03
1.149167908065545696e+00 1.297444773529593271e-03
1.150800596718050794e+00 1.549871615216887825e-03
1.152437931279789440e+00 1.706033727072832308e-03
1.154079931609318210e+00 1.947376531139759139e-03
1.155726617678533241e+00 2.158101562817323505e-03
1.157378009573480249e+00 2.192359241851271276e-03
1.159034127495170763e+00 2.404342209935217065e-03
1.160694991760407024e+00 2.579411559819245418e-03
1.162360622802611765e+00 2.754943103367645755e-03
1.164031041172666647e+00 3.102343135806363578e-03
1.165706267539756702e+00 3.208382496624505049e-03
1.167386322692224532e+00 3.397902414536391712e-03
1.169071227538428293e+00 3.628928407112934091e-03
1.170761003107610110e+00 3.552102070844567316e-03
1.172455670550770712e+00 3.636868143419078395e-03
1.174155251141552503e+00 3.589454325916516166e-03
1.175859766277128404e+00 3.519087211741027225e-03
1.177569237479101583e+00 3.779552086645196918e-03
1.179283686394409170e+00 3.752425810824239552e-03
1.181003134796238196e+00 3.751728582749376713e-03
1.182727604584945524e+00 3.800470132663419549e-03
1.184457117788988878e+00 3.506720722499848206e-03
1.186191696565863873e+00 3.491949551140847204e-03
1.187931363203050594e+00 3.314390116233780371e-03
1.189676140118969050e+00 2.990315537804771970e-03
1.191426049863940628e+00 3.044910874035989048e-03
1.193181115121160651e+00 2.866121245155481105e-03
1.194941358707678702e+00 2.786048021931097299e-03
1.196706803575386058e+00 2.852457259291195368e-03
1.198477472812014444e+00 2.472708958676887118e-03
1.200253389642142565e+00 2.400292365152104784e-03
1.202034577428211293e+00 2.292166034765664301e-03
1.203821059671546401e+00 1.958647552071476200e-03
1.205612860013395737e+00 2.023200378196090502e-03
1.207410002235969282e+00 1.813103259773671695e-03
1.209212510263491858e+00 1.641555452402099560e-03
1.211020408163265172e+00 1.800942531315190016e-03
1.212833720146739624e+00 1.481659755457157305e-03
1.214652470570593001e+00 1.418199703821428417e-03
1.216476683937824044e+00 1.369255194991528778e-03
1.218306384898849570e+00 9.613644461008268851e-04
1.220141598252617365e+00 1.061320149927735736e-03
1.221982348947725727e+00 8.472653513313774427e-04
1.223828662083553898e+00 5.579979499379805622e-04
1.225680562911402038e+00 6.840560122196841925e-04
1.227538076835644532e+00 2.543605063123393012e-04
1.229401229414889496e+00 2.009663516470365898e-04
1.231270046363152515e+00 1.529650110864477558e-04
1.233144553551039024e+00 1.944365911552199157e-05
1.235024777006937580e+00 4.536503487827473076e-04
1.236910742918225559e+00 2.283865486551331988e-04
1.238802477632484411e+00 8.094073189866515111e-03
1.240700007658727122e+00 2.007056197301063799e-02
1.242603359668635443e+00 8.969646493925401837e-03
1.244512560497810449e+00 1.671064957468708367e-02
1.246427637147033973e+00 6.407217156969940985e-02
1.248348616783540033e+00 5.431014701095928515e-02
1.250275526742301579e+00 2.321723254456386012e-02
1.252208394527324797e+00 2.876645861974733501e-02
1.254147247812959831e+00 5.740424670913649163e-02
1.256092114445219732e+00 6.166496592006148053e-02
1.258043022443115611e+00 2.881134887975404443e-02
1.260000000000000009e+00 2.421881028240417677e-02
