9.600000000000000755e-01 1.073392741271775243e-04
9.609452540370225782e-01 9.162590333621579769e-05
9.618923713778829709e-01 7.666843898711374154e-05
9.628413575374901168e-01 8.320988859397312456e-05
9.637922180525380078e-01 6.091003588484070365e-05
9.647449584816132351e-01 7.544755716245663143e-05
9.656995844053039013e-01 6.339113391846800674e-05
9.666561014263075347e-01 5.335549742120399182e-05
9.676145151695419999e-01 5.653545441236158017e-05
9.685748312822548556e-01 5.962880808087317702e-05
9.695370554341349312e-01 5.727625409774691090e-05
9.705011933174226835e-01 6.234706660581709845e-05
9.714672506470238833e-01 5.827402572061182956e-05
9.724352331606219701e-01 5.900071726290131936e-05
9.734051466187912949e-01 5.287668771842970268e-05
9.743769968051119168e-01 5.813670190381035646e-05
9.753507895262844007e-01 5.548938447082232920e-05
9.763265306122449472e-01 6.324663452276313251e-05
9.773042259162828538e-01 5.716836857568744574e-05
9.782838813151565338e-01 6.050282786644342554e-05
9.792655027092114217e-01 4.973512882399852407e-05
9.802490960224991001e-01 5.061424482655720752e-05
9.812346672028958716e-01 3.926014762133622321e-05
9.822222222222225518e-01 4.022825697842400891e-05
9.832117670763652617e-01 3.110366757417148303e-05
9.842033077853975520e-01 3.373848155955479336e-05
9.851968503937010846e-01 2.814965946742787494e-05
9.861924009700892002e-01 3.032596916815554809e-05
9.871899656079305974e-01 2.380653349111056351e-05
9.881895504252735662e-01 2.195907425830864352e-05
9.891911615649707779e-01 1.532227241072864178e-05
9.901948051948052942e-01 1.042667470256711776e-05
9.912004875076174670e-01 4.643769466758862217e-06
9.922082147214316139e-01 2.839111123212222266e-06
9.932179930795849154e-01 3.585617390052559542e-05
9.942298288508557569e-01 8.954664555223638153e-06
9.952437283295942905e-01 1.006216986773081584e-04
9.962596978358513322e-01 4.847079460263742687e-05
9.972777437155120328e-01 8.015692872662625310e-05
9.982978723404256627e-01 2.427319047741028789e-04
9.993200901085398380e-01 4.964476688142191885e-05
1.000344403444034524e+00 8.423809575374866876e-05
1.001370818797455486e+00 2.496892186393195271e-04
1.002399342645850622e+00 1.584691453380592452e-04
1.003429981492905743e+00 5.985870595513507011e-05
1.004462741869081910e+00 2.071235385282393655e-04
1.005497630331753545e+00 2.917433147098715679e-04
1.006534653465346540e+00 1.431970957247247146e-04
1.007573817881478595e+00 1.038257155381017410e-04
1.008615130219099099e+00 2.453772800110998837e-04
1.009658597144630798e+00 4.259942353544881374e-04
1.010704225352112795e+00 2.587494450596317932e-04
1.011752021563342430e+00 1.153828742663283598e-04
1.012801992528020056e+00 1.460626124701516607e-04
1.013854145023893816e+00 3.624160941261060599e-04
1.014908485856905296e+00 4.565095558733004767e-04
1.015965021861336970e+00 2.788736702893763694e-04
1.017023759899958524e+00 1.457494565112544475e-04
1.018084706864177180e+00 1.753326144836623256e-04
1.019147869674185802e+00 3.099698164930756242e-04
1.020213255279113662e+00 4.345056057702328728e-04
1.021280870657178985e+00 3.414162557303318610e-04
1.022350722815839275e+00 2.294139489865501568e-04
1.023422818791946520e+00 2.091530308882971908e-04
1.024497165651900188e+00 2.974488359092385993e-04
1.025573770491803316e+00 3.804927189339275427e-04
1.026652640437618391e+00 3.813067993178443737e-04
1.027733782645324334e+00 3.098659677311543684e-04
1.028817204301075261e+00 2.853891603830100831e-04
1.029902912621359246e+00 3.074969261983618056e-04
1.030990914853158635e+00 3.518101023432345081e-04
1.032081218274111922e+00 3.386952189401573675e-04
1.033173830192674503e+00 2.922128656988910722e-04
1.034268757948283213e+00 2.644102329738802297e-04
1.035366008911521529e+00 2.909094201339389803e-04
1.036465590484282329e+00 3.417543787833861074e-04
1.037567510099936419e+00 3.581484437703043853e-04
1.038671775223499516e+00 3.288132408706309607e-04
1.039778393351800778e+00 2.940752542222407851e-04
1.040887372013652001e+00 3.129877786215436272e-04
1.041998718770019483e+00 3.921769128864551163e-04
1.043112441214194108e+00 5.129342328979395868e-04
1.044228546971966543e+00 5.589739513651459943e-04
1.045347043701799539e+00 4.893543007668238855e-04
1.046467939095003130e+00 3.721594087735395932e-04
1.047591240875912488e+00 3.316604250191036848e-04
1.048716956802063338e+00 3.802371748352357107e-04
1.049845094664372036e+00 5.059611803041117861e-04
1.050975662287314316e+00 5.903750488639746864e-04
1.052108667529107366e+00 5.578703763734259389e-04
1.053244118281891017e+00 4.292153973976839225e-04
1.054382022471910263e+00 3.455429949237905497e-04
1.055522388059701555e+00 3.481815745282634844e-04
1.056665223040277102e+00 4.425481132250913227e-04
1.057810535443312494e+00 5.529566507603473659e-04
1.058958333333333446e+00 5.762538164260208508e-04
1.060108624809906530e+00 4.937033164961236471e-04
1.061261418007829471e+00 4.167342462678400353e-04
1.062416721097321881e+00 4.113890138410314715e-04
1.063574542284219548e+00 4.882645813855254150e-04
1.064734889810167839e+00 6.143744978058648856e-04
1.065897771952817985e+00 6.961790719494645105e-04
1.067063197026022259e+00 6.677581207189002208e-04
1.068231173380035148e+00 5.681014961835978991e-04
1.069401709401709422e+00 5.081352062111169207e-04
1.070574813514699297e+00 5.225158813623155757e-04
1.071750494179661839e+00 6.172441299358736666e-04
1.072928759894459239e+00 7.147997966362905830e-04
1.074109619194365095e+00 7.495536707631452475e-04
1.075293080652269806e+00 6.880674911092657733e-04
1.076479152878888401e+00 6.116031177164220648e-04
1.077667844522968377e+00 5.713301407593348452e-04
1.078859164271501525e+00 6.144387674256217768e-04
1.080053120849933546e+00 7.059468143650279338e-04
1.081249723022379650e+00 7.946653512973436001e-04
1.082448979591836835e+00 8.060631867901131998e-04
1.083650899400399936e+00 7.636493142067585184e-04
1.084855491329479893e+00 7.178004481808322821e-04
1.086062764300022243e+00 7.232134937412183773e-04
1.087272727272727169e+00 7.773195402538223128e-04
1.088485389248271318e+00 8.454152553365987298e-04
1.089700759267530294e+00 8.778553013723450248e-04
1.090918846411804255e+00 8.534992136189276362e-04
1.092139659803043950e+00 8.089492196972769686e-04
1.093363208604078096e+00 7.919972340613583078e-04
1.094589502018842531e+00 8.407787628368330142e-04
1.095818549292611799e+00 9.303222161042784891e-04
1.097050359712230305e+00 1.025676938056071944e-03
1.098284942606347236e+00 1.064910061733546518e-03
1.099522307345651262e+00 1.076337136348840982e-03
1.100762463343108566e+00 1.074378313113387613e-03
1.102005420054200657e+00 1.076548803315177704e-03
1.103251186977165066e+00 1.102299027306129090e-03
1.104499773653236705e+00 1.142950254794924958e-03
1.105751189666893231e+00 1.165993993444920662e-03
1.107005444646098180e+00 1.182413280405767396e-03
1.108262548262548330e+00 1.190364920766087903e-03
1.109522510231923720e+00 1.220732598124495225e-03
1.110785340314136116e+00 1.270396281510683930e-03
1.112051048313582591e+00 1.335547942871178782e-03
1.113319644079397763e+00 1.399131792874048173e-03
1.114591137505710483e+00 1.450571251051017540e-03
1.115865538531900292e+00 1.491817275847137983e-03
1.117142857142857215e+00 1.519582965334324636e-03
1.118423103369241334e+00 1.552248171699270032e-03
1.119706287287746793e+00 1.584870834356464937e-03
1.120992419021364483e+00 1.643849361088484812e-03
1.122281508739650713e+00 1.715290809793275145e-03
1.123573566658991663e+00 1.823097156364534253e-03
1.124868603042876947e+00 1.939191527048549166e-03
1.126166628202169395e+00 2.085455106176543633e-03
1.127467652495378836e+00 2.239175784134811702e-03
1.128771686328938095e+00 2.442850652512088949e-03
1.130078740157480333e+00 2.695070036589637501e-03
1.131388824484118150e+00 3.043945509428287038e-03
1.132701949860724255e+00 3.496385721914548831e-03
1.134018126888217459e+00 4.107505809551059012e-03
1.135337366216845112e+00 4.934488454922700967e-03
1.136659678546471097e+00 6.080219871773794200e-03
1.137985074626865822e+00 7.665571243203863662e-03
1.139313565257996652e+00 9.775308094945865320e-03
1.140645161290322562e+00 1.249417297710350878e-02
1.141979873625087905e+00 1.584137643833367567e-02
1.143317713214620390e+00 2.000134016423617961e-02
1.144658691062631961e+00 2.516274543753841547e-02
1.146002818224518771e+00 3.168766236834088396e-02
1.147350105807665166e+00 3.967507083544351970e-02
1.148700564971751437e+00 4.932262055731621853e-02
1.150054206929059575e+00 6.061975814577100913e-02
1.151411042944785246e+00 7.393843714335053552e-02
1.152771084337349539e+00 8.920424050838254848e-02
1.154134342478713604e+00 1.060813625281374489e-01
1.155500828794695956e+00 1.229868368902489323e-01
1.156870554765291548e+00 1.383383132762436574e-01
1.158243531924994185e+00 1.506057124561782090e-01
1.159619771863117821e+00 1.597617541521097195e-01
1.160999286224125626e+00 1.657858895752050976e-01
1.162382086707956175e+00 1.689470672049439293e-01
1.163768185070355399e+00 1.683719808096927895e-01
1.165157593123209212e+00 1.636711649718791128e-01
1.166550322734879463e+00 1.547790489795489444e-01
1.167946385830540779e+00 1.432195546113897988e-01
1.169345794392523397e+00 1.300756469973127771e-01
1.170748560460652454e+00 1.163667578978528350e-01
1.172154696132596818e+00 1.023131549172587723e-01
1.173564213564213699e+00 8.892321998700966623e-02
1.174977124969901476e+00 7.709689923754621532e-02
1.176393442622950980e+00 6.781407626504781794e-02
1.177813178855901421e+00 6.095013680407695977e-02
1.179236346060898999e+00 5.603107283501292807e-02
1.180662956690055498e+00 5.209610739980163191e-02
1.182093023255814002e+00 4.860278119456284268e-02
1.183526558331312151e+00 4.526349929832195612e-02
1.184963574550752741e+00 4.215582135461446583e-02
1.186404084609773868e+00 3.920489785491339946e-02
1.187848101265822853e+00 3.623132036692190694e-02
1.189295637338533052e+00 3.314561237349977763e-02
1.190746705710102660e+00 3.009899893937425727e-02
1.192201319325677966e+00 2.747635595977253667e-02
1.193659491193737932e+00 2.541828188805939429e-02
1.195121234386480547e+00 2.393839919081912002e-02
1.196586562040215851e+00 2.267008351366573554e-02
1.198055487355757620e+00 2.142775624173680685e-02
1.199528023598820159e+00 1.998615022698364482e-02
1.201004184100418648e+00 1.855535038783015858e-02
1.202483982257269490e+00 1.714259635838918938e-02
1.203967431532198429e+00 1.590450092034633930e-02
1.205454545454545556e+00 1.468489525437596810e-02
1.206945337620578762e+00 1.359402718324111657e-02
1.208439821693907845e+00 1.259610450233022462e-02
1.209938011405901515e+00 1.187248651257033320e-02
1.211439920556107275e+00 1.135281698812915831e-02
1.212945563012677086e+00 1.102117113338362507e-02
1.214454952712792579e+00 1.067116113151206705e-02
1.215968103663094935e+00 1.023057038438766365e-02
1.217485029940119867e+00 9.676772308220069410e-03
1.219005745690732168e+00 9.110136840244045797e-03
1.220530265132566683e+00 8.612839358909199841e-03
1.222058602554470630e+00 8.173897755154490435e-03
1.223590772316951014e+00 7.803755711322276148e-03
1.225126788852623605e+00 7.438846590081964021e-03
1.226666666666666572e+00 7.166678781488775712e-03
1.228210420337276787e+00 6.939267659312144641e-03
1.229758064516129235e+00 6.829365398730371205e-03
1.231309613928841751e+00 6.679212451125246877e-03
1.232865083375442206e+00 6.502091917605258911e-03
1.234424487730837461e+00 6.170044810342659690e-03
1.235987841945288768e+00 5.830016485075657957e-03
1.237555161044889829e+00 5.467255346279365283e-03
1.239126460132046859e+00 5.208557797063518430e-03
1.240701754385964861e+00 4.974002540866144344e-03
1.242281059063136350e+00 4.792420164263198890e-03
1.243864389497833622e+00 4.608626063250739931e-03
1.245451761102603694e+00 4.453933994812094010e-03
1.247043189368770788e+00 4.325864714432827579e-03
1.248638689866939711e+00 4.219038674933358810e-03
1.250238278247501889e+00 4.083877912783898459e-03
1.251841970241149182e+00 3.885430117202514234e-03
1.253449781659388362e+00 3.684033934272478578e-03
1.255061728395061582e+00 3.451930333996454815e-03
1.256677826422868849e+00 3.294273191829878711e-03
1.258298091799896934e+00 3.143266974875420436e-03
1.259922540666150281e+00 3.079407367816610654e-03
1.261551189245088134e+00 2.983902825338292149e-03
1.263184053844162547e+00 2.934661921970113836e-03
1.264821150855365506e+00 2.831178454335566298e-03
1.266462496755774714e+00 2.773983776894802227e-03
1.268108108108108034e+00 2.669203963143598497e-03
1.269758001561280603e+00 2.593618330759317730e-03
1.271412193850964378e+00 2.456058307448514676e-03
1.273070701800156579e+00 2.332231554515810153e-03
1.274733542319749446e+00 2.193743615798163498e-03
1.276400732409102901e+00 2.096631108250866012e-03
1.278072289156626518e+00 2.021357769876008532e-03
1.279748229740361953e+00 1.958089114510025257e-03
1.281428571428571361e+00 1.903453379980801427e-03
1.283113331580331362e+00 1.815183400451758937e-03
1.284802527646129677e+00 1.741608592900640868e-03
1.286496177168468424e+00 1.628876100301178192e-03
1.288194297782470965e+00 1.552725087072874977e-03
1.289896907216495192e+00 1.427801704388513039e-03
1.291604023292747483e+00 1.345626122371142239e-03
1.293315663927908865e+00 1.218624918497042062e-03
1.295031847133757852e+00 1.153515951864922092e-03
1.296752591017805045e+00 1.059282242990876050e-03
1.298477913783927740e+00 1.023269591428401090e-03
1.300207833733013629e+00 9.508871762135839584e-04
1.301942369263607180e+00 9.080314330496747945e-04
1.303681538872562218e+00 8.278695639537575653e-04
1.305425361155698294e+00 7.658361567296365297e-04
1.307173854808465041e+00 6.923190377273541691e-04
1.308927038626609418e+00 6.296507686453005565e-04
1.310684931506849615e+00 5.742440273648096501e-04
1.312447552447552512e+00 5.115572366360063034e-04
1.314214920549421128e+00 4.716431945767506507e-04
1.315987055016181184e+00 4.126881774447323323e-04
1.317763975155279654e+00 3.911225878823298258e-04
1.319545700378583097e+00 3.389684861079663098e-04
1.321332250203086867e+00 3.262549735696073077e-04
1.323123644251626763e+00 2.734456796376167828e-04
1.324919902253597792e+00 2.587794706672800495e-04
1.326721044045677145e+00 2.108303642007722549e-04
1.328527089572556497e+00 1.990442896244670691e-04
1.330338058887677199e+00 1.679094741304141506e-04
1.332153972153972132e+00 1.597963303853163267e-04
1.333974849644614435e+00 1.475104049998119012e-04
1.335800711743772240e+00 1.394753114341973214e-04
1.337631578947368283e+00 1.466388049550478630e-04
1.339467471863848624e+00 1.385892401350372863e-04
1.341308411214953367e+00 1.647513140673081663e-04
1.343154417836498693e+00 1.556084855348831102e-04
1.345005512679162019e+00 1.932765491608881884e-04
1.346861716809274023e+00 1.806162547067664814e-04
1.348723051409618456e+00 2.220969279184594868e-04
1.350589537780237936e+00 2.122297943049762886e-04
1.352461197339245969e+00 2.547071287411108295e-04
1.354338051623646955e+00 2.552878920916607257e-04
1.356220122290161312e+00 2.890871990736731197e-04
1.358107431116059027e+00 3.004159161407728932e-04
1.359999999999999876e+00 3.118041740795652141e-04
