7.600000000000001199e-01 4.487518328069583559e-07
7.608774968248470660e-01 3.479734943236186061e-07
7.617570223095597726e-01 3.146294790641126335e-07
7.626385834972805311e-01 3.836479108900001888e-07
7.635221874637934114e-01 8.022288542294531551e-07
7.644078413177125553e-01 1.299598140655911232e-06
7.652955522006736899e-01 1.751037581833566078e-06
7.661853272875248644e-01 2.559182887462230817e-06
7.670771737865209605e-01 3.518503589526569953e-06
7.679710989395175380e-01 3.925180147745396833e-06
7.688671100221678989e-01 3.889453784001645625e-06
7.697652143441187089e-01 3.981627168592665992e-06
7.706654192492107258e-01 4.343765491784003631e-06
7.715677321156774182e-01 4.979611475996343630e-06
7.724721603563475814e-01 5.689998799894508437e-06
7.733787114188476197e-01 6.056967091446566717e-06
7.742873927858067162e-01 6.466937315113144774e-06
7.751982119750617795e-01 7.535772726451557793e-06
7.761111765398658324e-01 8.447469616285568596e-06
7.770262940690956244e-01 8.327597733104416967e-06
7.779435721874632392e-01 8.081307005712065793e-06
7.788630185557263719e-01 8.464532356049214384e-06
7.797846408709029342e-01 8.685339586626306230e-06
7.807084468664851062e-01 8.333549315362229594e-06
7.816344443126557184e-01 7.867434954104032379e-06
7.825626410165065217e-01 7.324521951997790023e-06
7.834930448222565680e-01 6.897007952944886679e-06
7.844256636114748105e-01 7.129658619667733468e-06
7.853605053033013705e-01 7.462365521189380986e-06
7.862975778546713590e-01 7.069606420387797978e-06
7.872368892605423607e-01 6.560954951849674959e-06
7.881784475541203649e-01 6.575734852133105509e-06
7.891222608070891376e-01 6.661222614022078695e-06
7.900683371298407032e-01 6.572951315457855299e-06
7.910166846717081590e-01 6.307250587493922865e-06
7.919673116211994879e-01 5.518310246944391197e-06
7.929202262062328144e-01 4.513806561817763158e-06
7.938754366943743257e-01 3.909842027948341811e-06
7.948329513930769696e-01 3.300343002868897311e-06
7.957927786499215950e-01 2.325138078795789403e-06
7.967549268528595352e-01 1.491822267923358919e-06
7.977194044304565246e-01 9.184949847800171712e-07
7.986862198521391676e-01 3.809776551850142082e-07
7.996553816284432958e-01 6.895614258393721922e-08
8.006268983112623250e-01 1.854028315815465156e-07
8.016007784941004966e-01 1.323357881203601841e-06
8.025770308123250096e-01 3.754244495796439384e-06
8.035556639434215942e-01 5.187467372202290637e-06
8.045366866072519718e-01 3.874538920277882358e-06
8.055201075663123156e-01 3.331956933329150628e-06
8.065059356259944856e-01 7.391929638592823591e-06
8.074941796348487077e-01 1.316354743132181836e-05
8.084848484848485839e-01 1.477780133590446820e-05
8.094779511116572124e-01 1.076793066349163890e-05
8.104734964948961951e-01 5.463022995825224096e-06
8.114714936584165317e-01 5.271993280814022235e-06
8.124719516705709577e-01 1.159842126821601654e-05
8.134748796444885022e-01 1.892296071596964418e-05
8.144802867383513778e-01 2.342684997264687431e-05
8.154881821556738686e-01 2.532701138878878011e-05
8.164985751455829943e-01 2.148572592503078191e-05
8.175114750031015065e-01 1.140058067545672784e-05
8.185268910694324385e-01 6.770990975314016323e-06
8.195448327322473192e-01 1.603652013930355290e-05
8.205653094259744984e-01 2.969119830687271075e-05
8.215883306320906909e-01 3.641314910139919445e-05
8.226139058794159631e-01 3.687968528062048155e-05
8.236420447444069426e-01 3.385695145303542670e-05
8.246727568514580220e-01 2.720946043987097378e-05
8.257060518731990095e-01 1.872546787196358186e-05
8.267419395307993302e-01 1.077351712846128879e-05
8.277804295942721158e-01 6.751884641054227235e-06
8.288215318827821809e-01 1.116102659189296072e-05
8.298652562649541098e-01 2.053464277140809721e-05
8.309116126591856721e-01 2.659511887154521146e-05
8.319606110339603511e-01 3.024344172763751538e-05
8.330122614081659771e-01 3.418652077709271524e-05
8.340665738514113636e-01 3.154138019561126253e-05
8.351235584843493820e-01 1.960139101757269505e-05
8.361832254790002583e-01 7.438943663851853980e-06
8.372455850590775350e-01 1.408722085868795047e-06
8.383106475003180291e-01 1.439612168864964252e-06
8.393784231308115684e-01 6.920361499077768684e-06
8.404489223313352797e-01 1.352093879632443916e-05
8.415221555356915406e-01 1.623190150353889721e-05
8.425981332310447103e-01 1.634623123538126837e-05
8.436768659582641883e-01 1.500004177346783851e-05
8.447583643122676955e-01 1.147118419758225015e-05
8.458426389423694403e-01 9.953456547486091562e-06
8.469297005526282840e-01 1.309679865872808127e-05
8.480195599022006814e-01 2.177007861581098087e-05
8.491122278056952855e-01 4.823809832973391680e-05
8.502077151335311056e-01 9.513911089527966533e-05
8.513060328122982190e-01 1.235287373650281674e-04
8.524071918251197033e-01 9.644109835525299928e-05
8.535112032120192316e-01 4.838332985550053986e-05
8.546180780702892221e-01 4.453195536173661800e-05
8.557278275548632074e-01 7.819744385580487678e-05
8.568404628786893129e-01 8.548100262281421453e-05
8.579559953131103978e-01 5.479153616610103045e-05
8.590744361882415303e-01 3.795277523534938360e-05
8.601957968933561238e-01 5.914768122448118420e-05
8.613200888772709618e-01 9.189757015019331106e-05
8.624473236487372185e-01 1.113928553637437359e-04
8.635775127768313686e-01 1.109857389631681448e-04
8.647106678913528688e-01 9.906129162000655033e-05
8.658468006832217290e-01 1.050873554891498275e-04
8.669859229048810789e-01 1.420565156294030496e-04
8.681280463707022887e-01 1.750931301388655573e-04
8.692731829573934199e-01 1.722002289445858487e-04
8.704213446044116731e-01 1.466507021909629687e-04
8.715725433143766132e-01 1.287617683653835218e-04
8.727267911534897227e-01 1.395815084400551717e-04
8.738841002519560641e-01 1.763444046434949444e-04
8.750444828044084966e-01 2.026494849795592288e-04
8.762079510703365548e-01 1.955956809535993484e-04
8.773745173745174375e-01 1.843182799489472088e-04
8.785441941074524363e-01 1.996927869026806962e-04
8.797169937258043637e-01 2.349723082180219457e-04
8.808929287528405316e-01 2.677798539329446993e-04
8.820720117788785064e-01 2.723213232430034465e-04
8.832542554617343056e-01 2.411218135057569098e-04
8.844396725271777004e-01 2.103629148185342829e-04
8.856282757693858532e-01 2.106152152181411214e-04
8.868200780514063908e-01 2.258612733704071468e-04
8.880150923056192580e-01 2.379114796488924013e-04
8.892133315342061195e-01 2.456421126608254561e-04
8.904148088096204283e-01 2.465920288901510813e-04
8.916195372750643777e-01 2.515910353644552444e-04
8.928275301449668522e-01 2.691946896708891351e-04
8.940388007054675956e-01 2.745903422919027874e-04
8.952533623149028230e-01 2.510402611757975777e-04
8.964712284042989365e-01 2.161444272967127792e-04
8.976924124778641323e-01 1.900243001948839880e-04
8.989169281134906653e-01 1.923796246397211957e-04
9.001447889632564481e-01 2.301998864738674254e-04
9.013760087539325339e-01 2.713698818476722335e-04
9.026106012874950402e-01 2.920802302152071496e-04
9.038485804416404035e-01 3.035566685568730758e-04
9.050899601703064068e-01 3.051613834841946228e-04
9.063347545041949838e-01 2.930270071990746274e-04
9.075829775513015729e-01 2.812540129677406926e-04
9.088346434974486909e-01 2.726143819984478095e-04
9.100897666068223923e-01 2.805663188261458196e-04
9.113483612225143915e-01 3.325795156618154957e-04
9.126104417670684033e-01 4.064485041139810368e-04
9.138760227430314798e-01 4.708220736104422040e-04
9.151451187335093440e-01 5.428151721470091985e-04
9.164177444027257202e-01 6.230632848041634149e-04
9.176939144965884365e-01 6.911780072718054198e-04
9.189736438432577481e-01 7.362103808328855723e-04
9.202569473537217659e-01 7.076862120381109331e-04
9.215438400223745496e-01 5.907029922714778988e-04
9.228343369276014174e-01 4.880742567177969392e-04
9.241284532323658096e-01 4.739376635938715430e-04
9.254262041848055897e-01 5.449699674774672459e-04
9.267276051188301222e-01 7.037473605079722257e-04
9.280326714547249001e-01 8.840600720251889704e-04
9.293414186997602799e-01 1.017059024557810274e-03
9.306538624488068789e-01 1.196443781839151305e-03
9.319700183849527475e-01 1.450802745093744033e-03
9.332899022801305344e-01 1.604769353700959394e-03
9.346135299957454290e-01 1.584027295780530281e-03
9.359409174833120959e-01 1.498654010384133095e-03
9.372720807850947189e-01 1.523978533942553851e-03
9.386070360347531505e-01 1.895405272002418165e-03
9.399457994579947240e-01 2.681828178243151391e-03
9.412883873732325046e-01 3.691079190217088062e-03
9.426348161922473157e-01 4.806098070532316933e-03
9.439851024208566477e-01 6.142939232739646170e-03
9.453392626595897852e-01 8.107541562400299301e-03
9.466973136043671522e-01 1.103744683308214604e-02
9.480592720471876511e-01 1.427448794013101707e-02
9.494251548768188886e-01 1.735979455012068295e-02
9.507949790794980593e-01 2.223341314922347087e-02
9.521687617396330516e-01 3.029678475775564317e-02
9.535465200405153219e-01 3.853363405610578385e-02
9.549282712650342120e-01 4.416577524056094356e-02
9.563140327964012588e-01 4.951800295555385673e-02
9.577038221188781675e-01 5.602497903611803470e-02
9.590976568185127782e-01 5.935081965020233552e-02
9.604955545838798070e-01 5.580151762072102506e-02
9.618975332068313566e-01 4.696892624043178671e-02
9.633036105832482043e-01 3.566801876272485128e-02
9.647138047138047456e-01 2.370614206905460875e-02
9.661281337047354922e-01 1.340918292387156471e-02
9.675466157686097857e-01 6.528415726387093790e-03
9.689692692251140604e-01 2.825002744320702364e-03
9.703961125018406575e-01 1.278748020478570569e-03
9.718271641350834100e-01 9.125287334372590752e-04
9.732624427706396686e-01 8.581107374537799357e-04
9.747019671646206529e-01 8.537509469786852632e-04
9.761457561842691311e-01 9.909036697185885385e-04
9.775938288087822059e-01 1.174224931095335786e-03
9.790462041301444263e-01 1.357468181025588529e-03
9.805029013539653393e-01 1.580198873567223439e-03
9.819639398003278119e-01 1.775471926657041502e-03
9.834293389046412370e-01 1.952044092976000381e-03
9.848991182185026227e-01 2.186042406932230554e-03
9.863732974105674511e-01 2.465491136156634788e-03
9.878518962674261994e-01 2.738846948628578110e-03
9.893349346944904088e-01 2.907160051626831495e-03
9.908224327168848600e-01 2.931312167074361444e-03
9.923144104803494070e-01 2.932174559617294844e-03
9.938108882521490273e-01 2.947326195899183706e-03
9.953118864219908657e-01 2.939664677150531213e-03
9.968174255029497166e-01 2.972732328083387780e-03
9.983275261324042749e-01 2.978561950046840906e-03
9.998422090729784939e-01 2.814523570737532954e-03
1.001361495213493713e+00 2.604266119109739045e-03
1.002885405569928556e+00 2.478835606080351684e-03
1.004413961286389378e+00 2.370501893083433280e-03
1.005947183636086040e+00 2.288626557306578692e-03
1.007485094022321004e+00 2.251795070432185703e-03
1.009027713979482543e+00 2.149698720568503536e-03
1.010575065174053266e+00 1.975310662029329881e-03
1.012127169405621530e+00 1.817372037961844647e-03
1.013684048607906618e+00 1.701886100654121433e-03
1.015245724849792142e+00 1.637522677295438463e-03
1.016812220336368089e+00 1.589406460106575474e-03
1.018383557409983320e+00 1.504640402071221166e-03
1.019959758551308049e+00 1.409563890536062822e-03
1.021540846380406320e+00 1.304602165490418653e-03
1.023126843657817142e+00 1.184184793057700691e-03
1.024717773285647837e+00 1.128215768213959797e-03
1.026313658308674714e+00 1.122495579542590396e-03
1.027914521915457957e+00 1.080599444025960110e-03
1.029520387439462725e+00 1.033684144924195900e-03
1.031131278360194248e+00 9.931047707554077099e-04
1.032747218304341130e+00 9.194869197524555785e-04
1.034368231046931541e+00 8.673219176748442078e-04
1.035994340512498058e+00 8.574810616997722429e-04
1.037625570776256057e+00 8.431419159497112025e-04
1.039261946065289433e+00 8.306332573148175660e-04
1.040903490759753858e+00 7.998370499820645681e-04
1.042550229394083372e+00 7.348050774467612938e-04
1.044202186658216069e+00 6.949404981064233062e-04
1.045859387398825557e+00 6.684304809581413914e-04
1.047521856620569292e+00 6.298530291899741024e-04
1.049189619487342906e+00 6.276448563795077908e-04
1.050862701323553194e+00 6.184576222537718293e-04
1.052541127615397087e+00 5.592196652516758090e-04
1.054224924012158393e+00 5.252741226772211910e-04
1.055914116327511643e+00 5.078461060096218192e-04
1.057608730540844366e+00 4.693685200679429304e-04
1.059308792798585586e+00 4.657158640740984685e-04
1.061014329415552959e+00 4.687778649233784439e-04
1.062725366876310362e+00 4.351667567858669519e-04
1.064441931836536792e+00 4.173065844592681382e-04
1.066164051124413925e+00 3.945595386454968053e-04
1.067891751742019224e+00 3.526738216890468441e-04
1.069625060866742805e+00 3.524233080807044312e-04
1.071364005852707191e+00 3.463272026705453374e-04
1.073108614232209934e+00 3.075111093367271760e-04
1.074858913717175124e+00 3.020430839621157919e-04
1.076614932200620878e+00 2.808876087592880513e-04
1.078376697758141267e+00 2.264650610785835913e-04
1.080144238649402011e+00 2.211668058914071451e-04
1.081917583319652154e+00 2.123720916180725092e-04
1.083696760401250181e+00 1.700032896871470241e-04
1.085481798715203450e+00 1.685215212663673183e-04
1.087272727272727169e+00 1.536157903734313747e-04
1.089069575276813806e+00 1.041816037689205585e-04
1.090872372123820710e+00 1.002580751620268452e-04
1.092681147405073938e+00 8.650051885607021166e-05
1.094495930908486958e+00 4.277929793038648209e-05
1.096316752620196455e+00 4.037925805235902305e-05
1.098143642726212343e+00 2.668288239828787753e-05
1.099976631614087763e+00 2.425418037194625085e-06
1.101815749874603068e+00 1.298097760737728253e-05
1.103661028303466907e+00 4.463489127720590162e-06
1.105512497903036628e+00 1.307443365561738471e-04
1.107370189884053335e+00 5.147370986375021662e-04
1.109234135667396259e+00 9.195826498039430270e-04
1.111104366885854233e+00 1.544783625174844495e-03
1.112980915385914704e+00 2.931865053912258851e-03
1.114863813229572287e+00 4.528289951471848804e-03
1.116753092696153304e+00 5.109721345438455846e-03
1.118648786284162533e+00 4.610602609506858282e-03
1.120550926713144380e+00 4.019774896305739961e-03
1.122459546925566709e+00 3.856103366732714123e-03
1.124374680088721989e+00 3.695300060723080531e-03
1.126296359596650420e+00 2.992987087814888945e-03
1.128224619072076829e+00 1.896925408210979602e-03
1.130159492368376206e+00 1.023630970004014810e-03
1.132101013571551462e+00 6.958489248280381491e-04
1.134049217002237153e+00 7.487517440158667935e-04
1.136004137217721199e+00 8.208580089003090314e-04
1.137965809013987473e+00 6.634299023910744013e-04
1.139934267427780812e+00 3.413114939661566734e-04
1.141909547738693576e+00 9.950150585643217677e-05
1.143891685471272401e+00 9.523282824836602225e-05
1.145880716397148280e+00 3.111944790449270334e-04
1.147876676537188612e+00 5.425126762321909974e-04
1.149879602163671466e+00 5.599098332723435227e-04
1.151889529802482270e+00 3.595460238399068040e-04
1.153906496235335588e+00 1.188591405576707897e-04
1.155930538502017102e+00 3.941035076911180590e-05
1.157961693902653577e+00 1.885419365507564585e-04
1.160000000000000364e+00 3.405372085312383611e-04
