6.399999999999999023e-01 4.527674819333125486e-08
6.408243173621844813e-01 4.498186648258225390e-08
6.416507608976012023e-01 4.453362248232868982e-08
6.424793388429751451e-01 4.417783342391805655e-08
6.433100594776313130e-01 4.391311670192745658e-08
6.441429311237700794e-01 4.357404208080361834e-08
6.449779621467461865e-01 4.334733606978802279e-08
6.458151609553477446e-01 4.326407987434022889e-08
6.466545360020794497e-01 4.313480135652575772e-08
6.474960957834461350e-01 4.301340583722217109e-08
6.483398488402397630e-01 4.289833240190790677e-08
6.491858037578287499e-01 4.263845712650848454e-08
6.500339691664488440e-01 4.228372085265809312e-08
6.508843537414966685e-01 4.188173159004526967e-08
6.517369662038249301e-01 4.141758021983366942e-08
6.525918153200420679e-01 4.105564103508015593e-08
6.534489099028106818e-01 4.089053823959542238e-08
6.543082588111520659e-01 4.087356734972572625e-08
6.551698709507506324e-01 4.102398881078480764e-08
6.560337552742615541e-01 4.124827840842720614e-08
6.568999207816214048e-01 4.133707791887841045e-08
6.577683765203596877e-01 4.117423665538992753e-08
6.586391315859146944e-01 4.069308615584869566e-08
6.595121951219511391e-01 3.997220716897534910e-08
6.603875763206796812e-01 3.924693573040974839e-08
6.612652844231791116e-01 3.872669367471413747e-08
6.621453287197232029e-01 3.863769588558356438e-08
6.630277185501066706e-01 3.903684691908044276e-08
6.639124633039765744e-01 3.964770389492214532e-08
6.647995724211651636e-01 4.016287599395794911e-08
6.656890553920256082e-01 4.026181820983280687e-08
6.665809217577706169e-01 3.969522212277102371e-08
6.674751811108129429e-01 3.870150011694926082e-08
6.683718430951102185e-01 3.779617823138824547e-08
6.692709174065105682e-01 3.743008965504041310e-08
6.701724137931034386e-01 3.792554123226287377e-08
6.710763420555705405e-01 3.912742147806993708e-08
6.719827120475418969e-01 4.032799882096134748e-08
6.728915336759534460e-01 4.066449727616362009e-08
6.738028169014084190e-01 3.963490220466517538e-08
6.747165717385409378e-01 3.757554982995945330e-08
6.756328082563822779e-01 3.546027596891559468e-08
6.765515365787326818e-01 3.448313515036727254e-08
6.774727668845315076e-01 3.564449570434846757e-08
6.783965094082357039e-01 3.862517642221989114e-08
6.793227744401966195e-01 4.169853180179707438e-08
6.802515723270440295e-01 4.313830957018118280e-08
6.811829134720700507e-01 4.180663209340450708e-08
6.821168083356182743e-01 3.783026871247878706e-08
6.830532674354750089e-01 3.349031781169752782e-08
6.839923013472641866e-01 3.157938271114886832e-08
6.849339207048458222e-01 3.327899577102979740e-08
6.858781362007166926e-01 3.795335446079098181e-08
6.868249585864163453e-01 4.297786471014596346e-08
6.877743986729333292e-01 4.481361600438674739e-08
6.887264673311185303e-01 4.215615883636784408e-08
6.896811754920986193e-01 3.685484780439344998e-08
6.906385341476957151e-01 3.225493949941655201e-08
6.915985543508478273e-01 3.164994406717731371e-08
6.925612472160356248e-01 3.585198856599134463e-08
6.935266239197100946e-01 4.162794131712786323e-08
6.944946957007256394e-01 4.444958309857655660e-08
6.954654738607772835e-01 4.214040388254498049e-08
6.964389697648375455e-01 3.598219928663798564e-08
6.974151948416037472e-01 3.043006903786097713e-08
6.983941605839415478e-01 3.031766264483710231e-08
6.993758785493392471e-01 3.621744741439341216e-08
7.003603603603603123e-01 4.370096189312452252e-08
7.013476177051028992e-01 4.710003524872536138e-08
7.023376623376623717e-01 4.348411417564725433e-08
7.033305060785977059e-01 3.522622586970301928e-08
7.043261608154021136e-01 2.902466094264301307e-08
7.053246385029769971e-01 3.022313460423856472e-08
7.063259511641113431e-01 3.798841612830820279e-08
7.073301108899630041e-01 4.610298659838149705e-08
7.083371298405466421e-01 4.770054282248393169e-08
7.093470202452237805e-01 4.091752763069540643e-08
7.103597944031981859e-01 3.122009302638887886e-08
7.113754646840149132e-01 2.669199878258294591e-08
7.123940435280641248e-01 3.087893875118514890e-08
7.134155434470891288e-01 3.999228943914709803e-08
7.144399770246983028e-01 4.570376541495664788e-08
7.154673569168824576e-01 4.245787289036628030e-08
7.164976958525345330e-01 3.302897540135885882e-08
7.175310066339775084e-01 2.544787754069747437e-08
7.185673021374927583e-01 2.573765467106806373e-08
7.196065953138558458e-01 3.317200702049113627e-08
7.206488991888759799e-01 4.042269878732529742e-08
7.216942268639396918e-01 4.077348011700181710e-08
7.227425915165601733e-01 3.504744411342429469e-08
7.237940064009310559e-01 2.906548868902180232e-08
7.248484848484848531e-01 2.805422884666005837e-08
7.259060402684563984e-01 3.372211689807841479e-08
7.269666861484511688e-01 4.323106680785579374e-08
7.280304360550189369e-01 5.417859272474375722e-08
7.290973036342320857e-01 6.862838853995749940e-08
7.301673026122686982e-01 8.609272327207443697e-08
7.312404467960023080e-01 9.931542127773218200e-08
7.323167500735944246e-01 1.018910999209159362e-07
7.333962264150942767e-01 9.535341004367639226e-08
7.344788898730439941e-01 9.200203641716857425e-08
7.355647545830867884e-01 1.091901558751159211e-07
7.366538347645840146e-01 1.485493825303698370e-07
7.377461447212336765e-01 1.850309375311321096e-07
7.388416988416987019e-01 1.866594344342346334e-07
7.399405116002378824e-01 1.432510701520895626e-07
7.410425975573429191e-01 7.898239351217847773e-08
7.421479713603819084e-01 3.592665280638508973e-08
7.432566477442485997e-01 3.420031639853702534e-08
7.443686415320168726e-01 5.332001828928290361e-08
7.454839676356007638e-01 5.836004457746137190e-08
7.466026410564226001e-01 3.638761661018408379e-08
7.477246768860834614e-01 7.938605109145309513e-09
7.488500903070438586e-01 5.835925739997166881e-10
7.499788965933071871e-01 1.092809904238562011e-08
7.511111111111110628e-01 1.482804344646232582e-08
7.522467493196250965e-01 1.722925084941301247e-08
7.533858267716534440e-01 6.947338481276020032e-08
7.545283591143463475e-01 2.221553090857608177e-07
7.556743620899150082e-01 4.389435608824698759e-07
7.568238515363553409e-01 5.746888971019410923e-07
7.579768433881778344e-01 5.036876304793964661e-07
7.591333536771436297e-01 2.666421498020872326e-07
7.602933985330072586e-01 4.867884183455764842e-08
7.614569941842668221e-01 1.039433290788974186e-08
7.626241569589209401e-01 1.246848603743481461e-07
7.637949032852318076e-01 2.001833943899503444e-07
7.649692496924969110e-01 1.341806283184273221e-07
7.661472128118262948e-01 9.861516183233774782e-08
7.673288093769278229e-01 3.789139215393388377e-07
7.685140562248995444e-01 1.014336149366246798e-06
7.697029702970297205e-01 1.630478099830511317e-06
7.708955686396032903e-01 1.739561050887295379e-06
7.720918684047175518e-01 1.299084115887843691e-06
7.732918868511033939e-01 8.599076106738938950e-07
7.744956413449564092e-01 1.021389729770709335e-06
7.757031493607733363e-01 1.747683955694498133e-06
7.769144284821986046e-01 2.338502029590464746e-06
7.781294964028777628e-01 2.255036494065230049e-06
7.793483709273182347e-01 1.926448290518040625e-06
7.805710699717602896e-01 2.395737059632510481e-06
7.817976115650533409e-01 4.058732400476226062e-06
7.830280138495435693e-01 6.014126054285625023e-06
7.842622950819670979e-01 6.914339404182199562e-06
7.855004736343542682e-01 6.536814867397489342e-06
7.867425679949399120e-01 6.306028629709596602e-06
7.879885967690845039e-01 7.851240170977310135e-06
7.892385786802029735e-01 1.095883589578580547e-05
7.904925325707021777e-01 1.341399393779608831e-05
7.917504774029280323e-01 1.333513873900731291e-05
7.930124322601209697e-01 1.145872386435931840e-05
7.942784163473818326e-01 1.047374661293891260e-05
7.955484489926447633e-01 1.199957246087084125e-05
7.968225496476617487e-01 1.477102204938752472e-05
7.981007378889957149e-01 1.630863740022065817e-05
7.993830334190231701e-01 1.624911233041920384e-05
8.006694560669456173e-01 1.710982790749453233e-05
8.019600257898130691e-01 2.096562983265458396e-05
8.032547626735550006e-01 2.591862353559415449e-05
8.045536869340231823e-01 2.726633045015856570e-05
8.058568189180435049e-01 2.270069091567214050e-05
8.071641791044775749e-01 1.560691690697264258e-05
8.084757881052972994e-01 1.229344073075679011e-05
8.097916666666665764e-01 1.597188406271886449e-05
8.111118356700357523e-01 2.442441150401843366e-05
8.124363161332462946e-01 3.380462493292899027e-05
8.137651292116453439e-01 4.291269900509183749e-05
8.150982961992135900e-01 5.179976792326842111e-05
8.164358385297011411e-01 5.712596920758641330e-05
8.177777777777778256e-01 5.266744793817512065e-05
8.191241356601909329e-01 3.741664804442040827e-05
8.204749340369392741e-01 2.196860336395899170e-05
8.218301949124545702e-01 2.256431304110662311e-05
8.231899404367968298e-01 4.629198673690204701e-05
8.245541929068610498e-01 8.367609219544037220e-05
8.259229747675963518e-01 1.183686370728252008e-04
8.272963086132357757e-01 1.440855083247165075e-04
8.286742171885410624e-01 1.702926636162352891e-04
8.300567233900567610e-01 2.127995192479757052e-04
8.314438502673795472e-01 2.853051202711691294e-04
8.328356210244390878e-01 4.043009329887619469e-04
8.342320590207913389e-01 5.943877314420986614e-04
8.356331877729257229e-01 8.703230887506248998e-04
8.370390309555854058e-01 1.199392219178339403e-03
8.384496124031006747e-01 1.485245310353017212e-03
8.398649561107359718e-01 1.609363570629945795e-03
8.412850862360500281e-01 1.510124401148211061e-03
8.427100271002709864e-01 1.231221027781845192e-03
8.441398031896842902e-01 8.917569286362821883e-04
8.455744391570358953e-01 6.045369409005970458e-04
8.470139598229484701e-01 4.170830407860265246e-04
8.484583901773532499e-01 3.184289784186641707e-04
8.499077553809359920e-01 2.826314504613037680e-04
8.513620807665981394e-01 2.926100933910938005e-04
8.528213918409325300e-01 3.305288118280865438e-04
8.542857142857142039e-01 3.694784526772917715e-04
8.557550739594083078e-01 3.910007769533108417e-04
8.572294968986904351e-01 4.048613199590224507e-04
8.587090093199861718e-01 4.357980458901485510e-04
8.601936376210234103e-01 4.874686987465733676e-04
8.616834083824037593e-01 5.314244879655069358e-04
8.631783483691879422e-01 5.398440812814827823e-04
8.646784845324990698e-01 5.202785692344258665e-04
8.661838440111420123e-01 5.041427631875308171e-04
8.676944541332403116e-01 5.027432080272988858e-04
8.692103424178895255e-01 4.913566136313042738e-04
8.707315365768287796e-01 4.450555569228964990e-04
8.722580645161290835e-01 3.774294661642381594e-04
8.737899543378992995e-01 3.270983577097945696e-04
8.753272343420126500e-01 3.089797813194617901e-04
8.768699330278462156e-01 2.976973214483330456e-04
8.784180790960451901e-01 2.663314285004814846e-04
8.799717014503006807e-01 2.254694183314182856e-04
8.815308291991494904e-01 2.068707921988375653e-04
8.830954916577918867e-01 2.157256070081741653e-04
8.846657183499287980e-01 2.213773400079109912e-04
8.862415390096188839e-01 2.006382213901277464e-04
8.878229835831548122e-01 1.705294704952106828e-04
8.894100822309617405e-01 1.622045162116923366e-04
8.910028653295127832e-01 1.742774134330124871e-04
8.926013634732686830e-01 1.747725582431664958e-04
8.942056074766354667e-01 1.492359612399592964e-04
8.958156283759451943e-01 1.230623754330301318e-04
8.974314574314573578e-01 1.237971230968302355e-04
8.990531261293819298e-01 1.397280655463770701e-04
9.006806661839247274e-01 1.376283378633907657e-04
9.023141095393542033e-01 1.134039142141351521e-04
9.039534883720929948e-01 9.861819814990151287e-05
9.055988350928284580e-01 1.118448408317449373e-04
9.072501823486505135e-01 1.288232506929133919e-04
9.089075630252100302e-01 1.184130352109765289e-04
9.105710102489018576e-01 9.042159538605031043e-05
9.122405573890721708e-01 8.120393506366391039e-05
9.139162380602499081e-01 9.786693386177832722e-05
9.155980861244019664e-01 1.070679221018473894e-04
9.172861356932153765e-01 8.687475909549350337e-05
9.189804211304027914e-01 6.182382166375704710e-05
9.206809770540338445e-01 6.546110441659086802e-05
9.223878383388950386e-01 8.745107064033861720e-05
9.241010401188706203e-01 8.876122829555804870e-05
9.258206177893560929e-01 6.292976566762322334e-05
9.275466070096942683e-01 4.709014091023257020e-05
9.292790437056405173e-01 6.356079292144938713e-05
9.310179640718562188e-01 8.328449760135703489e-05
9.327634045744280789e-01 7.036694533393921772e-05
9.345154019534185341e-01 3.903266827049567113e-05
9.362739932254421360e-01 3.217667574914549462e-05
9.380392156862743525e-01 5.370001974575587691e-05
9.398111069134867934e-01 6.221131893886451319e-05
9.415897047691141886e-01 3.748438713210385567e-05
9.433750474023511190e-01 1.338269108315752923e-05
9.451671732522795022e-01 2.326347885910014278e-05
9.469661210506281623e-01 4.572290176313452864e-05
9.487719298245613775e-01 3.953071305242669741e-05
9.505846388995031759e-01 1.138659675670520241e-05
9.524042879019907204e-01 4.725098287003021484e-06
9.542309167625622202e-01 2.707528004235795275e-05
9.560645657186777058e-01 3.743357869431586810e-05
9.579052753176741097e-01 1.654053482649129879e-05
9.597530864197530986e-01 5.369580207342096173e-07
9.616080402010048767e-01 1.732978146072728764e-05
9.634701781564677381e-01 3.565197181593729458e-05
9.653395421032207047e-01 2.269568668876778054e-05
9.672161741835147986e-01 1.306950215731103142e-05
9.691001168679391764e-01 5.353974969181705219e-05
9.709914129586260101e-01 1.045340408339731105e-04
9.728901055924911168e-01 9.344988910187310431e-05
9.747962382445138907e-01 7.787509276125104140e-05
9.767098547310559820e-01 2.350041467675523504e-04
9.786309992132178337e-01 6.046934334738927452e-04
9.805597162002364087e-01 9.397632550889040278e-04
9.824960505529225507e-01 9.639146647786817155e-04
9.844400474871387585e-01 7.566272409898344839e-04
9.863917525773195916e-01 7.052265143950590866e-04
9.883512117600317115e-01 1.003933437701107819e-03
9.903184713375795534e-01 1.352013864786003007e-03
9.922935779816511870e-01 1.302760055322786095e-03
9.942765787370102526e-01 8.321727037874131682e-04
9.962675210252300850e-01 3.676782381111584207e-04
9.982664526484750223e-01 2.476667496912117895e-04
1.000273421793325124e+00 3.495109080481623035e-04
1.002288477034649405e+00 3.469673338200975955e-04
1.004311667339523595e+00 1.708838746262321536e-04
1.006343042071197402e+00 2.981958256452318237e-05
1.008382650993109086e+00 4.660822082721301338e-05
1.010430544272948650e+00 9.740658495579235005e-05
1.012486772486772324e+00 5.423163028515965871e-05
1.014551386623164797e+00 1.929553662486272787e-07
1.016624438087453841e+00 7.951299253819966669e-05
1.018705978705978676e+00 2.454079556502689378e-04
1.020796060730406074e+00 3.107113000300107375e-04
1.022894736842105301e+00 2.116896157554587867e-04
1.025002060156571915e+00 7.782138376134697250e-05
1.027118084227910844e+00 2.982790720091254435e-05
1.029242863053371870e+00 3.844935256614122321e-05
1.031376451077943512e+00 3.266684005662499933e-05
1.033518903199002859e+00 3.706971292013666922e-05
1.035670274771024024e+00 1.110432719552515590e-04
1.037830621610346116e+00 2.162163717741649250e-04
1.040000000000000036e+00 2.470214308734215692e-04
