1.359999999999999876e+00 4.173662683621355888e-05
1.361034535219838748e+00 3.236901887002279415e-05
1.362070645554202208e+00 3.121944591342251999e-05
1.363108334603077898e+00 4.104072667710116965e-05
1.364147605977432232e+00 6.107444137951292709e-05
1.365188463299252364e+00 8.694974837901772984e-05
1.366230910201588378e+00 1.144151187419507963e-04
1.367274950328595251e+00 1.362968455121054225e-04
1.368320587335576599e+00 1.407762220575456728e-04
1.369367824889025087e+00 1.236678246794775866e-04
1.370416666666666838e+00 9.718229723310686677e-05
1.371467116357504290e+00 7.672108260108029916e-05
1.372519177661859491e+00 6.709036297772647179e-05
1.373572854291417400e+00 6.989818542017627034e-05
1.374628149969268520e+00 9.172554627270008260e-05
1.375685068429955527e+00 1.351278167984978928e-04
1.376743613419513679e+00 1.925686712582214014e-04
1.377803788695518117e+00 2.531430797769543013e-04
1.378865598027127159e+00 3.023561651440534242e-04
1.379929045195125825e+00 3.191571410735441570e-04
1.380994133991972683e+00 2.937512635561867220e-04
1.382060868221844485e+00 2.450838542709428826e-04
1.383129251700680351e+00 2.020682377992325256e-04
1.384199288256227955e+00 1.765116828999988290e-04
1.385270981728089490e+00 1.720015815570235889e-04
1.386344335967766961e+00 2.016760700008358824e-04
1.387419354838709706e+00 2.751025304871660185e-04
1.388496042216358806e+00 3.838855729768343695e-04
1.389574401988195040e+00 5.135676456483167498e-04
1.390654438053785302e+00 6.448464001367860358e-04
1.391736154324829000e+00 7.358847449002485974e-04
1.392819554725206244e+00 7.421105045834240155e-04
1.393904643191025361e+00 6.674578783234683078e-04
1.394991423670668862e+00 5.625715928710933560e-04
1.396079900124844064e+00 4.690983401413002037e-04
1.397170076526628391e+00 4.025345333506808051e-04
1.398261956861519106e+00 3.820866180755998838e-04
1.399355545127483502e+00 4.300846999671387324e-04
1.400450845335003081e+00 5.465404507853741795e-04
1.401547861507128179e+00 7.213630036748309863e-04
1.402646597679523488e+00 9.502482717530056234e-04
1.403747057900517792e+00 1.198196911411512564e-03
1.404849246231155924e+00 1.380287527465360242e-03
1.405953166745246063e+00 1.427980443737038351e-03
1.407058823529411695e+00 1.350675740589910110e-03
1.408166220683141789e+00 1.203122274758313803e-03
1.409275362318840541e+00 1.033836001512328674e-03
1.410386252561879328e+00 8.910475866611451820e-04
1.411498895550646893e+00 8.255459600068584163e-04
1.412613295436601746e+00 8.560509707441484950e-04
1.413729456384323679e+00 9.726405190133080103e-04
1.414847382571564172e+00 1.180740648405050356e-03
1.415967078189300565e+00 1.487080626072084799e-03
1.417088547441786694e+00 1.840289328688549846e-03
1.418211794546607285e+00 2.140517543788253776e-03
1.419336823734729469e+00 2.307715387553243083e-03
1.420463639250555632e+00 2.307463249356816928e-03
1.421592245351978478e+00 2.146816546478142428e-03
1.422722646310432770e+00 1.893860971474724481e-03
1.423854846410950170e+00 1.660949436638823511e-03
1.424988849952214087e+00 1.522689411655860038e-03
1.426124661246612302e+00 1.487802114648779711e-03
1.427262284620293586e+00 1.565829512283024947e-03
1.428401724413220553e+00 1.788995413824253982e-03
1.429542984979226716e+00 2.146639452103255973e-03
1.430686070686070677e+00 2.569861236962620640e-03
1.431830985915492960e+00 2.988234304269428866e-03
1.432977735063270863e+00 3.331097749101268740e-03
1.434126322539275300e+00 3.498524549047321748e-03
1.435276752767527642e+00 3.432111585853062519e-03
1.436429030186255451e+00 3.200486781356432896e-03
1.437583159247951103e+00 2.932925782921264133e-03
1.438739144419427518e+00 2.705030261849489335e-03
1.439896990181876779e+00 2.559726907957504335e-03
1.441056701030928089e+00 2.566125962071894636e-03
1.442218281476704833e+00 2.766404691497602319e-03
1.443381736043884978e+00 3.128853499962756107e-03
1.444547069271758577e+00 3.613888149968593963e-03
1.445714285714285730e+00 4.195874478932441060e-03
1.446883389940158526e+00 4.772991596948973625e-03
1.448054386532858784e+00 5.172712788505469568e-03
1.449227280090717773e+00 5.303347791805673034e-03
1.450402075226978171e+00 5.207457671037164608e-03
1.451578776569852458e+00 4.959998887220282669e-03
1.452757388762585311e+00 4.632864765282120219e-03
1.453937916463513558e+00 4.346782054381526615e-03
1.455120364346128792e+00 4.221679283509206446e-03
1.456304737099137325e+00 4.282550424615125598e-03
1.457491039426523249e+00 4.512863635115419228e-03
1.458679276047611273e+00 4.940130645289960397e-03
1.459869451697128007e+00 5.559927783929497803e-03
1.461061571125265468e+00 6.253822193088341350e-03
1.462255639097744586e+00 6.881070403881795611e-03
1.463451660395877818e+00 7.363387017832235572e-03
1.464649639816633986e+00 7.625230573806322104e-03
1.465849582172702004e+00 7.596665750240627277e-03
1.467051492292554604e+00 7.343306517003149458e-03
1.468255375020515396e+00 7.052736998006607465e-03
1.469461235216820150e+00 6.854230574443283958e-03
1.470669077757685184e+00 6.789367970358963465e-03
1.471878907535373315e+00 6.937681244519450056e-03
1.473090729458257808e+00 7.387032067196821865e-03
1.474304548450890096e+00 8.098098207620559388e-03
1.475520369454065728e+00 8.956371404669604547e-03
1.476738197424892762e+00 9.893321795977573843e-03
1.477958037336857711e+00 1.080942340636113601e-02
1.479179894179894150e+00 1.150182601543517369e-02
1.480403772960450226e+00 1.184170965485215749e-02
1.481629678701557040e+00 1.190964697313066922e-02
1.482857616442897264e+00 1.184106424856899362e-02
1.484087591240875970e+00 1.170639583809702199e-02
1.485319608168686800e+00 1.163228970007798568e-02
1.486553672316384356e+00 1.182188804405303120e-02
1.487789788790953249e+00 1.236019391293276086e-02
1.489027962716378273e+00 1.319416139083545193e-02
1.490268199233716340e+00 1.431725352402151916e-02
1.491510503501167095e+00 1.573175013741257358e-02
1.492754880694143083e+00 1.724816788204682622e-02
1.494001336005344127e+00 1.858118371613011119e-02
1.495249874644827059e+00 1.960958236944334090e-02
1.496500501840080322e+00 2.033808205175433037e-02
1.497753222836095910e+00 2.075037055617479781e-02
1.499008042895442205e+00 2.094385623078305961e-02
1.500264967298339691e+00 2.123436485994497497e-02
1.501524001342732673e+00 2.189686085001994395e-02
1.502785150344364107e+00 2.298963136280682620e-02
1.504048419636852651e+00 2.457062924229120107e-02
1.505313814571765274e+00 2.678071220638694391e-02
1.506581340518693413e+00 2.955764170417819053e-02
1.507851002865329582e+00 3.258073090798788846e-02
1.509122807017543977e+00 3.559667492497513297e-02
1.510396758399459749e+00 3.848276765914160347e-02
1.511672862453531829e+00 4.101762943573316472e-02
1.512951124640622425e+00 4.302213445935323261e-02
1.514231550440081397e+00 4.471407441640088548e-02
1.515514145349822428e+00 4.653563720889188765e-02
1.516798914886402283e+00 4.874016197677265988e-02
1.518085864585100975e+00 5.151359196306579818e-02
1.519374999999999920e+00 5.523789715407385198e-02
1.520666326704062543e+00 6.017088918949535514e-02
1.521959850289214211e+00 6.609937570320043032e-02
1.523255576366422614e+00 7.265115202857277965e-02
1.524553510565780590e+00 7.958059323341527824e-02
1.525853658536585389e+00 8.646403432336303985e-02
1.527156025947422169e+00 9.266948322446622033e-02
1.528460618486246370e+00 9.801768070876087924e-02
1.529767441860465205e+00 1.030056264329248933e-01
1.531076501797022038e+00 1.081800518629176810e-01
1.532387804042480539e+00 1.138807812014794446e-01
1.533701354363106617e+00 1.206719305981217571e-01
1.535017158544955684e+00 1.292221716307548895e-01
1.536335222393955036e+00 1.395621263703490100e-01
1.537655551735991999e+00 1.510901326311790416e-01
1.538978152416996537e+00 1.632371578834970194e-01
1.540303030303030285e+00 1.753993364035331959e-01
1.541630191280372486e+00 1.864919370657288911e-01
1.542959641255605474e+00 1.955629157987653077e-01
1.544291386155705270e+00 2.027730326921755866e-01
1.545625431928127291e+00 2.090572624341318630e-01
1.546961784540895835e+00 2.151815986959349225e-01
1.548300449982692895e+00 2.218392181119590023e-01
1.549641434262948314e+00 2.299918040540147868e-01
1.550984743411927935e+00 2.400454259641718324e-01
1.552330383480825970e+00 2.510388554554521812e-01
1.553678360541854930e+00 2.613505492026722554e-01
1.555028680688336662e+00 2.696929920008019899e-01
1.556381350034794719e+00 2.750019369461370045e-01
1.557736374717046957e+00 2.764183759785650563e-01
1.559093760892297231e+00 2.742307712569782563e-01
1.560453514739229108e+00 2.700308246785950717e-01
1.561815642458100672e+00 2.652242776111685685e-01
1.563180150270836899e+00 2.600129901772203489e-01
1.564547044421126243e+00 2.540287111407548148e-01
1.565916331174514342e+00 2.468336808963260409e-01
1.567288016818500607e+00 2.374455146511443016e-01
1.568662107662633698e+00 2.246253464248615384e-01
1.570038610038610116e+00 2.082761841835029104e-01
1.571417530300369014e+00 1.897337325710815870e-01
1.572798874824191451e+00 1.703938857906458770e-01
1.574182650008798090e+00 1.508726653854001454e-01
1.575568862275449122e+00 1.315374212517147201e-01
1.576957518068041741e+00 1.128330990727052646e-01
1.578348623853210952e+00 9.492678246335424508e-02
1.579742186120431047e+00 7.787973276176848869e-02
1.581138211382113967e+00 6.224793262209531858e-02
1.582536706173713226e+00 4.882064400002444210e-02
1.583937677053824267e+00 3.782757181253255246e-02
1.585341130604288828e+00 2.898385393940736132e-02
1.586747073430294419e+00 2.209309088837753746e-02
1.588155512160482896e+00 1.703032067076495903e-02
1.589566453447050609e+00 1.338713791969181784e-02
1.590979903965854758e+00 1.066829008199613946e-02
1.592395870416518644e+00 8.648656221816037118e-03
1.593814359522536916e+00 7.211743518492168097e-03
1.595235378031383933e+00 6.122993257235931526e-03
1.596658932714617452e+00 5.216335664494017865e-03
1.598085030367988546e+00 4.513896706093967030e-03
1.599513677811550405e+00 4.001241925751985486e-03
1.600944881889764027e+00 3.557594572348484006e-03
1.602378649471610350e+00 3.157434071548843001e-03
1.603814987450699281e+00 2.865249440727155993e-03
1.605253902745379602e+00 2.647360418761773165e-03
1.606695402298850883e+00 2.426938584272991112e-03
1.608139493079274063e+00 2.238429088319652486e-03
1.609586182079884908e+00 2.127992405164063315e-03
1.611035476319107040e+00 2.036580479692062188e-03
1.612487382840663397e+00 1.928511889879956122e-03
1.613941908713693030e+00 1.863293852422310713e-03
1.615399061032864125e+00 1.849112565109594297e-03
1.616858846918489245e+00 1.817389939649917754e-03
1.618321273516642789e+00 1.773957772281827298e-03
1.619786347999275788e+00 1.778412857108012867e-03
1.621254077564334928e+00 1.800458787911397591e-03
1.622724469435879113e+00 1.783726645642231970e-03
1.624197530864197603e+00 1.771321888600452298e-03
1.625673269125931464e+00 1.804897458277659929e-03
1.627151691524190813e+00 1.826892828352428850e-03
1.628632805388676497e+00 1.810688134986577656e-03
1.630116618075801771e+00 1.822660273448537720e-03
1.631603136968812873e+00 1.871648115240239071e-03
1.633092369477911587e+00 1.887223344867496261e-03
1.634584323040380260e+00 1.879554940403551332e-03
1.636079005120702368e+00 1.917845850598655366e-03
1.637576423210690191e+00 1.972258861509549200e-03
1.639076584829608052e+00 1.979008959252837735e-03
1.640579497524298658e+00 1.985839210006219106e-03
1.642085168869310108e+00 2.046311553379627588e-03
1.643593606467022017e+00 2.097580394603706846e-03
1.645104817947774967e+00 2.101459030200023437e-03
1.646618810969998181e+00 2.133709926790081004e-03
1.648135593220338979e+00 2.214532013538020490e-03
1.649655172413793336e+00 2.259309997226056650e-03
1.651177556293835558e+00 2.266824728283616322e-03
1.652702752632551286e+00 2.322828231444164920e-03
1.654230769230769615e+00 2.404102929235203082e-03
1.655761613918193653e+00 2.424060107803086787e-03
1.657295294553538412e+00 2.425514958071087451e-03
1.658831819024661813e+00 2.486597371667172412e-03
1.660371195248701026e+00 2.543939103989500874e-03
1.661913431172208799e+00 2.533056549763712528e-03
1.663458534771290687e+00 2.537394604003229484e-03
1.665006514051740272e+00 2.606470078060816545e-03
1.666557377049180610e+00 2.644542290425560497e-03
1.668111131829200122e+00 2.625175443257515753e-03
1.669667786487495587e+00 2.655010649668189220e-03
1.671227349150009811e+00 2.736257259570128164e-03
1.672789827973074184e+00 2.757396602898844629e-03
1.674355231143552336e+00 2.741935915951849122e-03
1.675923566878980919e+00 2.799395395354755105e-03
1.677494843427714377e+00 2.879059645432037028e-03
1.679069069069069275e+00 2.878936949042238368e-03
1.680646252113469963e+00 2.875645858063722964e-03
1.682226400902595120e+00 2.957168211094352104e-03
1.683809523809524089e+00 3.022746961704060771e-03
1.685395629238884752e+00 3.002797821096642693e-03
1.686984725627003856e+00 3.015826957175857768e-03
1.688576821442053788e+00 3.104108586056435973e-03
1.690171925184205781e+00 3.131804189434426230e-03
1.691770045385779353e+00 3.083169638439545775e-03
1.693371190611395294e+00 3.101027792190090126e-03
1.694975369458128434e+00 3.169380488102530903e-03
1.696582590555660852e+00 3.145557029061770565e-03
1.698192862566438865e+00 3.081240470973193452e-03
1.699806194185826014e+00 3.115973849293019338e-03
1.701422594142259603e+00 3.168545543312876068e-03
1.703042071197411023e+00 3.116461038915515833e-03
1.704664634146341617e+00 3.073807479790685929e-03
1.706290291817661675e+00 3.142141589501560184e-03
1.707919053073692517e+00 3.179816418940278975e-03
1.709550926810624816e+00 3.112798380950316385e-03
1.711185921958684242e+00 3.103142500166609224e-03
1.712824047482290224e+00 3.188911087377002337e-03
1.714465312380222484e+00 3.191843255274709554e-03
1.716109725685785570e+00 3.112022912370933456e-03
1.717757296466974060e+00 3.134020118347811100e-03
1.719408033826638649e+00 3.215672093945840405e-03
1.721061946902655126e+00 3.174499143256095252e-03
1.722719044868091798e+00 3.094882780944610383e-03
1.724379336931380458e+00 3.146375386734320649e-03
1.726042832336484922e+00 3.201943492946596800e-03
1.727709540363074892e+00 3.112852156635767011e-03
1.729379470326696477e+00 3.043648900611008006e-03
1.731052631578947176e+00 3.111821072687663906e-03
1.732729033507650840e+00 3.121230480353871708e-03
1.734408685537030204e+00 2.996231808032772878e-03
1.736091597127886743e+00 2.960420102798032305e-03
1.737777777777777866e+00 3.044852442860517591e-03
1.739467237021194324e+00 3.012913473876395465e-03
1.741159984429739183e+00 2.888312968874085646e-03
1.742856029612312563e+00 2.913187086537864789e-03
1.744555382215288830e+00 3.007296987829745100e-03
1.746258051922701782e+00 2.934592620924313458e-03
1.747964048456428499e+00 2.830473665554283143e-03
1.749673381576374087e+00 2.908680628017752245e-03
1.751386061080657974e+00 2.976197093921179732e-03
1.753102096805801091e+00 2.849859725333531678e-03
1.754821498626912835e+00 2.771527125717411499e-03
1.756544276457883802e+00 2.878402481149580638e-03
1.758270440251572309e+00 2.885395762318529716e-03
1.760000000000000231e+00 2.711349676674497736e-03
