1.260000000000000009e+00 2.110920386600203256e-04
1.261016251965963564e+00 2.655381147542447938e-04
1.262034144569560423e+00 2.809731376451823697e-04
1.263053681786969529e+00 2.434725961770411410e-04
1.264074867607227981e+00 1.759473468843837673e-04
1.265097706032285441e+00 1.243876004367345937e-04
1.266122201077053866e+00 1.060245010700226048e-04
1.267148356769461470e+00 1.113289720847557372e-04
1.268176177150505124e+00 1.447824552478296789e-04
1.269205666274302757e+00 2.105246436743945116e-04
1.270236828208148649e+00 2.780723877100521905e-04
1.271269667032564943e+00 3.079831851357043562e-04
1.272304186841355600e+00 2.903548362035393462e-04
1.273340391741662359e+00 2.388103493968728695e-04
1.274378285854016246e+00 1.771861496672590488e-04
1.275417873312395534e+00 1.345577522716399389e-04
1.276459158264277027e+00 1.248853106161704879e-04
1.277502144870694911e+00 1.412780769341560384e-04
1.278546837306292483e+00 1.810712179438715968e-04
1.279593239759381440e+00 2.451463799519611295e-04
1.280641356431994060e+00 3.091698650318838856e-04
1.281691191539943375e+00 3.357190951772837540e-04
1.282742749312876684e+00 3.151155521341670348e-04
1.283796033994334396e+00 2.655961409824498859e-04
1.284851049841804649e+00 2.084669529043769933e-04
1.285907801126783712e+00 1.641733416560928367e-04
1.286966292134831269e+00 1.489416412855943251e-04
1.288026527165630153e+00 1.622654452105356799e-04
1.289088510533042076e+00 1.967631715626147818e-04
1.290152246565168914e+00 2.520951223242616458e-04
1.291217739604409998e+00 3.176330801611948473e-04
1.292284994007521615e+00 3.621501979702028331e-04
1.293354014145675412e+00 3.626620654741098898e-04
1.294424804404520346e+00 3.248627108347674390e-04
1.295497369184239744e+00 2.686396593017686572e-04
1.296571712899614370e+00 2.151994853809139393e-04
1.297647839980080597e+00 1.837697463808119684e-04
1.298725754869792803e+00 1.804511580797876877e-04
1.299805462027684211e+00 1.985066795220459589e-04
1.300886965927528394e+00 2.346464091687129930e-04
1.301970271058000561e+00 2.853339606641741599e-04
1.303055381922740175e+00 3.311222160937870077e-04
1.304142303040413564e+00 3.494087448472310933e-04
1.305231038944776323e+00 3.357923898554486097e-04
1.306321594184735035e+00 2.986343937739945726e-04
1.307413973324413448e+00 2.500877673361917857e-04
1.308508180943214860e+00 2.089357336606228316e-04
1.309604221635883858e+00 1.902494218784867084e-04
1.310702100012575144e+00 1.929262737319104048e-04
1.311801820698913268e+00 2.125410504130270889e-04
1.312903388336062349e+00 2.504881513659950871e-04
1.314006807580787584e+00 2.981501286284131609e-04
1.315112083105522078e+00 3.348119929820001905e-04
1.316219219598433909e+00 3.478405123761550981e-04
1.317328221763491625e+00 3.362013964745926334e-04
1.318439094320529525e+00 3.025900435682213384e-04
1.319551842005317388e+00 2.593066649822321486e-04
1.320666469569624413e+00 2.249817794885934565e-04
1.321782981781290944e+00 2.054146698376903420e-04
1.322901383424292421e+00 1.960699085252745665e-04
1.324021679298809984e+00 1.983356400066127337e-04
1.325143874221299312e+00 2.118647371149799512e-04
1.326267973024557678e+00 2.248340663574231464e-04
1.327393980557795672e+00 2.281589080155386063e-04
1.328521901686706030e+00 2.213917482370569845e-04
1.329651741293532252e+00 2.017938858641288487e-04
1.330783504277141871e+00 1.697750416632031812e-04
1.331917195553094402e+00 1.377435825886059507e-04
1.333052820053715282e+00 1.153254489727137817e-04
1.334190382728164703e+00 1.010131901896993878e-04
1.335329888542511778e+00 9.548939635676550347e-05
1.336471342479805147e+00 1.013856941044421144e-04
1.337614749540146253e+00 1.123271646497673687e-04
1.338760114740763063e+00 1.213816627598213302e-04
1.339907443116082009e+00 1.284052320131086236e-04
1.341056739717802593e+00 1.296443342050306686e-04
1.342208009614971997e+00 1.201342618706195209e-04
1.343361257894058358e+00 1.057955840943296786e-04
1.344516489659027370e+00 9.396614879137630226e-05
1.345673710031415338e+00 8.368063952282948047e-05
1.346832924150407118e+00 7.673289550942586008e-05
1.347994137172910500e+00 7.793181266705728836e-05
1.349157354273633480e+00 8.350451730436116377e-05
1.350322580645161308e+00 8.954121572106438611e-05
1.351489821498033539e+00 9.938791032857115292e-05
1.352659082060821305e+00 1.093930011720121683e-04
1.353830367580205030e+00 1.110498067333236987e-04
1.355003683321055696e+00 1.095902322192401473e-04
1.356179034566509012e+00 1.144512896655069050e-04
1.357356426618049339e+00 1.234247022516442760e-04
1.358535864795585857e+00 1.363205815614459959e-04
1.359717354437535164e+00 1.601313967010414168e-04
1.360900900900900989e+00 1.930464510093833175e-04
1.362086509561353909e+00 2.306354361260645465e-04
1.363274185813314388e+00 2.771663376296128753e-04
1.364463935070035383e+00 3.287376861420370747e-04
1.365655762763680503e+00 3.718718910497833467e-04
1.366849674345412380e+00 4.069635958779089591e-04
1.368045675285470386e+00 4.400169767822322974e-04
1.369243771073258120e+00 4.650482591638175462e-04
1.370443967217425563e+00 4.850535879008256160e-04
1.371646269245953231e+00 5.175379597063572328e-04
1.372850682706238556e+00 5.652802033795535771e-04
1.374057213165179814e+00 6.249056203324147027e-04
1.375265866209262500e+00 7.108389147445871381e-04
1.376476647444644819e+00 8.271581693059439772e-04
1.377689562497246278e+00 9.538189024449034679e-04
1.378904617012832290e+00 1.084758576172866048e-03
1.380121816657103651e+00 1.223420934356681672e-03
1.381341167115783808e+00 1.351283352031148370e-03
1.382562674094707456e+00 1.464090992933117811e-03
1.383786343319909573e+00 1.595932634486848904e-03
1.385012180537715576e+00 1.765251891177882374e-03
1.386240191514829023e+00 1.970829854631889026e-03
1.387470382038425543e+00 2.242039529017384077e-03
1.388702757916241204e+00 2.600791667872416092e-03
1.389937324976663557e+00 3.014692150181168522e-03
1.391174089068826003e+00 3.458557147367881911e-03
1.392413056062697718e+00 3.930338171776002511e-03
1.393654231849177583e+00 4.380837285713709041e-03
1.394897622340188104e+00 4.758559851711526706e-03
1.396143233468768230e+00 5.100105037645829772e-03
1.397391071189167500e+00 5.462037753604397083e-03
1.398641141476942629e+00 5.865227898225529313e-03
1.399893450329050548e+00 6.379450854615303923e-03
1.401148003763946770e+00 7.097322525502616775e-03
1.402404807821679977e+00 8.009141616572065109e-03
1.403663868563989503e+00 9.064329077785154495e-03
1.404925192074403473e+00 1.025653562905514370e-02
1.406188784458335173e+00 1.151134777931956017e-02
1.407454651843183191e+00 1.269262544632923477e-02
1.408722800378429341e+00 1.380382813394220691e-02
1.409993236235739689e+00 1.496106050373987272e-02
1.411265965609062478e+00 1.623518068823809335e-02
1.412540994714730935e+00 1.775460790074057105e-02
1.413818329791562967e+00 1.975665577085445115e-02
1.415097977100963744e+00 2.234808172427608236e-02
1.416379942927028068e+00 2.547919796233158105e-02
1.417664233576642285e+00 2.913699374947884002e-02
1.418950855379588871e+00 3.319713572456139961e-02
1.420239814688649682e+00 3.727657263937644849e-02
1.421531117879710759e+00 4.111480283578166500e-02
1.422824771351867801e+00 4.483276214169651386e-02
1.424120781527530966e+00 4.868492700015618346e-02
1.425419154852532344e+00 5.304000796764366671e-02
1.426719897796231429e+00 5.854607156147287328e-02
1.428023016851623694e+00 6.574741010578090405e-02
1.429328518535448289e+00 7.471938179016857084e-02
1.430636409388296837e+00 8.534577713342475502e-02
1.431946695974721795e+00 9.732873849203280137e-02
1.433259384883347698e+00 1.097913282269420421e-01
1.434574482726980849e+00 1.217461540552069871e-01
1.435891996142719451e+00 1.330139820428723196e-01
1.437211931792066855e+00 1.440937324794062946e-01
1.438534296361043241e+00 1.556940028620626415e-01
1.439859096560298424e+00 1.689614291775936306e-01
1.441186339125224869e+00 1.852267774377185372e-01
1.442516030816072270e+00 2.049969203917862137e-01
1.443848178418063455e+00 2.278671294304711603e-01
1.445182788741507629e+00 2.530135033212729812e-01
1.446519868621918059e+00 2.788454401972363939e-01
1.447859424920127758e+00 3.032676661969123666e-01
1.449201464522408278e+00 3.255300629034788562e-01
1.450545994340585398e+00 3.468492126462491276e-01
1.451893021312160359e+00 3.687058932078032258e-01
1.453242552400427545e+00 3.917323405767657585e-01
1.454594594594594392e+00 4.157385134088328327e-01
1.455949154909903731e+00 4.388489130882204936e-01
1.457306240387751917e+00 4.572286919272009476e-01
1.458665858095815393e+00 4.675032751401433928e-01
1.460028015128169043e+00 4.689693306947809170e-01
1.461392718605411867e+00 4.629872408748703649e-01
1.462759975674790436e+00 4.518086807425968354e-01
1.464129793510324351e+00 4.379742568366234434e-01
1.465502179312930586e+00 4.225821532097383537e-01
1.466877140310550054e+00 4.039803148855143911e-01
1.468254683758275725e+00 3.796772519502928378e-01
1.469634816938478084e+00 3.490615764280982081e-01
1.471017547160935024e+00 3.135561614924817220e-01
1.472402881762960858e+00 2.755778657416002586e-01
1.473790828109534878e+00 2.378883354468956102e-01
1.475181393593432810e+00 2.024085801130919571e-01
1.476574585635359149e+00 1.694668589987389784e-01
1.477970411684076169e+00 1.391267380509746132e-01
1.479368879216539590e+00 1.123668528054382332e-01
1.480769995738030920e+00 9.008415532126284875e-02
1.482173768782291345e+00 7.221537479529900605e-02
1.483580205911657179e+00 5.840626950278225704e-02
1.484989314717196418e+00 4.827289614033906245e-02
1.486401102818842856e+00 4.095391985995767981e-02
1.487815577865537531e+00 3.551891232872513710e-02
1.489232747535362167e+00 3.152146154027908598e-02
1.490652619535681733e+00 2.858625650820817432e-02
1.492075201603282997e+00 2.622228615609140459e-02
1.493500501504513522e+00 2.427510642051840944e-02
1.494928527035425780e+00 2.276925017797015033e-02
1.496359286021917034e+00 2.148691594643522759e-02
1.497792786319873448e+00 2.028986994669741695e-02
1.499229035815313749e+00 1.930766536149470039e-02
1.500668042424533555e+00 1.850092558712487095e-02
1.502109814094249707e+00 1.770013171889110032e-02
1.503554358801750368e+00 1.699016527572475357e-02
1.505001684555036912e+00 1.644726857501594211e-02
1.506451799392975799e+00 1.589796174268949536e-02
1.507904711385446461e+00 1.530629748267804680e-02
1.509360428633489404e+00 1.480536943046244919e-02
1.510818959269459416e+00 1.430903586867974392e-02
1.512280311457174564e+00 1.370086626001531908e-02
1.513744493392070511e+00 1.312162122785738745e-02
1.515211513301351731e+00 1.262784769518136667e-02
1.516681379444147826e+00 1.208299206751569689e-02
1.518154100111666516e+00 1.153986367730250318e-02
1.519629683627350847e+00 1.113216332723686482e-02
1.521108138347035066e+00 1.074865367274235178e-02
1.522589472659102938e+00 1.031333091612838052e-02
1.524073694984646732e+00 9.960844428110968499e-03
1.525560813777625979e+00 9.672273753552940861e-03
1.527050837525027793e+00 9.303100133694182372e-03
1.528543774747030293e+00 8.933512525794511452e-03
1.530039633997162030e+00 8.655672929048206093e-03
1.531538423862467413e+00 8.338531205357201451e-03
1.533040152963671021e+00 7.959571417813398816e-03
1.534544829955341694e+00 7.658030342245226649e-03
1.536052463526059730e+00 7.377091395851483220e-03
1.537563062398584091e+00 7.001157292968723973e-03
1.539076635330019149e+00 6.639640389910790759e-03
1.540593191111987004e+00 6.346416866888228425e-03
1.542112738570794450e+00 5.990973226896732437e-03
1.543635286567606402e+00 5.601532431605781709e-03
1.545160843998616418e+00 5.307999134303136197e-03
1.546689419795221898e+00 5.031740514872796131e-03
1.548221022924196610e+00 4.700716521278835817e-03
1.549755662387867217e+00 4.435968720317580959e-03
1.551293347224289132e+00 4.242156080006238145e-03
1.552834086507424383e+00 3.991359819533243231e-03
1.554377889347318353e+00 3.736597453634125411e-03
1.555924764890282308e+00 3.563718740584270132e-03
1.557474722319071692e+00 3.366831542332271790e-03
1.559027770853068873e+00 3.113871668279526161e-03
1.560583919748465442e+00 2.924039951221163707e-03
1.562143178298446511e+00 2.766806195194012989e-03
1.563705555833375005e+00 2.545320743646067689e-03
1.565271061720978851e+00 2.342734116041069944e-03
1.566839705366538160e+00 2.209292667953646674e-03
1.568411496213071077e+00 2.038064939528675800e-03
1.569986443741527182e+00 1.837844807958422975e-03
1.571564557470975343e+00 1.707225595275588736e-03
1.573145846958796445e+00 1.586320367943075101e-03
1.574730321800876132e+00 1.415631929218565252e-03
1.576317991631799087e+00 1.287295367733332649e-03
1.577908866125043996e+00 1.209500057754062888e-03
1.579502954993180719e+00 1.090279355231028174e-03
1.581100267988066799e+00 9.716873914914097611e-04
1.582700814901047526e+00 9.156047669297916842e-04
1.584304605563155333e+00 8.439691909482594520e-04
1.585911649845311189e+00 7.384366458672861691e-04
1.587521957658526661e+00 6.812618217597090622e-04
1.589135538954108862e+00 6.413969591927836007e-04
1.590752403723864061e+00 5.575396894247683756e-04
1.592372562000305303e+00 4.948701424119363122e-04
1.593996023856858679e+00 4.744143075319739956e-04
1.595622799408072501e+00 4.221651113401593222e-04
1.597252898809827570e+00 3.623192193465177811e-04
1.598886332259549015e+00 3.509353217426012844e-04
1.600523109996417004e+00 3.299412202594667436e-04
1.602163242301583246e+00 2.803826167353802405e-04
1.603806739498384371e+00 2.697950097715676979e-04
1.605453611952559312e+00 2.730679870120753081e-04
1.607103870072467355e+00 2.390001774701244882e-04
1.608757524309307074e+00 2.253370523778737812e-04
1.610414585157336376e+00 2.451345611969551596e-04
1.612075063154095877e+00 2.301986989703098615e-04
1.613738968880631841e+00 2.115287814424385065e-04
1.615406312961719326e+00 2.384909372948082842e-04
1.617077106066090897e+00 2.444357124051381230e-04
1.618751358906662663e+00 2.198129501195978275e-04
1.620429082240762764e+00 2.408997124889308763e-04
1.622110286870363849e+00 2.669763866403108998e-04
1.623794983642312006e+00 2.412321807923902516e-04
1.625483183448562574e+00 2.438564726428199059e-04
1.627174897226414174e+00 2.851331893133506631e-04
1.628870135958743415e+00 2.711568280012257334e-04
1.630568910674244920e+00 2.498677675301065539e-04
1.632271232447669140e+00 2.938332898828340629e-04
1.633977112400062381e+00 3.051697481369951628e-04
1.635686561699011055e+00 2.644147090217840806e-04
1.637399591558883483e+00 2.906353934369737806e-04
1.639116213241075481e+00 3.322181579524449702e-04
1.640836438054257940e+00 2.890453049566504623e-04
1.642560277354625065e+00 2.779726669030464325e-04
1.644287742546142850e+00 3.392170185979992273e-04
1.646018845080802206e+00 3.195891549382826958e-04
1.647753596458871206e+00 2.642929483742372247e-04
1.649492008229149986e+00 3.148706769421644592e-04
1.651234091989227437e+00 3.383238988055235178e-04
1.652979859385737660e+00 2.541532308440612778e-04
1.654729322114621315e+00 2.529880587645629833e-04
1.656482491921385858e+00 3.143663927959907799e-04
1.658239380601367996e+00 2.421506239556827527e-04
1.659999999999999920e+00 1.679499358290307241e-04
