1.040000000000000036e+00 1.332100094036049091e-04
1.040967082015993972e+00 1.154316491834380851e-04
1.041935964259121272e+00 1.134122385856892819e-04
1.042906651760760139e+00 9.321154395260068063e-05
1.043879149571055542e+00 9.249612978083991395e-05
1.044853462759006923e+00 7.346841808809912984e-05
1.045829596412555906e+00 7.209265785081227695e-05
1.046807555638675780e+00 5.928218055598449664e-05
1.047787345563459427e+00 5.559249425937840575e-05
1.048768971332209032e+00 4.924880982297285420e-05
1.049752438109527342e+00 3.793996986137207104e-05
1.050737751079406701e+00 3.592756889551444721e-05
1.051724915445321207e+00 1.755215241989184664e-05
1.052713936430317965e+00 1.967176127034077381e-05
1.053704819277108573e+00 1.807051872752369749e-06
1.054697569248162603e+00 8.522414554464319733e-06
1.055692191625801302e+00 6.358861224479487734e-06
1.056688691712289740e+00 3.804952565657702382e-05
1.057687074829931850e+00 1.301328856164582440e-05
1.058687346321165013e+00 5.486075951926829280e-05
1.059689511548655760e+00 1.102601246832244161e-04
1.060693575895394813e+00 4.232942941841027033e-06
1.061699544764795222e+00 9.548825991782718819e-05
1.062707423580785848e+00 1.473699511582096265e-04
1.063717217787913283e+00 4.614281118470343342e-05
1.064728932851436216e+00 2.043018872886594238e-05
1.065742574257425579e+00 1.021661902208708176e-04
1.066758147512864241e+00 1.560403596571145323e-04
1.067775658145745821e+00 7.179077060606092536e-05
1.068795111705174827e+00 3.707209522278165912e-05
1.069816513761467913e+00 7.644510843909276530e-05
1.070839869906256014e+00 1.438763993213254663e-04
1.071865185752585159e+00 1.141806686085872858e-04
1.072892466935019939e+00 4.946983229935406718e-05
1.073921719109746542e+00 5.153729428127758059e-05
1.074952947954676219e+00 1.053896816899980868e-04
1.075986159169550094e+00 1.917652758462856102e-04
1.077021358476043966e+00 1.574641070932420524e-04
1.078058551617873562e+00 7.701566430434347475e-05
1.079097744360902000e+00 5.192487574655610313e-05
1.080138942493245491e+00 8.449575794762643848e-05
1.081182151825381466e+00 1.734579184734265627e-04
1.082227378190255163e+00 2.387137884322975475e-04
1.083274627443390647e+00 1.869848963083628002e-04
1.084323905462998727e+00 1.054706733349432268e-04
1.085375218150087084e+00 8.881141633962512968e-05
1.086428571428571521e+00 1.219037205635898626e-04
1.087483971245385650e+00 2.084828226515540153e-04
1.088541423570595024e+00 2.735481656681037241e-04
1.089600934397508158e+00 2.569457956920037818e-04
1.090662509742790220e+00 1.702489523858576102e-04
1.091726155646576935e+00 1.023953275498064492e-04
1.092791878172588715e+00 8.003599200496737615e-05
1.093859683408247019e+00 1.016611102704310390e-04
1.094929577464788695e+00 1.560432897174374286e-04
1.096001566477383893e+00 1.919060836695641854e-04
1.097075656605252636e+00 1.865259152360861311e-04
1.098151854031783392e+00 1.553502552305971365e-04
1.099230164964650314e+00 1.483355273251225415e-04
1.100310595635934918e+00 1.589179904862973204e-04
1.101393152302243106e+00 1.866249000856948139e-04
1.102477841244829504e+00 1.973766354502536438e-04
1.103564668769715817e+00 1.899080145108763857e-04
1.104653641207814951e+00 1.727821749049916538e-04
1.105744764915053358e+00 1.651891782590600400e-04
1.106838046272493603e+00 1.776237236286061364e-04
1.107933491686460714e+00 1.939836943597596339e-04
1.109031107588666520e+00 2.059422493082903761e-04
1.110130900436334667e+00 1.915644435265353475e-04
1.111232876712328510e+00 1.748680957868061739e-04
1.112337042925278130e+00 1.595393162883965881e-04
1.113443405609707559e+00 1.681118269022206639e-04
1.114551971326164903e+00 1.876437935534916142e-04
1.115662746661351346e+00 2.094546443150634922e-04
1.116775738228251935e+00 2.071812327417356814e-04
1.117890952666267035e+00 1.794860640952795623e-04
1.119008396641343550e+00 1.512191986850888248e-04
1.120128076846107490e+00 1.361855469174552647e-04
1.121250000000000080e+00 1.506847723622362024e-04
1.122374172849408325e+00 1.804410514330092620e-04
1.123500602167804008e+00 2.182467755371095860e-04
1.124629294755876918e+00 2.226541584616543881e-04
1.125760257441673184e+00 1.992074629063215292e-04
1.126893497080732498e+00 1.571078034041142575e-04
1.128029020556227335e+00 1.297953606097429263e-04
1.129166834779100181e+00 1.234962954483211203e-04
1.130306946688206748e+00 1.400468364577033746e-04
1.131449363250454532e+00 1.683042657970344269e-04
1.132594091460946917e+00 1.848316430317372794e-04
1.133741138343123289e+00 1.770648931065000209e-04
1.134890510948904918e+00 1.454987382367368596e-04
1.136042216358839063e+00 1.242760727564055153e-04
1.137196261682242859e+00 1.165941446201454646e-04
1.138352654057351865e+00 1.328540984562670232e-04
1.139511400651465722e+00 1.624995197081814690e-04
1.140672508661096263e+00 2.026859240822907510e-04
1.141835985312117385e+00 2.194932914959908318e-04
1.143001837859914271e+00 2.205922657364300173e-04
1.144170073589533931e+00 2.027697598194820410e-04
1.145340699815837970e+00 1.936788379046137736e-04
1.146513723883654245e+00 2.052346131751071456e-04
1.147689153167930742e+00 2.462841209772320726e-04
1.148866995073891450e+00 3.194513894523618000e-04
1.150047257037189130e+00 4.000259795832779709e-04
1.151229946524064296e+00 4.677874901388751777e-04
1.152415071031500871e+00 4.923264802103878004e-04
1.153602638087386500e+00 5.197833258686469608e-04
1.154792655250670430e+00 5.615883395994246624e-04
1.155985130111523818e+00 6.757650295274724188e-04
1.157180070291502716e+00 8.528745269688960302e-04
1.158377483443708389e+00 1.104313240888373697e-03
1.159577377252952068e+00 1.330086630980691163e-03
1.160779759435918601e+00 1.455197460681045916e-03
1.161984637741332760e+00 1.477989324931969000e-03
1.163192019950124667e+00 1.491676556702594336e-03
1.164401913875597883e+00 1.618049686760384331e-03
1.165614327363598601e+00 1.887751415107558582e-03
1.166829268292683075e+00 2.329616781929823473e-03
1.168046744574290363e+00 2.776929348112807706e-03
1.169266764152914195e+00 3.107656851054029640e-03
1.170489335006273501e+00 3.184646859783492844e-03
1.171714465145488937e+00 3.162421419648110427e-03
1.172942162615255857e+00 3.183479352393855325e-03
1.174172435494021061e+00 3.425484823939562318e-03
1.175405291894161985e+00 3.929692965713884115e-03
1.176640739962161009e+00 4.586031455904419213e-03
1.177878787878787747e+00 5.168585141702639052e-03
1.179119443859279359e+00 5.409264733667438867e-03
1.180362716153521507e+00 5.425250327950313124e-03
1.181608613046231770e+00 5.371821927982212488e-03
1.182857142857142829e+00 5.562758381043420020e-03
1.184108313941188984e+00 6.009901781101766385e-03
1.185362134688691116e+00 6.715809864993135814e-03
1.186618613525545651e+00 7.381406005203890348e-03
1.187877758913412407e+00 7.788106856456759181e-03
1.189139579349904219e+00 7.842991927990230344e-03
1.190404083368779231e+00 7.729408890704386227e-03
1.191671279540132078e+00 7.825406836055603249e-03
1.192941176470588172e+00 8.303652020942121209e-03
1.194213782803498880e+00 9.278650250643569533e-03
1.195489107219136926e+00 1.041253918084327976e-02
1.196767158434894229e+00 1.146386859965225352e-02
1.198047945205479303e+00 1.207434319748888762e-02
1.199331476323119761e+00 1.246751248434567125e-02
1.200617760617760599e+00 1.288287764896367885e-02
1.201906806957268481e+00 1.374098603375535459e-02
1.203198624247635129e+00 1.514171035496877059e-02
1.204493221433182493e+00 1.695639485058766938e-02
1.205790607496768585e+00 1.886169897153024827e-02
1.207090791459995538e+00 2.044433536570640364e-02
1.208393782383419657e+00 2.189969688687773766e-02
1.209699589366760364e+00 2.361646387218173382e-02
1.211008221549113140e+00 2.648667817583506487e-02
1.212319688109161575e+00 3.069894712583838906e-02
1.213633998265394531e+00 3.633487756883184427e-02
1.214951161276318414e+00 4.254932037872576067e-02
1.216271186440677887e+00 4.888767246062182548e-02
1.217594083097672142e+00 5.521677812413550157e-02
1.218919860627177609e+00 6.245559054818280303e-02
1.220248528449967340e+00 7.191976034480901392e-02
1.221580096027935269e+00 8.430629230450312206e-02
1.222914572864321592e+00 9.964071205863245240e-02
1.224251968503937027e+00 1.162825882448687148e-01
1.225592292533391747e+00 1.335894205443915461e-01
1.226935554581324084e+00 1.517412608008039399e-01
1.228281764318630565e+00 1.736425368469547148e-01
1.229630931458699505e+00 2.009277892131763610e-01
1.230983065757642603e+00 2.332350660164035083e-01
1.232338177014530967e+00 2.666598138129290252e-01
1.233696275071633153e+00 2.964718168655305353e-01
1.235057369814651196e+00 3.213645043161858506e-01
1.236421471172961972e+00 3.426486335970613806e-01
1.237788589119858340e+00 3.638117043188518474e-01
1.239158733672791612e+00 3.831805345560407861e-01
1.240531914893617138e+00 3.967378997100027282e-01
1.241908142888839439e+00 3.994862820121802272e-01
1.243287427809862455e+00 3.918230088821944568e-01
1.244669779853235569e+00 3.770271613415535628e-01
1.246055209260908292e+00 3.560377100764064995e-01
1.247443726320481172e+00 3.281990024043326959e-01
1.248835341365461815e+00 2.916585419331854667e-01
1.250230064775519123e+00 2.492641188541216690e-01
1.251627906976744198e+00 2.039508047537849644e-01
1.253028878441907024e+00 1.597282768919286999e-01
1.254432989690721589e+00 1.198509461979479357e-01
1.255840251290105236e+00 8.695178635664010947e-02
1.257250673854447554e+00 6.229544462546471317e-02
1.258664268045873724e+00 4.478767850597400318e-02
1.260081044574516085e+00 3.322983303628698065e-02
1.261501014198783022e+00 2.558883285215751008e-02
1.262924187725631642e+00 2.074231655943616082e-02
1.264350576010842442e+00 1.741526597566156465e-02
1.265780189959294200e+00 1.518886995967190685e-02
1.267213040525243528e+00 1.349057364369432924e-02
1.268649138712601987e+00 1.218103359845069088e-02
1.270088495575221410e+00 1.101595435025233029e-02
1.271531122217173904e+00 9.957119366447140379e-03
1.272977029793040948e+00 9.024028389787467838e-03
1.274426229508196728e+00 8.174000275470907212e-03
1.275878732619101896e+00 7.571711435104204468e-03
1.277334550433592009e+00 7.026930208680733959e-03
1.278793694311171958e+00 6.647392964025223595e-03
1.280256175663311957e+00 6.253555355807943923e-03
1.281722005953744192e+00 5.947693577497496428e-03
1.283191196698762138e+00 5.562965204019253325e-03
1.284663759467523425e+00 5.233433682339047252e-03
1.286139705882352935e+00 4.880114478998986809e-03
1.287619047619047663e+00 4.581710292111650963e-03
1.289101796407185807e+00 4.261844030840716141e-03
1.290587964030435630e+00 3.933605153820815201e-03
1.292077562326869877e+00 3.629769030994980591e-03
1.293570603189276635e+00 3.318098133384031478e-03
1.295067098565479080e+00 3.094281343614770259e-03
1.296567060458651666e+00 2.867798436719417102e-03
1.298070500927643867e+00 2.736358452331852029e-03
1.299577432087299478e+00 2.559812786796505403e-03
1.301087866108786795e+00 2.437805812667187370e-03
1.302601815219920800e+00 2.252748718602391297e-03
1.304119291705498673e+00 2.106514397730055357e-03
1.305640307907627529e+00 1.930194442070574468e-03
1.307164876226062589e+00 1.785107249358005351e-03
1.308693009118541140e+00 1.641512638179154840e-03
1.310224719101123592e+00 1.501535671889253458e-03
1.311760018748535428e+00 1.383131574252699980e-03
1.313298920694509597e+00 1.248846832544661320e-03
1.314841437632135346e+00 1.160263501672116962e-03
1.316387582314205051e+00 1.048355894438922180e-03
1.317937367553567274e+00 9.901360968209125830e-04
1.319490806223479362e+00 8.967271937069136228e-04
1.321047911257965612e+00 8.454333431898732563e-04
1.322608695652174093e+00 7.546972950123718733e-04
1.324173172462739467e+00 6.955829387556174397e-04
1.325741354808147809e+00 6.137672673636206978e-04
1.327313255869101427e+00 5.568598966677458474e-04
1.328888888888888786e+00 4.967448026555326690e-04
1.330468267173758212e+00 4.482441512399989178e-04
1.332051404093289149e+00 4.091148716729550348e-04
1.333638313080771853e+00 3.685316872167806730e-04
1.335229007633587761e+00 3.485415831922059082e-04
1.336823501313589624e+00 3.194720461388874766e-04
1.338421807747489201e+00 3.198559545304093779e-04
1.340023940627244503e+00 3.044397153109569413e-04
1.341629913710450595e+00 3.224316025871416195e-04
1.343239740820734607e+00 3.165815486745998100e-04
1.344853435848149870e+00 3.457540426984855183e-04
1.346471012749578922e+00 3.468301442657669873e-04
1.348092485549132968e+00 3.860034282675569943e-04
1.349717868338558002e+00 3.996993504830231338e-04
1.351347175277643364e+00 4.519767423024147776e-04
1.352980420594633859e+00 4.843116092986144024e-04
1.354617618586640759e+00 5.468351194406370326e-04
1.356258783620063024e+00 5.993422363135958572e-04
1.357903930131004522e+00 6.659309658037169651e-04
1.359553072625698356e+00 7.429975916226388066e-04
1.361206225680933857e+00 8.118992061616703499e-04
1.362863403944484908e+00 9.163058541134799914e-04
1.364524622135543597e+00 9.784076102271146470e-04
1.366189895045155200e+00 1.094188117907276235e-03
1.367859237536656947e+00 1.134784946983095465e-03
1.369532664546122103e+00 1.247213464918904644e-03
1.371210191082802510e+00 1.281526557922584714e-03
1.372891832229580444e+00 1.400752120086714778e-03
1.374577603143418481e+00 1.460182927488245684e-03
1.376267519055814903e+00 1.586167205198790774e-03
1.377961595273264450e+00 1.677172564568420220e-03
1.379659847177717502e+00 1.783192790081806469e-03
1.381362290227048373e+00 1.897647940712064805e-03
1.383068939955522714e+00 1.966773777142996442e-03
1.384779811974270247e+00 2.103518589761277108e-03
1.386494921971761274e+00 2.132245894601347488e-03
1.388214285714285623e+00 2.268461487340856300e-03
1.389937919046436487e+00 2.246603038077686198e-03
1.391665837891596258e+00 2.349913929829350150e-03
1.393398058252427019e+00 2.305907914555856662e-03
1.395134596211365929e+00 2.388223001485846684e-03
1.396875467931120607e+00 2.383953844992508109e-03
1.398620689655172500e+00 2.456669380860860511e-03
1.400370277708281375e+00 2.509669047488160502e-03
1.402124248496994019e+00 2.535468649360803333e-03
1.403882618510158053e+00 2.616568121414774607e-03
1.405645404319437519e+00 2.564525245852541241e-03
1.407412622579834238e+00 2.658324675189517681e-03
1.409184290030211617e+00 2.551607895898411020e-03
1.410960423493824001e+00 2.648377480988060081e-03
1.412741039878848914e+00 2.517349827254188651e-03
1.414526156178923300e+00 2.582971238720361065e-03
1.416315789473684195e+00 2.461103650966221974e-03
1.418109956929313409e+00 2.481599868519135214e-03
1.419908675799086861e+00 2.425560747348553051e-03
1.421711963423926806e+00 2.407934356262522117e-03
1.423519837232960494e+00 2.445115678066490418e-03
1.425332314744079509e+00 2.363847904703327094e-03
1.427149413564507974e+00 2.458566873305616761e-03
1.428971151391370986e+00 2.280185888169552338e-03
1.430797546012269938e+00 2.381422018431344784e-03
1.432628615305861164e+00 2.140438040501517654e-03
1.434464377242439692e+00 2.217805672819621841e-03
1.436304849884526558e+00 1.987171348849904075e-03
1.438150051387461437e+00 1.993298564196908929e-03
1.439999999999999947e+00 1.826288306067109070e-03
