9.400000000000000577e-01 1.920064848866059556e-04
9.409393893968921452e-01 1.913011519182792025e-04
9.418806582303805852e-01 1.842091356624849462e-04
9.428238121463976551e-01 1.627348989850772886e-04
9.437688568135116363e-01 1.481182887592171469e-04
9.447157979230422775e-01 1.269197475252068776e-04
9.456646411891730386e-01 1.233872163478354287e-04
9.466153923490674416e-01 1.074510979126892937e-04
9.475680571629848670e-01 1.117797176707079109e-04
9.485226414143957951e-01 9.376118979143026496e-05
9.494791509100992677e-01 1.288553218192466381e-04
9.504375914803412373e-01 1.013902246879408502e-04
9.513979689789319183e-01 9.645204686968913716e-05
9.523602892833662459e-01 8.028464857201936570e-05
9.533245582949424479e-01 5.841554657478292671e-05
9.542907819388841695e-01 5.788183136529982139e-05
9.552589661644599328e-01 6.433941829054968056e-05
9.562291169451074824e-01 5.458474238007981187e-05
9.572012402785543550e-01 4.875279070890913225e-05
9.581753421869436682e-01 4.626435673836760889e-05
9.591514287169560227e-01 3.837459220453285768e-05
9.601295059399379550e-01 3.816457870131420029e-05
9.611095799520238403e-01 2.874768068780008529e-05
9.620916568742655661e-01 2.816304090542164624e-05
9.630757428527590980e-01 1.845083112406741731e-05
9.640618440587722660e-01 1.969058868871743906e-05
9.650499666888742167e-01 1.255982774429668881e-05
9.660401169650644215e-01 1.198427655413135029e-05
9.670323011349047926e-01 6.101561907265076572e-06
9.680265254716495793e-01 1.389056739699043217e-06
9.690227962743785950e-01 1.603540375476259953e-05
9.700211198681296665e-01 3.316537336532345644e-06
9.710215026040325270e-01 4.514595088534519712e-05
9.720239508594434863e-01 2.693041397962252231e-05
9.730284710380820989e-01 2.528184493438055292e-05
9.740350695701649464e-01 6.611626289252502543e-05
9.750437529125459690e-01 2.515411607047582025e-06
9.760545275488521355e-01 3.071416256668741101e-05
9.770673999896229978e-01 3.437803901264362881e-05
9.780823767724511342e-01 1.503064686338310325e-06
9.790994644621223708e-01 1.053915088805999489e-05
9.801186696507572238e-01 6.007443554312437428e-05
9.811399989579534520e-01 1.077976457659342275e-04
9.821634590309289425e-01 2.850233439744859033e-05
9.831890565446665953e-01 4.024223896804844582e-05
9.842167982020593175e-01 1.424359150433804236e-04
9.852466907340553526e-01 1.722211449381236400e-04
9.862787408998062721e-01 6.306500781663931050e-05
9.873129554868138591e-01 7.498440087863379483e-05
9.883493413110796544e-01 2.244226951968778753e-04
9.893879052172542821e-01 4.293007788536859991e-04
9.904286540787881066e-01 2.372461735621737052e-04
9.914715947980835553e-01 9.336076659723480228e-05
9.925167343066464420e-01 1.388282060714339441e-04
9.935640795652402879e-01 4.211060150020506303e-04
9.946136375640415306e-01 6.669790785413414521e-04
9.956654153227937343e-01 4.034822093295438623e-04
9.967194198909649083e-01 1.931998150474511795e-04
9.977756583479046038e-01 1.920399245040493473e-04
9.988341378030024531e-01 3.810088252150439845e-04
9.998948653958475985e-01 5.231398421139373325e-04
1.000957848296390784e+00 4.161818819269569791e-04
1.002023093705102896e+00 2.950992690343332784e-04
1.003090608853140164e+00 3.596639321539913401e-04
1.004160401002506475e+00 5.558465584711817656e-04
1.005232477446217798e+00 6.710678185752755060e-04
1.006306845508470271e+00 5.632723119688437400e-04
1.007383512544802739e+00 4.429957930498191294e-04
1.008462485942269726e+00 4.816358322034525316e-04
1.009543773119605525e+00 6.651195897845335343e-04
1.010627381527397617e+00 7.802022830300079813e-04
1.011713318648256532e+00 6.058776626017372581e-04
1.012801591996988160e+00 4.059694771366301755e-04
1.013892209120766719e+00 3.973025937838735094e-04
1.014985177599310173e+00 6.452384869282826521e-04
1.016080505045054760e+00 1.000130199568056424e-03
1.017178199103332847e+00 1.017627752042771488e-03
1.018278267452549457e+00 6.540074771003178723e-04
1.019380717804363234e+00 3.688929345678068281e-04
1.020485557903864082e+00 3.203581049186133732e-04
1.021592795529756348e+00 5.320468468082850547e-04
1.022702438494542010e+00 8.782992165237552256e-04
1.023814494644701867e+00 8.353987434601150858e-04
1.024928971860882942e+00 5.093099177048208796e-04
1.026045878058083227e+00 3.493942648675917766e-04
1.027165221185839972e+00 4.102163490867522118e-04
1.028287009228417093e+00 6.768136014389579489e-04
1.029411250204996575e+00 1.040225456819234440e-03
1.030537952169868099e+00 1.137013615840758033e-03
1.031667123212622439e+00 8.965339585829800589e-04
1.032798771458344866e+00 6.190252110567396205e-04
1.033932905067808772e+00 5.478137042599230244e-04
1.035069532237673950e+00 6.940292804056188416e-04
1.036208661200682224e+00 9.723900684358049345e-04
1.037350300225857946e+00 1.082800013339639588e-03
1.038494457618706290e+00 9.275052877069192873e-04
1.039641141721415751e+00 7.119538829272467010e-04
1.040790360913060431e+00 6.250563728071928046e-04
1.041942123609804538e+00 7.244126247644841953e-04
1.043096438265108228e+00 9.403928090622128057e-04
1.044253313369932989e+00 1.110570529979758823e-03
1.045412757452950592e+00 1.040685027902594258e-03
1.046574779080753803e+00 8.550387495696805439e-04
1.047739386858064892e+00 7.518764702057987312e-04
1.048906589427950786e+00 8.249084989593694376e-04
1.050076395472034907e+00 9.950117892703689692e-04
1.051248813710712993e+00 1.132742663435327025e-03
1.052423852903370260e+00 1.095150453236930221e-03
1.053601521848598566e+00 9.236523355838874598e-04
1.054781829384417113e+00 7.669443068589224758e-04
1.055964784388493172e+00 7.259971165661851253e-04
1.057150395778364116e+00 8.010597539995251582e-04
1.058338672511661915e+00 9.046490548628336684e-04
1.059529623586338731e+00 9.443410086395327913e-04
1.060723258040894512e+00 8.735521272425313859e-04
1.061919584954604590e+00 7.873828462628192516e-04
1.063118613447750382e+00 7.371261354822320443e-04
1.064320352681851656e+00 7.635624797630394820e-04
1.065524811859899446e+00 8.263432884428517427e-04
1.066732000226590316e+00 8.918774147530120038e-04
1.067941927068564389e+00 9.237363715723250802e-04
1.069154601714642716e+00 9.453735931919822998e-04
1.070370033536065524e+00 9.955543912163978756e-04
1.071588231946736469e+00 1.082973430412083023e-03
1.072809206403463778e+00 1.207799173030021369e-03
1.074032966406205380e+00 1.321450523944188221e-03
1.075259521498315607e+00 1.426838152859489974e-03
1.076488881266792541e+00 1.500213453529281645e-03
1.077721055342528489e+00 1.580483313840664976e-03
1.078956053400561554e+00 1.654062215703873580e-03
1.080193885160328104e+00 1.739948152159813020e-03
1.081434560385918564e+00 1.815986368829173702e-03
1.082678088886333434e+00 1.903043197183061641e-03
1.083924480515742861e+00 2.019841017562093357e-03
1.085173745173745319e+00 2.136744884436937199e-03
1.086425892805630955e+00 2.190855656220258487e-03
1.087680933402645378e+00 2.243379812214482943e-03
1.088938877002255445e+00 2.403722464175369212e-03
1.090199733688415273e+00 2.467241677293706588e-03
1.091463513591838908e+00 2.480734271981754890e-03
1.092730226890268552e+00 2.613948979315163738e-03
1.093999883808749241e+00 2.682456112549126432e-03
1.095272494619903503e+00 2.720533734694274841e-03
1.096548069644208923e+00 2.863946345856599896e-03
1.097826619250277025e+00 3.084217057976219086e-03
1.099108153855133274e+00 3.376860407530608843e-03
1.100392683924501958e+00 3.660208012197714057e-03
1.101680219973088404e+00 3.822567832462798153e-03
1.102970772564868529e+00 3.947192890992574400e-03
1.104264352313375941e+00 4.103710825713971153e-03
1.105560969881993927e+00 4.494771802263247858e-03
1.106860635984247443e+00 5.035817714130998851e-03
1.108163361384099321e+00 5.623665493923830569e-03
1.109469156896247144e+00 6.029050078133661207e-03
1.110778033386421226e+00 6.453578023915467442e-03
1.112090001771688375e+00 7.123166347691309991e-03
1.113405073020753200e+00 8.240650236002372564e-03
1.114723258154264984e+00 9.719399651903248491e-03
1.116044568245125435e+00 1.113086094189536836e-02
1.117369014418797768e+00 1.231948645662613896e-02
1.118696607853620906e+00 1.361895477029641949e-02
1.120027359781121667e+00 1.596066623255166725e-02
1.121361281486333406e+00 1.968330026016326673e-02
1.122698384308114417e+00 2.442647256069964759e-02
1.124038679639467686e+00 2.895978198211633312e-02
1.125382178927867294e+00 3.366505243939955927e-02
1.126728893675581933e+00 3.980553201953399706e-02
1.128078835440004646e+00 4.866777040990623998e-02
1.129432015833983005e+00 5.929447634463940603e-02
1.130788446526151514e+00 6.895408315466830529e-02
1.132148139241267337e+00 7.739123456995396222e-02
1.133511105760548920e+00 8.781674514583184821e-02
1.134877357922015273e+00 1.021365016439261530e-01
1.136246907620829250e+00 1.164924328735832404e-01
1.137619766809641719e+00 1.263446015106629849e-01
1.138995947498941508e+00 1.327294805097614661e-01
1.140375461757403563e+00 1.370168880914499066e-01
1.141758321712241564e+00 1.336164404662645022e-01
1.143144539549566074e+00 1.208583630652004248e-01
1.144534127514738930e+00 1.042112812715120795e-01
1.145927097912736503e+00 8.726817061097059958e-02
1.147323463108511632e+00 6.812234495519768618e-02
1.148723235527359110e+00 4.971606888399680152e-02
1.150126427655286054e+00 3.469541920180953948e-02
1.151533052039381166e+00 2.381745951535868197e-02
1.152943121288189765e+00 1.737572106269530750e-02
1.154356648072089708e+00 1.455466568996261444e-02
1.155773645123672866e+00 1.361006692804311857e-02
1.157194125238124593e+00 1.324504535592912167e-02
1.158618101273611201e+00 1.311313282357555975e-02
1.160045586151666530e+00 1.312517610069924463e-02
1.161476592857583645e+00 1.349958019555504846e-02
1.162911134440807848e+00 1.397971111880972478e-02
1.164349224015334361e+00 1.461259444129190191e-02
1.165790874760106455e+00 1.515827646571252761e-02
1.167236099919419789e+00 1.577879189099665874e-02
1.168684912803326537e+00 1.636162621624060592e-02
1.170137326788044385e+00 1.681802933332525105e-02
1.171593355316369101e+00 1.696551480959669275e-02
1.173053011898087528e+00 1.675178733916818374e-02
1.174516310110397477e+00 1.652352248459436693e-02
1.175983263598326500e+00 1.638061973769979612e-02
1.177453886075157996e+00 1.659581324185576551e-02
1.178928191322857311e+00 1.681531334029247662e-02
1.180406193192502950e+00 1.706229609612223974e-02
1.181887905604719791e+00 1.698667998849202193e-02
1.183373342550116281e+00 1.684450272482919050e-02
1.184862518089724981e+00 1.650822981282043522e-02
1.186355446355446208e+00 1.607984561883352842e-02
1.187852141550495011e+00 1.541382532297828727e-02
1.189352617949851476e+00 1.460464579232506957e-02
1.190856889900714588e+00 1.388908483244008334e-02
1.192364971822959419e+00 1.333473769096712655e-02
1.193876878209598535e+00 1.310044143693432812e-02
1.195392623627245632e+00 1.283842060329892093e-02
1.196912222716583152e+00 1.258517212928687325e-02
1.198435690192833913e+00 1.202556529346246635e-02
1.199963040846237394e+00 1.148035227820591066e-02
1.201494289542525351e+00 1.083530887126414079e-02
1.203029451223407653e+00 1.030322781332470086e-02
1.204568540907055452e+00 9.724420660266640953e-03
1.206111573688592786e+00 9.191162691296885304e-03
1.207658564740589080e+00 8.756691945169483085e-03
1.209209529313555631e+00 8.439008201982385257e-03
1.210764482736449654e+00 8.335588933151588664e-03
1.212323440417176323e+00 8.188450034230566194e-03
1.213886417843099474e+00 8.070268862119714393e-03
1.215453430581552974e+00 7.705847612357293389e-03
1.217024494280359415e+00 7.388455945249529193e-03
1.218599624668349257e+00 6.988469901703171956e-03
1.220178837555886631e+00 6.735374113592739083e-03
1.221762148835398687e+00 6.460789519276402895e-03
1.223349574481907398e+00 6.239901323939207878e-03
1.224941130553568014e+00 6.053256711585030397e-03
1.226536833192210185e+00 5.897616363268219815e-03
1.228136698623883305e+00 5.867142447299475774e-03
1.229740743159407179e+00 5.744709071863213050e-03
1.231348983194925806e+00 5.637427325235829130e-03
1.232961435212466483e+00 5.331302800801214839e-03
1.234578115780502472e+00 5.074458043013758794e-03
1.236199041554519873e+00 4.739711311194503077e-03
1.237824229277591614e+00 4.569425267068109170e-03
1.239453695780951881e+00 4.379188648411194533e-03
1.241087457984577869e+00 4.230269062880699822e-03
1.242725532897776208e+00 4.091402761116089484e-03
1.244367937619771158e+00 3.961965430764293611e-03
1.246014689340303239e+00 3.904992137925793107e-03
1.247665805340224310e+00 3.763247675108594842e-03
1.249321302992104865e+00 3.673484430612223694e-03
1.250981199760845097e+00 3.419094382192640509e-03
1.252645513204283967e+00 3.274435241108667339e-03
1.254314260973822925e+00 3.048996300839519526e-03
1.255987460815046974e+00 2.970658629998234289e-03
1.257665130568356382e+00 2.862301063348763122e-03
1.259347288169597956e+00 2.809522118702357900e-03
1.261033951650706531e+00 2.752944818984838071e-03
1.262725139140347563e+00 2.665085519317483744e-03
1.264420868864567282e+00 2.634869364194640344e-03
1.266121159147448383e+00 2.508134742675578559e-03
1.267826028411768391e+00 2.469473351587666340e-03
1.269535495179667128e+00 2.275006806636122036e-03
1.271249578073313957e+00 2.192591887903114559e-03
1.272968295815588569e+00 2.013198560380235601e-03
1.274691667230758885e+00 1.970877648690578035e-03
1.276419711245170507e+00 1.882862168499872813e-03
1.278152446887938609e+00 1.842829632768079292e-03
1.279889893291646930e+00 1.782759113817277514e-03
1.281632069693051212e+00 1.671954355897445647e-03
1.283378995433789971e+00 1.615169987295156069e-03
1.285130689961100359e+00 1.461047894652408186e-03
1.286887172828538262e+00 1.422451351963892200e-03
1.288648463696708601e+00 1.251234669810519706e-03
1.290414582333995863e+00 1.211873287058915514e-03
1.292185548617306168e+00 1.061798243603459101e-03
1.293961382532811122e+00 1.030837203353814416e-03
1.295742104176701437e+00 9.423249304708096940e-04
1.297527733755942991e+00 8.977151126988034075e-04
1.299318291589042884e+00 8.478677827052723184e-04
1.301113798106819486e+00 7.528222373461504338e-04
1.302914273853179372e+00 7.262854172811669933e-04
1.304719739485900254e+00 6.022414367531538212e-04
1.306530215777423010e+00 6.028308620234183041e-04
1.308345723615646605e+00 4.780088196201280420e-04
1.310166284004731230e+00 4.827168993961147717e-04
1.311991918065909646e+00 3.790592801343050798e-04
1.313822647038303204e+00 3.699753531502991319e-04
1.315658492279745628e+00 3.102035882493120521e-04
1.317499475267613462e+00 2.728215801645163859e-04
1.319345617599663623e+00 2.538729503448958072e-04
1.321196940994878277e+00 1.806816198229480399e-04
1.323053467294316166e+00 1.916021475132638919e-04
1.324915218461971467e+00 1.046661022960320277e-04
1.326782216585640661e+00 1.324889641640611675e-04
1.328654483877796055e+00 5.900538569219130095e-05
1.330532042676464410e+00 7.764216330045582606e-05
1.332414915446119119e+00 3.663344412616252951e-05
1.334303124778573046e+00 2.821467379237590226e-05
1.336196693393883583e+00 2.288327597233148509e-05
1.338095644141263474e+00 2.122125486371869799e-06
1.340000000000000080e+00 3.026694855208995384e-05
