7.199999999999999734e-01 3.827047287965254619e-08
7.208610380291796682e-01 4.436645050936319620e-08
7.217241379310344040e-01 3.474761002348168157e-08
7.225893071205945484e-01 5.550820262501364216e-08
7.234565530484877716e-01 4.696904585862976768e-08
7.243258832011535420e-01 7.465094074055838318e-08
7.251973051010587312e-01 8.667282266845925187e-08
7.260708263069141077e-01 8.471109299497359054e-08
7.269464544138930506e-01 1.046611698951925052e-07
7.278241970538517069e-01 7.817422732594200900e-08
7.287040618955513693e-01 1.038399979882989427e-07
7.295860566448801876e-01 1.073247632903340063e-07
7.304701890450799873e-01 1.471820795720488586e-07
7.313564668769715338e-01 2.069393305710326119e-07
7.322448979591835716e-01 2.189216597706740524e-07
7.331354901483825293e-01 2.805925262711330803e-07
7.340282513395032238e-01 2.498363695378134879e-07
7.349231894659838948e-01 2.573663186985548134e-07
7.358203125000001288e-01 2.641528296862872546e-07
7.367196284527011141e-01 2.652596403276272605e-07
7.376211453744493385e-01 3.228356170287102679e-07
7.385248713550601751e-01 2.691922753807678699e-07
7.394308145240432451e-01 2.587437277582434263e-07
7.403389830508474434e-01 1.975759614480925648e-07
7.412493851451058546e-01 1.582032092788674605e-07
7.421620290568825551e-01 1.645391358382052776e-07
7.430769230769231903e-01 1.520018120743575745e-07
7.439940755369045533e-01 1.865692454711614647e-07
7.449134948096886033e-01 1.371518554363926578e-07
7.458351893095768181e-01 1.315861793670578221e-07
7.467591674925668777e-01 1.109808628646505132e-07
7.476854378566112347e-01 1.587924540696601642e-07
7.486140089418777954e-01 2.189151556505305464e-07
7.495448893310120431e-01 2.746976790269198083e-07
7.504780876494024922e-01 3.717195161658658202e-07
7.514136125654450327e-01 4.171053638948165325e-07
7.523514727908138244e-01 5.910526320396115558e-07
7.532916770807297491e-01 6.721818526426534486e-07
7.542342342342343020e-01 8.200101225864091295e-07
7.551791530944625963e-01 8.922282752235742196e-07
7.561264425489212515e-01 9.369655310140609520e-07
7.570761115297663935e-01 1.064877513437646064e-06
7.580281690140845408e-01 1.061530948495689135e-06
7.589826240241751565e-01 1.190764282642810893e-06
7.599394856278367527e-01 1.182520985515229499e-06
7.608987629386518847e-01 1.342230025371143375e-06
7.618604651162790287e-01 1.473008798982940509e-06
7.628246013667425718e-01 1.565891187639306183e-06
7.637911809427269105e-01 1.687557823749457871e-06
7.647602131438722139e-01 1.651175648425557117e-06
7.657317073170731847e-01 1.821077087616516974e-06
7.667056728567793744e-01 1.751736956201425822e-06
7.676821192052979415e-01 1.746677326442408335e-06
7.686610558530985182e-01 1.600355676180237920e-06
7.696424923391216311e-01 1.472513598334914575e-06
7.706264382510866762e-01 1.387827758939373065e-06
7.716129032258064457e-01 1.174864513344857063e-06
7.726018969495000999e-01 1.138875775175719438e-06
7.735934291581109123e-01 1.230083468909847687e-06
7.745875096376253488e-01 2.011117400148097481e-06
7.755841482243953644e-01 3.371206728803557141e-06
7.765833548054624780e-01 5.717375987232479120e-06
7.775851393188853988e-01 8.155077064317693136e-06
7.785895117540686527e-01 1.115953985831499462e-05
7.795964821520952048e-01 1.442305114640329403e-05
7.806060606060606366e-01 1.673685955565588359e-05
7.816182572614107649e-01 1.802819400519379075e-05
7.826330823162814809e-01 1.786128765423099847e-05
7.836505460218409214e-01 1.895299092100997810e-05
7.846706586826348584e-01 2.024370929642003568e-05
7.856934306569343107e-01 2.150083669577584222e-05
7.867188723570869291e-01 2.241839540588674493e-05
7.877469942498691591e-01 2.291876251759158235e-05
7.887778068568437329e-01 2.507870294028162849e-05
7.898113207547170500e-01 2.779940940289160909e-05
7.908475465757018874e-01 3.047465803106503150e-05
7.918864950078823295e-01 3.109724903913624767e-05
7.929281767955800309e-01 3.169455681921950173e-05
7.939726027397260300e-01 3.254636411111450588e-05
7.950197836982327848e-01 3.352210049162287819e-05
7.960697305863708717e-01 3.277939357263039740e-05
7.971224543771487925e-01 2.980140350860142499e-05
7.981779661016947802e-01 2.866682751019014171e-05
7.992362768496419356e-01 2.765996948955598485e-05
8.002973977695168051e-01 2.805955732209844113e-05
8.013613400691305122e-01 2.716291464814092277e-05
8.024281150159743303e-01 2.544202448423900557e-05
8.034977339376165872e-01 2.521556693201411955e-05
8.045702082221035667e-01 2.607115594749598005e-05
8.056455493183640737e-01 2.786210076974187397e-05
8.067237687366167753e-01 2.815068458869751140e-05
8.078048780487804281e-01 2.756050563188780023e-05
8.088888888888888795e-01 2.636810645596167655e-05
8.099758129535069573e-01 2.729811890333012607e-05
8.110656620021529095e-01 2.688844648338181205e-05
8.121584478577204003e-01 2.490820581268113999e-05
8.132541824069077219e-01 2.229842429493374717e-05
8.143528776006484504e-01 1.964556889151857847e-05
8.154545454545455430e-01 1.933231362547921159e-05
8.165591980493092095e-01 1.827155324750648761e-05
8.176668475311991147e-01 1.692970761090701321e-05
8.187775061124693554e-01 1.496772650609078677e-05
8.198911860718171019e-01 1.404396321278731256e-05
8.210078997548351243e-01 1.356477548142869652e-05
8.221276595744680948e-01 1.389820896255413518e-05
8.232504780114722198e-01 1.328440976658590739e-05
8.243763676148796460e-01 1.161565739771665505e-05
8.255053410024650873e-01 1.091438949376879332e-05
8.266374108612177807e-01 9.716384074953752625e-06
8.277725899478166616e-01 9.328798749113006858e-06
8.289108910891089810e-01 7.640172498245940361e-06
8.300523271825943628e-01 6.039259054653207084e-06
8.311969111969110813e-01 4.632621182969654823e-06
8.323446561723280013e-01 3.819734392324397806e-06
8.334955752212389601e-01 3.053830897614966296e-06
8.346496815286623683e-01 2.170361785568136527e-06
8.358069883527454724e-01 1.583624809410287794e-06
8.369675090252706173e-01 8.153857930713642033e-07
8.381312569521691680e-01 6.344159190989527764e-07
8.392982456140352099e-01 2.779107667893432846e-07
8.404684885666481309e-01 1.014874066153173587e-06
8.416419994414967576e-01 5.733599443220716280e-07
8.428187919463087097e-01 1.627675019788630460e-07
8.439988798655838620e-01 1.415403460303172031e-06
8.451822770611329139e-01 2.374138332492445461e-06
8.463689974726199550e-01 3.668264986349877369e-07
8.475590551181102494e-01 4.659477350873574116e-06
8.487524640946212395e-01 1.143731365327483174e-05
8.499492385786803217e-01 1.614362316901896209e-05
8.511493928268850651e-01 2.596352311788751731e-05
8.523529411764705355e-01 1.962174128273615987e-05
8.535598980458792839e-01 2.963491493529118989e-05
8.547702779353374414e-01 6.362475786181407550e-05
8.559840954274353653e-01 6.027247132040990753e-05
8.572013651877133933e-01 7.587853152806547940e-05
8.584221019652520379e-01 1.448293865946478876e-04
8.596463205932686202e-01 1.428704912192830427e-04
8.608740359897171235e-01 7.943731545952221139e-05
8.621052631578948189e-01 9.180129498721188730e-05
8.633400171870524442e-01 1.306769941394317260e-04
8.645783132530120429e-01 1.257771148866831056e-04
8.658201666187876899e-01 1.469287821406722969e-04
8.670655926352128784e-01 2.129939226077512903e-04
8.683146067415729030e-01 2.093292048693199011e-04
8.695672244662433492e-01 1.433638259301685529e-04
8.708234614273331342e-01 1.600312783250938881e-04
8.720833333333333215e-01 2.234793058428408597e-04
8.733468559837727074e-01 2.051005154471695368e-04
8.746140452698781820e-01 1.255976989573670251e-04
8.758849171752397522e-01 1.914684106463009571e-04
8.771594877764842257e-01 3.089078911135067986e-04
8.784377732439522246e-01 2.955373097234481280e-04
8.797197898423817497e-01 2.992727851829622178e-04
8.810055539315988504e-01 3.036864019698143195e-04
8.822950819672129574e-01 2.836114874360460268e-04
8.835883905013192097e-01 2.876350538371342472e-04
8.848854961832061106e-01 2.964305102334513346e-04
8.861864157600704006e-01 2.915823516267725406e-04
8.874911660777383693e-01 2.794150974365848224e-04
8.887997640813919409e-01 3.213604119755478867e-04
8.901122268163024209e-01 3.516162315251210313e-04
8.914285714285713480e-01 3.026906770602622292e-04
8.927488151658767856e-01 2.467709466495339866e-04
8.940729753782259426e-01 2.081913562911714922e-04
8.954010695187166746e-01 1.591858054155622618e-04
8.967331151443023174e-01 1.302808560874889365e-04
8.980691299165671770e-01 1.653721333732028102e-04
8.994091316025066840e-01 2.451232068540861917e-04
9.007531380753136530e-01 2.779603809115729018e-04
9.021011673151752008e-01 2.477247580341731940e-04
9.034532374100718854e-01 2.165746239643971899e-04
9.048093665565896115e-01 2.295899015738923790e-04
9.061695730607336463e-01 2.406627122475711372e-04
9.075338753387532931e-01 1.771973993650792869e-04
9.089022919179734483e-01 1.400777684338435009e-04
9.102748414376320429e-01 2.372424049108232710e-04
9.116515426497278085e-01 4.684745893709331074e-04
9.130324144198727065e-01 6.716877187484022885e-04
9.144174757281552379e-01 6.208961099275650021e-04
9.158067456700091924e-01 4.672894143593982110e-04
9.172002434570906138e-01 4.088873267713717652e-04
9.185979884181650901e-01 4.422047745216670404e-04
9.199999999999999289e-01 4.566956022533412906e-04
9.214062977682664357e-01 3.346712641562435181e-04
9.228169014084508515e-01 1.926041284163196256e-04
9.242318307267710642e-01 2.405290833714637995e-04
9.256511056511056434e-01 5.091613470176605373e-04
9.270747462319286480e-01 6.715924530737699518e-04
9.285027726432530937e-01 6.195224977641169885e-04
9.299352051835854116e-01 5.180223101675442447e-04
9.313720642768851254e-01 4.853313610269581989e-04
9.328133704735376286e-01 4.828488400551928569e-04
9.342591444513328458e-01 4.097593254457805589e-04
9.357094070164543309e-01 3.171255300547085368e-04
9.371641791044776904e-01 2.760597687015243031e-04
9.386234817813765563e-01 3.062510345275183286e-04
9.400873362445414383e-01 3.272770468107473398e-04
9.415557638238050142e-01 2.927870124192974433e-04
9.430287859824778574e-01 2.346573719576995447e-04
9.445064243183954877e-01 2.316458974394540449e-04
9.459887005649717517e-01 2.999031466277803028e-04
9.474756365922665236e-01 4.068985958075247290e-04
9.489672544080602901e-01 4.961262884209949320e-04
9.504635761589401710e-01 6.179479856782098268e-04
9.519646241313961532e-01 7.768265736563071278e-04
9.534704207529263176e-01 8.886368840365470312e-04
9.549809885931558329e-01 8.934841405306395874e-04
9.564963503649633880e-01 8.668934472141578322e-04
9.580165289256196148e-01 8.933412544157658770e-04
9.595415472779370569e-01 1.005968303323223189e-03
9.610714285714284655e-01 1.179834525546182792e-03
9.626061961034813041e-01 1.356858669080387731e-03
9.641458733205372500e-01 1.559023485802160528e-03
9.656904838192885698e-01 1.930733045132563067e-03
9.672400513478819351e-01 2.589952640252715828e-03
9.687945998071358922e-01 3.518076687296139461e-03
9.703541532517706569e-01 4.876402167724376222e-03
9.719187358916476782e-01 6.897850513496376137e-03
9.734883720930230799e-01 9.778479894564508917e-03
9.750630863798124270e-01 1.388099967743180660e-02
9.766429034348671490e-01 2.010764012085805921e-02
9.782278481012657290e-01 2.857548421049322177e-02
9.798179453836149966e-01 3.892179655529515170e-02
9.814132204493648537e-01 5.129703172649121429e-02
9.830136986301366564e-01 6.549421767556745655e-02
9.846194054230644754e-01 8.098534400239089381e-02
9.862303664921464597e-01 1.001788335133982494e-01
9.878466076696165166e-01 1.224497725269668436e-01
9.894681549573209889e-01 1.398584414361819794e-01
9.910950345281158702e-01 1.495969435828665983e-01
9.927272727272726804e-01 1.545784951397879692e-01
9.943648960739028819e-01 1.540994747536342524e-01
9.960079312623925096e-01 1.490416245732475720e-01
9.976564051638528996e-01 1.422667938764962114e-01
9.993103448275862943e-01 1.282137351046846174e-01
1.000969777482563883e+00 1.056928404962469842e-01
1.002634730538922048e+00 8.361511711551805615e-02
1.004305231589470049e+00 6.572101587308014359e-02
1.005981308411214803e+00 5.071013086261916269e-02
1.007662988966900652e+00 3.900786416727827777e-02
1.009350301406563899e+00 3.006999993985057934e-02
1.011043274069104436e+00 2.221495904791422754e-02
1.012741935483870703e+00 1.626373960740783511e-02
1.014446314372265068e+00 1.269920078665173063e-02
1.016156439649359422e+00 1.052112167778258833e-02
1.017872340425531874e+00 8.864358071144143661e-03
1.019594046008118982e+00 7.633222590745667932e-03
1.021321585903083529e+00 6.485414758190147060e-03
1.023054989816700289e+00 5.365346762879848706e-03
1.024794287657259551e+00 4.618051218179775215e-03
1.026539509536784633e+00 4.273836337291572751e-03
1.028290685772773827e+00 3.986809080646811290e-03
1.030047846889951879e+00 3.646011155963858798e-03
1.031811023622047019e+00 3.318870103856761105e-03
1.033580246913580414e+00 2.971169587139344155e-03
1.035355547921676278e+00 2.676820778407827672e-03
1.037136958017893962e+00 2.551758700052342375e-03
1.038924508790072254e+00 2.521940696067916272e-03
1.040718232044198777e+00 2.381218457635153347e-03
1.042518159806295364e+00 2.185280650462884458e-03
1.044324324324324316e+00 1.993699730336248328e-03
1.046136758070114636e+00 1.831639671693521907e-03
1.047955493741307142e+00 1.707386745725839126e-03
1.049780564263322669e+00 1.677882071249699614e-03
1.051612002791346923e+00 1.603285767369030598e-03
1.053449842712338214e+00 1.466952107356354158e-03
1.055294117647058716e+00 1.321820096450809388e-03
1.057144861452121942e+00 1.240981921398043742e-03
1.059002108222065974e+00 1.166340579295795229e-03
1.060865892291446677e+00 1.139574193677606257e-03
1.062736248236953340e+00 1.116106989634297426e-03
1.064613210879547855e+00 1.063532193927932152e-03
1.066496815286623878e+00 9.634231210290394734e-04
1.068387096774193301e+00 9.042775742117925781e-04
1.070284090909090935e+00 8.672006864073717423e-04
1.072187833511205834e+00 8.413246930911950699e-04
1.074098360655737716e+00 8.113192495090666354e-04
1.076015708675472693e+00 7.736612922585129953e-04
1.077939914163089874e+00 7.032634326878485281e-04
1.079871013973486171e+00 6.311468161579444685e-04
1.081809045226130417e+00 5.932037358240366222e-04
1.083754045307443237e+00 5.656279518730210213e-04
1.085706051873198685e+00 5.381183001624149703e-04
1.087665102850956522e+00 4.975577155256578551e-04
1.089631236442516027e+00 4.621138573155257525e-04
1.091604491126403342e+00 4.086413664347063692e-04
1.093584905660377249e+00 3.783960249213963543e-04
1.095572519083969132e+00 3.528115754684825662e-04
1.097567370721048707e+00 3.441146960776081160e-04
1.099569500182415061e+00 3.101704153523351199e-04
1.101578947368420991e+00 2.878956921878268933e-04
1.103595752471622005e+00 2.491039501881766520e-04
1.105619955979456837e+00 2.267141183501761336e-04
1.107651598676957061e+00 1.953968721690126000e-04
1.109690721649484679e+00 1.858382839019600381e-04
1.111737366285503459e+00 1.588391072379000124e-04
1.113791574279379137e+00 1.418206497757861764e-04
1.115853387634209382e+00 1.135488714091308527e-04
1.117922848664688384e+00 1.023862302031406941e-04
1.119999999999999885e+00 8.314941039128197870e-05
