6.799999999999999378e-01 4.287974793645547621e-11
6.808433585514077624e-01 1.800388784902157344e-10
6.816888116229976591e-01 7.291951687954627036e-12
6.825363670272286409e-01 1.299094705982157635e-10
6.833860326154612697e-01 1.121366212805905862e-11
6.842378162782001283e-01 1.843023403871398681e-10
6.850917259453389585e-01 -2.726301591495764321e-13
6.859477695864051316e-01 1.892415645287035088e-10
6.868059552108094490e-01 1.608095037326230423e-13
6.876662908680947206e-01 3.075532988795692867e-10
6.885287846481876750e-01 7.080310752938419961e-11
6.893934446816525341e-01 6.830543690338550722e-10
6.902602791399471416e-01 4.431465291679186682e-10
6.911292962356792025e-01 9.321372488746753716e-10
6.920005042228666303e-01 1.067376657637354932e-09
6.928739113971981167e-01 1.276993269328401556e-09
6.937495260962972532e-01 2.254706415884925075e-09
6.946273566999874305e-01 2.229202165257411723e-09
6.955074116305588472e-01 4.607352543016974567e-09
6.963896993530382939e-01 3.917087979492713149e-09
6.972742283754604919e-01 7.131640532774016025e-09
6.981610072491415409e-01 6.369292501860548820e-09
6.990500445689544762e-01 1.166646197184139890e-08
6.999413489736070471e-01 1.294259813692893227e-08
7.008349291459211594e-01 1.855611371400856080e-08
7.017307938131152056e-01 2.018276629935014648e-08
7.026289517470881707e-01 2.269439674852027431e-08
7.035294117647058476e-01 2.739371454783055455e-08
7.044321827280894954e-01 3.132392852453171046e-08
7.053372735449056075e-01 4.493855081927044822e-08
7.062446931686607865e-01 5.621351862235541471e-08
7.071544505989952878e-01 8.534427727905844427e-08
7.080665548819812249e-01 9.831565137232157363e-08
7.089810151104224412e-01 1.239990609392873059e-07
7.098978404241562679e-01 1.266217583547470361e-07
7.108170400103586140e-01 1.515901693132576659e-07
7.117386231038506095e-01 1.673029519494189616e-07
7.126625989874074696e-01 2.059933607933795172e-07
7.135889769920708003e-01 2.424593915010597224e-07
7.145177664974621257e-01 2.840153113421391686e-07
7.154489769320995229e-01 3.268275681232355527e-07
7.163826177737179224e-01 3.657397306751562158e-07
7.173186985495884072e-01 4.444685409760586241e-07
7.182572288368441749e-01 5.155331024099722985e-07
7.191982182628062770e-01 6.354627852077522920e-07
7.201416765053128000e-01 7.225398948007142701e-07
7.210876132930513771e-01 8.700985106010042180e-07
7.220360384058924774e-01 9.471567652824009800e-07
7.229869616752271355e-01 1.062247980046362299e-06
7.239403929843070129e-01 1.119041046207432681e-06
7.248963422685859026e-01 1.192780667221984361e-06
7.258548195160651195e-01 1.190758386722715535e-06
7.268158347676419995e-01 1.179750462327041956e-06
7.277793981174600635e-01 1.170385713977705355e-06
7.287455197132616247e-01 1.118993080579650367e-06
7.297142097567459462e-01 1.056150619231040584e-06
7.306854785039266220e-01 9.370496299773200818e-07
7.316593362654938426e-01 8.725431645040227128e-07
7.326357934071801026e-01 7.339053175954894585e-07
7.336148603501269072e-01 6.119587823126923875e-07
7.345965475712564752e-01 4.395588154884047985e-07
7.355808656036447735e-01 3.395993240390075412e-07
7.365678250368979940e-01 2.328930189691158114e-07
7.375574365175333602e-01 1.964434778498386023e-07
7.385497107493609326e-01 1.708795879436874959e-07
7.395446584938705215e-01 2.082478780599619724e-07
7.405422905706192660e-01 2.334984042526231301e-07
7.415426178576253191e-01 3.022629945878306112e-07
7.425456512917625318e-01 3.462294867430192458e-07
7.435514018691590232e-01 4.531915622461034097e-07
7.445598806455988594e-01 5.109611443760931485e-07
7.455710987369279508e-01 5.843386953008188089e-07
7.465850673194615039e-01 5.813315225171361073e-07
7.476017976303962476e-01 5.906814689898203855e-07
7.486213009682258779e-01 5.110159639047012262e-07
7.496435886931586134e-01 4.036267890514075089e-07
7.506686722275399681e-01 2.818263729823745695e-07
7.516965630562782996e-01 1.836005364521371231e-07
7.527272727272726893e-01 1.046864346043938359e-07
7.537608128518467066e-01 5.367645511189023972e-08
7.547971951051836159e-01 2.972290991820916384e-08
7.558364312267659146e-01 3.646598174636285747e-08
7.568785330208189777e-01 5.193665221380859789e-08
7.579235123567583665e-01 1.026384027679311060e-07
7.589713811696391366e-01 1.434967186569361625e-07
7.600221514606120277e-01 2.397632130079329195e-07
7.610758352973798768e-01 3.211100471466941486e-07
7.621324448146606922e-01 4.581343256975864832e-07
7.631919922146530588e-01 5.436682529351914043e-07
7.642544897675067617e-01 7.295137252139560609e-07
7.653199498117941868e-01 9.074622727788080802e-07
7.663883847549909367e-01 1.208929826206298438e-06
7.674598070739550026e-01 1.373774059538862356e-06
7.685342293154138194e-01 1.627145984785331043e-06
7.696116640964530964e-01 1.912639036710465246e-06
7.706921241050119775e-01 2.232307993692380277e-06
7.717756221003796435e-01 2.355552993385531702e-06
7.728621709136983542e-01 2.691993317124341070e-06
7.739517834484703762e-01 3.067835298847245146e-06
7.750444726810673535e-01 3.609553269269346655e-06
7.761402516612468938e-01 3.834553025126011242e-06
7.772391335126717093e-01 4.009481898310356773e-06
7.783411314334326425e-01 4.112900055940463994e-06
7.794462586965781314e-01 4.235342787487555782e-06
7.805545286506470060e-01 4.081649925443485874e-06
7.816659547202051694e-01 3.884758780138165084e-06
7.827805504063881648e-01 3.754950056878515608e-06
7.838983292874482922e-01 3.841700265555045025e-06
7.850193050193050581e-01 3.782560192964469426e-06
7.861434913361020627e-01 3.702939885138053132e-06
7.872709020507673294e-01 3.558632655417197700e-06
7.884015510555796302e-01 3.622460486477485670e-06
7.895354523227383625e-01 3.628030765434520211e-06
7.906726199049403103e-01 3.471997237027127921e-06
7.918130679359585145e-01 3.129004424177190803e-06
7.929568106312291365e-01 2.841687023342949113e-06
7.941038622884419862e-01 2.517269040725031774e-06
7.952542372881357124e-01 2.156555886992603276e-06
7.964079500942986556e-01 1.706260191691659138e-06
7.975650152549760286e-01 1.415569737567383605e-06
7.987254474028808726e-01 1.145780917876765522e-06
7.998892612560104531e-01 9.878971004666107180e-07
8.010564716182694278e-01 7.725951872354491468e-07
8.022270933800964565e-01 7.183683227555611654e-07
8.034011415190986938e-01 7.425860341022805459e-07
8.045786311006888347e-01 1.012504049419278785e-06
8.057595772787318200e-01 1.236318690503652098e-06
8.069439952961927620e-01 2.069682518246770519e-06
8.081319004857941968e-01 2.954462681862896483e-06
8.093233082706767778e-01 2.921906473619902340e-06
8.105182341650672972e-01 2.372142554456403492e-06
8.117166937749520361e-01 2.721236418807856889e-06
8.129187027987561098e-01 3.872942897177812416e-06
8.141242770280290308e-01 4.882891816377964141e-06
8.153334323481360446e-01 3.813617110533225687e-06
8.165461847389557937e-01 2.844425396808572187e-06
8.177625502755847542e-01 2.091285693453665210e-06
8.189825451290467795e-01 2.731513610861842099e-06
8.202061855670103041e-01 4.603596443528474203e-06
8.214334879545114321e-01 6.273839257589366762e-06
8.226644687546831314e-01 5.459287283029177858e-06
8.238991445294913119e-01 3.850027956556223417e-06
8.251375319404782305e-01 3.115319466889095486e-06
8.263796477495107817e-01 4.520496431564109156e-06
8.276255088195386689e-01 9.787225119917681670e-06
8.288751321153555729e-01 1.774111225294593022e-05
8.301285347043702023e-01 2.249079187808515504e-05
8.313857337573830053e-01 1.698600829103477259e-05
8.326467465493706532e-01 8.563965314619645090e-06
8.339115904602765195e-01 1.692433002351125814e-06
8.351802829758101510e-01 1.256025075894960540e-06
8.364528416882522910e-01 8.924319183090752874e-06
8.377292842972684506e-01 2.175575807979171090e-05
8.390096286107290302e-01 2.777312321948071042e-05
8.402938925455381014e-01 1.521557042462966812e-05
8.415820941284685164e-01 3.587898021730140185e-06
8.428742514970060107e-01 1.851112167300057921e-05
8.441703829001998560e-01 5.243945812574089252e-05
8.454705066995226170e-01 9.019825167277190287e-05
8.467746413697362362e-01 1.142166423137936705e-04
8.480828054997683330e-01 1.266602042747298729e-04
8.493950177935942758e-01 9.531287009324002286e-05
8.507112970711298017e-01 1.339650287951073260e-04
8.520316622691291863e-01 4.042798055284880116e-05
8.533561324420955163e-01 1.884311998226107952e-04
8.546847267631948464e-01 4.491662233135156578e-04
8.560174645251833470e-01 3.698980478480367999e-04
8.573543651413398914e-01 2.429890862423862935e-04
8.586954481464101896e-01 3.855775177006209907e-04
8.600407331975560288e-01 4.524869301588974871e-04
8.613902400753177258e-01 3.518398071369600280e-04
8.627439886845827965e-01 3.480509994189978401e-04
8.641019990555645069e-01 4.296194167603802289e-04
8.654642913447895269e-01 5.066832374813146295e-04
8.668308858360965763e-01 4.953718881854153903e-04
8.682018029416416205e-01 4.399162475488747849e-04
8.695770632029146130e-01 4.443168674013757619e-04
8.709566872917657854e-01 4.917836713053663072e-04
8.723406960114413744e-01 4.927060179930773873e-04
8.737291102976285639e-01 4.414179164018128786e-04
8.751219512195121952e-01 4.039143260300733906e-04
8.765192399808399148e-01 4.110001667018535628e-04
8.779209979209978698e-01 4.391621874315945989e-04
8.793272465160980600e-01 4.311211100786341093e-04
8.807380073800739062e-01 4.189636670792087187e-04
8.821533022657881418e-01 4.218605436523924484e-04
8.835731530661516953e-01 4.395549738337226325e-04
8.849975818152506779e-01 4.496088864678370110e-04
8.864266106894881370e-01 4.561183036604978284e-04
8.878602620087336916e-01 4.518060683644975115e-04
8.892985582374858256e-01 4.599448194100263219e-04
8.907415219860458366e-01 4.729461883360325551e-04
8.921891760117015568e-01 4.847666313157228163e-04
8.936415432199252828e-01 4.675774447679818292e-04
8.950986466655795892e-01 4.139257115211974754e-04
8.965605095541401282e-01 3.619937503135886190e-04
8.980271552429249793e-01 3.343786058914305901e-04
8.994986072423399870e-01 3.110030189184647396e-04
9.009748892171343115e-01 3.081104984447488029e-04
9.024560249876705242e-01 3.561132363063531986e-04
9.039420385312035844e-01 4.469801063143431048e-04
9.054329539831765805e-01 5.546054345134298008e-04
9.069287956385263527e-01 6.248669601721030305e-04
9.084295879530035478e-01 6.295144242721243408e-04
9.099353555445052200e-01 5.898027549612631579e-04
9.114461231944214203e-01 5.347710265010606435e-04
9.129619158489937769e-01 4.656722995476203063e-04
9.144827586206896175e-01 4.160442987491424116e-04
9.160086767895879722e-01 4.342309018869212325e-04
9.175396958047803420e-01 5.627977714527307700e-04
9.190758412857860105e-01 7.661488939821915756e-04
9.206171390239813457e-01 9.404100231880889579e-04
9.221636149840415353e-01 1.042229296829294202e-03
9.237152953054013071e-01 1.201359473778150326e-03
9.252722063037249756e-01 1.497917603486363181e-03
9.268343744723959166e-01 1.890062490607532543e-03
9.284018264840182555e-01 2.396053610027019335e-03
9.299745891919364293e-01 3.205962954241058701e-03
9.315526896317665173e-01 4.622225880433448141e-03
9.331361550229474444e-01 6.659605461351533230e-03
9.347250127703048417e-01 9.089982881572299458e-03
9.363192904656320037e-01 1.218894270711202467e-02
9.379190158892876106e-01 1.654897617772410623e-02
9.395242170118091041e-01 2.156832693519401822e-02
9.411349219955426060e-01 2.674628672361021101e-02
9.427511591962904891e-01 3.222284515900754320e-02
9.443729571649750465e-01 3.548254556317809172e-02
9.460003446493194801e-01 3.472722728246630669e-02
9.476333505955463199e-01 3.203427272668302184e-02
9.492720041500951611e-01 2.739806603677498800e-02
9.509163346613547230e-01 2.038203864198779441e-02
9.525663716814160020e-01 1.288340622850499620e-02
9.542221449678428558e-01 6.663120302242204161e-03
9.558836844854605719e-01 2.900731588492932046e-03
9.575510204081630894e-01 1.249463203486774225e-03
9.592241831207409808e-01 6.328161354236488782e-04
9.609032032207247553e-01 3.871314277397042559e-04
9.625881115202523652e-01 2.694558652537093805e-04
9.642789390479536982e-01 2.107179029643906727e-04
9.659757170508536106e-01 1.922852680716361439e-04
9.676784769962982757e-01 2.029380400960515611e-04
9.693872505739007384e-01 2.351558609075176320e-04
9.711020696975058986e-01 2.808317543118425837e-04
9.728229665071769228e-01 3.377462078785781088e-04
9.745499733712055246e-01 4.071088310370519375e-04
9.762831228881380108e-01 5.050508541817010089e-04
9.780224478888295270e-01 6.273829974027068717e-04
9.797679814385150676e-01 7.450701821238974723e-04
9.815197568389057992e-01 8.453959139027591128e-04
9.832778076303062553e-01 9.323804648813050150e-04
9.850421675937557353e-01 1.014017728682712997e-03
9.868128707531909072e-01 1.102078599345848817e-03
9.885899513776336134e-01 1.160492799421054691e-03
9.903734439834024350e-01 1.149905085114770594e-03
9.921633833363455723e-01 1.108417678684186754e-03
9.939598044541009259e-01 1.062201505629668374e-03
9.957627426083801581e-01 1.020867327067627710e-03
9.975722333272760700e-01 9.806921062154509532e-04
9.993883123975969562e-01 9.210689283024378875e-04
1.001211015867225829e+00 8.366910848290340721e-04
1.003040380047506064e+00 7.666947054779736214e-04
1.004876441515650587e+00 7.168740694857898919e-04
1.006719237117183141e+00 6.781770087907312405e-04
1.008568803968399763e+00 6.408790380283928409e-04
1.010425179458862566e+00 5.937175451549412709e-04
1.012288401253918391e+00 5.395004343476336468e-04
1.014158507297247436e+00 4.988636135710442301e-04
1.016035535813436974e+00 4.716382800341439581e-04
1.017919525310587714e+00 4.444477473407452191e-04
1.019810514582946581e+00 4.145165588629642342e-04
1.021708542713568146e+00 3.797884674278465271e-04
1.023613649077009136e+00 3.473418684263168948e-04
1.025525873342051364e+00 3.254894850393410350e-04
1.027445255474452646e+00 3.125610425146390444e-04
1.029371835739733676e+00 2.971557981391655004e-04
1.031305654705993113e+00 2.795149510746853909e-04
1.033246753246753302e+00 2.611186679693467891e-04
1.035195172543843078e+00 2.453999523613262885e-04
1.037150954090308108e+00 2.357992785598328575e-04
1.039114139693356309e+00 2.293179890299092269e-04
1.041084771477337467e+00 2.186173198287831923e-04
1.043062891886756605e+00 2.042772935307434899e-04
1.045048543689320431e+00 1.909493910510799632e-04
1.047041769979019543e+00 1.794685851853311650e-04
1.049042614179247268e+00 1.714589204404680226e-04
1.051051120045950693e+00 1.639205809479577522e-04
1.053067331670822782e+00 1.535005934011194923e-04
1.055091293484528236e+00 1.415834040521246064e-04
1.057123050259965336e+00 1.322391897998075494e-04
1.059162647115570177e+00 1.250092379664656062e-04
1.061210129518654677e+00 1.193819890313547132e-04
1.063265543288785864e+00 1.136901178873789942e-04
1.065328934601203148e+00 1.060474257766186432e-04
1.067400349990278219e+00 9.767621258532728956e-05
1.069479836353009805e+00 9.111609101421698248e-05
1.071567440952567063e+00 8.581500275146727115e-05
1.073663211421865826e+00 8.051443907521917132e-05
1.075767195767195927e+00 7.452731603238531971e-05
1.077879442371883156e+00 6.754298795214500419e-05
1.080000000000000071e+00 6.052245985752145453e-05
