1.320000000000000062e+00 1.280878655561528833e-04
1.321027477232038949e+00 1.875222925512361096e-04
1.322056555269923050e+00 2.188955335516421148e-04
1.323087237857644149e+00 2.012617080340751324e-04
1.324119528750877794e+00 1.522892411495837324e-04
1.325153431717029928e+00 1.024908999191593363e-04
1.326188950535281963e+00 7.053465649634808703e-05
1.327226088996637188e+00 6.197235487707763004e-05
1.328264850903968508e+00 7.743932351310894955e-05
1.329305240072060856e+00 1.137439134566312022e-04
1.330347260327663594e+00 1.584523053903573507e-04
1.331390915509531592e+00 1.901536476025398519e-04
1.332436209468477628e+00 1.902856204157665570e-04
1.333483146067415914e+00 1.582781899712145724e-04
1.334531729181410942e+00 1.135660486960296338e-04
1.335581962697725888e+00 7.777783093382228897e-05
1.336633850515869693e+00 5.781182346727839418e-05
1.337687396547647234e+00 5.238644518215444226e-05
1.338742604717204632e+00 6.485197100528909307e-05
1.339799478961080093e+00 9.626021347499438526e-05
1.340858023228253426e+00 1.351915599031747412e-04
1.341918241480192675e+00 1.653595773400611077e-04
1.342980137690907849e+00 1.750637650687226631e-04
1.344043715846994669e+00 1.593143261875279697e-04
1.345108979947689631e+00 1.256533807273391796e-04
1.346175934004917973e+00 9.199756465108876449e-05
1.347244582043343630e+00 6.853011165111175978e-05
1.348314928100420973e+00 5.359102996136233234e-05
1.349386976226444990e+00 4.891562197131454811e-05
1.350460730484602356e+00 5.940189381993159153e-05
1.351536194951023395e+00 8.135836789855237770e-05
1.352613373714832479e+00 1.073882476743035473e-04
1.353692270878200654e+00 1.312245117552676005e-04
1.354772890556398490e+00 1.410727207839336853e-04
1.355855236877846259e+00 1.295288858435612487e-04
1.356939313984169004e+00 1.080688116986733998e-04
1.358025126030247387e+00 9.043124024202337983e-05
1.359112677184271867e+00 7.643785475634521189e-05
1.360201971627795103e+00 6.766663431188190856e-05
1.361293013555787690e+00 7.293389034638822412e-05
1.362385807176687891e+00 9.192659532687437289e-05
1.363480356712460928e+00 1.206601658918529619e-04
1.364576666398649163e+00 1.619171244865890346e-04
1.365674740484429162e+00 2.064091079037501527e-04
1.366774583232665208e+00 2.309952712027299037e-04
1.367876198919964814e+00 2.304802452957111815e-04
1.368979591836734899e+00 2.177750541689886250e-04
1.370084766287236633e+00 1.978838841244647093e-04
1.371191726589642279e+00 1.769427637450010811e-04
1.372300477076089820e+00 1.732343524095187508e-04
1.373411022092740907e+00 1.932162052326597121e-04
1.374523365999838154e+00 2.318290202041596809e-04
1.375637513171759974e+00 2.980498355456338128e-04
1.376753467997079428e+00 3.943357456196966795e-04
1.377871234878623063e+00 4.905366377233495723e-04
1.378990818233525983e+00 5.582702996659582055e-04
1.380112222493291130e+00 5.939782197291535977e-04
1.381235452103849681e+00 5.934717798113038926e-04
1.382360511525617230e+00 5.601038888401660204e-04
1.383487405233553291e+00 5.288411325687902018e-04
1.384616137717223028e+00 5.280741979141902577e-04
1.385746713480852321e+00 5.547326153247221113e-04
1.386879137043393051e+00 6.185159438712488833e-04
1.388013412938578828e+00 7.418643591145149914e-04
1.389149545714987388e+00 9.076553283915923982e-04
1.390287539936102545e+00 1.079267748680713852e-03
1.391427400180372365e+00 1.240846242089508472e-03
1.392569131041273556e+00 1.359693267667482939e-03
1.393712737127371426e+00 1.386908212931949698e-03
1.394858223062382052e+00 1.336001172797023507e-03
1.396005593485235119e+00 1.268561381672819515e-03
1.397154853050135870e+00 1.210267778935179925e-03
1.398306006426629278e+00 1.175930646060696855e-03
1.399459058299661995e+00 1.214533323073853322e-03
1.400614013369646083e+00 1.345151171746286839e-03
1.401770876352523620e+00 1.538381562265507714e-03
1.402929651979829551e+00 1.787989583027057433e-03
1.404090344998759177e+00 2.082433567736847839e-03
1.405252960172228338e+00 2.339461214920699871e-03
1.406417502278942688e+00 2.491011103790438056e-03
1.407583976113461199e+00 2.554671711298702776e-03
1.408752386486262331e+00 2.551961648885993708e-03
1.409922738223810201e+00 2.491379522570883864e-03
1.411095036168620531e+00 2.445998079622380313e-03
1.412269285179329259e+00 2.493619923602863331e-03
1.413445490130757154e+00 2.628157499433733408e-03
1.414623655913978650e+00 2.846010721911476724e-03
1.415803787436389349e+00 3.185622579260593851e-03
1.416985889621775074e+00 3.607544972955763554e-03
1.418169967410378929e+00 4.006660033250100152e-03
1.419356025758969686e+00 4.338920120601517938e-03
1.420544069640914175e+00 4.575418500202550753e-03
1.421734104046242786e+00 4.648487406453452250e-03
1.422926133981722296e+00 4.587117838360821667e-03
1.424120164470924266e+00 4.528828011731718395e-03
1.425316200554295865e+00 4.538312025089274483e-03
1.426514247289232706e+00 4.622338669090036122e-03
1.427714309750147237e+00 4.858951653006967318e-03
1.428916393028542675e+00 5.289421288696275966e-03
1.430120502233083402e+00 5.828114227602892820e-03
1.431326642489668677e+00 6.419009515563752107e-03
1.432534818941504362e+00 7.052074564152683959e-03
1.433745036749176416e+00 7.605827538646457199e-03
1.434957301090724613e+00 7.955839793384952494e-03
1.436171617161716041e+00 8.154757112295175220e-03
1.437387990175319707e+00 8.282406422291463052e-03
1.438606425362380481e+00 8.341552260584021716e-03
1.439826927971493920e+00 8.432338032193125929e-03
1.441049503269083987e+00 8.714788690230105064e-03
1.442274156539474772e+00 9.186979501784667268e-03
1.443500893084970649e+00 9.797304873108378734e-03
1.444729718225929993e+00 1.059919260971698904e-02
1.445960637300843787e+00 1.154318877110117013e-02
1.447193655666411116e+00 1.242686791641188331e-02
1.448428778697618879e+00 1.318214102455524811e-02
1.449666011787819286e+00 1.385582481700300267e-02
1.450905360348807349e+00 1.439158782130958540e-02
1.452146829810901041e+00 1.480524224380766474e-02
1.453390425623019677e+00 1.531690964380249230e-02
1.454636153252764075e+00 1.603874368710836093e-02
1.455884018186497375e+00 1.691720717496584397e-02
1.457134025929423871e+00 1.803545130723693823e-02
1.458386182005671605e+00 1.948685947863833257e-02
1.459640491958372976e+00 2.109889440585355214e-02
1.460896961349746448e+00 2.270802584892128717e-02
1.462155595761178928e+00 2.434449161699358752e-02
1.463416400793308370e+00 2.590786614683081995e-02
1.464679382066108593e+00 2.722227990355506957e-02
1.465944545218968775e+00 2.844409282938938771e-02
1.467211895910780717e+00 2.984046758879358233e-02
1.468481439820022771e+00 3.143409714853884901e-02
1.469753182644842671e+00 3.333500732458063304e-02
1.471027130103146563e+00 3.585597438496560679e-02
1.472303287932679838e+00 3.900691363069558326e-02
1.473581661891117722e+00 4.255204001287691412e-02
1.474862257756148765e+00 4.648809539963824622e-02
1.476145081325563657e+00 5.075852023464897528e-02
1.477430138417341388e+00 5.496473729415612269e-02
1.478717434869739389e+00 5.897505921826332737e-02
1.480006976541379693e+00 6.310898558238513256e-02
1.481298769311337971e+00 6.748494258211343300e-02
1.482592819079235014e+00 7.211888687565877476e-02
1.483889131765323333e+00 7.747274499670488146e-02
1.485187713310580193e+00 8.392869058694364670e-02
1.486488569676797766e+00 9.128617218386954335e-02
1.487791706846673057e+00 9.943404325081454942e-02
1.489097130823901161e+00 1.084851298993211172e-01
1.490404847633266305e+00 1.179730760199451806e-01
1.491714863320734885e+00 1.272084479167028270e-01
1.493027183953549830e+00 1.362588409760731312e-01
1.494341815620322311e+00 1.454370780911435623e-01
1.495658764431127441e+00 1.546924365758537423e-01
1.496978036517597310e+00 1.644441328091031385e-01
1.498299638033018688e+00 1.756497912018105678e-01
1.499623575152425614e+00 1.885252148652867554e-01
1.500949854072698653e+00 2.026692807374818051e-01
1.502278481012658373e+00 2.181057749316890060e-01
1.503609462213165715e+00 2.345839459566642915e-01
1.504942803937217244e+00 2.508900746238496016e-01
1.506278512470045294e+00 2.662643567752481788e-01
1.507616594119214781e+00 2.810224186969876858e-01
1.508957055214724230e+00 2.951446987023010893e-01
1.510299902109103698e+00 3.082550997910643020e-01
1.511645141177518470e+00 3.208646105910471502e-01
1.512992778817865869e+00 3.334537543165969065e-01
1.514342821450879173e+00 3.451202469082879642e-01
1.515695275520228869e+00 3.548665451054099362e-01
1.517050147492625678e+00 3.625934079971230295e-01
1.518407443857922701e+00 3.677497031361007251e-01
1.519767171129219996e+00 3.693413536465554037e-01
1.521129335842968500e+00 3.677280016123675721e-01
1.522493944559074386e+00 3.640067732081208041e-01
1.523861003861003871e+00 3.580917469072978365e-01
1.525230520355891350e+00 3.495255993092230007e-01
1.526602500674642648e+00 3.387141025974428898e-01
1.527976951472044709e+00 3.256336349686281828e-01
1.529353879426872176e+00 3.094025720317643557e-01
1.530733291241995087e+00 2.901685778959812168e-01
1.532115193644488560e+00 2.691718847539236736e-01
1.533499593385741377e+00 2.469130182395866957e-01
1.534886497241566783e+00 2.234867960018442345e-01
1.536275912012311062e+00 1.998709675453602674e-01
1.537667844522968341e+00 1.769591024826225323e-01
1.539062301623288276e+00 1.547129934233126558e-01
1.540459290187891517e+00 1.334498576869959097e-01
1.541858817116380953e+00 1.141720275252309513e-01
1.543260889333454511e+00 9.720111273885781444e-02
1.544665513789023503e+00 8.226921824364176461e-02
1.546072697458321876e+00 6.959238518201323054e-02
1.547482447342026113e+00 5.932723621318307383e-02
1.548894770466368698e+00 5.089479306168573358e-02
1.550309673883256023e+00 4.385281373666186089e-02
1.551727164670385184e+00 3.823735789748963082e-02
1.553147249931362772e+00 3.373842030266729908e-02
1.554569936795823004e+00 2.983818120531113449e-02
1.555995232419547181e+00 2.652407844282507823e-02
1.557423143984583147e+00 2.384239402763709340e-02
1.558853678699366530e+00 2.145648292845303562e-02
1.560286843798841749e+00 1.924667136104899964e-02
1.561722646544584592e+00 1.740536679163350378e-02
1.563161094224923886e+00 1.582193085891361525e-02
1.564602194155065851e+00 1.427763583474577457e-02
1.566045953677217106e+00 1.290527874027719811e-02
1.567492380160709686e+00 1.177748614269296529e-02
1.568941481002126714e+00 1.068200478912750308e-02
1.570393263625427860e+00 9.613383857500320401e-03
1.571847735482078345e+00 8.737730356660243849e-03
1.573304904051172848e+00 7.954244418821764667e-03
1.574764776839565839e+00 7.145243518919737816e-03
1.576227361382000813e+00 6.454101138867307692e-03
1.577692665241238412e+00 5.909265149679571172e-03
1.579160696008188314e+00 5.354257468364904439e-03
1.580631461302039797e+00 4.831266754566062270e-03
1.582104968770392750e+00 4.448571205962391362e-03
1.583581226089390892e+00 4.092544890751400634e-03
1.585060240963855893e+00 3.703127281290527397e-03
1.586542021127419044e+00 3.400570256095520986e-03
1.588026574342659369e+00 3.162121482120081647e-03
1.589513908401236186e+00 2.875395978766460449e-03
1.591004031124027440e+00 2.613992651935766968e-03
1.592496950361264929e+00 2.439147142723816723e-03
1.593992673992673970e+00 2.245837551787510742e-03
1.595491209927611287e+00 2.032180694588684496e-03
1.596992566105204014e+00 1.896873294749064224e-03
1.598496750494490026e+00 1.784847908143058579e-03
1.600003771094560268e+00 1.630473078960195926e-03
1.601513635934698643e+00 1.520028271672265070e-03
1.603026353074525678e+00 1.463822735622278409e-03
1.604541930604141298e+00 1.370010375094561812e-03
1.606060376644269816e+00 1.279318806857525880e-03
1.607581699346405157e+00 1.255243205604744021e-03
1.609105906892955185e+00 1.219169286580125281e-03
1.610633007497390246e+00 1.153760978533066627e-03
1.612163009404389058e+00 1.145593545844458263e-03
1.613695920889987923e+00 1.158337843970707942e-03
1.615231750261730381e+00 1.124267795736866998e-03
1.616770505858816875e+00 1.117451392971139995e-03
1.618312196052255292e+00 1.158875848627528024e-03
1.619856829245013063e+00 1.156532787115321752e-03
1.621404413872169714e+00 1.139827139062698363e-03
1.622954958401071179e+00 1.183081151682393315e-03
1.624508471331482573e+00 1.210082337657097072e-03
1.626064961195746061e+00 1.187394520142629308e-03
1.627624436558933629e+00 1.213277509659583435e-03
1.629186906019007619e+00 1.265788262028812172e-03
1.630752378206976161e+00 1.256125762227071688e-03
1.632320861787054378e+00 1.258872989772169462e-03
1.633892365456821150e+00 1.323847265000874067e-03
1.635466897947383647e+00 1.344454508419366421e-03
1.637044468023536092e+00 1.329230041390479190e-03
1.638625084483923855e+00 1.384457821965728083e-03
1.640208756161206205e+00 1.440638618673746726e-03
1.641795491922221517e+00 1.426045279982169961e-03
1.643385300668151805e+00 1.454799778175965615e-03
1.644978191334690365e+00 1.538596551987057555e-03
1.646574172892209198e+00 1.551333357811822715e-03
1.648173254345926209e+00 1.551292537080440790e-03
1.649775444736074848e+00 1.637772870734661686e-03
1.651380753138075308e+00 1.692115118058335138e-03
1.652989188662706166e+00 1.672609857070613080e-03
1.654600760456273800e+00 1.724291351942653597e-03
1.656215477700790695e+00 1.808677591281433825e-03
1.657833349614144858e+00 1.792255247688795449e-03
1.659454385450278791e+00 1.787768803071278874e-03
1.661078594499364236e+00 1.875041651662042071e-03
1.662705986087979149e+00 1.894401807167504044e-03
1.664336569579287994e+00 1.851411391986878359e-03
1.665970354373220719e+00 1.913091067517048603e-03
1.667607349906652159e+00 1.984968209408299877e-03
1.669247565653585452e+00 1.944123592626490274e-03
1.670891011125332337e+00 1.956561292957421233e-03
1.672537695870700780e+00 2.060946029587827980e-03
1.674187629476176387e+00 2.060970910400768304e-03
1.675840821566110250e+00 2.021183819321183996e-03
1.677497281802906137e+00 2.112735707254958292e-03
1.679157019887206781e+00 2.175214062121919555e-03
1.680820045558086839e+00 2.114412046168116181e-03
1.682486368593239190e+00 2.149391115208367647e-03
1.684155998809169441e+00 2.261148993606124612e-03
1.685828946061388667e+00 2.227216771575873250e-03
1.687505220244605697e+00 2.183462692743427889e-03
1.689184831292923405e+00 2.289005086634975875e-03
1.690867789180034109e+00 2.313908565008894642e-03
1.692554103919417852e+00 2.210643617570983484e-03
1.694243785564540472e+00 2.245418348402265698e-03
1.695936844209053662e+00 2.329098318430914815e-03
1.697633289986996363e+00 2.232476391672031778e-03
1.699333133072995272e+00 2.173555190935202303e-03
1.701036383682469788e+00 2.280983700503631979e-03
1.702743052071837404e+00 2.261247773730919262e-03
1.704453148538716434e+00 2.136743025700652086e-03
1.706166683422137398e+00 2.204167313181372694e-03
1.707883667102747305e+00 2.281813614509136442e-03
1.709604110003022148e+00 2.152210339643578340e-03
1.711328022587476294e+00 2.119910512929348758e-03
1.713055415362874978e+00 2.251004989708101523e-03
1.714786298878448134e+00 2.187861008894512443e-03
1.716520683726104890e+00 2.048563495620640221e-03
1.718258580540649838e+00 2.147885258890873568e-03
1.719999999999999973e+00 2.195018153182592881e-03
