1.460000000000000187e+00 1.446824461932378020e-04
1.461050851117428939e+00 2.788223516263064897e-04
1.462103216047826892e+00 5.883688493603507442e-04
1.463157098064655992e+00 8.849094348110664050e-04
1.464212500450824406e+00 9.092446466481522585e-04
1.465269426498718941e+00 6.225910056424482355e-04
1.466327879510239685e+00 3.146999042390018078e-04
1.467387862796833975e+00 3.649412141468299088e-04
1.468449379679531708e+00 8.670019553002815361e-04
1.469512433488978642e+00 1.503202030776154769e-03
1.470577027565472594e+00 1.816392604985028010e-03
1.471643165258998964e+00 1.619448749998082847e-03
1.472710849929263599e+00 1.143255561682305407e-03
1.473780084945729429e+00 7.991852826106380162e-04
1.474850873687652442e+00 8.167849156430770710e-04
1.475923219544116316e+00 1.105686520740477253e-03
1.476997125914068620e+00 1.421084148860894724e-03
1.478072596206357003e+00 1.606918299516831841e-03
1.479149633839764055e+00 1.670591307272724542e-03
1.480228242243045278e+00 1.678497081249609403e-03
1.481308424854964167e+00 1.651566085292167788e-03
1.482390185124329518e+00 1.583974244539571030e-03
1.483473526510030505e+00 1.519294761066611668e-03
1.484558452481076651e+00 1.547956738193361978e-03
1.485644966516632470e+00 1.710695004492743775e-03
1.486733072106053655e+00 1.931004876321136370e-03
1.487822772748928157e+00 2.073263248581772890e-03
1.488914071955110829e+00 2.069601393836159337e-03
1.490006973244761168e+00 1.974639855006044952e-03
1.491101480148382175e+00 1.894968784857372799e-03
1.492197596206858545e+00 1.885451515909534288e-03
1.493295324971493976e+00 1.929010797697250151e-03
1.494394670004049130e+00 2.001202341486195326e-03
1.495495634876782276e+00 2.118355295850197790e-03
1.496598223172485254e+00 2.303444123207042202e-03
1.497702438484524556e+00 2.521473606222568008e-03
1.498808284416879077e+00 2.680413866671521421e-03
1.499915764584180300e+00 2.710084518003698286e-03
1.501024882611750266e+00 2.630227918063772746e-03
1.502135642135642435e+00 2.529359096344528397e-03
1.503248046802681204e+00 2.482378853018210683e-03
1.504362100270500990e+00 2.502574511915058985e-03
1.505477806207587310e+00 2.571828144550428880e-03
1.506595168293316966e+00 2.693111602935119135e-03
1.507714190217997130e+00 2.888689087770969152e-03
1.508834875682908194e+00 3.146821837579443469e-03
1.509957228400342411e+00 3.392884864836112971e-03
1.511081252093646521e+00 3.533613806792461516e-03
1.512206950497262392e+00 3.532007896445352613e-03
1.513334327356767650e+00 3.431345358275281112e-03
1.514463386428918090e+00 3.307140771260834791e-03
1.515594131481688978e+00 3.207912309173882072e-03
1.516726566294317902e+00 3.148775516067672461e-03
1.517860694657344967e+00 3.148514282352602930e-03
1.518996520372656978e+00 3.247274446938125912e-03
1.520134047253529186e+00 3.473370075637723878e-03
1.521273279124667699e+00 3.798546868320531230e-03
1.522414219822252335e+00 4.139323794820925530e-03
1.523556873193981032e+00 4.407172389850119200e-03
1.524701243099110259e+00 4.554595927142949911e-03
1.525847333408501649e+00 4.576099732722571124e-03
1.526995148004663960e+00 4.481497142671290665e-03
1.528144690781797266e+00 4.286391092171631077e-03
1.529295965645835809e+00 4.029719367478343944e-03
1.530448976514495074e+00 3.783025599765653564e-03
1.531603727317312647e+00 3.623209546972035004e-03
1.532760221995696170e+00 3.589848094132720800e-03
1.533918464502965984e+00 3.672410774250966809e-03
1.535078458804401524e+00 3.837957042610321001e-03
1.536240208877284630e+00 4.060987354410184637e-03
1.537403718710947942e+00 4.318286294349783436e-03
1.538568992306818206e+00 4.561756879747913551e-03
1.539736033678462013e+00 4.715795022702946350e-03
1.540904846851634202e+00 4.717695747029056717e-03
1.542075435864322053e+00 4.564178501124328997e-03
1.543247804766792353e+00 4.314427180852507468e-03
1.544421957621638253e+00 4.046836115296083281e-03
1.545597898503826562e+00 3.815782512174911625e-03
1.546775631500743264e+00 3.647700671838478761e-03
1.547955160712243261e+00 3.565047887990778139e-03
1.549136490250696774e+00 3.596561208621203501e-03
1.550319624241035754e+00 3.756758642015015602e-03
1.551504566820804953e+00 4.020964345336510391e-03
1.552691322140207664e+00 4.328437366378942025e-03
1.553879894362154124e+00 4.611099607161131715e-03
1.555070287662313033e+00 4.817126691295587314e-03
1.556262506229156406e+00 4.912182471167479345e-03
1.557456554264012416e+00 4.873832808696797712e-03
1.558652435981111140e+00 4.700418270900660889e-03
1.559850155607638511e+00 4.427737055238450264e-03
1.561049717383781621e+00 4.126134342713055035e-03
1.562251125562781562e+00 3.868784978189206830e-03
1.563454384410983167e+00 3.697571410826540513e-03
1.564659498207885413e+00 3.618775165417070956e-03
1.565866471246191605e+00 3.626781533432861179e-03
1.567075307831860664e+00 3.722021845900950685e-03
1.568286012284158426e+00 3.899791558312204736e-03
1.569498588935709815e+00 4.126111377351988213e-03
1.570713042132549475e+00 4.335487142296243213e-03
1.571929376234173947e+00 4.460307132076489663e-03
1.573147595613593630e+00 4.464869910254601511e-03
1.574367704657385625e+00 4.353640466991572783e-03
1.575589707765747249e+00 4.154458127643130202e-03
1.576813609352546219e+00 3.902023524325900963e-03
1.578039413845376604e+00 3.636583620786857339e-03
1.579267125685611006e+00 3.406249678552398814e-03
1.580496749328454298e+00 3.256390434159795854e-03
1.581728289242997132e+00 3.211027275723021216e-03
1.582961749912270788e+00 3.266744640355720951e-03
1.584197135833301129e+00 3.405765473354276617e-03
1.585434451517163446e+00 3.609960413445295960e-03
1.586673701489037747e+00 3.856916955016835742e-03
1.587914890288262271e+00 4.105708698466596640e-03
1.589158022468391884e+00 4.298411168272142993e-03
1.590403102597250262e+00 4.386970637563873676e-03
1.591650135256988507e+00 4.362671367568187950e-03
1.592899125044140218e+00 4.258667108169088104e-03
1.594150076569678554e+00 4.124829063758855829e-03
1.595402994459071966e+00 4.003171312059821373e-03
1.596657883352342155e+00 3.925996611594313561e-03
1.597914747904121358e+00 3.927570099515781919e-03
1.599173592783708298e+00 4.044705506895431880e-03
1.600434422675129253e+00 4.300254705528527843e-03
1.601697242277192679e+00 4.688768476242342713e-03
1.602962056303549598e+00 5.181060629601465933e-03
1.604228869482751785e+00 5.739207002917174824e-03
1.605497686558310599e+00 6.322277558295310435e-03
1.606768512288756501e+00 6.882207002074933536e-03
1.608041351447696998e+00 7.370684651975005844e-03
1.609316208823879268e+00 7.767679893438305533e-03
1.610593089221248553e+00 8.109611995938910411e-03
1.611871997459006778e+00 8.484661037985678084e-03
1.613152938371677392e+00 8.994396130997745625e-03
1.614435916809162430e+00 9.718832395370335595e-03
1.615720937636805132e+00 1.071681152357372227e-02
1.617008005735452558e+00 1.204774403385816192e-02
1.618297126001515096e+00 1.377054069917453723e-02
1.619588303347030189e+00 1.590189526799681841e-02
1.620881542699724509e+00 1.837044758389186350e-02
1.622176849003077237e+00 2.102000874546064782e-02
1.623474227216379573e+00 2.367170064544618646e-02
1.624773682314803791e+00 2.620075180170979012e-02
1.626075219289462082e+00 2.857893048111358539e-02
1.627378843147472942e+00 3.087659278186115699e-02
1.628684558912023350e+00 3.325208568087516248e-02
1.629992371622435821e+00 3.594288389917915660e-02
1.631302286334231022e+00 3.923910991590084246e-02
1.632614308119194391e+00 4.341747471705770245e-02
1.633928442065440523e+00 4.864920759092019459e-02
1.635244693277480454e+00 5.492531166597766634e-02
1.636563066876284944e+00 6.203303462013158576e-02
1.637883567999354861e+00 6.958842694239167348e-02
1.639206201800783580e+00 7.712016941889966726e-02
1.640530973451327590e+00 8.420631020974148062e-02
1.641857888138472443e+00 9.064745106755242587e-02
1.643186951066499590e+00 9.660770672188599695e-02
1.644518167456556546e+00 1.026241752489844422e-01
1.645851542546722612e+00 1.094379103287490274e-01
1.647187081592080382e+00 1.177112795885393165e-01
1.648524789864783013e+00 1.277680087041320744e-01
1.649864672654122844e+00 1.394577252691901192e-01
1.651206735266604886e+00 1.521571542406453259e-01
1.652550983026010778e+00 1.648802640861978253e-01
1.653897421273475388e+00 1.765008348955827977e-01
1.655246055367554314e+00 1.860964527718875217e-01
1.656596890684294499e+00 1.933210264377745735e-01
1.657949932617307054e+00 1.985789663878352318e-01
1.659305186577840097e+00 2.027935514795254357e-01
1.660662657994846025e+00 2.068119398938051690e-01
1.662022352315061458e+00 2.107973688086306752e-01
1.663384275003073398e+00 2.140341416585443135e-01
1.664748431541395179e+00 2.152986349792688769e-01
1.666114827430541512e+00 2.135364595602920745e-01
1.667483468189099316e+00 2.083799838680488736e-01
1.668854359353804551e+00 2.002024328240890605e-01
1.670227506479615043e+00 1.897687931919195270e-01
1.671602915139787315e+00 1.777970364800801062e-01
1.672980590925949196e+00 1.647196625906758860e-01
1.674360539448179530e+00 1.507254840381809513e-01
1.675742766335081013e+00 1.359683318096108484e-01
1.677127277233858127e+00 1.207694340057616222e-01
1.678514077810394189e+00 1.056904652412043732e-01
1.679903173749327738e+00 9.144256220220894904e-02
1.681294570754131357e+00 7.868271035881817255e-02
1.682688274547188279e+00 6.781225339580797262e-02
1.684084290869872103e+00 5.889614088840251088e-02
1.685482625482625840e+00 5.174191943592641729e-02
1.686883284165039409e+00 4.606189048244548750e-02
1.688286272715931569e+00 4.159173972276698772e-02
1.689691596953427632e+00 3.810471516286424720e-02
1.691099262715041851e+00 3.537270746651526715e-02
1.692509275857756457e+00 3.316375300336368154e-02
1.693921642258105376e+00 3.129556577961099817e-02
1.695336367812252387e+00 2.967934692187938067e-02
1.696753458436076389e+00 2.829350455098582698e-02
1.698172920065253111e+00 2.711288709392059917e-02
1.699594758655335713e+00 2.607432631724473232e-02
1.701018980181841167e+00 2.511289868617107637e-02
1.702445590640332629e+00 2.421454477934858324e-02
1.703874596046502266e+00 2.341245122185504901e-02
1.705306002436258517e+00 2.272906755419610778e-02
1.706739815865809362e+00 2.213641136283204039e-02
1.708176042411747586e+00 2.158368496397435055e-02
1.709614688171137598e+00 2.105455004338323971e-02
1.711055759261600695e+00 2.057901745137098379e-02
1.712499261821403218e+00 2.018479368704944113e-02
1.713945202009541591e+00 1.985197760114919621e-02
1.715393586005830917e+00 1.953055911581950271e-02
1.716844420010995353e+00 1.919821941492588085e-02
1.718297710246751819e+00 1.888323212649965083e-02
1.719753462955903034e+00 1.862254094098067872e-02
1.721211684402425224e+00 1.840949979261432418e-02
1.722672380871558051e+00 1.819928171407422454e-02
1.724135558669894319e+00 1.796471240028704383e-02
1.725601224125473232e+00 1.772924143761966595e-02
1.727069383587867435e+00 1.753335847291187174e-02
1.728540043428279382e+00 1.737784962722970644e-02
1.730013210039630378e+00 1.721822521766647185e-02
1.731488889836653167e+00 1.701842870408384195e-02
1.732967089255986970e+00 1.679444389908340760e-02
1.734447814756269857e+00 1.659106044674235267e-02
1.735931072818232668e+00 1.642209652877072226e-02
1.737416869944794051e+00 1.625243951538769480e-02
1.738905212661155941e+00 1.604595163955593526e-02
1.740396107514897261e+00 1.581680352221236444e-02
1.741889561076071846e+00 1.561632604565360745e-02
1.743385579937304586e+00 1.547123568979337851e-02
1.744884170713886684e+00 1.535307058791360660e-02
1.746385340043876910e+00 1.521885033334322707e-02
1.747889094588195080e+00 1.506997746803851249e-02
1.749395441030723752e+00 1.495191330548579535e-02
1.750904386078406150e+00 1.489419730559443655e-02
1.752415936461346302e+00 1.486909912485440653e-02
1.753930098932907411e+00 1.482405726422583205e-02
1.755446880269814658e+00 1.474688376003522802e-02
1.756966287272255345e+00 1.467886483592810085e-02
1.758488326763980147e+00 1.465795854977800655e-02
1.760013005592405033e+00 1.466592639738649624e-02
1.761540330628715179e+00 1.464926003067122846e-02
1.763070308767968219e+00 1.458770120672730694e-02
1.764602946929195948e+00 1.452080359156864529e-02
1.766138252055509561e+00 1.449641418013378029e-02
1.767676231114207575e+00 1.450709104619063612e-02
1.769216891096875743e+00 1.449779607882542391e-02
1.770760239019496751e+00 1.443618023974813785e-02
1.772306281922556792e+00 1.435431731709728952e-02
1.773855026871149931e+00 1.430656051572085086e-02
1.775406480955088240e+00 1.429755540546293925e-02
1.776960651289009707e+00 1.427489170817321240e-02
1.778517545012485490e+00 1.419770725494920276e-02
1.780077169290130268e+00 1.409263910202454041e-02
1.781639531311713265e+00 1.402305890705911329e-02
1.783204638292265276e+00 1.400991135477370163e-02
1.784772497472194352e+00 1.400692209261116331e-02
1.786343116117393715e+00 1.396356875340394946e-02
1.787916501519355661e+00 1.389437475093008995e-02
1.789492660995283924e+00 1.386296842735247788e-02
1.791071601888208020e+00 1.389965579020786823e-02
1.792653331567095165e+00 1.395948671002801914e-02
1.794237857426967953e+00 1.397720357791907252e-02
1.795825186889016933e+00 1.394934661603728678e-02
1.797415327400717411e+00 1.393640541838882252e-02
1.799008286435946458e+00 1.398062867543500842e-02
1.800604071495099268e+00 1.404609050579515642e-02
1.802202690105207505e+00 1.406091947929574877e-02
1.803804149820056102e+00 1.400894623410946921e-02
1.805408458220305157e+00 1.395142147809986556e-02
1.807015622913606956e+00 1.394827818872763220e-02
1.808625651534726542e+00 1.397972845246295455e-02
1.810238551745663838e+00 1.397108731619894906e-02
1.811854331235775106e+00 1.389055675186586132e-02
1.813472997721892410e+00 1.379302134141024115e-02
1.815094558948450842e+00 1.375079674096189690e-02
1.816719022687609542e+00 1.375958944773258107e-02
1.818346396739374260e+00 1.374288562976741165e-02
1.819976688931725706e+00 1.365170717416855015e-02
1.821609907120743443e+00 1.353111852472875347e-02
1.823246059190731128e+00 1.346521880644885837e-02
1.824885153054344400e+00 1.346983006851101838e-02
1.826527196652720120e+00 1.347258827806344268e-02
1.828172197955599820e+00 1.340866778816976641e-02
1.829820164961464046e+00 1.330884583074967362e-02
1.831471105697658919e+00 1.326339514126887581e-02
1.833125028220526920e+00 1.330569203066587179e-02
1.834781940615537899e+00 1.336645866900629948e-02
1.836441850997421632e+00 1.336085314111609690e-02
1.838104767510300608e+00 1.329753757223378803e-02
1.839770698327819920e+00 1.326689690504573305e-02
1.841439651653286269e+00 1.332077991170072667e-02
1.843111635719798747e+00 1.339944946448424178e-02
1.844786658790385170e+00 1.340380679977876480e-02
1.846464729158139084e+00 1.332243960863670022e-02
1.848145855146356320e+00 1.324802373597685524e-02
1.849830045108671328e+00 1.325820706045405598e-02
1.851517307429197068e+00 1.331363664807383614e-02
1.853207650522664451e+00 1.330768767823010609e-02
1.854901082834559567e+00 1.320672261629794383e-02
1.856597612841267786e+00 1.309865830708970176e-02
1.858297249050213207e+00 1.308282560052241757e-02
1.860000000000000098e+00 1.314108813122083844e-02
