9.800000000000000933e-01 6.248793481674090253e-05
9.809509485226336478e-01 6.742353235198306064e-05
9.819037443543296995e-01 6.186909097108217557e-05
9.828583928831853278e-01 6.567753785657348979e-05
9.838148995182718348e-01 6.139820781441930251e-05
9.847732696897376625e-01 6.301241582797535072e-05
9.857335088489105335e-01 6.595953829961629039e-05
9.866956224684009236e-01 6.459976534187190499e-05
9.876596160422063120e-01 7.084281275574230263e-05
9.886254950858149870e-01 6.390723172317951367e-05
9.895932651363126276e-01 6.749193618819145785e-05
9.905629317524866639e-01 6.416788500330995910e-05
9.915345005149333035e-01 6.432825278557647252e-05
9.925079770261648893e-01 6.813987728483763575e-05
9.934833669107170362e-01 6.289440797363886489e-05
9.944606758152575443e-01 7.068189548561843360e-05
9.954399094086952005e-01 6.474108496578452577e-05
9.964210733822880250e-01 7.073202231651143151e-05
9.974041734497560707e-01 6.888071945405616319e-05
9.983892153473906683e-01 6.159843493385033049e-05
9.993762048341654491e-01 6.240006956086165406e-05
1.000365147691851142e+00 4.574514599270559890e-05
1.001356049725125263e+00 4.669481052792292657e-05
1.002348916761687692e+00 3.355891299033207138e-05
1.003343754652374908e+00 2.633760538910686846e-05
1.004340569271273464e+00 2.143511725048404849e-05
1.005339366515837440e+00 5.690999993945114803e-06
1.006340152307003244e+00 4.343005165021770190e-06
1.007342932589308182e+00 2.749431226966808353e-06
1.008347713331006146e+00 2.370085494786360991e-05
1.009354500524187737e+00 8.531971410499892647e-06
1.010363300184898616e+00 2.999387228581703552e-05
1.011374118353258966e+00 5.326959707194954758e-05
1.012386961093585835e+00 1.351143003724695197e-05
1.013401834494511711e+00 8.266200101424260669e-05
1.014418744669108641e+00 8.343779125837153530e-05
1.015437697755009916e+00 3.316863143778886122e-05
1.016458699914534636e+00 1.049482086172670418e-04
1.017481757334809833e+00 9.515465895953754787e-05
1.018506876227898150e+00 3.443558317469969793e-05
1.019534062830921517e+00 5.434282310580993320e-05
1.020563323406188605e+00 1.184647662059204161e-04
1.021594664241322281e+00 1.166438592140514168e-04
1.022628091649385729e+00 4.649040516475475053e-05
1.023663611969014342e+00 4.523460311954653415e-05
1.024701231564543180e+00 1.182947584844457452e-04
1.025740956826137751e+00 1.816757620956511369e-04
1.026782794169925461e+00 1.498537810970191264e-04
1.027826750038127512e+00 9.407068587147128372e-05
1.028872830899191015e+00 9.093125412717070993e-05
1.029921043247924217e+00 1.085812332460966680e-04
1.030971393605629727e+00 1.341393556907632175e-04
1.032023888520239074e+00 1.242244330889410748e-04
1.033078534566450379e+00 1.266392431325353229e-04
1.034135338345864685e+00 1.562300143971465203e-04
1.035194306487123406e+00 1.782514333233998517e-04
1.036255445646046214e+00 1.727068246951660082e-04
1.037318762505772041e+00 1.302884612589488389e-04
1.038384263776899186e+00 1.223336496313674943e-04
1.039451956197624982e+00 1.375760369621120672e-04
1.040521846533889461e+00 1.650830885778986016e-04
1.041593941579517235e+00 1.764538591451458405e-04
1.042668248156361388e+00 1.469681160679537843e-04
1.043744773114449576e+00 1.276703191162099405e-04
1.044823523332127468e+00 1.210228457147453804e-04
1.045904505716207300e+00 1.428076321216872999e-04
1.046987727202113083e+00 1.614200522839615124e-04
1.048073194754030490e+00 1.623787428330629879e-04
1.049160915365056512e+00 1.576507852143217963e-04
1.050250896057348005e+00 1.575833784942240392e-04
1.051343143882273568e+00 1.900025148390441601e-04
1.052437665920566756e+00 2.227014470738354255e-04
1.053534469282476405e+00 2.446507140354492677e-04
1.054633561107923834e+00 2.277921921383783857e-04
1.055734948566654730e+00 2.013692712311561221e-04
1.056838638858397461e+00 2.035250940624766666e-04
1.057944639213018956e+00 2.289889299256133034e-04
1.059052956890681685e+00 2.774391032994311676e-04
1.060163599182004424e+00 2.807802206798647410e-04
1.061276573408220347e+00 2.440144592805695205e-04
1.062391886921339124e+00 1.987255708962858852e-04
1.063509547104308117e+00 1.853131726756476988e-04
1.064629561371175814e+00 2.214690375564573642e-04
1.065751937167255692e+00 2.786966824622339042e-04
1.066876681969289642e+00 3.274886668243369783e-04
1.068003803285616504e+00 3.052603287158274677e-04
1.069133308656337933e+00 2.591845549650813535e-04
1.070265205653486040e+00 2.323271979832068417e-04
1.071399501881193483e+00 2.488574205422565693e-04
1.072536204975863550e+00 3.091437779323487518e-04
1.073675322606340687e+00 3.583200665982069007e-04
1.074816862474084367e+00 3.673357259240706300e-04
1.075960832313341831e+00 3.114916163840127897e-04
1.077107239891321955e+00 2.571001074385362187e-04
1.078256093008373107e+00 2.338988396563855608e-04
1.079407399498158338e+00 2.558362400399850217e-04
1.080561167227833907e+00 3.182251426923624798e-04
1.081717404098229363e+00 3.704423850309047439e-04
1.082876118044025615e+00 3.856611490127377292e-04
1.084037317033939463e+00 3.381926937774839929e-04
1.085201009070903666e+00 2.976756506974216837e-04
1.086367202192252357e+00 2.872407837214341255e-04
1.087535904469905113e+00 3.162657580458435799e-04
1.088707124010554139e+00 3.670348327498343366e-04
1.089880868955851678e+00 3.909578619057626808e-04
1.091057147482596967e+00 3.854945953462021930e-04
1.092235967802928087e+00 3.425906365135496972e-04
1.093417338164512698e+00 3.274935924706342291e-04
1.094601266850739218e+00 3.450828011076076873e-04
1.095787762180911562e+00 4.025912163088276696e-04
1.096976832510444533e+00 4.735115032229775299e-04
1.098168486231057672e+00 5.131562904634137017e-04
1.099362731770975099e+00 5.247011169623890230e-04
1.100559577595122907e+00 4.949836157018763652e-04
1.101759032205329447e+00 4.841141719444459930e-04
1.102961104140527171e+00 4.832729886370890548e-04
1.104165801976954020e+00 5.023369639906029825e-04
1.105373134328358153e+00 5.173401131081853919e-04
1.106583109846204671e+00 5.040565198172247598e-04
1.107795737219878562e+00 4.860851126768108398e-04
1.109011025176896759e+00 4.596985636675971106e-04
1.110228982483114857e+00 4.784909550238994076e-04
1.111449617942938950e+00 5.066461583996906357e-04
1.112672940399537902e+00 5.483584889225559620e-04
1.113898958735056066e+00 5.732001638098603710e-04
1.115127681870829113e+00 5.634443003088036167e-04
1.116359118767599856e+00 5.435643157581135192e-04
1.117593278425736525e+00 5.058484852012350239e-04
1.118830169885452142e+00 4.997547722947200772e-04
1.120069802227023681e+00 4.959564190782226245e-04
1.121312184571016779e+00 5.116175095235656100e-04
1.122557326078507778e+00 5.140394183240120296e-04
1.123805235951309101e+00 5.035066723125513613e-04
1.125055923432196403e+00 4.959298371861565417e-04
1.126309397805136392e+00 4.843253191570585513e-04
1.127565668395516196e+00 5.038642102070027638e-04
1.128824744570375849e+00 5.189946757516328713e-04
1.130086635738639655e+00 5.554977251017651548e-04
1.131351351351351786e+00 5.740919409290317276e-04
1.132618900901910530e+00 5.988405441658119178e-04
1.133889293926308328e+00 6.295124386603511389e-04
1.135162540003368692e+00 6.798896986920169305e-04
1.136438648754988678e+00 7.782571290640535790e-04
1.137717629846379364e+00 9.009229122365252154e-04
1.138999492986310980e+00 1.090140566027048008e-03
1.140284247927358940e+00 1.296899061938600311e-03
1.141571904466151421e+00 1.585267743930566251e-03
1.142862472443615607e+00 1.924637205456452074e-03
1.144155961745232597e+00 2.382295498986911238e-03
1.145452382301286098e+00 2.975939845414196476e-03
1.146751744087119329e+00 3.712381652540206172e-03
1.148054057123389038e+00 4.666387070544088939e-03
1.149359331476323076e+00 5.779409670669057725e-03
1.150667577257981966e+00 7.241639766972724282e-03
1.151978804626517139e+00 9.026916024862137802e-03
1.153293023786435612e+00 1.134898732315970868e-02
1.154610244988864443e+00 1.418487836439816588e-02
1.155930478531816519e+00 1.750256625144169798e-02
1.157253734760460562e+00 2.138421519037912027e-02
1.158580024067389136e+00 2.570963563280099715e-02
1.159909356892892207e+00 3.095597474897681875e-02
1.161241743725231146e+00 3.710505478920347877e-02
1.162577195100914507e+00 4.454386603543806361e-02
1.163915721604974030e+00 5.317069859346049837e-02
1.165257333871246859e+00 6.284001561085703069e-02
1.166602042582655763e+00 7.383794149554033515e-02
1.167949858471492242e+00 8.582659158077057815e-02
1.169300792319704074e+00 9.925038034602542969e-02
1.170654854959180424e+00 1.131488017206149083e-01
1.172012057272042496e+00 1.269142037471298057e-01
1.173372410190935078e+00 1.398699226124507367e-01
1.174735924699320311e+00 1.516151481439538817e-01
1.176102611831772782e+00 1.633085579671211818e-01
1.177472482674276621e+00 1.746054070412225157e-01
1.178845548364527041e+00 1.858448092814423136e-01
1.180221820092230534e+00 1.955065922971200576e-01
1.181601309099409969e+00 2.022456778779330722e-01
1.182984026680709455e+00 2.057001531888260348e-01
1.184369984183703650e+00 2.049525421576691431e-01
1.185759193009207957e+00 2.009185394644796285e-01
1.187151664611590940e+00 1.925984735645017709e-01
1.188547410499089185e+00 1.802883665579927686e-01
1.189946442234124380e+00 1.647649874083879085e-01
1.191348771433622389e+00 1.472875442460364892e-01
1.192754409769335444e+00 1.304412022658675840e-01
1.194163368968164995e+00 1.145177468055142977e-01
1.195575660812489227e+00 1.003044137620087844e-01
1.196991297140489019e+00 8.706419344233369551e-02
1.198410289846482346e+00 7.461664895204916936e-02
1.199832650881253571e+00 6.339854144453410667e-02
1.201258392252391616e+00 5.332285612880659220e-02
1.202687526024627029e+00 4.511359707695297011e-02
1.204120064320171712e+00 3.813954670161087690e-02
1.205556019319062866e+00 3.251856716932597507e-02
1.206995403259507160e+00 2.785718092381227542e-02
1.208438228438228679e+00 2.409519910799389972e-02
1.209884507210819304e+00 2.132488918382363305e-02
1.211334251992091549e+00 1.914500430703750325e-02
1.212787475256433600e+00 1.766739523529913675e-02
1.214244189538165930e+00 1.628386464599655692e-02
1.215704407431904555e+00 1.510396978100383807e-02
1.217168141592920527e+00 1.385588648445199370e-02
1.218635404737508310e+00 1.269579958002106310e-02
1.220106209643353035e+00 1.172342475518127654e-02
1.221580569149900652e+00 1.080538184208569910e-02
1.223058496158732300e+00 1.013812560839715167e-02
1.224540003633941110e+00 9.415133546570149392e-03
1.226025104602510574e+00 8.916598136200343944e-03
1.227513812154696238e+00 8.430604980290750880e-03
1.229006139444410728e+00 8.117053456337154638e-03
1.230502099689611217e+00 7.869466445591017517e-03
1.232001706172689337e+00 7.560015770791203224e-03
1.233504972240863973e+00 7.268135511422644905e-03
1.235011911306579169e+00 6.775713301529998067e-03
1.236522536847899145e+00 6.397018615666481313e-03
1.238036862408915750e+00 5.947763694836369873e-03
1.239554901600147252e+00 5.649956960215263453e-03
1.241076668098950453e+00 5.368348008781520866e-03
1.242602175649929475e+00 5.108628344760733457e-03
1.244131438065349871e+00 4.928699320146213286e-03
1.245664469225556070e+00 4.683495959922491514e-03
1.247201283079390599e+00 4.588143901221791027e-03
1.248741893644617740e+00 4.388727918746310186e-03
1.250286315008348526e+00 4.275386220587829196e-03
1.251834561327472173e+00 4.051509160337155024e-03
1.253386646829087070e+00 3.815306854153981998e-03
1.254942585810936651e+00 3.606702997824561083e-03
1.256502392641849708e+00 3.379081680344482065e-03
1.258066081762180266e+00 3.278021114954682378e-03
1.259633667684256775e+00 3.104719388613879499e-03
1.261205164992826644e+00 3.070077407764687950e-03
1.262780588345512767e+00 2.947627920068429837e-03
1.264359952473266491e+00 2.886521337309171879e-03
1.265943272180827917e+00 2.802672491010284490e-03
1.267530562347188416e+00 2.699072544061283715e-03
1.269121837926056262e+00 2.652282421182266745e-03
1.270717113946326693e+00 2.489808812161148268e-03
1.272316405512554427e+00 2.415929224653629720e-03
1.273919727805431723e+00 2.229912588453052038e-03
1.275527096082266221e+00 2.146103952632075988e-03
1.277138525677468550e+00 2.036224958597785458e-03
1.278754032003035945e+00 1.968197899889201005e-03
1.280373630549046959e+00 1.937153199384847877e-03
1.281997336884154626e+00 1.833259913231007803e-03
1.283625166656085392e+00 1.810577365748644542e-03
1.285257135592143163e+00 1.670496128167788495e-03
1.286893259499713782e+00 1.628647289277731754e-03
1.288533554266777292e+00 1.502067341045365718e-03
1.290178035862421080e+00 1.419088080906897708e-03
1.291826720337358791e+00 1.326263613307941593e-03
1.293479623824451474e+00 1.203182636550919520e-03
1.295136762539235153e+00 1.158514105056633776e-03
1.296798152780450408e+00 1.039880759698666576e-03
1.298463810930576168e+00 1.032619321828570549e-03
1.300133753456369723e+00 9.381927303698491460e-04
1.301807996909407183e+00 9.146488690426962057e-04
1.303486557926632816e+00 8.422331900149238916e-04
1.305169453230908161e+00 7.720133367448148631e-04
1.306856699631568919e+00 7.323441307535165281e-04
1.308548314024982284e+00 6.349273822387880130e-04
1.310244313395114046e+00 6.211032539635558255e-04
1.311944714814093915e+00 5.218528767812828347e-04
1.313649535442791283e+00 5.075244916052504057e-04
1.315358792531390542e+00 4.332065747829215614e-04
1.317072503419972618e+00 4.052745710613223713e-04
1.318790685539104057e+00 3.719421833032506139e-04
1.320513356410423889e+00 3.247683846068050270e-04
1.322240533647243588e+00 3.212111960306653991e-04
1.323972234955143712e+00 2.556674462291742746e-04
1.325708478132581636e+00 2.612562836441808633e-04
1.327449281071499065e+00 1.987551959534032740e-04
1.329194661757938434e+00 2.023658038236874669e-04
1.330944638272661518e+00 1.633830631274400336e-04
1.332699228791773827e+00 1.582655537717430510e-04
1.334458451587354100e+00 1.476702677434189349e-04
1.336222325028088243e+00 1.320538454153641838e-04
1.337990867579908816e+00 1.493357635210580973e-04
1.339764097806639853e+00 1.269043328935363349e-04
1.341542034370645897e+00 1.694709450147208977e-04
1.343324696033486365e+00 1.438562146457355250e-04
1.345112101656576797e+00 2.004279066399744242e-04
1.346904270201851883e+00 1.797459302581934284e-04
1.348701220732439365e+00 2.297009166884473176e-04
1.350502972413332614e+00 2.355997098379760692e-04
1.352309544512072970e+00 2.602564605372809960e-04
1.354120956399437636e+00 3.159859458493628260e-04
1.355937227550130908e+00 3.016179343370554338e-04
1.357758377543482942e+00 4.093627187077465571e-04
1.359584426064151641e+00 3.628471537015565997e-04
1.361415392902835197e+00 4.924300034661104010e-04
1.363251297956981967e+00 4.583259732465521838e-04
1.365092161231516998e+00 5.467710885172597521e-04
1.366938002839564792e+00 5.802457420047180429e-04
1.368788843003182043e+00 5.576819127097976895e-04
1.370644702054098385e+00 6.819714594036958236e-04
1.372505600434458239e+00 5.534245837080135162e-04
1.374371558697573326e+00 7.343250427220532990e-04
1.376242597508678944e+00 5.909813896823207799e-04
1.378118737645695591e+00 7.214654058591453553e-04
1.380000000000000115e+00 6.749197566150880265e-04
