1.080000000000000071e+00 3.393527355925945262e-05
1.080977110286799991e+00 2.634263243176677616e-05
1.081955990220049069e+00 1.907758315074491398e-05
1.082936644611619537e+00 1.766270237641567680e-05
1.083919078290846327e+00 9.337538930918549146e-06
1.084903296104603676e+00 4.494685414823062930e-06
1.085889302917385946e+00 1.863742642156375345e-06
1.086877103611388895e+00 1.631758268397536079e-06
1.087866703086588283e+00 1.050713453779546133e-05
1.088858106260822023e+00 1.353420087825316540e-05
1.089851318069871233e+00 5.052056985141986027e-05
1.090846343467543278e+00 1.092564256429541091e-04
1.091843187425751704e+00 6.777863121873627041e-05
1.092841854934601731e+00 2.213485861645073106e-06
1.093842351002471958e+00 6.511110390373338927e-05
1.094844680656098079e+00 1.182541901101277911e-04
1.095848848940658593e+00 5.175848448359243324e-05
1.096854860919856733e+00 7.573795750267269658e-06
1.097862721676008402e+00 4.107097562269729294e-05
1.098872436310126322e+00 7.653085631833972413e-05
1.099884009942005081e+00 7.273270137336502008e-05
1.100897447710310395e+00 3.322433553856093789e-05
1.101912754772664371e+00 2.658823705769865298e-05
1.102929936305732550e+00 8.418041093751785708e-05
1.103948997505312946e+00 1.231893408108429013e-04
1.104969943586423753e+00 1.017809246723526618e-04
1.105992779783393498e+00 6.000799456202721345e-05
1.107017511349948968e+00 4.246106317519485809e-05
1.108044143559306471e+00 8.162762290821147168e-05
1.109072681704260654e+00 1.430710962865088085e-04
1.110103131097277984e+00 1.474169195686077694e-04
1.111135497070585121e+00 9.171011313732255036e-05
1.112169784976263731e+00 3.947113992405259836e-05
1.113206000186341305e+00 2.576031074843895799e-05
1.114244148092884412e+00 4.595821992204399142e-05
1.115284234108093075e+00 8.699732036699478097e-05
1.116326263664393137e+00 1.142470314183878218e-04
1.117370242214533071e+00 9.336063668882049488e-05
1.118416175231676579e+00 5.741029991176834705e-05
1.119464068209500507e+00 5.098892700093140710e-05
1.120513926662290105e+00 6.580722099053068648e-05
1.121565756125034952e+00 1.018921501121327591e-04
1.122619562153528205e+00 1.464273029510744365e-04
1.123675350324461641e+00 1.462965555794995575e-04
1.124733126235526681e+00 1.057593159392086751e-04
1.125792895505512314e+00 7.017146208551761186e-05
1.126854663774403686e+00 5.124928562378170294e-05
1.127918436703483795e+00 5.383510484407837425e-05
1.128984219975432302e+00 7.327133035081317568e-05
1.130052019294429222e+00 9.005055376411407939e-05
1.131121840386253963e+00 9.357391461047706908e-05
1.132193688998389236e+00 7.691864834626638823e-05
1.133267570900123422e+00 5.519081606831374655e-05
1.134343491882654265e+00 5.002410830083994943e-05
1.135421457759194119e+00 5.575549203893006439e-05
1.136501474365071651e+00 7.092000579368162058e-05
1.137583547557840635e+00 8.944663784328827521e-05
1.138667683217382987e+00 9.214763723564031012e-05
1.139753887246017339e+00 8.469071854100350231e-05
1.140842165568604960e+00 7.467777425948891000e-05
1.141932524132657889e+00 6.539106038445856675e-05
1.143024968908447514e+00 6.925395694853881182e-05
1.144119505889112487e+00 7.913123394885010476e-05
1.145216141090769524e+00 8.871884693395965015e-05
1.146314880552624205e+00 9.853629265651674357e-05
1.147415730337078887e+00 9.808853228089804178e-05
1.148518696529847283e+00 9.815647985416952887e-05
1.149623785240065477e+00 1.094860288291048765e-04
1.150731002600404507e+00 1.289351820426389364e-04
1.151840354767184049e+00 1.661359751139362192e-04
1.152951847920486328e+00 2.065667733198574643e-04
1.154065488264271355e+00 2.303679197426261745e-04
1.155181282026491507e+00 2.434293623618585399e-04
1.156299235459208541e+00 2.422357392125410738e-04
1.157419354838709724e+00 2.497492564659178492e-04
1.158541646465625963e+00 2.998704595611913345e-04
1.159666116665049040e+00 3.825461175829509100e-04
1.160792771786651079e+00 4.911340054336708243e-04
1.161921618204803996e+00 5.906265884639595471e-04
1.163052662318699415e+00 6.199294849981510898e-04
1.164185910552470116e+00 5.992797661428752492e-04
1.165321369355310832e+00 5.773520345352494950e-04
1.166459045201601041e+00 5.948747506485940750e-04
1.167598944591029086e+00 7.106597674051012576e-04
1.168741074048713857e+00 9.196508733906665848e-04
1.169885440125330467e+00 1.166194998928786431e-03
1.171032049397236152e+00 1.358919071877997794e-03
1.172180908466594840e+00 1.372738717516866101e-03
1.173332023961504378e+00 1.232454661604408426e-03
1.174485402536125100e+00 1.086019058017841966e-03
1.175641050870805948e+00 1.024818958781143928e-03
1.176798975672215031e+00 1.122499724357481007e-03
1.177959183673469301e+00 1.389952736193451107e-03
1.179121681634264229e+00 1.716230097754981856e-03
1.180286476341005475e+00 1.955257873662201787e-03
1.181453574606941670e+00 1.962818445792614483e-03
1.182622983272295203e+00 1.754656463657204915e-03
1.183794709204398998e+00 1.534331831359350392e-03
1.184968759297828189e+00 1.430606610795843005e-03
1.186145140474535786e+00 1.500006531799926920e-03
1.187323859683990790e+00 1.771942662979968108e-03
1.188504923903312527e+00 2.139096495057827684e-03
1.189688340137409206e+00 2.444682274646562108e-03
1.190874115419117141e+00 2.526278539466369436e-03
1.192062256809338860e+00 2.323619012965054669e-03
1.193252771397183665e+00 2.054452779104632820e-03
1.194445666300110176e+00 1.934923341841786500e-03
1.195640948664064895e+00 2.017163373772957666e-03
1.196838625663628308e+00 2.337754003586394250e-03
1.198038704502155882e+00 2.797247279454601922e-03
1.199241192411923951e+00 3.188246520535586038e-03
1.200446096654275152e+00 3.352783047926854564e-03
1.201653424519762536e+00 3.196769293482447025e-03
1.202863183328299446e+00 2.880246782149789315e-03
1.204075380429305620e+00 2.687036735132658592e-03
1.205290023201856187e+00 2.711221700571762698e-03
1.206507119054831989e+00 3.007870728136733361e-03
1.207726675427069685e+00 3.545798741160887616e-03
1.208948699787514069e+00 4.074135752207171980e-03
1.210173199635369068e+00 4.361057766266514431e-03
1.211400182500253386e+00 4.297755782646113173e-03
1.212629655942352613e+00 4.024658941443260557e-03
1.213861627552575539e+00 3.879257937661772983e-03
1.215096104952710254e+00 3.988236153142639233e-03
1.216333095795581798e+00 4.371549798146135736e-03
1.217572607765209369e+00 5.031861707335385896e-03
1.218814648576966198e+00 5.697820253578488210e-03
1.220059225977739192e+00 6.074763732587772948e-03
1.221306347746090148e+00 6.050530872713918637e-03
1.222556021692417838e+00 5.719167436097847765e-03
1.223808255659121214e+00 5.477080668383213849e-03
1.225063057520762833e+00 5.597044919040432970e-03
1.226320435184235169e+00 6.103092628609174328e-03
1.227580396588924261e+00 7.001531164066070699e-03
1.228842949706880683e+00 7.964851086795895346e-03
1.230108102542983417e+00 8.542519283809038924e-03
1.231375863135113047e+00 8.656876509786389298e-03
1.232646239554317624e+00 8.447033582547803024e-03
1.233919239904988085e+00 8.283198055250353201e-03
1.235194872325028115e+00 8.538719580437668585e-03
1.236473144986029338e+00 9.242426545677044983e-03
1.237754066093442296e+00 1.035517291394765123e-02
1.239037643886757190e+00 1.155203684613819066e-02
1.240323886639676187e+00 1.224649231356225720e-02
1.241612802660293058e+00 1.239540965251744419e-02
1.242904400291272360e+00 1.238837451104660842e-02
1.244198687910028189e+00 1.277051507690137380e-02
1.245495673928906699e+00 1.415243347548476860e-02
1.246795366795366844e+00 1.666048286993553756e-02
1.248097774992165343e+00 2.007961970077522251e-02
1.249402907037540533e+00 2.387061103990826064e-02
1.250710771485397332e+00 2.713801355153430683e-02
1.252021376925495089e+00 2.985441880826245412e-02
1.253334731983635653e+00 3.291450728749986676e-02
1.254650845321852337e+00 3.735713511238993034e-02
1.255969725638599765e+00 4.448524597032476463e-02
1.257291381668946606e+00 5.476442009659994448e-02
1.258615822184767863e+00 6.692112114937603939e-02
1.259943055994938277e+00 7.889497480609564128e-02
1.261273091945529279e+00 8.932836749585447433e-02
1.262605938920004389e+00 9.975586688968696158e-02
1.263941605839416171e+00 1.140206171870972868e-01
1.265280101662607404e+00 1.348022351790740536e-01
1.266621435386409367e+00 1.624752052955658332e-01
1.267965616045845456e+00 1.934488855604285518e-01
1.269312652714331247e+00 2.205072992573134938e-01
1.270662554503881658e+00 2.406862650409507254e-01
1.272015330565314573e+00 2.583386856402470344e-01
1.273370990088457999e+00 2.797006225572715166e-01
1.274729542302357910e+00 3.086841995090088830e-01
1.276090996475488515e+00 3.411825025144327173e-01
1.277455361915962762e+00 3.647792544474839915e-01
1.278822647971743498e+00 3.725880745959285756e-01
1.280192864030858191e+00 3.704205312949292450e-01
1.281566019521613198e+00 3.669084203984028236e-01
1.282942123912810262e+00 3.628359937411976821e-01
1.284321186713963225e+00 3.495209458768225863e-01
1.285703217475519411e+00 3.193811931274090354e-01
1.287088225789077001e+00 2.774359038653584353e-01
1.288476221287609302e+00 2.340149259142167426e-01
1.289867213645687238e+00 1.919203780430779605e-01
1.291261212579704054e+00 1.496546854494942846e-01
1.292658227848101138e+00 1.093018766556460020e-01
1.294058269251597615e+00 7.541398984884874201e-02
1.295461346633416388e+00 5.028532463981452705e-02
1.296867469879517953e+00 3.287735245700669495e-02
1.298276648918830878e+00 2.149326154931255686e-02
1.299688893723485172e+00 1.484664293172134261e-02
1.301104214309049434e+00 1.109409068963405909e-02
1.302522620734765102e+00 8.755243290593007349e-03
1.303944123103786934e+00 7.274263359742504445e-03
1.305368731563421703e+00 6.195678898012976950e-03
1.306796456305370224e+00 5.347374122922922933e-03
1.308227307565969610e+00 4.719958276559077515e-03
1.309661295626438848e+00 4.145794149540967671e-03
1.311098430813124160e+00 3.662109634095853713e-03
1.312538723497747917e+00 3.265745993497092339e-03
1.313982184097657324e+00 2.877384784190008260e-03
1.315428823076076226e+00 2.585903624413328841e-03
1.316878650942356455e+00 2.342684859713545405e-03
1.318331678252234518e+00 2.111472474253745738e-03
1.319787915608085838e+00 1.949713117784863730e-03
1.321247373659183877e+00 1.773337438050590856e-03
1.322710063101959488e+00 1.596493873724299335e-03
1.324175994680261370e+00 1.451951177216180685e-03
1.325645179185620748e+00 1.278425144895429990e-03
1.327117627457514049e+00 1.135341848214476302e-03
1.328593350383631799e+00 1.019303883410954681e-03
1.330072358900144858e+00 8.922393968234071078e-04
1.331554663991975751e+00 8.086248275329926266e-04
1.333040276693071347e+00 7.274015079072426553e-04
1.334529208086674856e+00 6.465223991166263191e-04
1.336021469305602061e+00 6.031828607599445079e-04
1.337517071532519974e+00 5.493678276007602076e-04
1.339016026000224180e+00 5.159360574218249326e-04
1.340518343991921935e+00 5.053122338080553305e-04
1.342024036841514389e+00 4.806147436088932957e-04
1.343533115933880584e+00 4.851344102506138832e-04
1.345045592705166992e+00 4.883047467635232572e-04
1.346561478643074405e+00 4.857545758154677065e-04
1.348080785287148808e+00 5.149681232412019454e-04
1.349603524229074925e+00 5.297892256027799665e-04
1.351129707112970646e+00 5.619044203018056264e-04
1.352659345635684351e+00 6.182681092882085254e-04
1.354192451547092668e+00 6.550754935405071538e-04
1.355729036650402675e+00 7.266022197700032145e-04
1.357269112802453659e+00 7.999264423512351344e-04
1.358812691914022430e+00 8.606113346289310682e-04
1.360359785950130851e+00 9.674196510148315225e-04
1.361910406930354478e+00 1.054559264359505909e-03
1.363464566929133870e+00 1.148826905853308307e-03
1.365022278076088114e+00 1.278978551458604101e-03
1.366583552556330794e+00 1.359946141043964166e-03
1.368148402610786407e+00 1.461166185257694022e-03
1.369716840536512770e+00 1.571044004919150763e-03
1.371288878687019430e+00 1.632070931794464943e-03
1.372864529472595629e+00 1.751047011284187710e-03
1.374443805360635151e+00 1.864787235259238217e-03
1.376026718875964505e+00 1.957323710028020282e-03
1.377613282601175992e+00 2.122142523781246279e-03
1.379203509176959441e+00 2.240218069561049179e-03
1.380797411302438382e+00 2.356183617106105341e-03
1.382395001735508444e+00 2.527304717170768700e-03
1.383996293293177304e+00 2.621646326667257526e-03
1.385601298851907748e+00 2.751473177814696934e-03
1.387210031347962502e+00 2.902504136710299960e-03
1.388822503777751960e+00 2.955625094903610497e-03
1.390438729198184342e+00 3.061319215954858442e-03
1.392058720727018528e+00 3.131978682315667180e-03
1.393682491543217106e+00 3.127355983417505914e-03
1.395310054887305862e+00 3.219968591508011978e-03
1.396941424061732606e+00 3.263876857577083755e-03
1.398576612431230215e+00 3.303216633293782744e-03
1.400215633423180339e+00 3.446149627250626787e-03
1.401858500527983109e+00 3.490306356715964370e-03
1.403505227299424396e+00 3.559268308946014585e-03
1.405155827355051068e+00 3.671717495599148215e-03
1.406810314376545579e+00 3.652229164019549570e-03
1.408468702110102555e+00 3.709594450640485517e-03
1.410131004366812046e+00 3.762860661437613264e-03
1.411797235023041441e+00 3.706946102608297319e-03
1.413467408020820937e+00 3.763790794001742324e-03
1.415141537368233893e+00 3.747201414788753175e-03
1.416819637139807853e+00 3.671164872289033303e-03
1.418501721476908450e+00 3.727583592717515285e-03
1.420187804588137537e+00 3.680850580867113791e-03
1.421877900749732415e+00 3.675511634160790950e-03
1.423572024305969297e+00 3.788025702943773922e-03
1.425270189669569199e+00 3.763321927914801013e-03
1.426972411322106726e+00 3.832273321432895681e-03
1.428678703814420636e+00 3.916845893752362445e-03
1.430389081767029724e+00 3.837710539403525137e-03
1.432103559870550047e+00 3.893923240189263099e-03
1.433822152886115475e+00 3.885190235378709750e-03
1.435544875645800911e+00 3.779582506989462645e-03
1.437271743053049278e+00 3.847161616073446148e-03
1.439002770083102289e+00 3.775645606194275548e-03
1.440737971783431881e+00 3.692211398188786995e-03
1.442477363274176083e+00 3.755845055288819807e-03
1.444220959748579780e+00 3.633026579924565538e-03
1.445968776473435913e+00 3.613639867124895412e-03
1.447720828789531122e+00 3.683596172587585201e-03
1.449477132112094946e+00 3.563147885647592605e-03
1.451237701931252122e+00 3.621740228434104994e-03
1.453002553812477116e+00 3.634054230348739058e-03
1.454771703397053528e+00 3.465221792970132799e-03
1.456545166402535507e+00 3.500313050484914548e-03
1.458322958623214927e+00 3.375334994636200459e-03
1.460105095930588126e+00 3.183046332999223387e-03
1.461891594273828421e+00 3.213873914403417905e-03
1.463682469680264608e+00 3.020105567209570904e-03
1.465477738255856588e+00 2.895459676814988136e-03
1.467277416185680750e+00 2.921708749886252343e-03
1.469081519734415364e+00 2.681381864191743816e-03
1.470890065246829970e+00 2.633059530634063693e-03
1.472703069148280752e+00 2.615527447990387278e-03
1.474520547945205484e+00 2.363271640722813902e-03
1.476342518225627121e+00 2.388239059941523867e-03
1.478168996659656065e+00 2.286407435922536632e-03
1.479999999999999982e+00 2.027733169899321054e-03
