1.120000000000000107e+00 1.725481367216532134e-05
1.120986610288935870e+00 1.452461347104773462e-05
1.121974960324457982e+00 7.883608443640553870e-06
1.122965054712319333e+00 4.698518225480269728e-06
1.123956898074545130e+00 2.318954178314459034e-06
1.124950495049505061e+00 8.428353549413427053e-06
1.125945850291983907e+00 2.657466984541447064e-05
1.126942968473255480e+00 2.160298035030535090e-05
1.127941854281155898e+00 4.661315597676691540e-06
1.128942512420155975e+00 2.245035347475289944e-05
1.129944947611436712e+00 3.168357544647849427e-05
1.130949164592961464e+00 4.814207703870088436e-06
1.131955168119551880e+00 9.532270490012561162e-06
1.132962962962963172e+00 3.849036697515824114e-05
1.133972553911958725e+00 3.179719517259601484e-05
1.134983945772386926e+00 1.082819112848713706e-05
1.135997143367255990e+00 5.191627010018603300e-06
1.137012151536811899e+00 1.901879379447269527e-05
1.138028975138615895e+00 4.386497876183558919e-05
1.139047619047619087e+00 4.017509230318943198e-05
1.140068088156244608e+00 1.648761149415919888e-05
1.141090387374462223e+00 1.099364796421908084e-05
1.142114521629869150e+00 1.435534484030365500e-05
1.143140495867768669e+00 3.260382585799493206e-05
1.144168315051249829e+00 6.405043544309970761e-05
1.145197984161267168e+00 6.437913508235922663e-05
1.146229508196721314e+00 4.098061908222142442e-05
1.147262892174540250e+00 2.647765572870593685e-05
1.148298141129760142e+00 2.508888423854347777e-05
1.149335260115607271e+00 4.639051747709996992e-05
1.150374254203579971e+00 7.600009698357890035e-05
1.151415128483532779e+00 8.236196929338473896e-05
1.152457888063756597e+00 6.554966701241271554e-05
1.153502538071066175e+00 4.425953576078161622e-05
1.154549083650880270e+00 4.128829286218763437e-05
1.155597529967308246e+00 6.214151901360818726e-05
1.156647882203235778e+00 1.046829425044882444e-04
1.157700145560407679e+00 1.635613113527806630e-04
1.158754325259515605e+00 1.843776300073144379e-04
1.159810426540284434e+00 1.463050333952819581e-04
1.160868454661558191e+00 1.104749142815103768e-04
1.161928414901388207e+00 1.030096267099589420e-04
1.162990312557119488e+00 1.316178192559862899e-04
1.164054152945481313e+00 2.201410090651887092e-04
1.165119941402673609e+00 3.343957459718743591e-04
1.166187683284457544e+00 4.120951912793919202e-04
1.167257383966245010e+00 4.068955830554718501e-04
1.168329048843187667e+00 3.319498760089985788e-04
1.169402683330270198e+00 2.806097864972889231e-04
1.170478292862398906e+00 2.923423866900475639e-04
1.171555882894494527e+00 3.616562296326395311e-04
1.172635458901585048e+00 5.122629137646961608e-04
1.173717026378896966e+00 6.799542766405954975e-04
1.174800590841949877e+00 7.613470785749539439e-04
1.175886157826649736e+00 7.371122508586188705e-04
1.176973732889382340e+00 6.367812239546997294e-04
1.178063321607110137e+00 5.525611476261171927e-04
1.179154929577464817e+00 5.540502147117240365e-04
1.180248562418846570e+00 6.179582996788370248e-04
1.181344225770516454e+00 7.463971317633239823e-04
1.182441925292696538e+00 9.008542413756966431e-04
1.183541666666666936e+00 9.833936294793553003e-04
1.184643455594861505e+00 9.924265688841180100e-04
1.185747297800969102e+00 9.498743958558383089e-04
1.186853199030031725e+00 8.837647346705500805e-04
1.187961165048543544e+00 8.692179462830569407e-04
1.189071201644552378e+00 8.967481239839259367e-04
1.190183314627759170e+00 9.377428060928162841e-04
1.191297509829620127e+00 9.910344390608586459e-04
1.192413793103448416e+00 9.930897910351010882e-04
1.193532170324516972e+00 9.453824195208455081e-04
1.194652647390161526e+00 8.976880909943631961e-04
1.195775230219883634e+00 8.436560305648986222e-04
1.196899924755455258e+00 8.195001547498769997e-04
1.198026736961024463e+00 8.309775288621802820e-04
1.199155672823219110e+00 8.280813940329808743e-04
1.200286738351254545e+00 8.204419207648809944e-04
1.201419939577039298e+00 7.908090022359109570e-04
1.202555282555282767e+00 7.347758130697534633e-04
1.203692773363602031e+00 7.137746591649128929e-04
1.204832418102632197e+00 7.274379899271050725e-04
1.205974222896133652e+00 7.847011335729972342e-04
1.207118193891102420e+00 8.977734724470095044e-04
1.208264337257880960e+00 9.963132400791095602e-04
1.209412659190268302e+00 1.057208374321336533e-03
1.210563165905631733e+00 1.071795883014263874e-03
1.211715863645020042e+00 1.029456318771448031e-03
1.212870758673274985e+00 1.011380738698707546e-03
1.214027857279145195e+00 1.048068735230594161e-03
1.215187165775401201e+00 1.137630239552200927e-03
1.216348690498948670e+00 1.313088559021190465e-03
1.217512437810945425e+00 1.502068371505748973e-03
1.218678414096916462e+00 1.626830159112912415e-03
1.219846625766871195e+00 1.653908724683618610e-03
1.221017079255421356e+00 1.540923363257304477e-03
1.222189781021898014e+00 1.383488895059446690e-03
1.223364737550471038e+00 1.292573385871891066e-03
1.224541955350269662e+00 1.284693082580070332e-03
1.225721440955499952e+00 1.419499329168118175e-03
1.226903200925568926e+00 1.674769456208477243e-03
1.228087241845204014e+00 1.944978024297207243e-03
1.229273570324574960e+00 2.149766361484930968e-03
1.230462192999420168e+00 2.158040126937581932e-03
1.231653116531165493e+00 1.976908774073771104e-03
1.232846347607053028e+00 1.764120854659452465e-03
1.234041892940263896e+00 1.589185626473030256e-03
1.235239759270044813e+00 1.540479997488302007e-03
1.236439953361834654e+00 1.673913027478471935e-03
1.237642482007391687e+00 1.926111190077426987e-03
1.238847352024922355e+00 2.261153502902128482e-03
1.240054570259208955e+00 2.528907437108594922e-03
1.241264143581740198e+00 2.558170616046128842e-03
1.242476078890841773e+00 2.420574277827709179e-03
1.243690383111806241e+00 2.235086185760444630e-03
1.244907063197026043e+00 2.134726633671248704e-03
1.246126126126126277e+00 2.254789498523879394e-03
1.247347578906096821e+00 2.567750963524280481e-03
1.248571428571428665e+00 3.050576159163075236e-03
1.249797682184246694e+00 3.603864293633701147e-03
1.251026346834447800e+00 3.951961141775203919e-03
1.252257429639834774e+00 3.974058528799159773e-03
1.253490937746257305e+00 3.708854485311425739e-03
1.254726878327745876e+00 3.323995636095143300e-03
1.255965258586656086e+00 3.112974261468370949e-03
1.257206085753803881e+00 3.166786796232945889e-03
1.258449367088607884e+00 3.484072326945702232e-03
1.259695109879231945e+00 4.063651171580982650e-03
1.260943321442727028e+00 4.651104250883554905e-03
1.262194009125173766e+00 4.979031145745243213e-03
1.263447180301827011e+00 4.945368840019313122e-03
1.264702842377261049e+00 4.629881528259307578e-03
1.265961002785515266e+00 4.388949794258713982e-03
1.267221668990240913e+00 4.455279629914768273e-03
1.268484848484848548e+00 4.863495609240311643e-03
1.269750548792656364e+00 5.682437653139446425e-03
1.271018777467039618e+00 6.735362260662558324e-03
1.272289542091581849e+00 7.672418060409103360e-03
1.273562850280224534e+00 8.167730804691656840e-03
1.274838709677419413e+00 8.017578690271608133e-03
1.276117127958283470e+00 7.590174733530204339e-03
1.277398112828749488e+00 7.452545879316286974e-03
1.278681672025723692e+00 7.840566347485816365e-03
1.279967813317239855e+00 8.964556489098711445e-03
1.281256544502618056e+00 1.080718017121318729e-02
1.282547873412618555e+00 1.295962297435526538e-02
1.283841807909604560e+00 1.488303789327055475e-02
1.285138355887699424e+00 1.600358709332259585e-02
1.286437525272947857e+00 1.644407976571858609e-02
1.287739324023477128e+00 1.706154790582192424e-02
1.289043760129659821e+00 1.848724984046959396e-02
1.290350841614277044e+00 2.124575129110491123e-02
1.291660576532683846e+00 2.572067754847027696e-02
1.292972972972973089e+00 3.150515639720466443e-02
1.294288039056143313e+00 3.735660742295533049e-02
1.295605782936265937e+00 4.165379522496547721e-02
1.296926212800652234e+00 4.426322736495960641e-02
1.298249336870026749e+00 4.737888537896983027e-02
1.299575163398692945e+00 5.323204002139185487e-02
1.300903700674708841e+00 6.320214584515890244e-02
1.302234957020057315e+00 7.800447876143115633e-02
1.303568940790821529e+00 9.559698033970204234e-02
1.304905660377358556e+00 1.108980928298396035e-01
1.306245124204475472e+00 1.201274752250769823e-01
1.307587340731607206e+00 1.253527403213729463e-01
1.308932318452993515e+00 1.329658673110674927e-01
1.310280065897858393e+00 1.479157831174349458e-01
1.311630591630591924e+00 1.709934650547152435e-01
1.312983904250928813e+00 1.962745947039950534e-01
1.314340012394133783e+00 2.114871264569827825e-01
1.315698924731182995e+00 2.113367339389789490e-01
1.317060649968950559e+00 2.056100840134146568e-01
1.318425196850393943e+00 2.068133360069765725e-01
1.319792574154739828e+00 2.177544028107162577e-01
1.321162790697674394e+00 2.287216156232242115e-01
1.322535855331531840e+00 2.234042111978297440e-01
1.323911776945484675e+00 1.976504279224183813e-01
1.325290564465736454e+00 1.661792348821101994e-01
1.326672226855713399e+00 1.421729609645585313e-01
1.328056773116260025e+00 1.229361583290603938e-01
1.329444212285833871e+00 9.973333939185430319e-02
1.330834553440702894e+00 7.191933743552471336e-02
1.332227805695142653e+00 4.704065600742203535e-02
1.333623978201635030e+00 2.941794330408833980e-02
1.335023080151070074e+00 1.685068717844914049e-02
1.336425120772946951e+00 8.145259300838423797e-03
1.337830109335576223e+00 3.707738816189030777e-03
1.339238055146285022e+00 1.962863619117872875e-03
1.340648967551622439e+00 1.302786926525538371e-03
1.342062855937566024e+00 1.128638478725735653e-03
1.343479729729729844e+00 1.016668076985396876e-03
1.344899598393574536e+00 9.817834944038858480e-04
1.346322471434617141e+00 9.906018479853119854e-04
1.347748358398644486e+00 9.680500770669003092e-04
1.349177268871925683e+00 1.020153139394082420e-03
1.350609212481426624e+00 1.049913609460359758e-03
1.352044198895027804e+00 1.094290121846967345e-03
1.353482237821739931e+00 1.196281084854878543e-03
1.354923339011925076e+00 1.252329415599203648e-03
1.356367512257514507e+00 1.364742892684869336e-03
1.357814767392232280e+00 1.487570829486255849e-03
1.359265114291817955e+00 1.576257063306417796e-03
1.360718562874251747e+00 1.745364661700713003e-03
1.362175123099978791e+00 1.881361550688757196e-03
1.363634804972139181e+00 2.023297574111176424e-03
1.365097618536794899e+00 2.229265672208985763e-03
1.366563573883161631e+00 2.355368671501942637e-03
1.368032681143840135e+00 2.513915463108108098e-03
1.369504950495049833e+00 2.681538622552957340e-03
1.370980392156863070e+00 2.765073918043627933e-03
1.372459016393442699e+00 2.931014657860938916e-03
1.373940833513280335e+00 3.077173975301802748e-03
1.375425853869433945e+00 3.195251450454763848e-03
1.376914087859770763e+00 3.421027446679816061e-03
1.378405545927209763e+00 3.577800948395854809e-03
1.379900238559965464e+00 3.748913966045925531e-03
1.381398176291793511e+00 3.989683802249006754e-03
1.382899369702238923e+00 4.122363773303151097e-03
1.384403829416884335e+00 4.323021133500262736e-03
1.385911566107602244e+00 4.540648469385886489e-03
1.387422590492804364e+00 4.650159071777051380e-03
1.388936913337699419e+00 4.851370381812050540e-03
1.390454545454545610e+00 4.976406889046591613e-03
1.391975497702909959e+00 5.010022383221385441e-03
1.393499780989925885e+00 5.139021180270932423e-03
1.395027406270554771e+00 5.155546776426597061e-03
1.396558384547849085e+00 5.189868890367673078e-03
1.398092726873214842e+00 5.336803148773907463e-03
1.399630444346678271e+00 5.373233189044239293e-03
1.401171548117154941e+00 5.505268773159406950e-03
1.402716049382716212e+00 5.667232491572794101e-03
1.404263959390863237e+00 5.692129198453074919e-03
1.405815289438798299e+00 5.829965396068860321e-03
1.407370050873700595e+00 5.899058644273990487e-03
1.408928255093002901e+00 5.878712988042822385e-03
1.410489913544668905e+00 5.993870591940298094e-03
1.412055037727474760e+00 5.977816149978699110e-03
1.413623639191290859e+00 5.948908225008211863e-03
1.415195729537366942e+00 6.015118070669627989e-03
1.416771320418615199e+00 5.908745637248516078e-03
1.418350423539902039e+00 5.885734505708724133e-03
1.419933050658335194e+00 5.917386680804214392e-03
1.421519213583556818e+00 5.828269714804111372e-03
1.423108924178036361e+00 5.922225255899474933e-03
1.424702194357366780e+00 5.995060323888840199e-03
1.426299036090562744e+00 5.993865425148678545e-03
1.427899461400359282e+00 6.160169756991483447e-03
1.429503482363513989e+00 6.173338713022033346e-03
1.431111111111111445e+00 6.161912366690955670e-03
1.432722359828867420e+00 6.264182248940863666e-03
1.434337240757439291e+00 6.169311687276936990e-03
1.435955766192733130e+00 6.167429908696467344e-03
1.437577948486218116e+00 6.217853470731670405e-03
1.439203800045238735e+00 6.087463133845416076e-03
1.440833333333333410e+00 6.125183951639757637e-03
1.442466560870550918e+00 6.106821968858101510e-03
1.444103495233772350e+00 5.977621804231867536e-03
1.445744149057032635e+00 6.061661630812307210e-03
1.447388535031847390e+00 6.015953430570168160e-03
1.449036665907538435e+00 5.985809145271892527e-03
1.450688554491564197e+00 6.135587126261689978e-03
1.452344213649851890e+00 6.070994672697492024e-03
1.454003656307129910e+00 6.095309914150149819e-03
1.455666895447266240e+00 6.159421284280131546e-03
1.457333944113605506e+00 5.973366649039164346e-03
1.459004815409310041e+00 5.960697385445857567e-03
1.460679522497704275e+00 5.887101503464526632e-03
1.462358078602620015e+00 5.667302606168697632e-03
1.464040497008743946e+00 5.690951880097099014e-03
1.465726791061967349e+00 5.555034791634183046e-03
1.467416974169741817e+00 5.396476862325553722e-03
1.469111059801431418e+00 5.443590461026459951e-03
1.470809061488673297e+00 5.253517758350216039e-03
1.472510992825735165e+00 5.183786119171724695e-03
1.474216867469879455e+00 5.228839939296625605e-03
1.475926699141730580e+00 5.036308060469424364e-03
1.477640501625638869e+00 5.073531204904190885e-03
1.479358288770053598e+00 5.063230555067850351e-03
1.481080074487895804e+00 4.853270415646002665e-03
1.482805872756933319e+00 4.897345535319754667e-03
1.484535697620158690e+00 4.737992081742452115e-03
1.486269563186171316e+00 4.517275522694750613e-03
1.488007483629560479e+00 4.547651562878053839e-03
1.489749473191290141e+00 4.309886262245881013e-03
1.491495546179090415e+00 4.196274872269690343e-03
1.493245716967847914e+00 4.236405835903797948e-03
1.495000000000000107e+00 3.983944723612812579e-03
1.496758409785932775e+00 3.985775896463363173e-03
1.498520960904380805e+00 3.967228358010430056e-03
1.500287668002829644e+00 3.715434927359585054e-03
1.502058545797922973e+00 3.794714015636806333e-03
1.503833609075868827e+00 3.680458172562333079e-03
1.505612872692853932e+00 3.470438486486550865e-03
1.507396351575456261e+00 3.569256805941774940e-03
1.509184060721062703e+00 3.325473305790845133e-03
1.510976015198290279e+00 3.154828696620747778e-03
1.512772230147408692e+00 3.187201273522718113e-03
1.514572720780766657e+00 2.835260259042053903e-03
1.516377502383222220e+00 2.750490111186556889e-03
1.518186590312574857e+00 2.716519024427203020e-03
1.520000000000000240e+00 2.359983680664314801e-03
