1.380000000000000115e+00 1.158302150372796704e-04
1.381037945169418579e+00 1.191992259949454765e-04
1.382077452862143119e+00 1.467781998960815361e-04
1.383118526609167454e+00 1.870270841150917468e-04
1.384161169952131898e+00 2.458956996132026463e-04
1.385205386443363107e+00 3.326094964177029917e-04
1.386251179645917597e+00 4.249274634494048489e-04
1.387298553133618162e+00 4.794950492814479843e-04
1.388347510491097170e+00 4.789240582106956334e-04
1.389398055313836089e+00 4.425590957415574526e-04
1.390450191208209008e+00 3.910035906512963834e-04
1.391503921791519938e+00 3.309993492781841814e-04
1.392559250692048112e+00 2.791887867803437675e-04
1.393616181549087285e+00 2.661470873574181182e-04
1.394674718012988590e+00 3.039065140373639444e-04
1.395734863745201837e+00 3.784544527831321331e-04
1.396796622418318146e+00 4.856396808180439800e-04
1.397859997716113023e+00 6.400426217159989502e-04
1.398924993333587663e+00 8.280989823187510663e-04
1.399991612977012023e+00 9.853922459975824125e-04
1.401059860363969234e+00 1.050486859835172678e-03
1.402129739223397342e+00 1.020377507768220095e-03
1.403201253295632611e+00 9.300447532288715156e-04
1.404274406332453928e+00 8.055758547544520027e-04
1.405349202097126327e+00 6.695981837482772089e-04
1.406425644364444505e+00 5.661807428490308811e-04
1.407503736920777238e+00 5.360061154312206842e-04
1.408583483564113337e+00 5.783842485046272871e-04
1.409664888104103619e+00 6.753089968760974098e-04
1.410747954362106871e+00 8.386164357068088843e-04
1.411832686171235585e+00 1.086911142926834948e-03
1.412919087376399707e+00 1.380143855339672045e-03
1.414007161834353932e+00 1.624371121297207192e-03
1.415096913413741664e+00 1.748843652998982286e-03
1.416188345995141429e+00 1.744287499345149829e-03
1.417281463471112612e+00 1.630374083771197634e-03
1.418376269746243867e+00 1.436457712063565805e-03
1.419472768737196189e+00 1.223284806947502789e-03
1.420570964372751543e+00 1.070576362370392106e-03
1.421670860593860386e+00 1.016985026268586246e-03
1.422772461353686513e+00 1.048000079159938256e-03
1.423875770617657244e+00 1.158443835163956324e-03
1.424980792363509385e+00 1.379972666042534419e-03
1.426087530581336749e+00 1.718514741021655474e-03
1.427195989273638999e+00 2.106298321916490364e-03
1.428306172455369394e+00 2.449404243797495724e-03
1.429418084153984081e+00 2.687952505972903295e-03
1.430531728409489389e+00 2.783012197496720439e-03
1.431647109274492458e+00 2.697863856780205807e-03
1.432764230814248751e+00 2.448732746857401783e-03
1.433883097106711801e+00 2.140505526905650199e-03
1.435003712242585383e+00 1.892000215365344934e-03
1.436126080325368815e+00 1.743358983718071168e-03
1.437250205471410247e+00 1.684039397586934968e-03
1.438376091809956625e+00 1.739295882276885308e-03
1.439503743483203646e+00 1.958075167075239587e-03
1.440633164646345943e+00 2.328784918635951572e-03
1.441764359467629930e+00 2.776497076440754934e-03
1.442897332128403765e+00 3.236200361200070562e-03
1.444032086823168859e+00 3.657483677396879043e-03
1.445168627759631841e+00 3.945273911374192269e-03
1.446306959158757177e+00 3.992429479292743978e-03
1.447447085254818688e+00 3.802047628953559612e-03
1.448589010295451951e+00 3.504565740010057422e-03
1.449732738541708033e+00 3.223280149140326633e-03
1.450878274268105006e+00 2.992192641763021920e-03
1.452025621762682572e+00 2.833024822553586834e-03
1.453174785327054908e+00 2.821440587643664778e-03
1.454325769276464397e+00 3.012160590759584318e-03
1.455478577939836260e+00 3.366447446979062546e-03
1.456633215659831393e+00 3.820892196556098866e-03
1.457789686792902328e+00 4.362949242894306745e-03
1.458947995709348078e+00 4.958008193598910200e-03
1.460108146793368311e+00 5.461345425477051423e-03
1.461270144443118202e+00 5.708606758796330206e-03
1.462433993070765936e+00 5.673296426384158431e-03
1.463599697102547115e+00 5.452727354838862381e-03
1.464767260978820484e+00 5.131803837148089451e-03
1.465936689154125894e+00 4.760855692584672373e-03
1.467107986097239580e+00 4.442210529866285652e-03
1.468281156291231904e+00 4.311820944675010155e-03
1.469456204233524188e+00 4.415510346028056129e-03
1.470633134435946010e+00 4.702129357563658574e-03
1.471811951424792930e+00 5.150746228937900205e-03
1.472992659740884891e+00 5.791319849303110980e-03
1.474175263939625502e+00 6.566835626715989901e-03
1.475359768591056886e+00 7.289613319484637873e-03
1.476546178279924515e+00 7.795414308753174579e-03
1.477734497605730057e+00 8.054415562134773290e-03
1.478924731182795771e+00 8.086881945836175631e-03
1.480116883640321124e+00 7.885607989961814987e-03
1.481310959622443857e+00 7.506162313068847139e-03
1.482506963788301046e+00 7.132527179824885502e-03
1.483704900812088612e+00 6.941074145465752493e-03
1.484904775383122377e+00 6.962592373784110521e-03
1.486106592205900467e+00 7.170395265301761009e-03
1.487310356000162148e+00 7.620821194686643388e-03
1.488516071500952664e+00 8.376376686116120129e-03
1.489723743458683636e+00 9.343862035541506891e-03
1.490933376639194785e+00 1.032389272371238287e-02
1.492144975823818998e+00 1.118669116980101561e-02
1.493358545809442495e+00 1.187211380083323144e-02
1.494574091408571226e+00 1.226783249721296633e-02
1.495791617449391042e+00 1.227027226167580129e-02
1.497011128775834976e+00 1.197794915486853802e-02
1.498232630247643860e+00 1.166094438108732784e-02
1.499456126740435380e+00 1.150589438973403933e-02
1.500681623145764476e+00 1.153565179885146855e-02
1.501909124371191728e+00 1.179755474366882793e-02
1.503138635340346418e+00 1.243732093391320195e-02
1.504370160992995142e+00 1.350122517476364491e-02
1.505603706285105536e+00 1.482687850186814940e-02
1.506839276188913113e+00 1.622850030731776486e-02
1.508076875692990093e+00 1.763659982399254020e-02
1.509316509802310025e+00 1.894583055086567283e-02
1.510558183538316390e+00 1.990392038302518651e-02
1.511801901938989889e+00 2.033981868642942628e-02
1.513047670058918159e+00 2.039518167080090968e-02
1.514295492969362389e+00 2.035979647878996199e-02
1.515545375758326152e+00 2.038373593042636794e-02
1.516797323530626906e+00 2.053661944301328479e-02
1.518051341407961941e+00 2.103221758217795057e-02
1.519307434528981204e+00 2.213069592045843401e-02
1.520565608049356365e+00 2.384717437403460760e-02
1.521825867141850752e+00 2.598682094193116576e-02
1.523088216996391964e+00 2.843493842580786454e-02
1.524352662820140480e+00 3.114689388899468878e-02
1.525619209837564050e+00 3.385339939606428483e-02
1.526887863290508074e+00 3.609573455446398599e-02
1.528158628438267552e+00 3.766919392070874895e-02
1.529431510557661467e+00 3.879612236160445010e-02
1.530706514943103613e+00 3.977483010512267159e-02
1.531983646906678986e+00 4.073727725150287637e-02
1.533262911778213944e+00 4.189140199001042952e-02
1.534544314905353035e+00 4.368739852057031137e-02
1.535827861653632498e+00 4.647096408743160711e-02
1.537113557406555087e+00 5.016892710745082112e-02
1.538401407565665791e+00 5.455217618408488012e-02
1.539691417550627106e+00 5.957091207427528401e-02
1.540983592799295199e+00 6.509935050360585174e-02
1.542277938767796730e+00 7.054461608314201160e-02
1.543574460930604131e+00 7.514934454806421193e-02
1.544873164780615316e+00 7.866712330881463211e-02
1.546174055829228511e+00 8.141876267648012755e-02
1.547477139606422192e+00 8.377888356418330962e-02
1.548782421660832798e+00 8.605431077288527852e-02
1.550089907559832891e+00 8.886254009222685490e-02
1.551399602889611762e+00 9.308300094406961323e-02
1.552711513255253806e+00 9.918739451518167327e-02
1.554025644280817797e+00 1.069465502381513194e-01
1.555342001609419489e+00 1.159131924908020361e-01
1.556660590903310881e+00 1.257086041677002441e-01
1.557981417843961269e+00 1.355587524069623850e-01
1.559304488132139177e+00 1.440933881394198257e-01
1.560629807487994514e+00 1.502355685599233992e-01
1.561957381651142285e+00 1.541603848834749158e-01
1.563287216380741862e+00 1.569784873933582348e-01
1.564619317455583802e+00 1.597028474415383426e-01
1.565953690674171783e+00 1.630053359046999828e-01
1.567290341854808089e+00 1.676922811515350886e-01
1.568629276835675768e+00 1.745307689372132265e-01
1.569970501474926117e+00 1.832982397509025918e-01
1.571314021650763726e+00 1.924755835917739133e-01
1.572659843261530854e+00 2.001337568684962986e-01
1.574007972225794250e+00 2.048372132035914395e-01
1.575358414482433522e+00 2.057537496448504089e-01
1.576711175990726188e+00 2.027083774894914980e-01
1.578066262730437375e+00 1.967002693648927936e-01
1.579423680701905752e+00 1.898954586040065284e-01
1.580783435926133240e+00 1.843433975119187496e-01
1.582145534444875379e+00 1.805842554977697689e-01
1.583509982320728149e+00 1.776583319903020097e-01
1.584876785637219010e+00 1.741066499862489736e-01
1.586245950498898827e+00 1.685415053454252243e-01
1.587617483031429799e+00 1.597449925271758053e-01
1.588991389381680275e+00 1.472733257763167991e-01
1.590367675717812235e+00 1.322590127054379949e-01
1.591746348229378993e+00 1.169429773140780587e-01
1.593127413127413350e+00 1.029180243282209056e-01
1.594510876644522845e+00 9.005875884252485808e-02
1.595896745034983466e+00 7.735361691193784472e-02
1.597285024574833789e+00 6.437991934596541677e-02
1.598675721561969576e+00 5.165070351887441485e-02
1.600068842316239026e+00 3.992341189306935351e-02
1.601464393179538703e+00 2.971497085787803971e-02
1.602862380515909679e+00 2.136648364525731841e-02
1.604262810711633680e+00 1.505694234660306420e-02
1.605665690175331672e+00 1.061955581550538298e-02
1.607071025338059789e+00 7.607370835611525738e-03
1.608478822653410134e+00 5.621675654075233668e-03
1.609889088597606710e+00 4.421327023648001162e-03
1.611301829669606445e+00 3.751052769168825799e-03
1.612717052391199557e+00 3.315845249281385021e-03
1.614134763307107701e+00 2.973413477405672124e-03
1.615554968985086548e+00 2.758142073286920255e-03
1.616977676016027710e+00 2.668509153360389824e-03
1.618402891014058653e+00 2.597346568221792044e-03
1.619830620616647066e+00 2.500400019730723410e-03
1.621260871484702992e+00 2.451722655360694461e-03
1.622693650302682089e+00 2.476240341484188794e-03
1.624128963778691981e+00 2.487511925682499812e-03
1.625566818644593292e+00 2.447798623477745721e-03
1.627007221656107783e+00 2.434633239488183908e-03
1.628450179592922709e+00 2.484063497906903971e-03
1.629895699258799180e+00 2.516284978534461935e-03
1.631343787481675855e+00 2.488680379134364153e-03
1.632794451113778855e+00 2.478988202462689520e-03
1.634247697031729896e+00 2.535333911899346256e-03
1.635703532136653315e+00 2.581887446012027382e-03
1.637161963354286653e+00 2.564287159186080713e-03
1.638622997635090117e+00 2.555782746206667136e-03
1.640086641954356717e+00 2.617116350314953321e-03
1.641552903312324174e+00 2.677686984806576433e-03
1.643021788734285060e+00 2.669328822327398775e-03
1.644493305270700034e+00 2.658852099806520864e-03
1.645967459997310867e+00 2.722369571539303389e-03
1.647444260015252793e+00 2.798684392137890369e-03
1.648923712451169754e+00 2.805031750050849051e-03
1.650405824457328086e+00 2.797640769792246115e-03
1.651890603211731534e+00 2.867286139002658048e-03
1.653378055918238942e+00 2.964197023683860874e-03
1.654868189806678380e+00 2.988635792422872882e-03
1.656361012132966604e+00 2.979997946580393783e-03
1.657856530179224741e+00 3.042538416275364886e-03
1.659354751253897531e+00 3.143428851531171291e-03
1.660855682691873003e+00 3.168981999353548667e-03
1.662359331854601496e+00 3.139096575763233171e-03
1.663865706130216449e+00 3.172408323926800573e-03
1.665374812933654081e+00 3.261804824327374681e-03
1.666886659706776852e+00 3.285838147591214984e-03
1.668401253918495364e+00 3.240695234149017050e-03
1.669918603064890483e+00 3.253470661559701611e-03
1.671438714669336800e+00 3.344465761740736919e-03
1.672961596282629859e+00 3.386826306921689352e-03
1.674487255483106507e+00 3.346508291541130421e-03
1.676015699876774567e+00 3.350660629842191086e-03
1.677546937097437407e+00 3.448377708896886804e-03
1.679080974806821835e+00 3.513532268589455564e-03
1.680617820694705111e+00 3.480557985328070879e-03
1.682157482479043509e+00 3.471712629346178098e-03
1.683699967906102435e+00 3.568622026404950302e-03
1.685245284750585437e+00 3.654528736427483000e-03
1.686793440815764544e+00 3.631465403784412110e-03
1.688344443933612604e+00 3.608243643374876072e-03
1.689898301964934735e+00 3.698196270137113148e-03
1.691455022799502661e+00 3.800888316390448659e-03
1.693014614356184833e+00 3.784808763232767100e-03
1.694577084583083426e+00 3.735005902129957117e-03
1.696142441457669792e+00 3.795032519126848112e-03
1.697710692986917236e+00 3.892625347109475529e-03
1.699281847207440910e+00 3.869503541512944993e-03
1.700855912185633034e+00 3.780498383079163201e-03
1.702432896017801678e+00 3.796855669522964435e-03
1.704012806830309534e+00 3.885975870137821451e-03
1.705595652779712923e+00 3.870894015482472233e-03
1.707181442052903453e+00 3.766686131883191426e-03
1.708770182867247023e+00 3.760215186216330028e-03
1.710361883470728372e+00 3.861019539998783359e-03
1.711956552142091637e+00 3.879027742809392290e-03
1.713554197190984896e+00 3.781271641067742838e-03
1.715154826958105838e+00 3.758821607038781952e-03
1.716758449815342980e+00 3.867746042919284911e-03
1.718365074165925988e+00 3.916299408926513133e-03
1.719974708444569567e+00 3.821629464798380772e-03
1.721587361117622450e+00 3.770460329825950623e-03
1.723203040683215503e+00 3.870911703340007646e-03
1.724821755671410495e+00 3.943237841813069383e-03
1.726443514644351751e+00 3.853076135695481744e-03
1.728068326196414484e+00 3.769028885699834443e-03
1.729696198954359332e+00 3.850569044328397156e-03
1.731327141577483575e+00 3.942645387629043277e-03
1.732961162757774787e+00 3.859728341845431072e-03
1.734598271220065380e+00 3.737458389458062514e-03
1.736238475722188257e+00 3.783984517540468599e-03
1.737881785055132244e+00 3.885482267954494962e-03
1.739528208043200186e+00 3.813320418824361728e-03
1.741177753544165707e+00 3.657900943730555028e-03
1.742830430449433310e+00 3.669239345430209531e-03
1.744486247684195801e+00 3.788066666408871318e-03
1.746145214207598606e+00 3.751182972603713320e-03
1.747807339012898531e+00 3.589417578145283078e-03
1.749472631127626077e+00 3.580788924118970262e-03
1.751141099613752417e+00 3.728462045179313945e-03
1.752812753567849047e+00 3.743644734424041512e-03
1.754487602121255652e+00 3.585468030696512681e-03
1.756165654440247081e+00 3.547295767949888799e-03
1.757846919726198331e+00 3.706577215455794660e-03
1.759531407215754184e+00 3.765105040294922274e-03
1.761219126180998629e+00 3.601810116667396658e-03
1.762910085929624282e+00 3.510881594519572879e-03
1.764604295805103140e+00 3.656301185800590881e-03
1.766301765186859996e+00 3.751928920799550184e-03
1.768002503490443633e+00 3.588518279655825583e-03
1.769706520167703134e+00 3.437264732754781536e-03
1.771413824706961071e+00 3.552910139731761587e-03
1.773124426633190476e+00 3.685715366581962700e-03
1.774838335508192033e+00 3.535311344899833268e-03
1.776555560930772826e+00 3.322141740839603015e-03
1.778276112536923526e+00 3.390329888769424461e-03
1.780000000000000249e+00 3.556238586156239192e-03
