6.600000000000000311e-01 2.453837740641330562e-08
6.608340178176533852e-01 2.039573920115085874e-08
6.616701461377871851e-01 2.053034451077051511e-08
6.625083929815671624e-01 2.440252594442788356e-08
6.633487664108581594e-01 1.880878010329676895e-08
6.641912745284815900e-01 2.086111736558843124e-08
6.650359254784764529e-01 2.379251028233596609e-08
6.658827274463614554e-01 1.786799620354692767e-08
6.667316886593995795e-01 2.062108774229276169e-08
6.675828173868640913e-01 2.369918680564808780e-08
6.684361219403081034e-01 1.691139113130883809e-08
6.692916106738338033e-01 2.006690668762062538e-08
6.701492919843660134e-01 2.461061125410935104e-08
6.710091743119267482e-01 1.527774292536623661e-08
6.718712661399114383e-01 1.999944484170091641e-08
6.727355759953689285e-01 2.598574677115925994e-08
6.736021124492820311e-01 1.323371639015166225e-08
6.744708841168505220e-01 2.052749767521432764e-08
6.753418996577775779e-01 2.741788387604269759e-08
6.762151677765566582e-01 1.142783749438031786e-08
6.770906972227618281e-01 2.089991553400517635e-08
6.779684967913399696e-01 2.896861491625646563e-08
6.788485753229052122e-01 1.039408446378342462e-08
6.797309417040359181e-01 1.976111166177948281e-08
6.806156048675734427e-01 3.226477469323794147e-08
6.815025737929237826e-01 9.969363289916117234e-09
6.823918575063614433e-01 1.795691214213453233e-08
6.832834650813354171e-01 3.934431355531989100e-08
6.841774056387781577e-01 9.858963658361626325e-09
6.850736883474159988e-01 1.741485027851323684e-08
6.859723224240834583e-01 4.833432624235775789e-08
6.868733171340382082e-01 1.047916509200003396e-08
6.877766817912803754e-01 1.737416904991394912e-08
6.886824257588727294e-01 5.527544231666753451e-08
6.895905584492648677e-01 1.355377984706202017e-08
6.905010893246187331e-01 1.452288525831515972e-08
6.914140278971374620e-01 6.009309710390201313e-08
6.923293837293970077e-01 2.009553357550777794e-08
6.932471664346788742e-01 9.404197981746222889e-09
6.941673856773080686e-01 6.176099493552335046e-08
6.950900511729912745e-01 2.897478255471946812e-08
6.960151726891595780e-01 3.580741338419297095e-09
6.969427600453121929e-01 5.214766208271750170e-08
6.978728231133648485e-01 4.255489315692634830e-08
6.988053718179996210e-01 5.321404619958428541e-10
6.997404161370174291e-01 4.010703655523768181e-08
7.006779661016948602e-01 7.881045844408159585e-08
7.016180317971422165e-01 1.475986033434871757e-08
7.025606233626653374e-01 4.085898591288225536e-08
7.035057509921301966e-01 1.251046777534593387e-07
7.044534249343301635e-01 5.004976984407605184e-08
7.054036554933567071e-01 4.403942592757512774e-08
7.063564530289728749e-01 1.749076055815290572e-07
7.073118279569893252e-01 1.114879251713766472e-07
7.082697907496445788e-01 5.572178226705553631e-08
7.092303519359870467e-01 2.122355141542810222e-07
7.101935221022612765e-01 1.746286020546138062e-07
7.111593118922961976e-01 6.095471254440863533e-08
7.121277320078981399e-01 2.008884252759721736e-07
7.130987932092454074e-01 2.323331993237725742e-07
7.140725063152864038e-01 8.273017462708410982e-08
7.150488822041429771e-01 1.751509219022257291e-07
7.160279318135140958e-01 3.061009312255945832e-07
7.170096661410845229e-01 1.640813317151288292e-07
7.179940962449371522e-01 1.777224005811770752e-07
7.189812332439678988e-01 4.039464140026379013e-07
7.199710883183039201e-01 3.086578532319550555e-07
7.209636727097264997e-01 2.127406814749934119e-07
7.219589977220958188e-01 4.619411911085383238e-07
7.229570747217806126e-01 4.238146251883582931e-07
7.239579151380910460e-01 2.192986223723572345e-07
7.249615304637139213e-01 4.009055756484998563e-07
7.259679322551537695e-01 4.621975696870564473e-07
7.269771321331758296e-01 2.258864174135421767e-07
7.279891417832533573e-01 2.992353396188845216e-07
7.290039729560187087e-01 4.876278083745067989e-07
7.300216374677184206e-01 2.948605647912706664e-07
7.310421472006710664e-01 2.321612057592231453e-07
7.320655141037307745e-01 4.658094634209795812e-07
7.330917501927525226e-01 3.426933861468406333e-07
7.341208675510634274e-01 1.560430115431685628e-07
7.351528783299360326e-01 3.033316700767412644e-07
7.361877947490674812e-01 2.534128341033733311e-07
7.372256290970607973e-01 5.855576059547512831e-08
7.382663937319122738e-01 1.095203061351365519e-07
7.393101010815014140e-01 1.465418963669644872e-07
7.403567636440858690e-01 3.322186582978032006e-08
7.414063939887999277e-01 2.069208783901078312e-08
7.424590047561582251e-01 7.415739577950539994e-08
7.435146086585626701e-01 3.638636915927835267e-08
7.445732184808143694e-01 7.498835582059725722e-10
7.456348470806302142e-01 3.546993277829174107e-08
7.466995073891625756e-01 3.865651488320448069e-08
7.477672124115251062e-01 5.053048383581491729e-09
7.488379752273215395e-01 1.795541678845178920e-08
7.499118089911808172e-01 7.235903554813888353e-08
7.509887269332951032e-01 4.550024722871741115e-08
7.520687423599625721e-01 3.683881518937568941e-08
7.531518686541369689e-01 2.190671229664228281e-07
7.542381192759789466e-01 2.312541444617436068e-07
7.553275077634143964e-01 2.170994242382713542e-07
7.564200477326969985e-01 6.049434902050803581e-07
7.575157528789745465e-01 1.208250549924642145e-06
7.586146369768623776e-01 1.834087410702180581e-06
7.597167138810199116e-01 3.555422191838557546e-06
7.608219975267331847e-01 5.857779562570427807e-06
7.619305019305019355e-01 5.926017264969651597e-06
7.630422411906325753e-01 6.343067781247179677e-06
7.641572294878352656e-01 7.748923473904570583e-06
7.652754810858272139e-01 7.180694765914349289e-06
7.663970103319411864e-01 5.941773206857788588e-06
7.675218316577383515e-01 6.666152788942028607e-06
7.686499595796281170e-01 7.924862347967428545e-06
7.697814086994921867e-01 8.501206745780567363e-06
7.709161937053145008e-01 1.048372957977517399e-05
7.720543293718166167e-01 1.557146234305139393e-05
7.731958305610999727e-01 2.140399225306946870e-05
7.743407122232917050e-01 2.764327803126679815e-05
7.754889893971973480e-01 3.965618140758983128e-05
7.766406772109601953e-01 5.267348510727848669e-05
7.777957908827247691e-01 5.643734054902868949e-05
7.789543457213079503e-01 5.671893324898521994e-05
7.801163571268742158e-01 6.005730513243803174e-05
7.812818405916188702e-01 6.007143200272691387e-05
7.824508117004563834e-01 5.662545585089803188e-05
7.836232861317150578e-01 6.032585996951828793e-05
7.847992796578375785e-01 6.984987993927929337e-05
7.859788081460885589e-01 7.922568097634135752e-05
7.871618875592685249e-01 9.213274324297349204e-05
7.883485339564334504e-01 1.167181479023259011e-04
7.895387634936212873e-01 1.470411710192616765e-04
7.907325924245861559e-01 1.604269729397277513e-04
7.919300371015371987e-01 1.644133774821172325e-04
7.931311139758854267e-01 1.667831626685330139e-04
7.943358395989974508e-01 1.603100792386274748e-04
7.955442306229558724e-01 1.448686788272065867e-04
7.967563038013255605e-01 1.280723914334486321e-04
7.979720759899290305e-01 1.168864780959933287e-04
7.991915641476274867e-01 1.136347724944914599e-04
8.004147853371088583e-01 1.329379548545171145e-04
8.016417567256840515e-01 1.723545368088443073e-04
8.028724955860905288e-01 2.016941179457171684e-04
8.041070192973014397e-01 2.020663424434017462e-04
8.053453453453454092e-01 1.772478072093648942e-04
8.065874913241304345e-01 1.407672925594054963e-04
8.078334749362786615e-01 9.427603586192257932e-05
8.090833139939661578e-01 6.337879309218356254e-05
8.103370264197722328e-01 6.648503793490276195e-05
8.115946302475363083e-01 1.042872041986922835e-04
8.128561436232222270e-01 1.621470321671352388e-04
8.141215848057912208e-01 2.115252420451195752e-04
8.153909721680829836e-01 2.619030081853841903e-04
8.166643241977044054e-01 2.880604081888560103e-04
8.179416594979276312e-01 2.267629151280353163e-04
8.192229967885956698e-01 2.081178021815513143e-04
8.205083549070371074e-01 2.555900302780069735e-04
8.217977528089889239e-01 1.857590765441461517e-04
8.230912095695287478e-01 2.389026942991953769e-04
8.243887443840152152e-01 3.059651223675502311e-04
8.256903765690376540e-01 3.466489122231684416e-04
8.269961255633747621e-01 4.223348172484508913e-04
8.283060109289618334e-01 5.390479591024103026e-04
8.296200523518681980e-01 7.022713164897267588e-04
8.309382696432828785e-01 8.486026145651279044e-04
8.322606827405109042e-01 9.508704959850158974e-04
8.335873117079780625e-01 9.681264702039519806e-04
8.349181767382454211e-01 9.371181402131517667e-04
8.362532981530343967e-01 8.458921587491692986e-04
8.375926964042604839e-01 7.086952851400773112e-04
8.389363920750783077e-01 7.234002824328066537e-04
8.402844058809352257e-01 1.157224984456028732e-03
8.416367586706365866e-01 2.135653744817586457e-03
8.429934714274200935e-01 3.457467928497927074e-03
8.443545652700411575e-01 4.904210379040795272e-03
8.457200614538692429e-01 7.231218568287850132e-03
8.470899813719933169e-01 1.060453257502595552e-02
8.484643465563399545e-01 1.357941618653545762e-02
8.498431786788007702e-01 1.590873422468191967e-02
8.512264995523725064e-01 1.723792919848031457e-02
8.526143311323063356e-01 1.917471261019271581e-02
8.540066955172697094e-01 2.047179592217917427e-02
8.554036149505195308e-01 1.924198226029292386e-02
8.568051118210864292e-01 1.857291154538869005e-02
8.582112086649709148e-01 1.857879774440001491e-02
8.596219281663517453e-01 2.048136395338123403e-02
8.610372931588047285e-01 2.405387181688840859e-02
8.624573266265359583e-01 2.567338221205001797e-02
8.638820517056250425e-01 2.882899525610059868e-02
8.653114916852817640e-01 3.392255100984519628e-02
8.667456700091158428e-01 4.035895788078246171e-02
8.681846102764174677e-01 4.694636190542778725e-02
8.696283362434522601e-01 4.534031462731205608e-02
8.710768718247690057e-01 4.446156738238420808e-02
8.725302410945190434e-01 4.570477935419587495e-02
8.739884682877914202e-01 4.372762524988151045e-02
8.754515778019587025e-01 3.950300418887782439e-02
8.769195941980379994e-01 3.105316854425220485e-02
8.783925422020660845e-01 2.573913849119752184e-02
8.798704467064861756e-01 2.398983472808818157e-02
8.813533327715513677e-01 2.061927539458659198e-02
8.828412256267409441e-01 1.724743187817881496e-02
8.843341506721907885e-01 1.386586661512305592e-02
8.858321334801390057e-01 1.155871936428723781e-02
8.873351997963858651e-01 1.128470891530504797e-02
8.888433755417693982e-01 1.011081701932883478e-02
8.903566868136546519e-01 8.386934768012747551e-03
8.918751598874392617e-01 7.059837358615794409e-03
8.933988212180747901e-01 6.006418710561627246e-03
8.949276974416019437e-01 5.892020301377380934e-03
8.964618153767035524e-01 5.339718572321684210e-03
8.980012020262729822e-01 4.305484626776890852e-03
8.995458845789972013e-01 3.821962346600957933e-03
9.010958904109589440e-01 3.556340353162629198e-03
9.026512470872530836e-01 3.673941130880763704e-03
9.042119823636206588e-01 3.691353602630268252e-03
9.057781241881009970e-01 3.095719619328625525e-03
9.073497007026980476e-01 2.902867782357901934e-03
9.089267402450682543e-01 3.004125080819058328e-03
9.105092713502221935e-01 3.044651975713560509e-03
9.120973227522456428e-01 2.963602068917165454e-03
9.136909233860400770e-01 2.453439904414139033e-03
9.152901023890785970e-01 2.211719106128351778e-03
9.168948891031822868e-01 2.270181047362390507e-03
9.185053130763151108e-01 2.114643465637314982e-03
9.201214040643970193e-01 1.950261305020741312e-03
9.217431920331365935e-01 1.694062620782420779e-03
9.233707071598834526e-01 1.503876590729317586e-03
9.250039798355000897e-01 1.544086284939017112e-03
9.266430406662532482e-01 1.541023727554548597e-03
9.282879204757255032e-01 1.426245223996144363e-03
9.299386503067486043e-01 1.352302730654883489e-03
9.315952614233546925e-01 1.202533469312465830e-03
9.332577853127511647e-01 1.187559242222297048e-03
9.349262536873157448e-01 1.250128841230163310e-03
9.366006984866125373e-01 1.117786006304104544e-03
9.382811518794296202e-01 9.659778817879190746e-04
9.399676462658399512e-01 8.361136538521440681e-04
9.416602142792834806e-01 7.768124045669018863e-04
9.433588887886715790e-01 8.041488487254151154e-04
9.450637029005151124e-01 6.971606233322280100e-04
9.467746899610754996e-01 5.423597825350952783e-04
9.484918835585383068e-01 4.875592434680691496e-04
9.502153175252113781e-01 4.750203912094951258e-04
9.519450259397471692e-01 4.638378952496759709e-04
9.536810431293882839e-01 4.040424540228944403e-04
9.554234036722391021e-01 3.105175176868267919e-04
9.571721423995607214e-01 2.865464187266281767e-04
9.589272943980929886e-01 2.962740005391742448e-04
9.606888950124001791e-01 2.778290911184527886e-04
9.624569798472440985e-01 2.607869674569775328e-04
9.642315847699826081e-01 2.637195456416304980e-04
9.660127459129953520e-01 3.125520809222860283e-04
9.678004996761359058e-01 4.269014789580579316e-04
9.695948827292111272e-01 5.440052655491457896e-04
9.713959320144887055e-01 6.666028373926838118e-04
9.732036847492324672e-01 8.712022963814383377e-04
9.750181784282652142e-01 1.067057962780325244e-03
9.768394508265620946e-01 1.298557236936613221e-03
9.786675400018715054e-01 1.661654040839752192e-03
9.805024842973658616e-01 1.976704210692697798e-03
9.823443223443226735e-01 2.201445694161126808e-03
9.841930930648351561e-01 2.279703818004519700e-03
9.860488356745548133e-01 2.289979344406763238e-03
9.879115896854634427e-01 2.597365794837917189e-03
9.897813949086782248e-01 2.797564822023999864e-03
9.916582914572865670e-01 2.459267990765491140e-03
9.935423197492164737e-01 2.178631744391642394e-03
9.954335205101362272e-01 2.119816951327430088e-03
9.973319347763899279e-01 2.148833727757892744e-03
9.992376038979651209e-01 2.104781413100225915e-03
1.001150569541495283e+00 1.796968354567017373e-03
1.003070873693296283e+00 1.587858971969949339e-03
1.004998558662438812e+00 1.623697183551497687e-03
1.006933667083854900e+00 1.574429477710123865e-03
1.008876241921481842e+00 1.416148519434344165e-03
1.010826326471440995e+00 1.352497761564073553e-03
1.012783964365256306e+00 1.291488882537394434e-03
1.014749199573105720e+00 1.180165217466985121e-03
1.016722076407115871e+00 1.040306510575476169e-03
1.018702639524690756e+00 9.458795891645556311e-04
1.020690933931882594e+00 9.874268040604764190e-04
1.022687004986799764e+00 9.412345749921604329e-04
1.024690898403056716e+00 7.070797644019122079e-04
1.026702660253264066e+00 5.782825710523042430e-04
1.028722336972558216e+00 6.665452874793293455e-04
1.030749975362176052e+00 7.157914992343489746e-04
1.032785622593068275e+00 5.462723690204808295e-04
1.034829326209558031e+00 3.457912727170468314e-04
1.036881134133042837e+00 3.543089794297586063e-04
1.038941094665739584e+00 4.572664408601765534e-04
1.041009256494476176e+00 3.292814493423348323e-04
1.043085668694524903e+00 8.555902118008317143e-05
1.045170380733486892e+00 7.325461549155748778e-05
1.047263442475217854e+00 1.015081469141732007e-04
1.049364904183806679e+00 3.635889916284793921e-04
1.051474816527596445e+00 3.449741973526348386e-04
1.053593230583258045e+00 3.766395611962861209e-04
1.055720197839911334e+00 4.164071029625111484e-03
1.057855770203297352e+00 2.582726633628431787e-02
1.060000000000000275e+00 1.535215368573835185e-02
