1.180000000000000382e+00 1.710109703742611191e-04
1.180999957628914299e+00 1.651614699895837229e-04
1.182001611466859226e+00 1.629067335827966286e-04
1.183004965833368782e+00 1.254012841657578742e-04
1.184010025062656846e+00 1.232965501995944959e-04
1.185016793503677723e+00 1.068957998634781576e-04
1.186025275520190769e+00 6.829176110711044235e-05
1.187035475490822334e+00 6.957180447544324012e-05
1.188047397809130157e+00 4.162728239180069149e-05
1.189061046883665540e+00 1.102033992833899970e-05
1.190076427138038850e+00 7.248091803935639499e-06
1.191093543010982803e+00 7.183186050852311769e-06
1.192112398956417740e+00 8.709295140994270331e-05
1.193132999443517139e+00 9.467209652412730478e-05
1.194155348956771556e+00 1.676676995745522377e-05
1.195179451996055242e+00 2.033709559100776824e-04
1.196205313076692089e+00 4.012740900093176742e-04
1.197232936729522246e+00 2.067686769339664515e-04
1.198262327500967395e+00 2.519381786582074019e-05
1.199293489953100256e+00 1.681365002407703472e-04
1.200326428663709866e+00 3.978753919034674230e-04
1.201361148226369746e+00 4.692431141037478734e-04
1.202397653250507181e+00 2.936748416555306509e-04
1.203435948361469832e+00 1.170754084528213428e-04
1.204476038200596344e+00 1.971357358596904311e-04
1.205517927425284519e+00 3.591865818485195602e-04
1.206561620709060367e+00 4.115185863737387214e-04
1.207607122741648942e+00 3.323479076546365985e-04
1.208654438229044947e+00 1.889979125765732211e-04
1.209703571893580909e+00 1.620344397009278767e-04
1.210754528474002223e+00 2.719350668580329490e-04
1.211807312725533992e+00 4.240282943862515004e-04
1.212861929419955631e+00 5.269139404052078628e-04
1.213918383345673258e+00 4.304240196800285462e-04
1.214976679307789631e+00 2.456077821733289898e-04
1.216036822128179651e+00 1.866888995230693246e-04
1.217098816645561632e+00 2.106000792278827412e-04
1.218162667715571912e+00 3.461363381178985689e-04
1.219228380210839680e+00 5.961605745870865534e-04
1.220295959021058696e+00 7.087264431891270164e-04
1.221365409053065232e+00 5.974744037726746572e-04
1.222436735230911120e+00 3.987370382507021672e-04
1.223509942495939695e+00 2.463103131587923733e-04
1.224585035806862843e+00 2.196811082798802060e-04
1.225662020139835606e+00 2.909961179007251159e-04
1.226740900488534791e+00 4.618695843837943992e-04
1.227821681864235126e+00 6.986193495949203280e-04
1.228904369295886534e+00 7.996758349020253532e-04
1.229988967830192959e+00 7.078680820074837636e-04
1.231075482531690302e+00 5.477709079491217522e-04
1.232163918482825915e+00 4.079732633128514544e-04
1.233254280784036316e+00 3.589733197305440765e-04
1.234346574553828679e+00 4.018054629221514914e-04
1.235440804928859659e+00 5.081542194474994792e-04
1.236536977064016884e+00 6.698749151770807013e-04
1.237635096132498669e+00 7.736711037831212837e-04
1.238735167325896835e+00 7.428060025069453242e-04
1.239837195854277319e+00 6.374938269663046149e-04
1.240941186946262764e+00 5.208532733638310784e-04
1.242047145849115797e+00 4.611639712126165713e-04
1.243155077828821620e+00 4.827000881583459898e-04
1.244264988170171282e+00 5.560317409890892229e-04
1.245376882176846722e+00 6.799722812652256700e-04
1.246490765171504256e+00 7.918836025492065550e-04
1.247606642495859841e+00 8.170913556097092554e-04
1.248724519510774789e+00 7.694510951278196731e-04
1.249844401596341248e+00 6.729039954306250586e-04
1.250966294151968361e+00 5.832483199609777126e-04
1.252090202596469526e+00 5.522682852364920510e-04
1.253216132368148994e+00 5.648210941998731268e-04
1.254344088924890910e+00 6.267129019292773297e-04
1.255474077744245909e+00 7.172751589193476990e-04
1.256606104323520379e+00 7.780557307725884282e-04
1.257740174179865722e+00 7.984806128860677012e-04
1.258876292850368284e+00 7.666349866821080663e-04
1.260014465892139057e+00 7.048861310733284605e-04
1.261154698882403613e+00 6.722010023313192573e-04
1.262296997418595357e+00 6.708804065357689165e-04
1.263441367118444569e+00 7.114559955831039652e-04
1.264587813620072110e+00 7.960945354002036756e-04
1.265736342582080898e+00 8.794016809788040862e-04
1.266886959683650948e+00 9.497910762729527574e-04
1.268039670624630633e+00 9.833901041010036440e-04
1.269194481125632157e+00 9.611770076636818802e-04
1.270351396928125487e+00 9.242509920471141029e-04
1.271510423794535161e+00 8.839728933504465824e-04
1.272671567508333323e+00 8.548965569962209106e-04
1.273834833874137651e+00 8.643619107131649427e-04
1.275000228717808159e+00 8.874399435839610325e-04
1.276167757886543797e+00 9.200563553789230546e-04
1.277337427248980362e+00 9.551264388392005904e-04
1.278509242695289316e+00 9.620212843934639350e-04
1.279683210137275706e+00 9.607275712382794220e-04
1.280859335508478525e+00 9.565160629467939647e-04
1.282037624764270634e+00 9.491704970583139363e-04
1.283218083881957794e+00 9.681694033962553710e-04
1.284400718860882140e+00 9.981559250915204504e-04
1.285585535722522099e+00 1.033210591228266766e-03
1.286772540510595197e+00 1.077645143453616295e-03
1.287961739291160423e+00 1.099226124414602341e-03
1.289153138152722367e+00 1.106334559689681803e-03
1.290346743206333358e+00 1.105573280888574872e-03
1.291542560585700716e+00 1.086835961884155197e-03
1.292740596447289336e+00 1.080239430496668677e-03
1.293940856970428932e+00 1.082420708482589823e-03
1.295143348357418400e+00 1.085730023902616026e-03
1.296348076833635732e+00 1.105525241219214088e-03
1.297555048647642151e+00 1.116833869372640736e-03
1.298764270071292470e+00 1.122518039666146102e-03
1.299975747399841675e+00 1.136316992991680914e-03
1.301189486952056384e+00 1.144102360450977365e-03
1.302405495070324104e+00 1.170590890164814688e-03
1.303623778120761578e+00 1.216902751379156768e-03
1.304844342493329146e+00 1.265614707583105365e-03
1.306067194601939985e+00 1.328511930468465182e-03
1.307292340884574244e+00 1.375624059999750598e-03
1.308519787803389400e+00 1.393968076003064072e-03
1.309749541844838383e+00 1.399002744933465492e-03
1.310981609519778157e+00 1.376106707959243733e-03
1.312215997363589626e+00 1.352522024862742606e-03
1.313452711936289541e+00 1.348699475164541473e-03
1.314691759822649963e+00 1.351970453102327224e-03
1.315933147632312172e+00 1.381344013277123819e-03
1.317176881999905680e+00 1.414644849637628323e-03
1.318422969585166582e+00 1.425019511029510400e-03
1.319671417073055242e+00 1.422934624730702981e-03
1.320922231173878192e+00 1.389206998243734453e-03
1.322175418623404930e+00 1.343581096079859505e-03
1.323430986182992486e+00 1.318059480890827490e-03
1.324688940639703549e+00 1.306831161777598531e-03
1.325949288806431925e+00 1.337817090258896320e-03
1.327212037522022881e+00 1.403927903421247660e-03
1.328477193651399046e+00 1.473780773410298100e-03
1.329744764085683206e+00 1.545867246183536044e-03
1.331014755742323974e+00 1.579383193910156337e-03
1.332287175565221693e+00 1.572499306099520502e-03
1.333562030524855224e+00 1.560780566522330893e-03
1.334839327618409177e+00 1.548677327009901619e-03
1.336119073869901142e+00 1.585078021993008507e-03
1.337401276330310473e+00 1.691133180814215643e-03
1.338685942077710189e+00 1.852788885764838607e-03
1.339973078217393754e+00 2.086784354908406431e-03
1.341262691882007863e+00 2.347908857306835878e-03
1.342554790231684558e+00 2.616092152129454850e-03
1.343849380454173348e+00 2.937777304263046538e-03
1.345146469764972874e+00 3.332898298339670613e-03
1.346446065407468362e+00 3.867601706928834072e-03
1.347748174653063513e+00 4.630322353483627869e-03
1.349052804801316618e+00 5.732291095677997245e-03
1.350359963180078671e+00 7.270857862362308660e-03
1.351669657145628589e+00 9.165197954673128672e-03
1.352981894082811554e+00 1.132491219476489293e-02
1.354296681405179781e+00 1.367889848112481196e-02
1.355614026555128859e+00 1.618645310140819082e-02
1.356933937004040747e+00 1.917188157001614712e-02
1.358256420252424324e+00 2.308201230011733274e-02
1.359581483830057058e+00 2.832234201255819095e-02
1.360909135296128225e+00 3.528998156800249031e-02
1.362239382239382346e+00 4.373561717901517515e-02
1.363572232278264629e+00 5.293479690007494437e-02
1.364907693061064853e+00 6.236908818645145458e-02
1.366245772266065694e+00 7.192722926505165648e-02
1.367586477601688166e+00 8.248962227257033986e-02
1.368929816806640387e+00 9.538005682465713897e-02
1.370275797650066574e+00 1.111976830486548912e-01
1.371624427931696477e+00 1.297090856209333065e-01
1.372975715481996151e+00 1.489874733573764154e-01
1.374329668162319606e+00 1.661742768729993769e-01
1.375686293865061138e+00 1.805878878083997940e-01
1.377045600513808754e+00 1.937600067976490981e-01
1.378407596063498497e+00 2.075871554208411074e-01
1.379772288500569433e+00 2.226475090174145632e-01
1.381139685843119969e+00 2.360990930951505362e-01
1.382509796141064617e+00 2.435685850316678946e-01
1.383882627476292315e+00 2.432583898545645495e-01
1.385258187962824961e+00 2.364357957199428872e-01
1.386636485746977954e+00 2.256007106920485117e-01
1.388017529007519846e+00 2.115399244189915817e-01
1.389401325955834876e+00 1.926241754154132679e-01
1.390787884836086175e+00 1.687040959141247742e-01
1.392177213925378521e+00 1.423787021611308268e-01
1.393569321533923544e+00 1.165121420808829106e-01
1.394964216005205149e+00 9.325513694253161068e-02
1.396361905716146490e+00 7.374398521332450884e-02
1.397762399077278284e+00 5.837937817291065368e-02
1.399165704532905341e+00 4.732757763956313424e-02
1.400571830561278430e+00 3.983094745072802978e-02
1.401980785674765029e+00 3.476798745363521986e-02
1.403392578420019410e+00 3.140865035975483333e-02
1.404807217378156503e+00 2.899264772094949094e-02
1.406224711164926422e+00 2.714012541771879811e-02
1.407645068430887436e+00 2.573721119281249803e-02
1.409068297861584718e+00 2.451543841746960106e-02
1.410494408177723979e+00 2.350203804946006045e-02
1.411923408135353109e+00 2.264640462412901428e-02
1.413355306526038246e+00 2.179143151707997952e-02
1.414790112177046977e+00 2.104148580763868376e-02
1.416227833951527071e+00 2.029777424274677167e-02
1.417668480748690341e+00 1.954543251026803416e-02
1.419112061503996713e+00 1.892745959707541753e-02
1.420558585189337863e+00 1.834196784828686852e-02
1.422008060813223951e+00 1.787774416006452510e-02
1.423460497420969473e+00 1.757906296286859335e-02
1.424915904094882890e+00 1.730565487000258057e-02
1.426374289954454699e+00 1.715157769570780852e-02
1.427835664156549722e+00 1.702525102646845409e-02
1.429300035895595400e+00 1.683362084293265129e-02
1.430767414403778082e+00 1.668927630808761040e-02
1.432237808951235980e+00 1.646890616387534229e-02
1.433711228846253016e+00 1.621682671794985944e-02
1.435187683435456663e+00 1.602512816148508878e-02
1.436667182104015561e+00 1.576196797604885805e-02
1.438149734275837366e+00 1.553907885009503560e-02
1.439635349413770138e+00 1.533880257562030870e-02
1.441124037019802628e+00 1.506029937898356943e-02
1.442615806635267672e+00 1.485265876921410162e-02
1.444110667841044471e+00 1.463072534261453637e-02
1.445608630257766869e+00 1.440442076663147816e-02
1.447109703546025639e+00 1.430517140850329043e-02
1.448613897406579643e+00 1.419331957635355974e-02
1.450121221580562780e+00 1.414578447729809840e-02
1.451631685849695375e+00 1.417124408464420955e-02
1.453145300036494447e+00 1.410623354395824057e-02
1.454662074004488437e+00 1.406682089749693165e-02
1.456182017658429695e+00 1.396589939570610020e-02
1.457705140944511424e+00 1.374485653420073027e-02
1.459231453850584170e+00 1.356615433327850416e-02
1.460760966406372985e+00 1.330934545389177680e-02
1.462293688683699910e+00 1.303840615187079784e-02
1.463829630796702030e+00 1.284727929172878487e-02
1.465368802902055956e+00 1.257928845828718695e-02
1.466911215199200313e+00 1.236343362408934277e-02
1.468456877930562454e+00 1.217802500174717216e-02
1.470005801381783606e+00 1.192024493211645345e-02
1.471557995881949354e+00 1.176325355882180609e-02
1.473113471803816132e+00 1.159786636920655950e-02
1.474672239564044585e+00 1.142417451357579695e-02
1.476234309623431162e+00 1.136551585040646885e-02
1.477799692487142824e+00 1.123917091827428272e-02
1.479368398704952181e+00 1.112754464314288233e-02
1.480940438871473530e+00 1.104135807845616629e-02
1.482515823626403106e+00 1.081948388546608714e-02
1.484094563654757559e+00 1.063174633377198149e-02
1.485676669687116869e+00 1.040888084888407297e-02
1.487262152499866597e+00 1.010976553894306351e-02
1.488851022915442801e+00 9.918372884134496470e-03
1.490443291802577619e+00 9.683041136858463668e-03
1.492038970076548399e+00 9.464605023258427369e-03
1.493638068699426835e+00 9.346972740334016580e-03
1.495240598680328548e+00 9.145945728548023068e-03
1.496846571075667320e+00 9.010432333065915636e-03
1.498455996989409345e+00 8.905743861394234406e-03
1.500068887573327681e+00 8.719378500097274207e-03
1.501685254027261607e+00 8.641128156438871930e-03
1.503305107599374635e+00 8.527408850509638621e-03
1.504928459586415634e+00 8.376555821604431129e-03
1.506555321333981956e+00 8.318056251586047889e-03
1.508185704236783886e+00 8.143157831325863877e-03
1.509819619738909324e+00 7.966644474238676263e-03
1.511457079334092679e+00 7.814791516224505602e-03
1.513098094565984653e+00 7.527530710017871045e-03
1.514742677028422468e+00 7.313972546839467119e-03
1.516390838365703875e+00 7.090198836925649256e-03
1.518042590272861148e+00 6.803981820368728423e-03
1.519697944495938202e+00 6.645790665322563913e-03
1.521356912832268815e+00 6.426267975471925721e-03
1.523019507130757955e+00 6.208569731753271412e-03
1.524685739292161113e+00 6.080348427368638051e-03
1.526355621269372076e+00 5.836434449684172431e-03
1.528029165067704920e+00 5.648728001018361172e-03
1.529706382745184445e+00 5.480544256592097783e-03
1.531387286412834614e+00 5.207480946582062308e-03
1.533071888234970759e+00 5.037382668483026717e-03
1.534760200429491794e+00 4.815284394504076512e-03
1.536452235268177313e+00 4.539788699732471948e-03
1.538148005076982461e+00 4.361347356873252097e-03
1.539847522236340582e+00 4.075147707361660883e-03
1.541550799181461429e+00 3.810495717272484144e-03
1.543257848402635579e+00 3.608518041801328253e-03
1.544968682445540642e+00 3.307311172873160943e-03
1.546683313911547897e+00 3.105444586826668161e-03
1.548401755458030271e+00 2.911723053477417115e-03
1.550124019798676533e+00 2.663264044396549627e-03
1.551850119703802822e+00 2.532604037363677622e-03
1.553580068000669057e+00 2.340167224934212951e-03
1.555313877573796244e+00 2.148069141041679918e-03
1.557051561365286885e+00 2.037523816400042907e-03
1.558793132375146939e+00 1.832299917064433631e-03
1.560538603661609125e+00 1.689369082894029341e-03
1.562287988341460876e+00 1.570852992104152922e-03
1.564041299590371192e+00 1.379913919449094958e-03
1.565798550643222598e+00 1.286410413043415860e-03
1.567559754794443538e+00 1.156580587699128880e-03
1.569324925398345005e+00 1.008337745742874780e-03
1.571094075869455153e+00 9.454293636534590343e-04
1.572867219682862361e+00 8.118614312352228626e-04
1.574644370374555402e+00 7.217281407929850576e-04
1.576425541541768283e+00 6.700427650875548672e-04
1.578210746843327072e+00 5.569459384300050244e-04
1.580000000000000071e+00 5.235383112875866777e-04
