1.440000000000000391e+00 7.211880836999752216e-04
1.441047729918510267e+00 7.869340639675270060e-04
1.442096985583224411e+00 8.758514185232382830e-04
1.443147770329350710e+00 9.920243304816147179e-04
1.444200087501823271e+00 1.143425287396621472e-03
1.445253940455341946e+00 1.304136126618153689e-03
1.446309332554403859e+00 1.415542739727801685e-03
1.447366267173342047e+00 1.433830502660411862e-03
1.448424747696358761e+00 1.369676283420669322e-03
1.449484777517564771e+00 1.272977980229583490e-03
1.450546360041014227e+00 1.182748442324094195e-03
1.451609498680739296e+00 1.102829639200702183e-03
1.452674196860789690e+00 1.026643510753592458e-03
1.453740458015267745e+00 9.700673797961069118e-04
1.454808285588365280e+00 9.649928238930269558e-04
1.455877683034402015e+00 1.022796073310906469e-03
1.456948653817861317e+00 1.118622665618997092e-03
1.458021201413428170e+00 1.218453704988266533e-03
1.459095329306026700e+00 1.312297940128584819e-03
1.460171040990858815e+00 1.409046566047475772e-03
1.461248339973439947e+00 1.502071352319337989e-03
1.462327229769640136e+00 1.556195484255209517e-03
1.463407713905719554e+00 1.538867820492175256e-03
1.464489795918368031e+00 1.457987493704029696e-03
1.465573479354743469e+00 1.357407258432919957e-03
1.466658767772512473e+00 1.274928248354772987e-03
1.467745664739884992e+00 1.215297841473340391e-03
1.468834173835657397e+00 1.169147333265712707e-03
1.469924298649250893e+00 1.147439603188225377e-03
1.471016042780749267e+00 1.181874966490653427e-03
1.472109409840939742e+00 1.289210978674285111e-03
1.473204403451354061e+00 1.446578704455835258e-03
1.474301027244306006e+00 1.609837888824373507e-03
1.475399284862932703e+00 1.749680305866082881e-03
1.476499179961234809e+00 1.859057277310466588e-03
1.477600716204118481e+00 1.928336397052928843e-03
1.478703897267434009e+00 1.931068273539726004e-03
1.479808726838016009e+00 1.848188038678312030e-03
1.480915208613728495e+00 1.701862831010001430e-03
1.482023346303502409e+00 1.550681351028750706e-03
1.483133143627377803e+00 1.445108338486003835e-03
1.484244604316547145e+00 1.394453085016889070e-03
1.485357732113394835e+00 1.383108343067707569e-03
1.486472530771540512e+00 1.410645460845171787e-03
1.487589004055881459e+00 1.500591766780990819e-03
1.488707155742634569e+00 1.665671761628240155e-03
1.489826989619377651e+00 1.875780217723443510e-03
1.490948509485095386e+00 2.071737669834631482e-03
1.492071719150219078e+00 2.208559735090355903e-03
1.493196622436671062e+00 2.276216221114014861e-03
1.494323223177908888e+00 2.279683926469133412e-03
1.495451525218967737e+00 2.215093550342204978e-03
1.496581532416503491e+00 2.079586068414932595e-03
1.497713248638839145e+00 1.899805909789243144e-03
1.498846677766006108e+00 1.732595351670876416e-03
1.499981823689791494e+00 1.626762652648850024e-03
1.501118690313779647e+00 1.589341064857470497e-03
1.502257281553398549e+00 1.597592764568983104e-03
1.503397601335965117e+00 1.639377847686696683e-03
1.504539653600729610e+00 1.727511533960490991e-03
1.505683442298920705e+00 1.869134454471219065e-03
1.506828971393792571e+00 2.032537547603839936e-03
1.507976244860667503e+00 2.159093323043624352e-03
1.509125266686986100e+00 2.209482775218998829e-03
1.510276040872350345e+00 2.188971745660660880e-03
1.511428571428572010e+00 2.124665880483431798e-03
1.512582862379716397e+00 2.029647686425116709e-03
1.513738917762152969e+00 1.901696021573438160e-03
1.514896741624598864e+00 1.752869655088150173e-03
1.516056338028169526e+00 1.622487944493711904e-03
1.517217711046423334e+00 1.549761762947029532e-03
1.518380864765410010e+00 1.539803990127253368e-03
1.519545803283719909e+00 1.567837800973427217e-03
1.520712530712531096e+00 1.615145521276750836e-03
1.521881051175657529e+00 1.687132085729264657e-03
1.523051368809597683e+00 1.788912215949563494e-03
1.524223487763583851e+00 1.893569233665386847e-03
1.525397412199630764e+00 1.950674963956368618e-03
1.526573146292585559e+00 1.929646827358403498e-03
1.527750694230176176e+00 1.845159353739528416e-03
1.528930060213062214e+00 1.734532443831253217e-03
1.530111248454883333e+00 1.618902965685884527e-03
1.531294263182310544e+00 1.497783178661396802e-03
1.532479108635097953e+00 1.377782847221630230e-03
1.533665789066130269e+00 1.289233196580774751e-03
1.534854308741476103e+00 1.263652294926941033e-03
1.536044671940437922e+00 1.302199499266547787e-03
1.537236882955604456e+00 1.379480940342583950e-03
1.538430946092900875e+00 1.477811742130162326e-03
1.539626865671642308e+00 1.603530207837349257e-03
1.540824646024584244e+00 1.761616604402338644e-03
1.542024291497976041e+00 1.924809119824978914e-03
1.543225806451613558e+00 2.044468357216395592e-03
1.544429195258889997e+00 2.094702210291571418e-03
1.545634462306852530e+00 2.094473953547018163e-03
1.546841611996251586e+00 2.080316253813958589e-03
1.548050648741598145e+00 2.067992132525098802e-03
1.549261576971214360e+00 2.054447074537743209e-03
1.550474401127290180e+00 2.053127109003585315e-03
1.551689125665935975e+00 2.107375336256547219e-03
1.552905755057237380e+00 2.257019561062416444e-03
1.554124293785311250e+00 2.501001765546909811e-03
1.555344746348359175e+00 2.807585890096410668e-03
1.556567117258723876e+00 3.157747335900310849e-03
1.557791411042945384e+00 3.558368036618066339e-03
1.559017632241814111e+00 4.002647508732713744e-03
1.560245785410430797e+00 4.433516335097966062e-03
1.561475875118259582e+00 4.771002167433061221e-03
1.562707905949187737e+00 4.981725338016803131e-03
1.563941882501579839e+00 5.107558633998720600e-03
1.565177809388336394e+00 5.218412315552023277e-03
1.566415691236950902e+00 5.351682041954729588e-03
1.567655532689568032e+00 5.516228483743811258e-03
1.568897338403042463e+00 5.747955834609521156e-03
1.570141113048993731e+00 6.130025875148587162e-03
1.571386861313869066e+00 6.737932883963368078e-03
1.572634587899000014e+00 7.576227813055512288e-03
1.573884297520661502e+00 8.590456312958268462e-03
1.575135994910132231e+00 9.735569833125620048e-03
1.576389684813754188e+00 1.100076404771354981e-02
1.577645371992991041e+00 1.235091833535426412e-02
1.578903061224490312e+00 1.367223044181379611e-02
1.580162757300144216e+00 1.482440117995310544e-02
1.581424465027148507e+00 1.576674306729197034e-02
1.582688189228065312e+00 1.661436686833654697e-02
1.583953934740883529e+00 1.755262902135705863e-02
1.585221706419081666e+00 1.871304839472151191e-02
1.586491509131689126e+00 2.016188225613593787e-02
1.587763347763348376e+00 2.199975955695154459e-02
1.589037227214377790e+00 2.441335254413626657e-02
1.590313152400835595e+00 2.757334947820909779e-02
1.591591128254580934e+00 3.147730948365450726e-02
1.592871159723339813e+00 3.592197131618132117e-02
1.594153251770766833e+00 4.063564186708432113e-02
1.595437409376511129e+00 4.540787452565766408e-02
1.596723637536279217e+00 5.008260518458561295e-02
1.598011941261901603e+00 5.449483998921542116e-02
1.599302325581395845e+00 5.852854572615778794e-02
1.600594795539034054e+00 6.229858346814329262e-02
1.601889356195406400e+00 6.623830512601401599e-02
1.603186012627489498e+00 7.093024691919602720e-02
1.604484769928710808e+00 7.681834658506539459e-02
1.605785633209016350e+00 8.409951630990779303e-02
1.607088607594937102e+00 9.286961398393242528e-02
1.608393698229657831e+00 1.032550153590866965e-01
1.609700910273082375e+00 1.152589230465742298e-01
1.611010248901903807e+00 1.284425399769915654e-01
1.612321719309671497e+00 1.418648143682116614e-01
1.613635326706860829e+00 1.544949603154883444e-01
1.614951076320939816e+00 1.657911736288628646e-01
1.616268973396442377e+00 1.759306220471739124e-01
1.617589023195034725e+00 1.855515834668018671e-01
1.618911230995586870e+00 1.953806426601996105e-01
1.620235602094241445e+00 2.061408146766713079e-01
1.621562141804487212e+00 2.186602628220127853e-01
1.622890855457227666e+00 2.337580521470294381e-01
1.624221748400853205e+00 2.517458530889423729e-01
1.625554826001313957e+00 2.719442102619157309e-01
1.626890093642188839e+00 2.927504096743759887e-01
1.628227556724761937e+00 3.122952426350890653e-01
1.629567220668093341e+00 3.291638282206276189e-01
1.630909090909091308e+00 3.426838748530489087e-01
1.632253172902588423e+00 3.528170037169954809e-01
1.633599472121412655e+00 3.600293537815393852e-01
1.634947994056464182e+00 3.652701775803236517e-01
1.636298744216788448e+00 3.697635701971324074e-01
1.637651728129651651e+00 3.743814593236728938e-01
1.639006951340616247e+00 3.789239492142794652e-01
1.640364419413616659e+00 3.819784011321840089e-01
1.641724137931034999e+00 3.816306682698697994e-01
1.643086112493778561e+00 3.765217451696434292e-01
1.644450348721355759e+00 3.664380015045341499e-01
1.645816852251953399e+00 3.521175511820094917e-01
1.647185628742515506e+00 3.346640590266746762e-01
1.648556683868820150e+00 3.151211075639424042e-01
1.649930023325558714e+00 2.943390823110411669e-01
1.651305652826413617e+00 2.729011828709755894e-01
1.652683578104139572e+00 2.510029412368460222e-01
1.654063804910640201e+00 2.285007716398728961e-01
1.655446339017051738e+00 2.052986402025996637e-01
1.656831186213819862e+00 1.818153835484086489e-01
1.658218352310784294e+00 1.590471010210895153e-01
1.659607843137255623e+00 1.380943948082225814e-01
1.660999664542100573e+00 1.195950311344804590e-01
1.662393822393822829e+00 1.035992526270600317e-01
1.663790322580645631e+00 8.991657334513304678e-02
1.665189171010594160e+00 7.846046962981065298e-02
1.666590373611579246e+00 6.921146915069183170e-02
1.667993936331481075e+00 6.194803435470409153e-02
1.669399865138233796e+00 5.617514070557364653e-02
1.670808166019909446e+00 5.138570045708428652e-02
1.672218844984802999e+00 4.733912994118694845e-02
1.673631908061518070e+00 4.402450608716523134e-02
1.675047361299053517e+00 4.139013074553728883e-02
1.676465210766887370e+00 3.920723709087893527e-02
1.677885462555066542e+00 3.722965962364898490e-02
1.679308122774292755e+00 3.540916044740604479e-02
1.680733197556008918e+00 3.386497441118382218e-02
1.682160693052488831e+00 3.264939656347559671e-02
1.683590615436926674e+00 3.162523307510044929e-02
1.685022970903522932e+00 3.061264317750404806e-02
1.686457765667575437e+00 2.959791351173845023e-02
1.687895005965570627e+00 2.871980236921925153e-02
1.689334698055271700e+00 2.805584684202303697e-02
1.690776848215810535e+00 2.750038904005218041e-02
1.692221462747779182e+00 2.689671062109475277e-02
1.693668547973320448e+00 2.623950465669021639e-02
1.695118110236220943e+00 2.567131754218080972e-02
1.696570155902004995e+00 2.527876532754257111e-02
1.698024691358025029e+00 2.496549781645583319e-02
1.699481723013558376e+00 2.457293702487170842e-02
1.700941257299897424e+00 2.408361289501965985e-02
1.702403300670449093e+00 2.363172653627588701e-02
1.703867859600826096e+00 2.330850766909096580e-02
1.705334940588944859e+00 2.302799341348911108e-02
1.706804550155119671e+00 2.263597446884088246e-02
1.708276694842160381e+00 2.211485457781382433e-02
1.709751381215470101e+00 2.160728971400862133e-02
1.711228615863142011e+00 2.122666519895790443e-02
1.712708405396057065e+00 2.091023927570455007e-02
1.714190756447984132e+00 2.051218686021089380e-02
1.715675675675676137e+00 2.000894165151476112e-02
1.717163169758973984e+00 1.953774425216078456e-02
1.718653245400903140e+00 1.921551759692862252e-02
1.720145909327775113e+00 1.898272040536466698e-02
1.721641168289291368e+00 1.868338364209650229e-02
1.723139029058639915e+00 1.827352782131824380e-02
1.724639498432602336e+00 1.787684372245557443e-02
1.726142583231654593e+00 1.761304099718505323e-02
1.727648290300070499e+00 1.743149327858969574e-02
1.729156626506024530e+00 1.717564406560919896e-02
1.730667598741699287e+00 1.679168326888295926e-02
1.732181213923387197e+00 1.639964411133100486e-02
1.733697478991597096e+00 1.613035557520544477e-02
1.735216400911162360e+00 1.594769862634727239e-02
1.736737986671344158e+00 1.569574226606397852e-02
1.738262243285940700e+00 1.530717009601690638e-02
1.739789177793394703e+00 1.489189682290851732e-02
1.741318797256902196e+00 1.458643259833262464e-02
1.742851108764520207e+00 1.436737394164686391e-02
1.744386119429276683e+00 1.408093619835970069e-02
1.745923836389281281e+00 1.364921780125821077e-02
1.747464266807835509e+00 1.317562650943203059e-02
1.749007417873543302e+00 1.280774610933584252e-02
1.750553296800424707e+00 1.254249943260599132e-02
1.752101910828026243e+00 1.223555103740981732e-02
1.753653267221534140e+00 1.180111589671678854e-02
1.755207373271889804e+00 1.133196459621958925e-02
1.756764236295902393e+00 1.097776024264473897e-02
1.758323863636364504e+00 1.074597731814034771e-02
1.759886262662165191e+00 1.049353662222082297e-02
1.761451440768410315e+00 1.011966482696462395e-02
1.763019405376536008e+00 9.699654452334508653e-03
1.764590163934426359e+00 9.380079535429075577e-03
1.766163723916533534e+00 9.178220422671325845e-03
1.767740092823991915e+00 8.956780545144501712e-03
1.769319278184742217e+00 8.607380471500463218e-03
1.770901287553648729e+00 8.194757462065816594e-03
1.772486128512619219e+00 7.867805955651794095e-03
1.774073808670727948e+00 7.658726402468768631e-03
1.775664335664336235e+00 7.441355277596099944e-03
1.777257717157215255e+00 7.103312563216990921e-03
1.778853960840668824e+00 6.698130115064849198e-03
1.780453074433657745e+00 6.372494120808491931e-03
1.782055065682923045e+00 6.168707292022617729e-03
1.783659942363112982e+00 5.969843400795266618e-03
1.785267712276906726e+00 5.660077417109851336e-03
1.786878383255143143e+00 5.281665720461809627e-03
1.788491963156944919e+00 4.976910494459778865e-03
1.790108459869848678e+00 4.796139521884309684e-03
1.791727881309933545e+00 4.632797492575384257e-03
1.793350235421949046e+00 4.371670604766396927e-03
1.794975530179445666e+00 4.046649522758309983e-03
1.796603773584906305e+00 3.793919964781020029e-03
1.798234973669875503e+00 3.666563855070039367e-03
1.799869138495093113e+00 3.564098142214175684e-03
1.801506276150627972e+00 3.371399730280309932e-03
1.803146394756008908e+00 3.115376397746284689e-03
1.804789502460361739e+00 2.925517189198073749e-03
1.806435607442539837e+00 2.854300473019371221e-03
1.808084717911265793e+00 2.804642088249203503e-03
1.809736842105263532e+00 2.663134446864955356e-03
1.811391988293397093e+00 2.454932996380016202e-03
1.813050164774808515e+00 2.307338649474765125e-03
1.814711379879055064e+00 2.273058255044318673e-03
1.816375641966251564e+00 2.257207357185314969e-03
1.818042959427207839e+00 2.148624220241767985e-03
1.819713340683573044e+00 1.973814075268246447e-03
1.821386794187972002e+00 1.860279466353430755e-03
1.823063328424153751e+00 1.859438770660897444e-03
1.824742951907131649e+00 1.874396240141587133e-03
1.826425673183327714e+00 1.793741300484994264e-03
1.828111500830718716e+00 1.646741408256013157e-03
1.829800443458980741e+00 1.563625352859455758e-03
1.831492509709636174e+00 1.593997484503803172e-03
1.833187708256201809e+00 1.635406197830588989e-03
1.834886047804336062e+00 1.574103520117317795e-03
1.836587537091988853e+00 1.444672285930815843e-03
1.838292184889549485e+00 1.384673669668005404e-03
1.840000000000000302e+00 1.443051467378480635e-03
