1.479999999999999982e+00 1.019788931563226069e-03
1.481053905860571174e+00 9.992437305175482821e-04
1.482109313760421765e+00 9.449990125377841482e-04
1.483166226912928876e+00 8.714476646431022940e-04
1.484224648540640734e+00 7.951196111455859084e-04
1.485284581875312426e+00 7.277606208492126824e-04
1.486346030157936315e+00 6.742120399614104712e-04
1.487408996638775571e+00 6.358027173716232407e-04
1.488473484577399475e+00 6.153165324355820351e-04
1.489539497242713173e+00 6.184926874385448907e-04
1.490607037912993427e+00 6.503967692870724375e-04
1.491676109875923473e+00 7.098043182023634073e-04
1.492746716428622555e+00 7.866544798400524783e-04
1.493818860877684562e+00 8.650148352707592381e-04
1.494892546539208000e+00 9.293336866091194554e-04
1.495967776738833299e+00 9.693078483750582281e-04
1.497044554811775896e+00 9.805374099559225828e-04
1.498122884102859542e+00 9.622827813818080663e-04
1.499202767966553607e+00 9.160039942879203128e-04
1.500284209767005716e+00 8.467279147327908418e-04
1.501367212878076840e+00 7.654388087245862261e-04
1.502451780683377924e+00 6.886624984547768443e-04
1.503537916576302980e+00 6.335183144136702447e-04
1.504625623960066605e+00 6.109252769337086136e-04
1.505714906247737295e+00 6.220385525221026109e-04
1.506805766862276519e+00 6.607066466833931952e-04
1.507898209236569587e+00 7.195669866602695877e-04
1.508992236813465837e+00 7.941202510131013022e-04
1.510087853045814166e+00 8.810498334287862306e-04
1.511185061396497886e+00 9.726981663878056907e-04
1.512283865338471589e+00 1.053808081487321927e-03
1.513384268354798667e+00 1.105243074335090928e-03
1.514486273938687955e+00 1.113301309884397574e-03
1.515589885593529029e+00 1.077802519204042273e-03
1.516695106832931961e+00 1.012415228948297836e-03
1.517801941180763281e+00 9.367457529393564833e-04
1.518910392171182400e+00 8.663278197447201985e-04
1.520020463348680684e+00 8.080009223622206882e-04
1.521132158268119428e+00 7.630870932240460709e-04
1.522245480494766934e+00 7.338816263215813254e-04
1.523360433604336039e+00 7.264628403653195258e-04
1.524477021183024306e+00 7.468285085652704618e-04
1.525595246827550877e+00 7.940266579023508471e-04
1.526715114145195562e+00 8.570371021093620362e-04
1.527836626753838134e+00 9.188615261058536354e-04
1.528959788281996524e+00 9.647655514738311426e-04
1.530084602368866342e+00 9.880114080185811720e-04
1.531211072664359740e+00 9.890246459414273224e-04
1.532339202829146041e+00 9.701487204788681847e-04
1.533468996534689932e+00 9.319763483974857158e-04
1.534600457463292322e+00 8.750812657205171968e-04
1.535733589308129643e+00 8.050173378639188023e-04
1.536868395773295148e+00 7.346256792342529705e-04
1.538004880573837108e+00 6.798973585291052208e-04
1.539143047435802547e+00 6.519045457656690110e-04
1.540282900096274998e+00 6.515663329558010752e-04
1.541424442303416686e+00 6.719117598716514662e-04
1.542567677816509608e+00 7.057401033867083222e-04
1.543712610405997276e+00 7.514856650949226910e-04
1.544859243853524466e+00 8.116741650052862033e-04
1.546007581951980958e+00 8.853968861925675619e-04
1.547157628505541949e+00 9.622189911369690828e-04
1.548309387329710463e+00 1.024115605047311219e-03
1.549462862251359763e+00 1.054898649099407330e-03
1.550618057108775316e+00 1.049649041244406483e-03
1.551774975751697427e+00 1.016393481542687870e-03
1.552933622041364758e+00 9.690265410375616508e-04
1.554093999850556518e+00 9.180678524518310788e-04
1.555256113063635537e+00 8.672490424206918003e-04
1.556419965576592235e+00 8.179392008246387687e-04
1.557585561297086807e+00 7.758064500948697734e-04
1.558752904144495188e+00 7.521495792745232310e-04
1.559921998049951464e+00 7.578435897357735764e-04
1.561092846956391167e+00 7.954180143427306638e-04
1.562265454818598354e+00 8.569673933778176617e-04
1.563439825603247124e+00 9.301243016486149956e-04
1.564615963288949141e+00 1.006474562073565900e-03
1.565793871866295373e+00 1.084341979907528985e-03
1.566973555337904056e+00 1.163477221721427677e-03
1.568155017718464883e+00 1.237576972596046883e-03
1.569338263034784298e+00 1.293357330365745147e-03
1.570523295325832569e+00 1.318919924665786208e-03
1.571710118642787313e+00 1.314749309389991530e-03
1.572898737049081008e+00 1.297039303444779551e-03
1.574089154620449627e+00 1.289260282484036785e-03
1.575281375444974374e+00 1.308606885354538516e-03
1.576475403623133653e+00 1.359068981768949292e-03
1.577671243267844803e+00 1.437031940773010998e-03
1.578868898504516727e+00 1.543515765960933863e-03
1.580068373471093413e+00 1.690453494126950692e-03
1.581269672318102337e+00 1.893546040131959896e-03
1.582472799208704206e+00 2.156921636121949398e-03
1.583677758318739137e+00 2.463296585099091374e-03
1.584884553836775289e+00 2.779284676671673476e-03
1.586093189964157713e+00 3.072251689251771344e-03
1.587303670915057641e+00 3.324893681887478112e-03
1.588516000916520232e+00 3.536272183117619185e-03
1.589730184208514752e+00 3.711124119402951609e-03
1.590946225043983864e+00 3.850386220588890816e-03
1.592164127688892483e+00 3.954068767665422368e-03
1.593383896422278401e+00 4.034271849286391945e-03
1.594605535536302909e+00 4.124229395252781982e-03
1.595829049336300320e+00 4.271100508516000038e-03
1.597054442140827701e+00 4.515119916410258172e-03
1.598281718281718167e+00 4.871739725630375162e-03
1.599510882104129728e+00 5.332264362407047702e-03
1.600741937966597472e+00 5.881822426070672759e-03
1.601974890241084193e+00 6.516478162486610132e-03
1.603209743313034563e+00 7.240901389429147891e-03
1.604446501581423989e+00 8.046499577995658639e-03
1.605685169458812567e+00 8.890997510577629964e-03
1.606925751371397704e+00 9.703505966436706126e-03
1.608168251759066081e+00 1.041888106100707402e-02
1.609412675075446941e+00 1.101835631340365371e-02
1.610659025787965604e+00 1.154475904581697687e-02
1.611907308377896531e+00 1.207995923378898592e-02
1.613157527340417285e+00 1.270391006892366247e-02
1.614409687184661601e+00 1.347033111546775200e-02
1.615663792433776225e+00 1.441834523437011267e-02
1.616919847624970874e+00 1.560510632558387289e-02
1.618177857309577306e+00 1.712258767570384171e-02
1.619437826053102825e+00 1.907339529288287761e-02
1.620699758435284021e+00 2.151680993032614037e-02
1.621963659050144502e+00 2.442501643720098106e-02
1.623229532506048622e+00 2.768403218743556438e-02
1.624497383425759667e+00 3.113821627171656919e-02
1.625767216446494245e+00 3.464343334001517699e-02
1.627039036219979584e+00 3.809280610578318765e-02
1.628312847412510811e+00 4.141096011676241584e-02
1.629588654705006912e+00 4.454634035134808628e-02
1.630866462793068239e+00 4.749251151047149261e-02
1.632146276387036021e+00 5.033501839680035173e-02
1.633428100212047429e+00 5.328315354466967718e-02
1.634711939008095527e+00 5.664487053131492256e-02
1.635997797530087450e+00 6.074477777039988258e-02
1.637285680547902134e+00 6.583389473571740758e-02
1.638575592846450935e+00 7.204843014203947404e-02
1.639867539225735138e+00 7.943027718509135249e-02
1.641161524500907465e+00 8.796260078700798846e-02
1.642457553502329803e+00 9.755808020864499552e-02
1.643755631075634049e+00 1.079881830479489935e-01
1.645055762081784279e+00 1.188193040659476368e-01
1.646357951397134700e+00 1.294521184911581468e-01
1.647662203913491386e+00 1.393027466079258259e-01
1.648968524538175107e+00 1.480534584535406206e-01
1.650276918194080844e+00 1.558266641487806303e-01
1.651587389819741070e+00 1.631686172973789983e-01
1.652899944369387253e+00 1.708529493273923117e-01
1.654214586813011811e+00 1.796330161312647000e-01
1.655531322136432504e+00 1.900878201802321255e-01
1.656850155341352604e+00 2.026048482838771758e-01
1.658171091445427736e+00 2.174127053017622657e-01
1.659494135482326715e+00 2.345354857949489280e-01
1.660819292501796607e+00 2.536336913340375143e-01
1.662146567569727562e+00 2.738473105893514670e-01
1.663475965768215437e+00 2.938278607036496348e-01
1.664807492195629735e+00 3.120561133755881955e-01
1.666141151966674672e+00 3.273434000983637682e-01
1.667476950212458897e+00 3.392592051890067628e-01
1.668814892080558554e+00 3.482455962113231163e-01
1.670154982735083893e+00 3.553659874999842150e-01
1.671497227356746995e+00 3.618527188802092565e-01
1.672841631142925944e+00 3.687030458080892137e-01
1.674188199307735658e+00 3.764751262843844537e-01
1.675536937082091393e+00 3.852544535681606264e-01
1.676887849713778911e+00 3.946593235882881467e-01
1.678240942467522201e+00 4.038131366659006294e-01
1.679596220625050762e+00 4.113600954425757905e-01
1.680953689485169322e+00 4.156778660746081044e-01
1.682313354363827784e+00 4.153423532245038019e-01
1.683675220594187394e+00 4.096828019162664924e-01
1.685039293526695348e+00 3.991115801175200151e-01
1.686405578529149407e+00 3.849776960430419948e-01
1.687774080986772729e+00 3.689655539743814661e-01
1.689144806302282031e+00 3.523560901708671089e-01
1.690517759895960204e+00 3.355664343719916842e-01
1.691892947205726916e+00 3.182058821600373677e-01
1.693270373687210117e+00 2.995558192843377765e-01
1.694650044813819090e+00 2.791350130127957518e-01
1.696031966076816611e+00 2.570134417247518233e-01
1.697416142985391119e+00 2.337595601263429967e-01
1.698802581066732209e+00 2.101622277323298427e-01
1.700191285866099911e+00 1.869715730583666191e-01
1.701582262946903290e+00 1.648066140268413804e-01
1.702975517890772394e+00 1.441957545272501695e-01
1.704371056297631748e+00 1.256124145309726881e-01
1.705768883785778733e+00 1.094145959587657507e-01
1.707169005991956201e+00 9.572707821936748962e-02
1.708571428571428408e+00 8.438572163566419870e-02
1.709976157198059843e+00 7.502059488577136892e-02
1.711383197564387393e+00 6.723364763282679846e-02
1.712792555381701609e+00 6.074311501672857716e-02
1.714204236380120649e+00 5.539755786921547742e-02
1.715618246308669548e+00 5.107713510461459050e-02
1.717034590935358818e+00 4.759288593458115696e-02
1.718453276047260836e+00 4.468424796478137617e-02
1.719874307450591333e+00 4.211527735876569034e-02
1.721297690970785554e+00 3.977552688586131341e-02
1.722723432452579972e+00 3.768815483359288371e-02
1.724151537760093111e+00 3.591528559956264771e-02
1.725582012776901930e+00 3.444567522783247016e-02
1.727014863406128198e+00 3.316466924040913783e-02
1.728450095570514655e+00 3.192934429146570413e-02
1.729887715212509391e+00 3.067530084736412241e-02
1.731327728294347779e+00 2.945457164642890577e-02
1.732770140798133740e+00 2.836977018624935870e-02
1.734214958725923461e+00 2.746583893813473939e-02
1.735662188099807990e+00 2.667877152976625213e-02
1.737111834961998058e+00 2.588677992143704337e-02
1.738563905374905794e+00 2.501472242388614459e-02
1.740018405421233094e+00 2.409476002528535693e-02
1.741475341204052674e+00 2.322823622210563876e-02
1.742934718846895326e+00 2.248557181978552352e-02
1.744396544493835410e+00 2.183743194989650957e-02
1.745860824309577897e+00 2.118025249043160863e-02
1.747327564479543183e+00 2.043143289828999731e-02
1.748796771209955470e+00 1.960561157367554305e-02
1.750268450727930913e+00 1.880183227013007552e-02
1.751742609281563112e+00 1.811409310029414577e-02
1.753219253140015255e+00 1.754794154787888555e-02
1.754698388593604941e+00 1.701914965524299259e-02
1.756180021953896775e+00 1.643417010805277995e-02
1.757664159553790295e+00 1.577706533759950722e-02
1.759150807747610568e+00 1.512280381145942286e-02
1.760639972911199669e+00 1.456571222614886328e-02
1.762131661442006614e+00 1.413016691229278254e-02
1.763625879759179282e+00 1.374619689796906762e-02
1.765122634303657900e+00 1.331195849204826719e-02
1.766621931538265411e+00 1.278487671556940639e-02
1.768123777947802511e+00 1.221754204197497869e-02
1.769628180039138687e+00 1.170622922999695753e-02
1.771135144341309919e+00 1.130057707818572788e-02
1.772644677405608160e+00 1.095796002537209081e-02
1.774156785805681258e+00 1.058379178624198509e-02
1.775671476137624882e+00 1.011935079446379948e-02
1.777188755020080668e+00 9.595518220849632782e-03
1.778708629094329918e+00 9.103365360434382408e-03
1.780231105024394633e+00 8.709822457274011068e-03
1.781756189497130105e+00 8.396873125123731699e-03
1.783283889222327057e+00 8.079927276837180553e-03
1.784814210932807121e+00 7.687249166831789000e-03
1.786347161384523208e+00 7.226321075963673679e-03
1.787882747356657864e+00 6.776229085071979776e-03
1.789420975651724977e+00 6.414373354161590803e-03
1.790961853095668577e+00 6.146268392534024252e-03
1.792505386537964540e+00 5.903147978384780392e-03
1.794051582851721172e+00 5.608245611323578982e-03
1.795600448933782456e+00 5.249009273107886793e-03
1.797151991704829976e+00 4.888089464476694929e-03
1.798706218109487498e+00 4.603928779228753758e-03
1.800263135116420443e+00 4.417393660065992676e-03
1.801822749718444028e+00 4.272998437017921057e-03
1.803385068932628288e+00 4.091358824597474304e-03
1.804950099800399110e+00 3.842839253382207380e-03
1.806517849387648811e+00 3.573332153126031197e-03
1.808088324784838941e+00 3.358883709775346577e-03
1.809661533107108422e+00 3.232835424263700436e-03
1.811237481494383017e+00 3.154325318389547290e-03
1.812816177111479243e+00 3.047248074743566168e-03
1.814397627148216063e+00 2.872117183368734245e-03
1.815981838819523464e+00 2.662651314117203856e-03
1.817568819365551036e+00 2.492844104818015948e-03
1.819158576051779885e+00 2.406264586003658331e-03
1.820751116169132544e+00 2.374842270474008046e-03
1.822346447034084216e+00 2.326015072583880600e-03
1.823944575988775352e+00 2.212025293614258183e-03
1.825545510401123561e+00 2.055189693174619067e-03
1.827149257664939075e+00 1.926031602790065833e-03
1.828755825200035323e+00 1.875257901236397975e-03
1.830365220452345287e+00 1.884676375120604994e-03
1.831977450894036963e+00 1.884174876031639119e-03
1.833592524023626824e+00 1.818766137070295091e-03
1.835210447366099284e+00 1.701555714919343988e-03
1.836831228473019273e+00 1.601507527458070554e-03
1.838454874922655469e+00 1.577107547352663529e-03
1.840081394320092212e+00 1.619262805475029559e-03
1.841710794297352294e+00 1.658731063656239662e-03
1.843343082513515974e+00 1.631959109206766560e-03
1.844978266654838883e+00 1.542680409244768982e-03
1.846616354434875262e+00 1.459500746407398639e-03
1.848257353594597419e+00 1.450341450472790537e-03
1.849901271902517186e+00 1.515749249911705525e-03
1.851548117154811823e+00 1.585756922625782212e-03
1.853197897175443254e+00 1.585195076300758427e-03
1.854850619816284629e+00 1.506203919057118833e-03
1.856506292957243565e+00 1.417858716560969554e-03
1.858164924506388038e+00 1.401484161696864815e-03
1.859826522400071624e+00 1.471798278740895239e-03
1.861491094603060725e+00 1.559817368841956778e-03
1.863158649108662468e+00 1.576394832627779283e-03
1.864829193938850826e+00 1.497940020529025867e-03
1.866502737144395629e+00 1.392164799603598816e-03
1.868179286804994232e+00 1.356453156554200245e-03
1.869858851029398306e+00 1.424796633987373759e-03
1.871541437955547726e+00 1.531941444176844382e-03
1.873227055750698256e+00 1.571923975663369784e-03
1.874915712611556762e+00 1.498682322616104500e-03
1.876607416764414227e+00 1.373506096145905723e-03
1.878302176465275863e+00 1.311025090017774218e-03
1.880000000000000115e+00 1.370997804405985499e-03
