1.340000000000000080e+00 3.134551571151217617e-06
1.341031046820297723e+00 1.027044331419389194e-05
1.342063681515420104e+00 3.675082236820089289e-05
1.343097907756328979e+00 7.034268551382441483e-05
1.344133729225311713e+00 1.007113070318156535e-04
1.345171149616022577e+00 1.238165795973497510e-04
1.346210172633530711e+00 1.327771448643460432e-04
1.347250801994357206e+00 1.202080084667128706e-04
1.348293041426527061e+00 9.314020356466686521e-05
1.349336894669608711e+00 7.132208090441197353e-05
1.350382365474760871e+00 6.434175725979433943e-05
1.351429457604776507e+00 6.224679762786998927e-05
1.352478174834128799e+00 5.522740956652828022e-05
1.353528520949015768e+00 4.953658695231767661e-05
1.354580499747406019e+00 5.386158183316435566e-05
1.355634115039085374e+00 6.216691647894404622e-05
1.356689370645701276e+00 6.462899527780554317e-05
1.357746270400810307e+00 6.717604807852887842e-05
1.358804818149923932e+00 8.357620351431773072e-05
1.359865017750556015e+00 1.132780181370661985e-04
1.360926873072267895e+00 1.456011876654671004e-04
1.361990387996717899e+00 1.843244975141661822e-04
1.363055566417706199e+00 2.470146165993981576e-04
1.364122412241224103e+00 3.346839866181392995e-04
1.365190929385501351e+00 4.212792386168918058e-04
1.366261121781052745e+00 4.827319987964234132e-04
1.367332993370729444e+00 5.194094663616838359e-04
1.368406548109763365e+00 5.382489232364001588e-04
1.369481789965819374e+00 5.318647946849629649e-04
1.370558722919042127e+00 4.965110062707776698e-04
1.371637350962106039e+00 4.579690484623655418e-04
1.372717678100263905e+00 4.531363887553638715e-04
1.373799708351397308e+00 4.894088862469813880e-04
1.374883445746065469e+00 5.470747851209069139e-04
1.375968894327556757e+00 6.205100372498318067e-04
1.377056058151937767e+00 7.263785115511803931e-04
1.378144941288103498e+00 8.617587445968015458e-04
1.379235547817829532e+00 9.844851295565944065e-04
1.380327881835821557e+00 1.056788630274698012e-03
1.381421947449767984e+00 1.087773018971500364e-03
1.382517748780391242e+00 1.108970321524799327e-03
1.383615289961497519e+00 1.126792549339631667e-03
1.384714575140030934e+00 1.131821325470526050e-03
1.385815608476126171e+00 1.144533862640350523e-03
1.386918394143158428e+00 1.211347384888573474e-03
1.388022936327798273e+00 1.348804806052859764e-03
1.389129239230064039e+00 1.524757085235700291e-03
1.390237307063374894e+00 1.704735632976785977e-03
1.391347144054604357e+00 1.881630751454437976e-03
1.392458754444133806e+00 2.039683653801202447e-03
1.393572142485907550e+00 2.126289693947365240e-03
1.394687312447485450e+00 2.101180767474663483e-03
1.395804268610099097e+00 1.998129872327171833e-03
1.396923015268705104e+00 1.897957091850748824e-03
1.398043556732041948e+00 1.846722295952965120e-03
1.399165897322682817e+00 1.839777038995638872e-03
1.400290041377094230e+00 1.882480348234351255e-03
1.401415993245687996e+00 2.012432648059128693e-03
1.402543757292882054e+00 2.237555079032777297e-03
1.403673337897152873e+00 2.492712307967833753e-03
1.404804739451094298e+00 2.693597918162170257e-03
1.405937966361473057e+00 2.809727404359121852e-03
1.407073023049287608e+00 2.852726227431873120e-03
1.408209913949824310e+00 2.821309286289872161e-03
1.409348643512716048e+00 2.709629347750595538e-03
1.410489216201999074e+00 2.561665892820965459e-03
1.411631636496172959e+00 2.461333002082388526e-03
1.412775908888258547e+00 2.453430607013767310e-03
1.413922037885855465e+00 2.514294014242223103e-03
1.415070028011204739e+00 2.613783803161220855e-03
1.416219883801243418e+00 2.758622170945248045e-03
1.417371609807668742e+00 2.942823113947013944e-03
1.418525210596996766e+00 3.097348667995015407e-03
1.419680690750621199e+00 3.141669363273710304e-03
1.420838054864875577e+00 3.070026239941210135e-03
1.421997307551095213e+00 2.942002235746928908e-03
1.423158453435675597e+00 2.800542225045608933e-03
1.424321497160135674e+00 2.651988349113030673e-03
1.425486443381180468e+00 2.525680353795641854e-03
1.426653296770760582e+00 2.490578419213365213e-03
1.427822062016139038e+00 2.585482323459043462e-03
1.428992743819948341e+00 2.776681015817413813e-03
1.430165346900258649e+00 3.014258685405470789e-03
1.431339875990637722e+00 3.288096893188537356e-03
1.432516335840216870e+00 3.587542725633771808e-03
1.433694731213753792e+00 3.845183856602410379e-03
1.434875066891697193e+00 3.984461628914713616e-03
1.436057347670250950e+00 4.012987839156150795e-03
1.437241578361439842e+00 4.012574957431009129e-03
1.438427763793174607e+00 4.039771514923700194e-03
1.439615908809317446e+00 4.095552615831722990e-03
1.440806018269747524e+00 4.199396054171393271e-03
1.441998097050428029e+00 4.420892001483144387e-03
1.443192150043473010e+00 4.797364226460251735e-03
1.444388182157211986e+00 5.270826809295486685e-03
1.445586198316260784e+00 5.753390586573602777e-03
1.446786203461586151e+00 6.212862478016040364e-03
1.447988202550575254e+00 6.638739724953185428e-03
1.449192200557103183e+00 6.965214588714404437e-03
1.450398202471601339e+00 7.114150525847862290e-03
1.451606213301128490e+00 7.112682063139049923e-03
1.452816238069436938e+00 7.091156795424992734e-03
1.454028281817044022e+00 7.149271319396769894e-03
1.455242349601302498e+00 7.294198256550069384e-03
1.456458446496469383e+00 7.531510661372871340e-03
1.457676577593777445e+00 7.929535731985551741e-03
1.458896748001506927e+00 8.527384847024343725e-03
1.460118962845055046e+00 9.236965976418634941e-03
1.461343227267010381e+00 9.915401503350396856e-03
1.462569546427222811e+00 1.050157839368564237e-02
1.463797925502876573e+00 1.100393578244968258e-02
1.465028369688563759e+00 1.138722212790308635e-02
1.466260884196357361e+00 1.158457489768943346e-02
1.467495474255883448e+00 1.163709961126181518e-02
1.468732145114397758e+00 1.171741610595487294e-02
1.469970902036857652e+00 1.196699181628243028e-02
1.471211750305997601e+00 1.239073057441890217e-02
1.472454695222405352e+00 1.296247689332925661e-02
1.473699742104595423e+00 1.373827301141162908e-02
1.474946896289087261e+00 1.476133384184222241e-02
1.476196163130478745e+00 1.591022679477812479e-02
1.477447548001525890e+00 1.696266913198004808e-02
1.478701056293216798e+00 1.779988394248207401e-02
1.479956693414851587e+00 1.844614152109570748e-02
1.481214464794118779e+00 1.892357643136220735e-02
1.482474375877174344e+00 1.921367198369212242e-02
1.483736432128718974e+00 1.940790721420384071e-02
1.485000639032079572e+00 1.976011320666301238e-02
1.486267002089285194e+00 2.048642635307751717e-02
1.487535526821149645e+00 2.159442550740536815e-02
1.488806218767351419e+00 2.300092029713160166e-02
1.490079083486512967e+00 2.471917864412121954e-02
1.491354126556282855e+00 2.677480338667681536e-02
1.492631353573416586e+00 2.898449888375385919e-02
1.493910770153859424e+00 3.100766197031342222e-02
1.495192381932826997e+00 3.265837533706738433e-02
1.496476194564890783e+00 3.403285443723437498e-02
1.497762213724057823e+00 3.530355553448145944e-02
1.499050445103857543e+00 3.656714754203311407e-02
1.500340894417423465e+00 3.799547893585345643e-02
1.501633567397579139e+00 3.996209607592938334e-02
1.502928469796921407e+00 4.281409584867470336e-02
1.504225607387908337e+00 4.656753500423701370e-02
1.505524985962942264e+00 5.097353000925965161e-02
1.506826611334457278e+00 5.580178520108054069e-02
1.508130489335006263e+00 6.084425774512320501e-02
1.509436625817347055e+00 6.569139660121856017e-02
1.510745026654531253e+00 6.984348022209529994e-02
1.512055697739990379e+00 7.322212735521749227e-02
1.513368644987626466e+00 7.638906752225167740e-02
1.514683874331899327e+00 8.008778736810802379e-02
1.516001391727917369e+00 8.471832150817308615e-02
1.517321203151525744e+00 9.042625122335222476e-02
1.518643314599398719e+00 9.745338271893656812e-02
1.519967732089129386e+00 1.059427138232708759e-01
1.521294461659320030e+00 1.153377643581593726e-01
1.522623509369676498e+00 1.243671101852960453e-01
1.523954881301097242e+00 1.319029526498620986e-01
1.525288583555769462e+00 1.377392122645340056e-01
1.526624622257259034e+00 1.424790782405818967e-01
1.527963003550607102e+00 1.469931961966466361e-01
1.529303733602421778e+00 1.522775042259205958e-01
1.530646818600974735e+00 1.595130383764464255e-01
1.531992264756295796e+00 1.695359507997491189e-01
1.533340078300268416e+00 1.818669289419160839e-01
1.534690265486725824e+00 1.944455022635001029e-01
1.536042832591548057e+00 2.045975026939973185e-01
1.537397785912759662e+00 2.103812270638230897e-01
1.538755131770626283e+00 2.112771565169243859e-01
1.540114876507754138e+00 2.081749821746465001e-01
1.541477026489187496e+00 2.030360573514143896e-01
1.542841588102509487e+00 1.980822140648134666e-01
1.544208567757940909e+00 1.943872952719948033e-01
1.545577971888440594e+00 1.908361916086520615e-01
1.546949806949806883e+00 1.847977346094697992e-01
1.548324079420779098e+00 1.742885079248334967e-01
1.549700795803138575e+00 1.595999139259489941e-01
1.551079962621812802e+00 1.428194412621814902e-01
1.552461586424976669e+00 1.259789039521309328e-01
1.553845673784157499e+00 1.098344737945798899e-01
1.555232231294338296e+00 9.417213582139165318e-02
1.556621265574062996e+00 7.879179477905311202e-02
1.558012783265543266e+00 6.403686248793205582e-02
1.559406791034760431e+00 5.066158137647248927e-02
1.560803295571575600e+00 3.944348661302291004e-02
1.562202303589835362e+00 3.082644152455940936e-02
1.563603821827479257e+00 2.471389671279051320e-02
1.565007857046648354e+00 2.056291035273208681e-02
1.566414416033793167e+00 1.775132078033307692e-02
1.567823505599784006e+00 1.586484080980616468e-02
1.569235132580020453e+00 1.464702357484250553e-02
1.570649303834542376e+00 1.382808042543717808e-02
1.572066026248139625e+00 1.316222038358191675e-02
1.573485306730465716e+00 1.258195346526358623e-02
1.574907152216147743e+00 1.215203917831099260e-02
1.576331569664902732e+00 1.185971078848293593e-02
1.577758566061648438e+00 1.157861775567021502e-02
1.579188148416617699e+00 1.125275608981411539e-02
1.580620323765474122e+00 1.096951415056399669e-02
1.582055099169427770e+00 1.079072966565363702e-02
1.583492481715349953e+00 1.063789176607377387e-02
1.584932478515891585e+00 1.043180604751273687e-02
1.586375096709598198e+00 1.023749751832793778e-02
1.587820343461030292e+00 1.015493256602139488e-02
1.589268225960881020e+00 1.014509480318605099e-02
1.590718751426094091e+00 1.009751004280989503e-02
1.592171927099986117e+00 1.002086838475683105e-02
1.593627760252365855e+00 1.001990967965141373e-02
1.595086258179654992e+00 1.009803168787980210e-02
1.596547428205010499e+00 1.013562068191911289e-02
1.598011277678448527e+00 1.008753306706947246e-02
1.599477813976964979e+00 1.005464203366183626e-02
1.600947044504661854e+00 1.010140968907440560e-02
1.602418976692869812e+00 1.013865832643229097e-02
1.603893618000276078e+00 1.007963267079070580e-02
1.605370975913047449e+00 9.996196561259485663e-03
1.606851057944959305e+00 9.996916160396241216e-03
1.608333871637521284e+00 1.003680485320844300e-02
1.609819424560107182e+00 9.994044904976575119e-03
1.611307724310081513e+00 9.883379912147383095e-03
1.612798778512931852e+00 9.832265357197523051e-03
1.614292594822396065e+00 9.858837296126941180e-03
1.615789180920595092e+00 9.841511351451597694e-03
1.617288544518164395e+00 9.737376630347736525e-03
1.618790693354386301e+00 9.666725753165539628e-03
1.620295635197322559e+00 9.710103624180515744e-03
1.621803377843949345e+00 9.769692752282779433e-03
1.623313929120290489e+00 9.740129367276455924e-03
1.624827296881555139e+00 9.691952438840531828e-03
1.626343489012270771e+00 9.743420634512571857e-03
1.627862513426423297e+00 9.842008794376938541e-03
1.629384378067592065e+00 9.842097397131065184e-03
1.630909090909090642e+00 9.750120369340156690e-03
1.632436659954104696e+00 9.709427245329044914e-03
1.633967093235831891e+00 9.747316621659785074e-03
1.635500398817622880e+00 9.726284391940395041e-03
1.637036584793124527e+00 9.588906442027545982e-03
1.638575659286419572e+00 9.468281036547388646e-03
1.640117630452171626e+00 9.464444556120981539e-03
1.641662506475768613e+00 9.473352993814299072e-03
1.643210295573469093e+00 9.370740769844622745e-03
1.644761005992544822e+00 9.233312139435036897e-03
1.646314646011429739e+00 9.207953216048718470e-03
1.647871223939866736e+00 9.253902581064486071e-03
1.649430748119055323e+00 9.211958631674540057e-03
1.650993226921801504e+00 9.085771408447955444e-03
1.652558668752666549e+00 9.042024784305973534e-03
1.654127082048118202e+00 9.122103374157728567e-03
1.655698475276682347e+00 9.167960815705727962e-03
1.657272856939095762e+00 9.097535774137844450e-03
1.658850235568457787e+00 9.049707614716467549e-03
1.660430619730386193e+00 9.138480929098148284e-03
1.662014018023172612e+00 9.242283760457655623e-03
1.663600439077936199e+00 9.203809494154932547e-03
1.665189891558782831e+00 9.099166275453471342e-03
1.666782384162960984e+00 9.103383955959257548e-03
1.668377925621021385e+00 9.180762398464426682e-03
1.669976524696976883e+00 9.143790025556996354e-03
1.671578190188461877e+00 8.985774277543323585e-03
1.673182930926894851e+00 8.904773013979450785e-03
1.674790755777638918e+00 8.966556108159790678e-03
1.676401673640167456e+00 8.991551302655999625e-03
1.678015693448225987e+00 8.870713585319279712e-03
1.679632824169999594e+00 8.762644859640941752e-03
1.681253074808276571e+00 8.820043533330065508e-03
1.682876454400617838e+00 8.917207192646688443e-03
1.684502972019523481e+00 8.862039641248166053e-03
1.686132636772601945e+00 8.732227232152932686e-03
1.687765457802740343e+00 8.744504229776971921e-03
1.689401444288275878e+00 8.874307351619219533e-03
1.691040605443166589e+00 8.891034551436674885e-03
1.692682950517166107e+00 8.758690908886481233e-03
1.694328488795994847e+00 8.703644708301981267e-03
1.695977229601517866e+00 8.818607842227880328e-03
1.697629182291920280e+00 8.888493637255917221e-03
1.699284356261882678e+00 8.753753659249120106e-03
1.700942760942760756e+00 8.587573939709772924e-03
1.702604405802764509e+00 8.596221934005917123e-03
1.704269300347137417e+00 8.654653467794433397e-03
1.705937454118338081e+00 8.518709147201281723e-03
1.707608876696223188e+00 8.256893252131795868e-03
1.709283577698229584e+00 8.146207609200350683e-03
1.710961566779561016e+00 8.198348917439491831e-03
1.712642853633370876e+00 8.138743978738297372e-03
1.714327447990950493e+00 7.887292711310492019e-03
1.716015359621916980e+00 7.707730686000079101e-03
1.717706598334401091e+00 7.752702778157381618e-03
1.719401173975237951e+00 7.788851487325524833e-03
1.721099096430158459e+00 7.592610069114331950e-03
1.722800375623980473e+00 7.340557812998313794e-03
1.724505021520803538e+00 7.307332323409136861e-03
1.726213044124201401e+00 7.382428880454063730e-03
1.727924453477420519e+00 7.251120562742222400e-03
1.729639259663573458e+00 6.941148823687586303e-03
1.731357472805840958e+00 6.784114667345887695e-03
1.733079103067667326e+00 6.841148833392016008e-03
1.734804160652963612e+00 6.785852145618856586e-03
1.736532655806306780e+00 6.463969429569201355e-03
1.738264598813144879e+00 6.167618382440860809e-03
1.739999999999999769e+00 6.135141653191679770e-03
