1.220000000000000195e+00 2.367575384058535209e-04
1.221008306128352761e+00 1.964381602976889734e-04
1.222018280325902984e+00 1.740492415753096560e-04
1.223029926735378137e+00 1.743906478311194129e-04
1.224043249513236287e+00 1.900739732353164417e-04
1.225058252829719585e+00 2.143623220298726084e-04
1.226074940868915775e+00 2.320994176507379565e-04
1.227093317828813701e+00 2.275657263804729629e-04
1.228113387921360156e+00 2.061395714404039064e-04
1.229135155372520050e+00 1.850779122744183782e-04
1.230158624422332370e+00 1.741618828409798069e-04
1.231183799324972128e+00 1.791990865549903918e-04
1.232210684348805430e+00 2.035762469976748262e-04
1.233239283776451867e+00 2.405518268998870315e-04
1.234269601904841807e+00 2.787636056727012973e-04
1.235301643045278119e+00 3.090505257641202870e-04
1.236335411523494798e+00 3.223703591721134294e-04
1.237370911679718688e+00 3.161503072466583593e-04
1.238408147868729214e+00 2.993752757044092260e-04
1.239447124459918781e+00 2.819401994275851238e-04
1.240487845837356939e+00 2.699215316741911163e-04
1.241530316399848788e+00 2.698968294828553872e-04
1.242574540560999363e+00 2.831958202846633025e-04
1.243620522749274260e+00 3.037471282646117044e-04
1.244668267408063134e+00 3.272756350793603838e-04
1.245717778995741876e+00 3.490162608136899883e-04
1.246769061985738114e+00 3.592517294353848628e-04
1.247822120866590945e+00 3.552930788917317041e-04
1.248876960142017989e+00 3.438470016449897979e-04
1.249933584330978453e+00 3.288313432829750946e-04
1.250991997967737968e+00 3.154126830092845958e-04
1.252052205601932533e+00 3.153075789865401033e-04
1.253114211798634470e+00 3.327532735622702525e-04
1.254178021138418808e+00 3.638414753861821354e-04
1.255243638217426794e+00 4.091784788971851504e-04
1.256311067647434276e+00 4.628172362032756046e-04
1.257380314055917436e+00 5.037603671725551790e-04
1.258451382086119619e+00 5.179450158171084893e-04
1.259524276397118614e+00 5.066543073544690695e-04
1.260599001663893493e+00 4.740450450626831100e-04
1.261675562577394549e+00 4.338641992564013145e-04
1.262753963844609029e+00 4.104503348179009184e-04
1.263834210188630847e+00 4.131269500062297040e-04
1.264916306348730979e+00 4.363680069719972189e-04
1.266000257080423630e+00 4.803829627430605213e-04
1.267086067155538620e+00 5.367717533122802996e-04
1.268173741362290441e+00 5.778887172947701645e-04
1.269263284505348421e+00 5.876118219481150755e-04
1.270354701405907560e+00 5.701348540264403056e-04
1.271447996901760247e+00 5.289683612399407328e-04
1.272543175847366648e+00 4.765248938481948218e-04
1.273640243113927539e+00 4.410965517302206803e-04
1.274739203589456249e+00 4.357091814934264062e-04
1.275840062178850598e+00 4.559307172652932280e-04
1.276942823803967508e+00 5.059991922850493517e-04
1.278047493403694057e+00 5.812292134758552126e-04
1.279154075934023416e+00 6.509090957010083955e-04
1.280262576368127236e+00 6.929342583893432096e-04
1.281372999696431147e+00 7.055293589382144242e-04
1.282485350926689804e+00 6.845190746462098642e-04
1.283599635084061275e+00 6.387686931543320621e-04
1.284715857211182977e+00 6.009494390448370891e-04
1.285834022368249396e+00 5.876401903830135581e-04
1.286954135633085139e+00 5.944975383939387356e-04
1.288076202101225087e+00 6.300276862320113372e-04
1.289200226885989897e+00 6.955776562952130111e-04
1.290326215118564379e+00 7.613318603698938924e-04
1.291454171948074992e+00 8.046802919639628807e-04
1.292584102541668889e+00 8.220257060297638321e-04
1.293716012084592304e+00 7.994611180888545670e-04
1.294849905780270927e+00 7.361147854176379977e-04
1.295985788850388509e+00 6.673703168719278146e-04
1.297123666534966357e+00 6.180181817593291766e-04
1.298263544092447264e+00 5.876373196242184885e-04
1.299405426799771446e+00 5.893797475451337687e-04
1.300549319952462923e+00 6.321130058325633927e-04
1.301695228864707898e+00 6.903777565141346962e-04
1.302843158869438911e+00 7.429780905575395899e-04
1.303993115318416773e+00 7.854110787246400532e-04
1.305145103582314059e+00 7.957931727883615696e-04
1.306299129050798369e+00 7.618382450546658290e-04
1.307455197132616709e+00 7.127047302099827428e-04
1.308613313255680533e+00 6.708618915795358127e-04
1.309773482867148564e+00 6.350348679174316413e-04
1.310935711433515394e+00 6.221847589597292831e-04
1.312100004440694745e+00 6.470637463332245187e-04
1.313266367394106737e+00 6.880538420005494638e-04
1.314434805818764485e+00 7.292028131191848062e-04
1.315605325259361802e+00 7.706173801868534869e-04
1.316777931280360470e+00 7.857023571651126914e-04
1.317952629466077941e+00 7.517398154663626963e-04
1.319129425420777935e+00 6.924992481572496980e-04
1.320308324768756814e+00 6.309596077010641135e-04
1.321489333154434842e+00 5.693747028628186064e-04
1.322672456242446115e+00 5.304562796414587569e-04
1.323857699717729597e+00 5.335397669228457342e-04
1.325045069285618382e+00 5.605998786309913723e-04
1.326234570671933177e+00 6.018286133356666500e-04
1.327426209623074005e+00 6.617881180821116481e-04
1.328619991906111020e+00 7.129588072861478424e-04
1.329815923308879766e+00 7.297867395882886785e-04
1.331014009640073992e+00 7.275657784333809100e-04
1.332214256729338686e+00 7.131434792690132148e-04
1.333416670427366224e+00 6.809098593593034942e-04
1.334621256605989847e+00 6.596567768202303214e-04
1.335828021158280476e+00 6.723759524718225626e-04
1.337036969998642633e+00 7.022242880424121782e-04
1.338248109062910807e+00 7.498330183840817885e-04
1.339461444308445826e+00 8.270909591549698014e-04
1.340676981714234106e+00 9.017304325881868440e-04
1.341894727280984911e+00 9.470374864879056980e-04
1.343114687031228938e+00 9.788563375309825010e-04
1.344336867009418457e+00 9.945119986382350459e-04
1.345561273282025905e+00 9.879760318835494048e-04
1.346787911937645354e+00 1.004090408535381973e-03
1.348016789087093770e+00 1.071659963423580260e-03
1.349247910863510036e+00 1.174444101547204205e-03
1.350481283422460210e+00 1.330553518413221583e-03
1.351716912942037885e+00 1.560652968310019669e-03
1.352954805622968326e+00 1.818469873663009634e-03
1.354194967688711948e+00 2.072254618615170310e-03
1.355437405385568672e+00 2.329401259613532969e-03
1.356682124982781623e+00 2.546806054559286325e-03
1.357929132772646152e+00 2.698206495349145251e-03
1.359178435070610647e+00 2.860794266609326467e-03
1.360430038215387549e+00 3.089565198338923690e-03
1.361683948569058833e+00 3.384279083812362886e-03
1.362940172517182802e+00 3.817577266840007071e-03
1.364198716468904449e+00 4.453486030088884932e-03
1.365459586857064034e+00 5.230967164482739490e-03
1.366722790138304555e+00 6.108252241169139993e-03
1.367988332793184991e+00 7.082318861855646519e-03
1.369256221326289769e+00 8.032498481845928504e-03
1.370526462266339118e+00 8.875118842132182981e-03
1.371799062166303207e+00 9.738548831216614285e-03
1.373074027603513159e+00 1.073813239468820666e-02
1.374351365179775852e+00 1.192220976007473711e-02
1.375631081521486498e+00 1.351228070509480003e-02
1.376913183279742992e+00 1.573723452704870601e-02
1.378197677130463372e+00 1.857817260846289509e-02
1.379484569774499514e+00 2.200892579403440283e-02
1.380773867937754362e+00 2.601257072780913809e-02
1.382065578371298953e+00 3.024242132534761887e-02
1.383359707851491427e+00 3.434637175890731947e-02
1.384656263180092939e+00 3.847551483010168416e-02
1.385955251184389780e+00 4.293653630758126338e-02
1.387256678717310621e+00 4.796634203861951246e-02
1.388560552657549962e+00 5.415752059459252865e-02
1.389866879909685382e+00 6.217016064798144837e-02
1.391175667404303651e+00 7.203638718063362645e-02
1.392486922098119972e+00 8.350351790344626157e-02
1.393800650974102773e+00 9.632061221049972866e-02
1.395116861041597822e+00 1.096448341244205121e-01
1.396435559336452803e+00 1.224662287050655440e-01
1.397756752921141210e+00 1.348560049592914534e-01
1.399080448884890471e+00 1.476324396914388826e-01
1.400406654343807844e+00 1.615520740786112464e-01
1.401735376441007874e+00 1.778926259768799090e-01
1.403066622346740511e+00 1.982093858176980083e-01
1.404400399258520116e+00 2.225703034965697824e-01
1.405736714401256471e+00 2.494565463641847947e-01
1.407075575027382452e+00 2.770074934879201978e-01
1.408416988416988813e+00 3.029489233334711762e-01
1.409760961877952301e+00 3.251417803857738487e-01
1.411107502746072218e+00 3.438350043009718582e-01
1.412456618385200535e+00 3.614131976840981308e-01
1.413808316187377567e+00 3.795546916908161261e-01
1.415162603572968303e+00 3.987077461848934634e-01
1.416519487990795634e+00 4.187648749474786602e-01
1.417878976918278466e+00 4.374568072518646988e-01
1.419241077861568723e+00 4.502685987863992434e-01
1.420605798355690341e+00 4.541672365553856561e-01
1.421973145964676055e+00 4.493392925190471399e-01
1.423343128281709280e+00 4.372683847121112688e-01
1.424715752929263779e+00 4.200094569640181463e-01
1.426091027559245106e+00 4.000165617434658372e-01
1.427468959853133379e+00 3.777519371852398611e-01
1.428849557522123837e+00 3.513490675418260434e-01
1.430232828307275383e+00 3.201835350294152116e-01
1.431618779979650480e+00 2.861495013805082643e-01
1.433007420340462801e+00 2.512654688674746395e-01
1.434398757221224452e+00 2.168731797632406366e-01
1.435792798483891408e+00 1.843033432486928247e-01
1.437189552021012950e+00 1.540989070802165628e-01
1.438589025755879325e+00 1.261018901121363500e-01
1.439991227642672733e+00 1.011370248324369725e-01
1.441396165666618101e+00 8.054785250368781679e-02
1.442803847844133402e+00 6.439874580275163629e-02
1.444214282222982648e+00 5.201016526561700465e-02
1.445627476882430873e+00 4.301977335770931082e-02
1.447043439933395570e+00 3.671638356443210349e-02
1.448462179518604120e+00 3.202273719364976540e-02
1.449883703812748559e+00 2.850259207823123073e-02
1.451308021022643890e+00 2.600444461045114258e-02
1.452735139387384189e+00 2.402109088577384158e-02
1.454165067178503135e+00 2.234415854134056204e-02
1.455597812700132998e+00 2.114251763691580785e-02
1.457033384289166289e+00 2.019759268049549361e-02
1.458471790315415628e+00 1.924069479675183381e-02
1.459913039181777838e+00 1.844532654629856688e-02
1.461357139324397814e+00 1.779175233255099464e-02
1.462804099212832387e+00 1.699393041258349252e-02
1.464253927350215978e+00 1.617259701260006025e-02
1.465706632273426457e+00 1.551138757469585835e-02
1.467162222553255013e+00 1.479667521997675775e-02
1.468620706794572461e+00 1.401340945353636049e-02
1.470082093636499554e+00 1.341032743187028572e-02
1.471546391752577287e+00 1.286530242558158940e-02
1.473013609850939876e+00 1.220807712250743596e-02
1.474483756674485058e+00 1.165235061314318088e-02
1.475956841001049291e+00 1.122536317868617038e-02
1.477432871643582279e+00 1.069905238300943029e-02
1.478911857450323053e+00 1.019272246727005900e-02
1.480393807304975606e+00 9.866850110420398445e-03
1.481878730126887200e+00 9.509491176885351976e-03
1.483366634871228884e+00 9.084345175880899001e-03
1.484857530529172465e+00 8.800837238537653762e-03
1.486351426128075248e+00 8.533647404953289758e-03
1.487848330731658342e+00 8.116443580374034517e-03
1.489348253440193837e+00 7.746672823386510469e-03
1.490851203390685775e+00 7.457673425043119357e-03
1.492357189757058444e+00 7.042862913561866341e-03
1.493866221750341561e+00 6.617261452088516079e-03
1.495378308618857233e+00 6.341840721545520011e-03
1.496893459648412028e+00 6.029940802040482765e-03
1.498411684162482826e+00 5.651641312274307757e-03
1.499932991522412440e+00 5.410849501665477082e-03
1.501457391127598129e+00 5.205753109566673038e-03
1.502984892415687668e+00 4.888913810797878429e-03
1.504515504862773190e+00 4.642229944494253961e-03
1.506049237983587696e+00 4.493016203682673008e-03
1.507586101331700901e+00 4.243489120990255603e-03
1.509126104499719290e+00 3.988546389323873419e-03
1.510669257119484854e+00 3.862733769674017367e-03
1.512215568862275816e+00 3.684780919282826857e-03
1.513765049439008470e+00 3.426189156141475674e-03
1.515317708600441238e+00 3.273303171484377889e-03
1.516873556137378731e+00 3.131419189726446662e-03
1.518432601880878030e+00 2.873620434417700504e-03
1.519994855702453851e+00 2.674660213158393425e-03
1.521560327514290156e+00 2.559297248729844321e-03
1.523129027269447100e+00 2.353609156761669180e-03
1.524700964962072636e+00 2.152990254353667494e-03
1.526276150627615236e+00 2.073464861026575248e-03
1.527854594343037498e+00 1.950523636606577363e-03
1.529436306227030640e+00 1.773808982091604636e-03
1.531021296440230328e+00 1.706188010368884546e-03
1.532609575185434947e+00 1.647327831694251742e-03
1.534201152707824978e+00 1.497933044305513588e-03
1.535796039295181714e+00 1.418984752016347502e-03
1.537394245278110194e+00 1.402205835437201091e-03
1.538995781030261911e+00 1.293679865389155571e-03
1.540600656968559523e+00 1.203128542982245027e-03
1.542208883553421561e+00 1.209897824106585199e-03
1.543820471288991136e+00 1.149783961144964974e-03
1.545435430723364423e+00 1.051145617972681131e-03
1.547053772448819364e+00 1.058096210280217624e-03
1.548675507102049487e+00 1.044091718732237167e-03
1.550300645364395047e+00 9.499282136646277144e-04
1.551929197962077955e+00 9.462782507856759128e-04
1.553561175666439143e+00 9.787874656691801425e-04
1.555196589294173481e+00 9.113591982994390843e-04
1.556835449707571817e+00 8.946472363613034015e-04
1.558477767814758552e+00 9.648078856950929308e-04
1.560123554569935456e+00 9.367348576187296610e-04
1.561772820973624576e+00 8.969640040971969602e-04
1.563425578072914046e+00 9.776700416594280053e-04
1.565081836961703665e+00 9.926397148800924271e-04
1.566741608780953365e+00 9.259403473654666738e-04
1.568404904718934345e+00 9.857506415661804709e-04
1.570071736011477981e+00 1.047398001426047814e-03
1.571742113942231400e+00 9.718109936569079834e-04
1.573416049842909503e+00 9.857379487858393755e-04
1.575093555093555198e+00 1.085763005300533239e-03
1.576774641122792087e+00 1.029269329605463990e-03
1.578459319408088257e+00 9.801614589043368495e-04
1.580147601476014740e+00 1.090685502610750854e-03
1.581839498902511076e+00 1.084441296175251649e-03
1.583535023313146661e+00 9.811687729616763633e-04
1.585234186383389865e+00 1.068448161153379540e-03
1.586936999838874485e+00 1.137660616985032699e-03
1.588643475455669751e+00 1.013667771192754401e-03
1.590353625060552334e+00 1.035706708054852983e-03
1.592067460531278567e+00 1.170963070065488693e-03
1.593784993796860894e+00 1.066192353447732982e-03
1.595506236837842318e+00 9.784444075011640776e-04
1.597231201686577950e+00 1.125498489932959820e-03
1.598959900427512126e+00 1.088033769706117388e-03
1.600692345197464839e+00 8.919687259993860787e-04
1.602428548185910406e+00 9.770450198529120195e-04
1.604168521635268130e+00 1.043695929749990621e-03
1.605912277841186953e+00 8.023470656230469482e-04
1.607659829152837672e+00 7.545868631617968277e-04
1.609411187973201596e+00 9.049923160673282053e-04
1.611166366759365420e+00 7.110452011624388046e-04
1.612925378022817879e+00 4.958104370645549696e-04
1.614688234329744843e+00 6.426519016622146696e-04
1.616454948301329519e+00 5.805604463609904172e-04
1.618225532614053330e+00 2.485325408195228304e-04
1.620000000000000107e+00 2.684784669604348378e-04
