1.380000000000000115e+00 1.905876002099408408e-04
1.381037945169418579e+00 2.375219745150141813e-04
1.382077452862143119e+00 3.285569327871481712e-04
1.383118526609167454e+00 4.604409611699871916e-04
1.384161169952131898e+00 5.955338590881645170e-04
1.385205386443363107e+00 6.824834541588749000e-04
1.386251179645917597e+00 6.935130780006170184e-04
1.387298553133618162e+00 6.389457450168105346e-04
1.388347510491097170e+00 5.535130358800439965e-04
1.389398055313836089e+00 4.758685912185362638e-04
1.390450191208209008e+00 4.341542412994156878e-04
1.391503921791519938e+00 4.380682321746963057e-04
1.392559250692048112e+00 4.807164573273045626e-04
1.393616181549087285e+00 5.501079613674562203e-04
1.394674718012988590e+00 6.359257954027195672e-04
1.395734863745201837e+00 7.221175196380592376e-04
1.396796622418318146e+00 7.816210561126069956e-04
1.397859997716113023e+00 7.920482540411424551e-04
1.398924993333587663e+00 7.574932216982671997e-04
1.399991612977012023e+00 7.050218835956175833e-04
1.401059860363969234e+00 6.583923000098166256e-04
1.402129739223397342e+00 6.252218677775191365e-04
1.403201253295632611e+00 6.111172702122194588e-04
1.404274406332453928e+00 6.311278172060633346e-04
1.405349202097126327e+00 6.965879732099422442e-04
1.406425644364444505e+00 7.995622405565099055e-04
1.407503736920777238e+00 9.210185408834720274e-04
1.408583483564113337e+00 1.046452856002659179e-03
1.409664888104103619e+00 1.160479910412960799e-03
1.410747954362106871e+00 1.234052466681589445e-03
1.411832686171235585e+00 1.239019778775659036e-03
1.412919087376399707e+00 1.180363699361273565e-03
1.414007161834353932e+00 1.098503460562327448e-03
1.415096913413741664e+00 1.032842892189813960e-03
1.416188345995141429e+00 9.959896016205362339e-04
1.417281463471112612e+00 9.898125739880862979e-04
1.418376269746243867e+00 1.027666343573960511e-03
1.419472768737196189e+00 1.121411483344329080e-03
1.420570964372751543e+00 1.255274893883858009e-03
1.421670860593860386e+00 1.392952287348718857e-03
1.422772461353686513e+00 1.508779468369498373e-03
1.423875770617657244e+00 1.594550982225499637e-03
1.424980792363509385e+00 1.638398049313524729e-03
1.426087530581336749e+00 1.622276292696026023e-03
1.427195989273638999e+00 1.550506651187380167e-03
1.428306172455369394e+00 1.461179683258013269e-03
1.429418084153984081e+00 1.393596969943353267e-03
1.430531728409489389e+00 1.357291838688736785e-03
1.431647109274492458e+00 1.348030769225829579e-03
1.432764230814248751e+00 1.379431279638643161e-03
1.433883097106711801e+00 1.473575292428011248e-03
1.435003712242585383e+00 1.624150960663422929e-03
1.436126080325368815e+00 1.793071560054123334e-03
1.437250205471410247e+00 1.945755388330219294e-03
1.438376091809956625e+00 2.067284554226155816e-03
1.439503743483203646e+00 2.139996268746312442e-03
1.440633164646345943e+00 2.135119175540717805e-03
1.441764359467629930e+00 2.047925405829327094e-03
1.442897332128403765e+00 1.923357887877323634e-03
1.444032086823168859e+00 1.822358699768781599e-03
1.445168627759631841e+00 1.771555444709238796e-03
1.446306959158757177e+00 1.767266770335663723e-03
1.447447085254818688e+00 1.817143183116477073e-03
1.448589010295451951e+00 1.942950460981507019e-03
1.449732738541708033e+00 2.136464092517517330e-03
1.450878274268105006e+00 2.342660900525060218e-03
1.452025621762682572e+00 2.502213285522459502e-03
1.453174785327054908e+00 2.590517823691464074e-03
1.454325769276464397e+00 2.602554467820054809e-03
1.455478577939836260e+00 2.527278672447669586e-03
1.456633215659831393e+00 2.367345646128665628e-03
1.457789686792902328e+00 2.170038693229220557e-03
1.458947995709348078e+00 2.003678227122929895e-03
1.460108146793368311e+00 1.901958992508085951e-03
1.461270144443118202e+00 1.857090934192919245e-03
1.462433993070765936e+00 1.866002761287401243e-03
1.463599697102547115e+00 1.947827237608069570e-03
1.464767260978820484e+00 2.102141419024618468e-03
1.465936689154125894e+00 2.280795505526932339e-03
1.467107986097239580e+00 2.425898608041308392e-03
1.468281156291231904e+00 2.517037456035181153e-03
1.469456204233524188e+00 2.558798246030885050e-03
1.470633134435946010e+00 2.544047582398956120e-03
1.471811951424792930e+00 2.466813332533586596e-03
1.472992659740884891e+00 2.363700978880601405e-03
1.474175263939625502e+00 2.302165873285974031e-03
1.475359768591056886e+00 2.319739314167314041e-03
1.476546178279924515e+00 2.405868203366261573e-03
1.477734497605730057e+00 2.551133884779036628e-03
1.478924731182795771e+00 2.775439727861373808e-03
1.480116883640321124e+00 3.082383638969208445e-03
1.481310959622443857e+00 3.415829750914407478e-03
1.482506963788301046e+00 3.697286328609455767e-03
1.483704900812088612e+00 3.891033693230352367e-03
1.484904775383122377e+00 4.000873397047469832e-03
1.486106592205900467e+00 4.021301869063162275e-03
1.487310356000162148e+00 3.941147027477287686e-03
1.488516071500952664e+00 3.797508729691222162e-03
1.489723743458683636e+00 3.676888641434875819e-03
1.490933376639194785e+00 3.641344376751404297e-03
1.492144975823818998e+00 3.687900249436241659e-03
1.493358545809442495e+00 3.800857278292765935e-03
1.494574091408571226e+00 4.002792427474158310e-03
1.495791617449391042e+00 4.312614484115082428e-03
1.497011128775834976e+00 4.679653670104115190e-03
1.498232630247643860e+00 5.009952093650558470e-03
1.499456126740435380e+00 5.250860941554744317e-03
1.500681623145764476e+00 5.406048306421506328e-03
1.501909124371191728e+00 5.475269354022681452e-03
1.503138635340346418e+00 5.440300694365216710e-03
1.504370160992995142e+00 5.328583749304674315e-03
1.505603706285105536e+00 5.235223244711839988e-03
1.506839276188913113e+00 5.241960065626361485e-03
1.508076875692990093e+00 5.348777126443647958e-03
1.509316509802310025e+00 5.522149001542770753e-03
1.510558183538316390e+00 5.771341692668123524e-03
1.511801901938989889e+00 6.117203261860177516e-03
1.513047670058918159e+00 6.505032961088213356e-03
1.514295492969362389e+00 6.818876290991895267e-03
1.515545375758326152e+00 6.991919179154454378e-03
1.516797323530626906e+00 7.047587916680511134e-03
1.518051341407961941e+00 7.022438371062846019e-03
1.519307434528981204e+00 6.917482451082880221e-03
1.520565608049356365e+00 6.762597734301948639e-03
1.521825867141850752e+00 6.667008231008362054e-03
1.523088216996391964e+00 6.741675069756460949e-03
1.524352662820140480e+00 7.004247771099846205e-03
1.525619209837564050e+00 7.420489882589745810e-03
1.526887863290508074e+00 8.006362020441930641e-03
1.528158628438267552e+00 8.804616645139351147e-03
1.529431510557661467e+00 9.765468372033856218e-03
1.530706514943103613e+00 1.074275953440364390e-02
1.531983646906678986e+00 1.163973212336583477e-02
1.533262911778213944e+00 1.248886804352846748e-02
1.534544314905353035e+00 1.335846116381806184e-02
1.535827861653632498e+00 1.426966916725035291e-02
1.537113557406555087e+00 1.527864000488631836e-02
1.538401407565665791e+00 1.656933281544559905e-02
1.539691417550627106e+00 1.835578865218680591e-02
1.540983592799295199e+00 2.071388468562682453e-02
1.542277938767796730e+00 2.359981060006042033e-02
1.543574460930604131e+00 2.699784793312399664e-02
1.544873164780615316e+00 3.090235809677167184e-02
1.546174055829228511e+00 3.512763790712408740e-02
1.547477139606422192e+00 3.929942149060451639e-02
1.548782421660832798e+00 4.316252405426321270e-02
1.550089907559832891e+00 4.683359928922814497e-02
1.551399602889611762e+00 5.067008961957233243e-02
1.552711513255253806e+00 5.499787145435985902e-02
1.554025644280817797e+00 6.012264384612592272e-02
1.555342001609419489e+00 6.652224028267374190e-02
1.556660590903310881e+00 7.474274375027831208e-02
1.557981417843961269e+00 8.495858440416338697e-02
1.559304488132139177e+00 9.673307250822814340e-02
1.560629807487994514e+00 1.092892041814358672e-01
1.561957381651142285e+00 1.219202881671296590e-01
1.563287216380741862e+00 1.341198939076892749e-01
1.564619317455583802e+00 1.456039764254362379e-01
1.565953690674171783e+00 1.565562020638694429e-01
1.567290341854808089e+00 1.678360519195331579e-01
1.568629276835675768e+00 1.806050975920937551e-01
1.569970501474926117e+00 1.955033164314168848e-01
1.571314021650763726e+00 2.121732175628354422e-01
1.572659843261530854e+00 2.294985957963250611e-01
1.574007972225794250e+00 2.460379613898428797e-01
1.575358414482433522e+00 2.601834024447613469e-01
1.576711175990726188e+00 2.703877838598955363e-01
1.578066262730437375e+00 2.758574685756329248e-01
1.579423680701905752e+00 2.771254948393487294e-01
1.580783435926133240e+00 2.755433264010019867e-01
1.582145534444875379e+00 2.719183093475731061e-01
1.583509982320728149e+00 2.657580197430562952e-01
1.584876785637219010e+00 2.559782057893816298e-01
1.586245950498898827e+00 2.421744235924087330e-01
1.587617483031429799e+00 2.250227950622300799e-01
1.588991389381680275e+00 2.056614815851916522e-01
1.590367675717812235e+00 1.850726132810825431e-01
1.591746348229378993e+00 1.640534265021775517e-01
1.593127413127413350e+00 1.433459190481964352e-01
1.594510876644522845e+00 1.235026970258914780e-01
1.595896745034983466e+00 1.047964936545967979e-01
1.597285024574833789e+00 8.750698425493354249e-02
1.598675721561969576e+00 7.219995756091497630e-02
1.600068842316239026e+00 5.947632205155949786e-02
1.601464393179538703e+00 4.945793300490176903e-02
1.602862380515909679e+00 4.172632445142062524e-02
1.604262810711633680e+00 3.577779826361444926e-02
1.605665690175331672e+00 3.133076319547330874e-02
1.607071025338059789e+00 2.814715268966936149e-02
1.608478822653410134e+00 2.581824741178768284e-02
1.609889088597606710e+00 2.393801627898944906e-02
1.611301829669606445e+00 2.237325909841270805e-02
1.612717052391199557e+00 2.116975459726351191e-02
1.614134763307107701e+00 2.025450925383146666e-02
1.615554968985086548e+00 1.942317097846439980e-02
1.616977676016027710e+00 1.859932591290693049e-02
1.618402891014058653e+00 1.789841274575906110e-02
1.619830620616647066e+00 1.738409352328336085e-02
1.621260871484702992e+00 1.693562092335958516e-02
1.622693650302682089e+00 1.644431416888934502e-02
1.624128963778691981e+00 1.598974627716416574e-02
1.625566818644593292e+00 1.568998404093900623e-02
1.627007221656107783e+00 1.548652252530557070e-02
1.628450179592922709e+00 1.523370334569048440e-02
1.629895699258799180e+00 1.493504919114679863e-02
1.631343787481675855e+00 1.471888926064370863e-02
1.632794451113778855e+00 1.459874846743593191e-02
1.634247697031729896e+00 1.443456059827567285e-02
1.635703532136653315e+00 1.416244865766892562e-02
1.637161963354286653e+00 1.389740651068521911e-02
1.638622997635090117e+00 1.373254112929679117e-02
1.640086641954356717e+00 1.358062072365850970e-02
1.641552903312324174e+00 1.332948341563199024e-02
1.643021788734285060e+00 1.304167012879342037e-02
1.644493305270700034e+00 1.285271758083528226e-02
1.645967459997310867e+00 1.274209903542863898e-02
1.647444260015252793e+00 1.257100178254568282e-02
1.648923712451169754e+00 1.232242501930892395e-02
1.650405824457328086e+00 1.213068286215240876e-02
1.651890603211731534e+00 1.204970009205926645e-02
1.653378055918238942e+00 1.195978676498762362e-02
1.654868189806678380e+00 1.177486403269153471e-02
1.656361012132966604e+00 1.159379015458965323e-02
1.657856530179224741e+00 1.153353480970996554e-02
1.659354751253897531e+00 1.152950748570025392e-02
1.660855682691873003e+00 1.144703048761195989e-02
1.662359331854601496e+00 1.131306063442585885e-02
1.663865706130216449e+00 1.126803592626047720e-02
1.665374812933654081e+00 1.131823232056355238e-02
1.666886659706776852e+00 1.131535106295328622e-02
1.668401253918495364e+00 1.120235290076722692e-02
1.669918603064890483e+00 1.110497586709866848e-02
1.671438714669336800e+00 1.111012882853376106e-02
1.672961596282629859e+00 1.111133601992471236e-02
1.674487255483106507e+00 1.098976221820414760e-02
1.676015699876774567e+00 1.082225712366748430e-02
1.677546937097437407e+00 1.075657518148858197e-02
1.679080974806821835e+00 1.076374189509793355e-02
1.680617820694705111e+00 1.069236740205631482e-02
1.682157482479043509e+00 1.053400284544880015e-02
1.683699967906102435e+00 1.044329833254454415e-02
1.685245284750585437e+00 1.047451488835761217e-02
1.686793440815764544e+00 1.048589207935958154e-02
1.688344443933612604e+00 1.038023342896482112e-02
1.689898301964934735e+00 1.027176185427692255e-02
1.691455022799502661e+00 1.029032285007685718e-02
1.693014614356184833e+00 1.035587944117885226e-02
1.694577084583083426e+00 1.031265500684091022e-02
1.696142441457669792e+00 1.019698428951495983e-02
1.697710692986917236e+00 1.017780118878297037e-02
1.699281847207440910e+00 1.026605853591636835e-02
1.700855912185633034e+00 1.029023406570289158e-02
1.702432896017801678e+00 1.018486097005749831e-02
1.704012806830309534e+00 1.010005677545965271e-02
1.705595652779712923e+00 1.014043155528103479e-02
1.707181442052903453e+00 1.017774511784174350e-02
1.708770182867247023e+00 1.006256786915671504e-02
1.710361883470728372e+00 9.878417965924393002e-03
1.711956552142091637e+00 9.802279108670618191e-03
1.713554197190984896e+00 9.804969402520563940e-03
1.715154826958105838e+00 9.703450369406826925e-03
1.716758449815342980e+00 9.479588107713859263e-03
1.718365074165925988e+00 9.320411560315780553e-03
1.719974708444569567e+00 9.305523493413387845e-03
1.721587361117622450e+00 9.272763444197692356e-03
1.723203040683215503e+00 9.095018699392092704e-03
1.724821755671410495e+00 8.898635078315172281e-03
1.726443514644351751e+00 8.847990077825149124e-03
1.728068326196414484e+00 8.860733895287905421e-03
1.729696198954359332e+00 8.742288296110340209e-03
1.731327141577483575e+00 8.515170500170338164e-03
1.732961162757774787e+00 8.381185723314943728e-03
1.734598271220065380e+00 8.376513606438276693e-03
1.736238475722188257e+00 8.306743014646948697e-03
1.737881785055132244e+00 8.076315804650407645e-03
1.739528208043200186e+00 7.852588683260974464e-03
1.741177753544165707e+00 7.781537206237505201e-03
1.742830430449433310e+00 7.736497036988043870e-03
1.744486247684195801e+00 7.530029131594914368e-03
1.746145214207598606e+00 7.231633367394340109e-03
1.747807339012898531e+00 7.050192472269087816e-03
1.749472631127626077e+00 6.979037530176523778e-03
1.751141099613752417e+00 6.807864137242602975e-03
1.752812753567849047e+00 6.483134413692805478e-03
1.754487602121255652e+00 6.203825653235362121e-03
1.756165654440247081e+00 6.087862450219809658e-03
1.757846919726198331e+00 5.975813681232018670e-03
1.759531407215754184e+00 5.705941622042032431e-03
1.761219126180998629e+00 5.392072985708531649e-03
1.762910085929624282e+00 5.230670270407773194e-03
1.764604295805103140e+00 5.165947496962851673e-03
1.766301765186859996e+00 4.984049983712442178e-03
1.768002503490443633e+00 4.675765454408532633e-03
1.769706520167703134e+00 4.449717634447966121e-03
1.771413824706961071e+00 4.374774553989099063e-03
1.773124426633190476e+00 4.262365258362259268e-03
1.774838335508192033e+00 3.988488191551083258e-03
1.776555560930772826e+00 3.704814639232149702e-03
1.778276112536923526e+00 3.579629106000107100e-03
1.780000000000000249e+00 3.512615561501110546e-03
