8.599999999999999867e-01 2.371844041388239461e-05
8.609140670670140105e-01 1.680828214413792332e-05
8.618300792679682854e-01 1.512470701894602490e-05
8.627480428183417205e-01 1.491317554160490085e-05
8.636679639601216874e-01 1.091113927338426081e-05
8.645898489619469052e-01 1.349316495396706690e-05
8.655137041192499936e-01 1.280224123761197918e-05
8.664395357543991372e-01 1.111686300676062805e-05
8.673673502168441907e-01 1.313253927316955535e-05
8.682971538832610081e-01 8.118488857960316817e-06
8.692289531576972150e-01 8.534766675430801309e-06
8.701627544717193130e-01 1.052790426707005635e-05
8.710985642845621157e-01 7.045041685550516157e-06
8.720363890832750764e-01 1.074263245665756297e-05
8.729762353828744992e-01 8.169937068618832648e-06
8.739181097264929754e-01 4.464240916182093606e-06
8.748620186855321501e-01 6.369146564341807086e-06
8.758079688598152668e-01 1.166698583076183235e-06
8.767559668777398230e-01 1.476124584017053808e-07
8.777060193964349999e-01 4.485037361696067181e-05
8.786581331019147623e-01 4.141876109792166966e-06
8.796123147092361760e-01 9.976596677044767753e-05
8.805685709626569491e-01 4.297221034412567029e-05
8.815269086357948591e-01 8.495104314733668989e-06
8.824873345317861828e-01 1.624127760203716495e-04
8.834498554834488981e-01 1.266239965013011236e-04
8.844144783534423349e-01 2.317087779689468434e-05
8.853812100344318203e-01 8.243159376120873607e-05
8.863500574492532147e-01 2.771185892097160369e-04
8.873210275510762246e-01 1.057432962756133166e-04
8.882941273235729351e-01 2.027765495655286553e-05
8.892693637810836771e-01 6.051685722349504952e-05
8.902467439687862250e-01 2.231160733320730898e-04
8.912262749628652170e-01 1.807309369395173032e-04
8.922079638706835736e-01 6.005602467863393529e-05
8.931918178309532497e-01 8.472981932494735976e-05
8.941778440139096507e-01 2.089663095839474445e-04
8.951660496214843832e-01 3.008395208619829499e-04
8.961564418874813365e-01 1.842291556549685431e-04
8.971490280777538739e-01 6.508612674875314207e-05
8.981438154903808035e-01 7.040518782891104922e-05
8.991408114558473441e-01 1.466128151685025624e-04
9.001400233372229831e-01 1.840738767466721271e-04
9.011414585303445524e-01 1.786544220408284333e-04
9.021451244639973055e-01 8.222971320265372904e-05
9.031510286001005472e-01 2.812073438701582118e-04
9.041591784338897098e-01 4.332556552211294263e-04
9.051695814941052021e-01 1.823668283882830406e-04
9.061822453431785940e-01 6.492453017975700707e-05
9.071971775774206881e-01 1.787605665483427207e-04
9.082143858272131443e-01 3.606490626207125389e-04
9.092338777571982167e-01 1.888006689923138112e-04
9.102556610664718217e-01 1.214842086620538807e-04
9.112797434887777159e-01 1.287027046923970076e-04
9.123061327927016739e-01 9.211160036037775766e-05
9.133348367818684421e-01 1.736628600900057729e-04
9.143658632951403575e-01 2.737790094093312063e-04
9.153992202068147455e-01 3.855675650654316372e-04
9.164349154268258690e-01 2.824350374311160295e-04
9.174729569009458796e-01 1.135192198526442637e-04
9.185133526109883206e-01 6.624489678971462990e-05
9.195561105750129638e-01 8.780497769886284345e-05
9.206012388475307562e-01 1.417302004716560805e-04
9.216487455197132084e-01 1.465139611617580109e-04
9.226986387195991179e-01 1.069985380140304701e-04
9.237509266123056229e-01 1.035087392813093459e-04
9.248056174002398100e-01 1.376077613784975067e-04
9.258627193233126551e-01 2.015298176850733388e-04
9.269222406591519636e-01 2.747322485417952971e-04
9.279841897233201964e-01 2.648524864503246741e-04
9.290485748695304080e-01 1.849860568708149358e-04
9.301154044898661821e-01 9.128825322161016802e-05
9.311846870150026767e-01 4.494992345614783953e-05
9.322564309144270034e-01 5.425443940979538031e-05
9.333306446966641579e-01 9.594345598576868789e-05
9.344073369094999526e-01 1.339387310501977579e-04
9.354865161402091678e-01 1.473808793766477685e-04
9.365681910157831469e-01 1.284767767590064616e-04
9.376523702031603902e-01 1.337953926628918143e-04
9.387390624094570368e-01 1.767560963033314116e-04
9.398282763822011221e-01 2.435201904120342026e-04
9.409200209095662792e-01 2.915661009868076681e-04
9.420143048206082170e-01 2.303902787874057532e-04
9.431111369855039728e-01 1.359659657205503926e-04
9.442105263157893891e-01 6.908434075198500990e-05
9.453124817646029188e-01 5.173436960121304814e-05
9.464170123269265433e-01 9.639838765063161389e-05
9.475241270398316873e-01 1.861212635727654764e-04
9.486338349827253547e-01 2.183356535509596097e-04
9.497461452775987079e-01 1.846618077197129993e-04
9.508610670892763128e-01 1.564013511379478696e-04
9.519786096256686037e-01 1.761136227059448723e-04
9.530987821380244585e-01 2.415835499602567453e-04
9.542215939211874387e-01 2.912192250167801159e-04
9.553470543138528059e-01 2.607176919601697095e-04
9.564751726988250935e-01 1.715288715532838093e-04
9.576059585032808963e-01 1.099764538549642364e-04
9.587394211990294401e-01 1.090330635024223938e-04
9.598755703027791464e-01 1.613830070820624447e-04
9.610144153764016428e-01 2.343400647541920624e-04
9.621559660272022141e-01 3.261383913639476651e-04
9.633002319081881426e-01 3.768051334829114322e-04
9.644472227183426005e-01 3.552883936415119552e-04
9.655969482028970985e-01 3.227706804825338210e-04
9.667494181536073761e-01 2.899422417116884350e-04
9.679046424090338441e-01 2.705494973299361048e-04
9.690626308548183632e-01 2.760304407030984429e-04
9.702233934239684610e-01 3.220787574127749703e-04
9.713869400971398838e-01 3.767214952120745810e-04
9.725532809029237002e-01 3.756877401006132101e-04
9.737224259181341823e-01 3.847889954791278437e-04
9.748943852680991284e-01 5.060600874796729364e-04
9.760691691269505199e-01 7.615013568364878069e-04
9.772467877179223938e-01 1.008567655657896826e-03
9.784272513136439420e-01 9.744694633228469368e-04
9.796105702364393819e-01 7.631824361068359182e-04
9.807967548586306039e-01 6.384810167225317672e-04
9.819858156028369311e-01 7.045953278751561962e-04
9.831777629422832065e-01 9.714736448597709835e-04
9.843726074011059923e-01 1.282828800103626762e-03
9.855703595546635443e-01 1.296146616512680724e-03
9.867710300298471182e-01 1.020519785418911012e-03
9.879746295053973837e-01 7.340022295769515082e-04
9.891811687122183949e-01 6.211094265984000570e-04
9.903906584336983343e-01 7.336209984930278831e-04
9.916031095060294787e-01 9.811976749696941277e-04
9.928185328185327174e-01 1.183893504370275027e-03
9.940369393139842913e-01 1.141067917744392150e-03
9.952583399889416427e-01 9.629474865207371306e-04
9.964827458940763716e-01 9.715218953528194845e-04
9.977101681345076356e-01 1.257901678990264909e-03
9.989406178701363270e-01 1.715236313757950801e-03
1.000174106315984357e+00 2.071605384932829769e-03
1.001410644742535938e+00 1.989689015927312201e-03
1.002650244476078312e+00 1.595502878899232851e-03
1.003892916899052024e+00 1.286834683432765180e-03
1.005138673450393982e+00 1.246962268710247526e-03
1.006387525625892954e+00 1.506268884587153587e-03
1.007639484978540834e+00 1.832061607076867138e-03
1.008894563118889254e+00 1.901994546164731230e-03
1.010152771715408182e+00 1.789178139561599899e-03
1.011414122494849410e+00 1.685436444627522092e-03
1.012678627242608265e+00 1.807335866729263638e-03
1.013946297803091978e+00 2.252564551239429839e-03
1.015217146080090282e+00 2.802072086055013445e-03
1.016491184037146223e+00 3.026676699604105829e-03
1.017768423697932967e+00 2.697592975857297272e-03
1.019048877146631726e+00 2.241650297810785127e-03
1.020332556528311230e+00 2.116150507948716744e-03
1.021619474049315857e+00 2.339127219908864862e-03
1.022909641977647555e+00 2.812325263063049276e-03
1.024203072643358414e+00 3.259002254578537063e-03
1.025499778438944132e+00 3.268830038534781615e-03
1.026799771819737694e+00 3.213826708588247896e-03
1.028103065304309283e+00 3.572489824774539770e-03
1.029409671474868171e+00 4.433887143577621218e-03
1.030719602977667515e+00 5.635982150431652696e-03
1.032032872523412248e+00 6.394897849905318947e-03
1.033349492887669863e+00 6.348742703503776168e-03
1.034669476911285635e+00 6.146807748495912611e-03
1.035992837500799402e+00 6.540222761254603674e-03
1.037319587628866113e+00 8.297291599266913911e-03
1.038649740334679716e+00 1.129841743921281526e-02
1.039983308724401478e+00 1.409221573080492868e-02
1.041320305971588533e+00 1.638767975891367717e-02
1.042660745317628868e+00 1.923941998889183019e-02
1.044004640072178969e+00 2.431397071346576635e-02
1.045352003613602587e+00 3.268602560849317995e-02
1.046702849389416601e+00 4.234544524647484987e-02
1.048057190916736880e+00 4.998276225213972579e-02
1.049415041782729707e+00 5.647609642838352650e-02
1.050776415645067408e+00 6.767562813546940115e-02
1.052141326232383101e+00 8.680978013819531935e-02
1.053509787344735660e+00 1.079321764942222789e-01
1.054881812854073120e+00 1.225275582809655234e-01
1.056257416704701191e+00 1.308295006071038546e-01
1.057636612913755991e+00 1.408150677922429816e-01
1.059019415571680778e+00 1.547177646896473746e-01
1.060405838842704673e+00 1.612063596523545805e-01
1.061795896965327390e+00 1.540725181413026279e-01
1.063189604252805731e+00 1.432366461749389197e-01
1.064586975093645194e+00 1.321624605427139665e-01
1.065988023952095798e+00 1.148711176657098848e-01
1.067392765368649910e+00 9.072522799603013888e-02
1.068801213960546503e+00 6.779928116580716257e-02
1.070213384422276315e+00 4.993546247728194304e-02
1.071629291526096539e+00 3.626262245937394990e-02
1.073048950122540868e+00 2.716690258923756471e-02
1.074472375140943292e+00 2.190581648085422953e-02
1.075899581589958354e+00 1.921681332896333846e-02
1.077330584558090054e+00 1.818381505793702571e-02
1.078765399214224097e+00 1.736785982700320141e-02
1.080204040808161681e+00 1.621677539011276079e-02
1.081646524671162402e+00 1.519737248428376826e-02
1.083092866216487149e+00 1.440683959394716863e-02
1.084543080939947668e+00 1.402187976574109304e-02
1.085997184420459893e+00 1.375254858078860977e-02
1.087455192320601505e+00 1.324470512468661938e-02
1.088917120387174808e+00 1.287360947617845891e-02
1.090382984451773840e+00 1.239951196779399620e-02
1.091852800431354131e+00 1.157485530428677134e-02
1.093326584328811579e+00 1.063098095459805853e-02
1.094804352233560873e+00 9.634707562795719049e-03
1.096286120322122359e+00 9.034306736260017123e-03
1.097771904858711123e+00 8.819027266512948979e-03
1.099261722195833624e+00 8.522448658941474478e-03
1.100755588774886329e+00 8.237557874660570920e-03
1.102253521126760782e+00 7.863231183802086438e-03
1.103755535872453564e+00 7.392622520167449647e-03
1.105261649723681350e+00 7.001433402680399924e-03
1.106771879483500864e+00 6.420466060625800928e-03
1.108286242046931713e+00 5.910526043005755355e-03
1.109804754401589433e+00 5.696230978107809199e-03
1.111327433628318540e+00 5.531352555254466334e-03
1.112854296901834239e+00 5.464751477970626950e-03
1.114385361491366799e+00 5.266412659319015879e-03
1.115920644761314362e+00 4.854781246748268372e-03
1.117460164171897752e+00 4.579395857950925575e-03
1.119003937279823280e+00 4.251315574782721721e-03
1.120551981738950209e+00 3.906592613061391113e-03
1.122104315300962885e+00 3.708063873674909486e-03
1.123660955816050633e+00 3.491182942806333664e-03
1.125221921233590328e+00 3.431215909223509896e-03
1.126787229602837836e+00 3.423087701286482015e-03
1.128356899073622799e+00 3.201383903776949900e-03
1.129930947897049620e+00 3.019157475642195512e-03
1.131509394426206461e+00 2.807759525811913057e-03
1.133092257116877555e+00 2.592501617237500354e-03
1.134679554528262413e+00 2.529839684047323432e-03
1.136271305323700798e+00 2.381560718069506647e-03
1.137867528271405471e+00 2.285285835090401091e-03
1.139468242245199381e+00 2.312386115280762409e-03
1.141073466225258848e+00 2.215518989019450626e-03
1.142683219298864516e+00 2.148482752737016985e-03
1.144297520661156975e+00 2.016035880076783807e-03
1.145916389615901476e+00 1.790828778077036346e-03
1.147539845576255546e+00 1.735985958289947831e-03
1.149167908065545696e+00 1.640353115639185070e-03
1.150800596718050794e+00 1.530003885388948404e-03
1.152437931279789440e+00 1.526839013390656093e-03
1.154079931609318210e+00 1.408720762642864900e-03
1.155726617678533241e+00 1.348433754260054381e-03
1.157378009573480249e+00 1.306394421949045150e-03
1.159034127495170763e+00 1.116448349506836153e-03
1.160694991760407024e+00 1.046760427243405463e-03
1.162360622802611765e+00 9.705992170368001482e-04
1.164031041172666647e+00 8.615796842295547547e-04
1.165706267539756702e+00 8.849553938583845864e-04
1.167386322692224532e+00 8.046118925894209933e-04
1.169071227538428293e+00 7.280813103591573165e-04
1.170761003107610110e+00 7.421818761937632293e-04
1.172455670550770712e+00 6.245108243910499953e-04
1.174155251141552503e+00 5.813886605599037161e-04
1.175859766277128404e+00 5.589805247338662129e-04
1.177569237479101583e+00 4.445070561627973587e-04
1.179283686394409170e+00 4.676862405932508148e-04
1.181003134796238196e+00 4.529852057936887720e-04
1.182727604584945524e+00 3.729952144157971721e-04
1.184457117788988878e+00 4.214807839827935162e-04
1.186191696565863873e+00 3.574351797102500133e-04
1.187931363203050594e+00 3.076746380398511730e-04
1.189676140118969050e+00 3.669535642648572731e-04
1.191426049863940628e+00 2.748039259034853977e-04
1.193181115121160651e+00 2.789513751009134305e-04
1.194941358707678702e+00 3.408268633709471288e-04
1.196706803575386058e+00 2.332738650393468085e-04
1.198477472812014444e+00 3.057198292098451883e-04
1.200253389642142565e+00 2.947164167590668070e-04
1.202034577428211293e+00 1.501271269394594400e-04
1.203821059671546401e+00 2.464099024057931080e-04
1.205612860013395737e+00 1.012987457776133078e-04
1.207410002235969282e+00 1.697658118191624701e-05
1.209212510263491858e+00 2.975757671989183364e-04
1.211020408163265172e+00 2.445862326049797982e-04
1.212833720146739624e+00 8.295679002598170190e-04
1.214652470570593001e+00 1.484028767554758984e-04
1.216476683937824044e+00 3.729494650962471725e-03
1.218306384898849570e+00 1.845194013654502876e-02
1.220141598252617365e+00 1.575125786891988164e-02
1.221982348947725727e+00 8.514379830411179795e-03
1.223828662083553898e+00 2.312689637117645511e-02
1.225680562911402038e+00 5.976486459937623008e-02
1.227538076835644532e+00 6.421202342933904350e-02
1.229401229414889496e+00 3.505526854342772697e-02
1.231270046363152515e+00 3.174793380934591569e-02
1.233144553551039024e+00 3.675514353363494580e-02
1.235024777006937580e+00 5.877621233857696637e-02
1.236910742918225559e+00 5.717146226354718336e-02
1.238802477632484411e+00 3.775075895339537885e-02
1.240700007658727122e+00 2.764642628878414415e-02
1.242603359668635443e+00 2.379318094285148844e-02
1.244512560497810449e+00 2.337088185516730809e-02
1.246427637147033973e+00 2.173087392466996684e-02
1.248348616783540033e+00 1.749874676581197191e-02
1.250275526742301579e+00 1.327213279870993398e-02
1.252208394527324797e+00 1.107158354148555547e-02
1.254147247812959831e+00 8.771831324659768586e-03
1.256092114445219732e+00 6.533411530177122943e-03
1.258043022443115611e+00 3.688328505141215147e-03
1.260000000000000009e+00 2.747934896381047567e-03
