9.800000000000000933e-01 2.159865286716173497e-04
9.809509485226336478e-01 1.821410496179225668e-04
9.819037443543296995e-01 1.339644009647444325e-04
9.828583928831853278e-01 1.494914180623550749e-04
9.838148995182718348e-01 1.647121303262616009e-04
9.847732696897376625e-01 1.412130463583760186e-04
9.857335088489105335e-01 1.228121567363335228e-04
9.866956224684009236e-01 1.164405438320062459e-04
9.876596160422063120e-01 1.163288143317007872e-04
9.886254950858149870e-01 1.145918128309589545e-04
9.895932651363126276e-01 9.353765946019041691e-05
9.905629317524866639e-01 7.726591800782540965e-05
9.915345005149333035e-01 7.543974678851649051e-05
9.925079770261648893e-01 6.340204970213264167e-05
9.934833669107170362e-01 5.158616461411277035e-05
9.944606758152575443e-01 4.512305172319474591e-05
9.954399094086952005e-01 3.317898634824985473e-05
9.964210733822880250e-01 2.816765379263096817e-05
9.974041734497560707e-01 2.367543305043645890e-05
9.983892153473906683e-01 1.258097854583720473e-05
9.993762048341654491e-01 7.655939807221274571e-06
1.000365147691851142e+00 2.546956720693187251e-06
1.001356049725125263e+00 9.241236533221635483e-06
1.002348916761687692e+00 3.054339250888362647e-05
1.003343754652374908e+00 2.603719469523079472e-05
1.004340569271273464e+00 2.347333611428883710e-05
1.005339366515837440e+00 5.565281923273671756e-05
1.006340152307003244e+00 5.557521355471001023e-05
1.007342932589308182e+00 2.888927287654332248e-05
1.008347713331006146e+00 5.186409773093431753e-05
1.009354500524187737e+00 7.961409696363173146e-05
1.010363300184898616e+00 5.818186499932251967e-05
1.011374118353258966e+00 4.250406302331125199e-05
1.012386961093585835e+00 6.025481455103738832e-05
1.013401834494511711e+00 7.439997743872177511e-05
1.014418744669108641e+00 6.882702840179688879e-05
1.015437697755009916e+00 6.318327900414641386e-05
1.016458699914534636e+00 7.656556707158670560e-05
1.017481757334809833e+00 9.366237365212981135e-05
1.018506876227898150e+00 9.002109160723950534e-05
1.019534062830921517e+00 7.728011654665094341e-05
1.020563323406188605e+00 7.895500151223984247e-05
1.021594664241322281e+00 9.419698312636334955e-05
1.022628091649385729e+00 1.019075902618543124e-04
1.023663611969014342e+00 8.963862488143386727e-05
1.024701231564543180e+00 7.561505163113232605e-05
1.025740956826137751e+00 8.131552265305405853e-05
1.026782794169925461e+00 1.020150649890686699e-04
1.027826750038127512e+00 1.166641939172837942e-04
1.028872830899191015e+00 1.083753770463060745e-04
1.029921043247924217e+00 8.827559326592270710e-05
1.030971393605629727e+00 8.375947695633831152e-05
1.032023888520239074e+00 1.005861453011353430e-04
1.033078534566450379e+00 1.237241336348118175e-04
1.034135338345864685e+00 1.296396187715768067e-04
1.035194306487123406e+00 1.101011357798654277e-04
1.036255445646046214e+00 9.463004778530324150e-05
1.037318762505772041e+00 1.080369764623767835e-04
1.038384263776899186e+00 1.458907218280843388e-04
1.039451956197624982e+00 1.899134007882103141e-04
1.040521846533889461e+00 2.037776420163165585e-04
1.041593941579517235e+00 1.788901667174165545e-04
1.042668248156361388e+00 1.562925851135703748e-04
1.043744773114449576e+00 1.586079840314205648e-04
1.044823523332127468e+00 1.839756207519819479e-04
1.045904505716207300e+00 2.181253094818236618e-04
1.046987727202113083e+00 2.203624775600830470e-04
1.048073194754030490e+00 1.873722461312779780e-04
1.049160915365056512e+00 1.604434592498222754e-04
1.050250896057348005e+00 1.554677287425647813e-04
1.051343143882273568e+00 1.728081875672399410e-04
1.052437665920566756e+00 1.991706863935643879e-04
1.053534469282476405e+00 2.020477018555145283e-04
1.054633561107923834e+00 1.824898693133777190e-04
1.055734948566654730e+00 1.630001131645217576e-04
1.056838638858397461e+00 1.542895311527004083e-04
1.057944639213018956e+00 1.632808124143786583e-04
1.059052956890681685e+00 1.740983980353095453e-04
1.060163599182004424e+00 1.644993510183702390e-04
1.061276573408220347e+00 1.356306315446406945e-04
1.062391886921339124e+00 9.243824437939219543e-05
1.063509547104308117e+00 4.857956302904367250e-05
1.064629561371175814e+00 2.165102170996040807e-05
1.065751937167255692e+00 1.374895959422360882e-05
1.066876681969289642e+00 2.773790098766528285e-05
1.068003803285616504e+00 5.594498029367736726e-05
1.069133308656337933e+00 8.010182085751605817e-05
1.070265205653486040e+00 9.927541900110806161e-05
1.071399501881193483e+00 1.201472516723818144e-04
1.072536204975863550e+00 1.622333258432373645e-04
1.073675322606340687e+00 2.440779405115227352e-04
1.074816862474084367e+00 3.451038165443067037e-04
1.075960832313341831e+00 4.334983608896700790e-04
1.077107239891321955e+00 4.804223745520944610e-04
1.078256093008373107e+00 4.795459715402611680e-04
1.079407399498158338e+00 4.856806109956222591e-04
1.080561167227833907e+00 5.437861141735826848e-04
1.081717404098229363e+00 6.544928024229844030e-04
1.082876118044025615e+00 7.947985919419883619e-04
1.084037317033939463e+00 8.773160467845850501e-04
1.085201009070903666e+00 8.503263735116390340e-04
1.086367202192252357e+00 7.864285410679706326e-04
1.087535904469905113e+00 7.575710997557204632e-04
1.088707124010554139e+00 8.048280066038019775e-04
1.089880868955851678e+00 9.379779934220192289e-04
1.091057147482596967e+00 1.068058501316207064e-03
1.092235967802928087e+00 1.109242014714977801e-03
1.093417338164512698e+00 1.054299849573182932e-03
1.094601266850739218e+00 9.534997657526004481e-04
1.095787762180911562e+00 9.198233812234321138e-04
1.096976832510444533e+00 1.004067456442729730e-03
1.098168486231057672e+00 1.151111910626333905e-03
1.099362731770975099e+00 1.295017610804988489e-03
1.100559577595122907e+00 1.344341830603879278e-03
1.101759032205329447e+00 1.283656090151073662e-03
1.102961104140527171e+00 1.232342694960505145e-03
1.104165801976954020e+00 1.256597440261292839e-03
1.105373134328358153e+00 1.373749139042196440e-03
1.106583109846204671e+00 1.574266162253484900e-03
1.107795737219878562e+00 1.728671770768571564e-03
1.109011025176896759e+00 1.755662408569942266e-03
1.110228982483114857e+00 1.705549332797394024e-03
1.111449617942938950e+00 1.659475466049145122e-03
1.112672940399537902e+00 1.723713605179535155e-03
1.113898958735056066e+00 1.907327203064399391e-03
1.115127681870829113e+00 2.104387898317025465e-03
1.116359118767599856e+00 2.231592815351096659e-03
1.117593278425736525e+00 2.204544171459005535e-03
1.118830169885452142e+00 2.058061746401560269e-03
1.120069802227023681e+00 1.975923930777742730e-03
1.121312184571016779e+00 2.035227864694376127e-03
1.122557326078507778e+00 2.247132835172165576e-03
1.123805235951309101e+00 2.559787458386493259e-03
1.125055923432196403e+00 2.760072904722926917e-03
1.126309397805136392e+00 2.774377830518063356e-03
1.127565668395516196e+00 2.719656985804341787e-03
1.128824744570375849e+00 2.702103962169177635e-03
1.130086635738639655e+00 2.850465366760074511e-03
1.131351351351351786e+00 3.159122249303085439e-03
1.132618900901910530e+00 3.449463768407418258e-03
1.133889293926308328e+00 3.595707026460549099e-03
1.135162540003368692e+00 3.551894311490598390e-03
1.136438648754988678e+00 3.478671145626088031e-03
1.137717629846379364e+00 3.654348277449957511e-03
1.138999492986310980e+00 4.116578527637419077e-03
1.140284247927358940e+00 4.756666379290097266e-03
1.141571904466151421e+00 5.338671968535066946e-03
1.142862472443615607e+00 5.579715543182349642e-03
1.144155961745232597e+00 5.617788288606611127e-03
1.145452382301286098e+00 5.771197381337491578e-03
1.146751744087119329e+00 6.208325108164716548e-03
1.148054057123389038e+00 7.049539600505206824e-03
1.149359331476323076e+00 8.020967739977881428e-03
1.150667577257981966e+00 8.683481292678301572e-03
1.151978804626517139e+00 9.106742101338233947e-03
1.153293023786435612e+00 9.665502238760809162e-03
1.154610244988864443e+00 1.087260234128446280e-02
1.155930478531816519e+00 1.305285296524915165e-02
1.157253734760460562e+00 1.577153381769029819e-02
1.158580024067389136e+00 1.840340107191815178e-02
1.159909356892892207e+00 2.074837362078558664e-02
1.161241743725231146e+00 2.326756439369128196e-02
1.162577195100914507e+00 2.729532134046760983e-02
1.163915721604974030e+00 3.374944091169224808e-02
1.165257333871246859e+00 4.190810062716361639e-02
1.166602042582655763e+00 5.017442335376854495e-02
1.167949858471492242e+00 5.776656231968946981e-02
1.169300792319704074e+00 6.647484828948280189e-02
1.170654854959180424e+00 7.934022047477520823e-02
1.172012057272042496e+00 9.621794529868706036e-02
1.173372410190935078e+00 1.129542829109402291e-01
1.174735924699320311e+00 1.253185486594813602e-01
1.176102611831772782e+00 1.333778127846439454e-01
1.177472482674276621e+00 1.413169883157520401e-01
1.178845548364527041e+00 1.498089094297884172e-01
1.180221820092230534e+00 1.531138578868398437e-01
1.181601309099409969e+00 1.487868103573115608e-01
1.182984026680709455e+00 1.412272899319076402e-01
1.184369984183703650e+00 1.323806496466908567e-01
1.185759193009207957e+00 1.193231810225917205e-01
1.187151664611590940e+00 1.014236468829926574e-01
1.188547410499089185e+00 8.206569631114747632e-02
1.189946442234124380e+00 6.400816644598054939e-02
1.191348771433622389e+00 4.779198834463845025e-02
1.192754409769335444e+00 3.424830951948869273e-02
1.194163368968164995e+00 2.452633984726483932e-02
1.195575660812489227e+00 1.806879829039391427e-02
1.196991297140489019e+00 1.380161565275927690e-02
1.198410289846482346e+00 1.137370634735776140e-02
1.199832650881253571e+00 1.015481587363048152e-02
1.201258392252391616e+00 9.564970718574575606e-03
1.202687526024627029e+00 9.398058536864822496e-03
1.204120064320171712e+00 9.326096037695772584e-03
1.205556019319062866e+00 9.345874116784180091e-03
1.206995403259507160e+00 9.491086692269992339e-03
1.208438228438228679e+00 9.555516919029748146e-03
1.209884507210819304e+00 9.652734604735192098e-03
1.211334251992091549e+00 9.787403852861852396e-03
1.212787475256433600e+00 9.904802500102057733e-03
1.214244189538165930e+00 1.022347008416920472e-02
1.215704407431904555e+00 1.061535795904168696e-02
1.217168141592920527e+00 1.095555566672452678e-02
1.218635404737508310e+00 1.128965218784122940e-02
1.220106209643353035e+00 1.138122872630246973e-02
1.221580569149900652e+00 1.132163345819388496e-02
1.223058496158732300e+00 1.129618397740353788e-02
1.224540003633941110e+00 1.115947842589342515e-02
1.226025104602510574e+00 1.105387831377145462e-02
1.227513812154696238e+00 1.098259972532136287e-02
1.229006139444410728e+00 1.079197365949261661e-02
1.230502099689611217e+00 1.072227560809781849e-02
1.232001706172689337e+00 1.072643818687431076e-02
1.233504972240863973e+00 1.068725862808798943e-02
1.235011911306579169e+00 1.072297543652570191e-02
1.236522536847899145e+00 1.056877507489204469e-02
1.238036862408915750e+00 1.019642776946177824e-02
1.239554901600147252e+00 9.837017218359382642e-03
1.241076668098950453e+00 9.382980993735181782e-03
1.242602175649929475e+00 8.996590924668642492e-03
1.244131438065349871e+00 8.759868984693925872e-03
1.245664469225556070e+00 8.441816231857864061e-03
1.247201283079390599e+00 8.200976090671101282e-03
1.248741893644617740e+00 8.018911657298536874e-03
1.250286315008348526e+00 7.765934308336865100e-03
1.251834561327472173e+00 7.643121519844577223e-03
1.253386646829087070e+00 7.479132859396626226e-03
1.254942585810936651e+00 7.173397217693430750e-03
1.256502392641849708e+00 6.907147442245960972e-03
1.258066081762180266e+00 6.533229046028132467e-03
1.259633667684256775e+00 6.175212958274393232e-03
1.261205164992826644e+00 5.991467646247648597e-03
1.262780588345512767e+00 5.772915036444548759e-03
1.264359952473266491e+00 5.641327859728873829e-03
1.265943272180827917e+00 5.575125622891662948e-03
1.267530562347188416e+00 5.392776825786840984e-03
1.269121837926056262e+00 5.304215864034546313e-03
1.270717113946326693e+00 5.212904755462619520e-03
1.272316405512554427e+00 5.024452020947679787e-03
1.273919727805431723e+00 4.918910933051592882e-03
1.275527096082266221e+00 4.704752223522368562e-03
1.277138525677468550e+00 4.433480514086081924e-03
1.278754032003035945e+00 4.288206163084631872e-03
1.280373630549046959e+00 4.084542729825212451e-03
1.281997336884154626e+00 3.960160328129499162e-03
1.283625166656085392e+00 3.932697272721274138e-03
1.285257135592143163e+00 3.783856139441973097e-03
1.286893259499713782e+00 3.697432854200524179e-03
1.288533554266777292e+00 3.597385532721449671e-03
1.290178035862421080e+00 3.387310485637942334e-03
1.291826720337358791e+00 3.288389331354915363e-03
1.293479623824451474e+00 3.127471148807032825e-03
1.295136762539235153e+00 2.906006999893095879e-03
1.296798152780450408e+00 2.795062397366367742e-03
1.298463810930576168e+00 2.597837361166529385e-03
1.300133753456369723e+00 2.445406610636061909e-03
1.301807996909407183e+00 2.401872380228201997e-03
1.303486557926632816e+00 2.259773343758432387e-03
1.305169453230908161e+00 2.194357304995809502e-03
1.306856699631568919e+00 2.132691720450362056e-03
1.308548314024982284e+00 1.954175878161532910e-03
1.310244313395114046e+00 1.882007812885256931e-03
1.311944714814093915e+00 1.767612987737772002e-03
1.313649535442791283e+00 1.608394068927644811e-03
1.315358792531390542e+00 1.567224970156772283e-03
1.317072503419972618e+00 1.434625592001641421e-03
1.318790685539104057e+00 1.323812107323796283e-03
1.320513356410423889e+00 1.301733103549665817e-03
1.322240533647243588e+00 1.179609721751871893e-03
1.323972234955143712e+00 1.144329460069435159e-03
1.325708478132581636e+00 1.124656208546664232e-03
1.327449281071499065e+00 1.002931686812844319e-03
1.329194661757938434e+00 9.849321216993623881e-04
1.330944638272661518e+00 9.104911864812708895e-04
1.332699228791773827e+00 7.991782351139706080e-04
1.334458451587354100e+00 8.047106028499269184e-04
1.336222325028088243e+00 7.171947321789737999e-04
1.337990867579908816e+00 6.696107460420989282e-04
1.339764097806639853e+00 6.906344362844574290e-04
1.341542034370645897e+00 6.042054417409119900e-04
1.343324696033486365e+00 6.254582917134963093e-04
1.345112101656576797e+00 6.403416645105546555e-04
1.346904270201851883e+00 5.788206988094865861e-04
1.348701220732439365e+00 6.519721692121432238e-04
1.350502972413332614e+00 6.252596270095580689e-04
1.352309544512072970e+00 5.899437721385520977e-04
1.354120956399437636e+00 6.750485930575255387e-04
1.355937227550130908e+00 6.080599212105134571e-04
1.357758377543482942e+00 6.399021134623804688e-04
1.359584426064151641e+00 7.240232113632420839e-04
1.361415392902835197e+00 6.378413127035863260e-04
1.363251297956981967e+00 7.386322956767507955e-04
1.365092161231516998e+00 7.714606416495213472e-04
1.366938002839564792e+00 6.741901868956251369e-04
1.368788843003182043e+00 8.203943599447361323e-04
1.370644702054098385e+00 7.591753804138238765e-04
1.372505600434458239e+00 6.546954639894807942e-04
1.374371558697573326e+00 7.874276816243655063e-04
1.376242597508678944e+00 5.994384202443680480e-04
1.378118737645695591e+00 5.061430460107379939e-04
1.380000000000000115e+00 5.938466391561609192e-04
