1.160000000000000364e+00 3.382288210008747484e-05
1.160995622693331342e+00 3.687622980171453353e-05
1.161992955931621330e+00 6.363809478948185442e-06
1.162992004126902401e+00 6.185204033565321015e-05
1.163992771706393592e+00 1.121787135749361417e-04
1.164995263112565960e+00 4.852876989560594707e-05
1.165999482803206755e+00 1.285126659441265057e-05
1.167005435251488477e+00 7.556400664240230970e-05
1.168013124946032599e+00 1.284038786497346729e-04
1.169022556390977741e+00 1.063187354438384591e-04
1.170033734106046497e+00 5.070616451809885659e-05
1.171046662626612500e+00 2.580205579479267651e-05
1.172061346503769252e+00 3.995554408849494039e-05
1.173077790304397183e+00 8.055355639516713503e-05
1.174095998611231817e+00 1.176994597959877414e-04
1.175115976022934827e+00 9.665097720572465563e-05
1.176137727154160650e+00 4.779609812280969007e-05
1.177161256635628206e+00 3.353729822433417846e-05
1.178186569114189064e+00 4.761937206224787892e-05
1.179213669252898944e+00 8.736629341215317924e-05
1.180242561731088102e+00 1.266762040551544380e-04
1.181273251244432831e+00 1.149965303105836896e-04
1.182305742505026069e+00 8.277232790337014619e-05
1.183340040241448898e+00 6.810275079599254888e-05
1.184376149198844708e+00 6.655498587780413081e-05
1.185414074138988916e+00 9.024604919271381599e-05
1.186453819840365131e+00 1.258333024323165486e-04
1.187495391098235764e+00 1.368363035537702437e-04
1.188538792724716853e+00 1.187636929151827253e-04
1.189584029548852673e+00 8.428865615678494256e-05
1.190631106416688789e+00 5.674476888458391513e-05
1.191680028191349106e+00 4.976941524253930495e-05
1.192730799753108473e+00 5.728934565423378481e-05
1.193783425999470627e+00 8.052169262009956292e-05
1.194837911845243239e+00 1.031384166959073401e-04
1.195894262222615190e+00 1.005267392592208481e-04
1.196952482081231839e+00 7.997584719991675294e-05
1.198012576388273853e+00 5.364519665222071079e-05
1.199074550128534700e+00 3.183626468365442731e-05
1.200138408304498361e+00 2.563053388400548979e-05
1.201204155936417939e+00 3.413535073738554364e-05
1.202271798062394703e+00 5.965645001017790423e-05
1.203341339738457583e+00 9.246855703825872317e-05
1.204412786038643102e+00 1.126255532071481137e-04
1.205486142055075316e+00 1.178344709348908259e-04
1.206561412898046859e+00 1.093142428700202281e-04
1.207638603696098656e+00 9.984083538646468128e-05
1.208717719596104079e+00 1.059423561762500569e-04
1.209798765763348438e+00 1.272295155609908695e-04
1.210881747381613138e+00 1.721924576094806302e-04
1.211966669653256945e+00 2.348851491807484005e-04
1.213053537799300807e+00 2.909466346044621218e-04
1.214142357059510013e+00 3.308220685732001626e-04
1.215233132692480567e+00 3.413078210603182083e-04
1.216325869975721785e+00 3.353866367080579852e-04
1.217420574205742012e+00 3.467016348497394419e-04
1.218517250698135435e+00 3.828729624624212062e-04
1.219615904787666016e+00 4.665239174497405193e-04
1.220716541828355206e+00 6.049230802132066773e-04
1.221819167193568978e+00 7.674042922542984122e-04
1.222923786276105540e+00 9.234071035401452115e-04
1.224030404488281709e+00 1.000746395033162272e-03
1.225139027262023506e+00 9.657517098634648203e-04
1.226249660048953194e+00 8.826761034859875645e-04
1.227362308320479212e+00 8.045724085835277229e-04
1.228476977567886985e+00 7.874919044183040012e-04
1.229593673302427081e+00 8.709827538055624208e-04
1.230712401055409133e+00 1.029852113422694134e-03
1.231833166378289768e+00 1.240155435684224972e-03
1.232955974842767644e+00 1.418219392165041837e-03
1.234080832040872266e+00 1.464226353875734384e-03
1.235207743585061024e+00 1.390781314745083300e-03
1.236336715108308448e+00 1.240520064696051849e-03
1.237467752264202803e+00 1.089340259036860811e-03
1.238600860727040009e+00 1.023680899442487840e-03
1.239736046191916685e+00 1.046614518984261997e-03
1.240873314374828285e+00 1.165756547379885773e-03
1.242012671012763025e+00 1.349710539574842981e-03
1.243154121863799366e+00 1.495558312880596128e-03
1.244297672707202818e+00 1.546539335740789540e-03
1.245443329343522754e+00 1.464066600025505389e-03
1.246591097594691888e+00 1.286142733902274991e-03
1.247740983304123308e+00 1.125876622431727083e-03
1.248892992336811059e+00 1.021266055374383955e-03
1.250047130579428956e+00 1.005777431649444503e-03
1.251203403940431169e+00 1.090658629071770795e-03
1.252361818350153033e+00 1.215174966339871475e-03
1.253522379760911853e+00 1.342598217166693451e-03
1.254685094147110824e+00 1.394949842502025755e-03
1.255849967505338283e+00 1.317800524067620294e-03
1.257017005854474734e+00 1.170112446554360825e-03
1.258186215235792105e+00 1.002952969966192749e-03
1.259357601713062325e+00 8.894641352358614297e-04
1.260531171372658799e+00 8.830574069671623611e-04
1.261706930323664100e+00 9.614224107819542130e-04
1.262884884697974108e+00 1.125981659686314329e-03
1.264065040650406591e+00 1.315345468634633586e-03
1.265247404358806449e+00 1.439200207282094988e-03
1.266431982024155189e+00 1.475703484277564531e-03
1.267618779870677725e+00 1.405138161977328689e-03
1.268807804145952733e+00 1.296344143390210351e-03
1.269999061121021677e+00 1.238023225583612325e-03
1.271192557090499164e+00 1.242709307576987362e-03
1.272388298372683968e+00 1.355328006028422598e-03
1.273586291309669605e+00 1.554572835478087046e-03
1.274786542267458467e+00 1.779493287040397574e-03
1.275989057636071955e+00 1.996554617060344004e-03
1.277193843829666831e+00 2.096310141001696097e-03
1.278400907286646015e+00 2.061840640684512935e-03
1.279610254469775832e+00 1.968367924103963437e-03
1.280821891866300577e+00 1.866553302736818215e-03
1.282035825988058209e+00 1.867657661744361128e-03
1.283252063371596696e+00 1.999028067555151927e-03
1.284470610578293037e+00 2.232691500962017718e-03
1.285691474194468498e+00 2.568620944628365738e-03
1.286914660831509849e+00 2.880267731798213330e-03
1.288140177125988162e+00 3.078020635698789503e-03
1.289368029739776933e+00 3.132618823146809169e-03
1.290598225360175766e+00 3.018351784463735137e-03
1.291830770700028719e+00 2.873142516066479017e-03
1.293065672497849539e+00 2.788353849164749293e-03
1.294302937517940899e+00 2.792114080541521423e-03
1.295542572550522076e+00 2.959717878846948071e-03
1.296784584411849295e+00 3.223290705689401629e-03
1.298028979944343408e+00 3.521508192829598659e-03
1.299275766016713130e+00 3.780059160112329321e-03
1.300524949524084262e+00 3.845949962417819466e-03
1.301776537388124266e+00 3.779666073995604884e-03
1.303030536557171493e+00 3.680967918272510814e-03
1.304286954006363741e+00 3.631434456699193878e-03
1.305545796737766606e+00 3.775776661492208017e-03
1.306807071780504481e+00 4.083892586242570538e-03
1.308070786190890900e+00 4.535485279928065661e-03
1.309336947052560207e+00 5.077487833268479710e-03
1.310605561476601011e+00 5.485209893470698039e-03
1.311876636601687851e+00 5.693150390617714510e-03
1.313150179594214428e+00 5.681132507140399315e-03
1.314426197648431049e+00 5.526134769021674720e-03
1.315704697986577409e+00 5.484652130737092610e-03
1.316985687859020704e+00 5.620689341528530177e-03
1.318269174544391298e+00 6.016020574557287559e-03
1.319555165349722170e+00 6.712779918508597621e-03
1.320843667610585026e+00 7.506629028118200382e-03
1.322134688691232629e+00 8.277650170327910742e-03
1.323428235984737356e+00 8.834525169922972584e-03
1.324724316913133082e+00 9.144585024854047853e-03
1.326022938927556183e+00 9.526535426530018807e-03
1.327324109508389860e+00 1.012999141690931228e-02
1.328627836165406473e+00 1.119284910174023207e-02
1.329934126437911646e+00 1.292077828675551945e-02
1.331242987894892149e+00 1.521310065282060510e-02
1.332554428135159119e+00 1.803426229458720415e-02
1.333868454787496383e+00 2.096302974174964542e-02
1.335185075510808339e+00 2.358432035679861039e-02
1.336504297994269397e+00 2.611842877599065277e-02
1.337826129957472077e+00 2.884737876466339154e-02
1.339150579150579112e+00 3.245667260237367069e-02
1.340477653354474219e+00 3.766399540796550038e-02
1.341807360380914638e+00 4.458746888250967461e-02
1.343139708072684124e+00 5.327983319996449502e-02
1.344474704303747048e+00 6.294647594897204157e-02
1.345812356979405155e+00 7.266830481112408757e-02
1.347152674036450781e+00 8.289763589718215919e-02
1.348495663443325832e+00 9.436373443424513063e-02
1.349841333200279658e+00 1.082381800705189967e-01
1.351189691339526711e+00 1.255730937999454122e-01
1.352540745925407517e+00 1.456184098544370531e-01
1.353894505054549224e+00 1.667557433111527820e-01
1.355250976856026579e+00 1.861872749853532572e-01
1.356610169491525575e+00 2.014171839307998813e-01
1.357972091155506877e+00 2.134512734348164298e-01
1.359336750075369471e+00 2.238293766622241610e-01
1.360704154511618746e+00 2.323200319183937046e-01
1.362074312758030592e+00 2.375198122664352873e-01
1.363447233141820369e+00 2.367627244706800305e-01
1.364822924023811890e+00 2.299013440193799496e-01
1.366201393798606389e+00 2.196574812302141966e-01
1.367582650894752616e+00 2.071690153895703879e-01
1.368966703774921578e+00 1.923731562107350856e-01
1.370353560936075521e+00 1.744482236529873165e-01
1.371743230909644229e+00 1.526872914191971797e-01
1.373135722261699332e+00 1.292678414958713384e-01
1.374531043593131052e+00 1.066583406651569060e-01
1.375929203539823176e+00 8.609005761099135234e-02
1.377330210772834018e+00 6.892081304737213143e-02
1.378734073998573173e+00 5.536526964591955563e-02
1.380140801958983809e+00 4.518350147134790606e-02
1.381550403431723195e+00 3.817906073194414496e-02
1.382962887230344551e+00 3.328057298214825988e-02
1.384378262204482901e+00 2.991197009684936486e-02
1.385796537240036930e+00 2.764479297514095199e-02
1.387217721259358161e+00 2.585622216233153178e-02
1.388641823221435256e+00 2.460676112846800836e-02
1.390068852122084309e+00 2.363168722429058455e-02
1.391498816994136467e+00 2.276226201833413121e-02
1.392931726907630452e+00 2.215781216956235269e-02
1.394367590970003290e+00 2.148133906496908774e-02
1.395806418326281939e+00 2.081707114237599937e-02
1.397248218159281130e+00 2.020543429114982428e-02
1.398692999689794547e+00 1.943158944446813502e-02
1.400140772176793336e+00 1.879494118501257374e-02
1.401591544917625276e+00 1.820189440029667052e-02
1.403045327248210850e+00 1.762645702221569965e-02
1.404502128543245743e+00 1.729645001201789503e-02
1.405961958216401797e+00 1.693880801509589640e-02
1.407424825720528627e+00 1.666197765396299282e-02
1.408890740547859677e+00 1.648115823560453511e-02
1.410359712230216056e+00 1.615065551054060272e-02
1.411831750339212821e+00 1.591698120808690206e-02
1.413306864486469694e+00 1.563841483733820550e-02
1.414785064323815567e+00 1.527163449168984430e-02
1.416266359543503439e+00 1.504072653773010429e-02
1.417750759878419586e+00 1.468187374818950321e-02
1.419238275102297830e+00 1.433008162558421436e-02
1.420728915029933814e+00 1.403252978736104113e-02
1.422222689517401051e+00 1.357350309691521262e-02
1.423719608462266972e+00 1.323153719328292940e-02
1.425219681803814309e+00 1.289032933401825648e-02
1.426722919523257138e+00 1.252277978207850563e-02
1.428229331643965816e+00 1.236376535459995582e-02
1.429738928231688133e+00 1.215234868449323498e-02
1.431251719394773136e+00 1.201955724872049401e-02
1.432767715284397836e+00 1.198780251975540417e-02
1.434286926094793690e+00 1.180643436648126481e-02
1.435809362063475314e+00 1.172130216824546212e-02
1.437335033471469625e+00 1.157280564606765969e-02
1.438863950643548772e+00 1.131668546736209861e-02
1.440396123948461282e+00 1.119375308000504846e-02
1.441931563799168758e+00 1.094219620412116914e-02
1.443470280653078808e+00 1.072069856218814052e-02
1.445012285012284847e+00 1.058065059081299449e-02
1.446557587423805025e+00 1.028539040309016037e-02
1.448106198479820250e+00 1.011232362743187327e-02
1.449658128817918668e+00 9.912933951063858384e-03
1.451213389121338793e+00 9.645271074967170025e-03
1.452771990119213985e+00 9.559160724126582187e-03
1.454333942586818695e+00 9.379593985249528101e-03
1.455899257345818709e+00 9.262647110132518277e-03
1.457467945264519171e+00 9.248186606539515048e-03
1.459040017258116606e+00 9.070198173497485278e-03
1.460615484288953825e+00 8.996189973966742248e-03
1.462194357366771280e+00 8.848501595815223483e-03
1.463776647548966636e+00 8.566167665882598592e-03
1.465362365940851674e+00 8.413726962486097610e-03
1.466951523695911863e+00 8.112883559322806373e-03
1.468544132016067705e+00 7.839386325356786922e-03
1.470140202151940079e+00 7.668032058658136481e-03
1.471739745403111810e+00 7.342416161393010982e-03
1.473342773118396565e+00 7.155566908978406790e-03
1.474949296696107304e+00 6.946252212007893861e-03
1.476559327584324732e+00 6.646505741997087505e-03
1.478172877281171305e+00 6.519586518184990534e-03
1.479789957335083894e+00 6.273942077274740660e-03
1.481410579345088019e+00 6.071200877813795298e-03
1.483034754961078949e+00 5.977133791630661122e-03
1.484662495884096378e+00 5.722059938203893741e-03
1.486293813866607971e+00 5.593011647476802371e-03
1.487928720712792918e+00 5.419162846053259507e-03
1.489567228278823929e+00 5.125208597139540093e-03
1.491209348473156338e+00 4.978424029296113669e-03
1.492855093256814980e+00 4.690742964667160737e-03
1.494504474643685521e+00 4.431415046582939943e-03
1.496157504700807550e+00 4.281606976914180927e-03
1.497814195548665905e+00 3.986154700591632016e-03
1.499474559361489989e+00 3.837137203470081508e-03
1.501138608367550642e+00 3.673486735644408349e-03
1.502806354849461234e+00 3.424807843330528439e-03
1.504477811144477872e+00 3.340178933623261671e-03
1.506152989644805817e+00 3.129724911012638552e-03
1.507831902797904577e+00 2.955581078265222955e-03
1.509514563106796103e+00 2.876443166260697713e-03
1.511200983130376541e+00 2.648174318741660337e-03
1.512891175483726869e+00 2.555084022584298582e-03
1.514585152838427984e+00 2.427641131393609882e-03
1.516282927922878887e+00 2.215191864655758486e-03
1.517984513522612211e+00 2.150828822048058992e-03
1.519689922480620181e+00 1.955335328605975215e-03
1.521399167697671917e+00 1.803946269383457880e-03
1.523112262132642725e+00 1.735463012929713096e-03
1.524829218802840503e+00 1.537457976211935827e-03
1.526550050784335921e+00 1.484635836369158817e-03
1.528274771212292382e+00 1.395465205833646598e-03
1.530003393281303081e+00 1.258609066670526248e-03
1.531735930245725408e+00 1.264175339042537295e-03
1.533472395420020229e+00 1.141064293304265651e-03
1.535212802179094282e+00 1.088929889864201838e-03
1.536957163958641459e+00 1.084867086727156916e-03
1.538705494255488526e+00 9.605578377366444983e-04
1.540457806627946624e+00 9.861325574391998586e-04
1.542214114696157878e+00 9.332625873203213070e-04
1.543974432142449560e+00 8.617311861297048767e-04
1.545738772711690023e+00 9.138837672318126867e-04
1.547507150211646199e+00 8.133386365924281155e-04
1.549279578513343303e+00 8.229648103982201320e-04
1.551056071551427662e+00 8.377473192660798420e-04
1.552836643324532195e+00 7.424435608292195106e-04
1.554621307895644122e+00 8.236221189386509029e-04
1.556410079392474888e+00 7.729618750680375232e-04
1.558202972007833198e+00 7.518083941860703636e-04
1.560000000000000053e+00 8.448077501948473688e-04
