8.800000000000001155e-01 4.303203018137868803e-05
8.809206947060054249e-01 3.590614140105270296e-05
8.818433179723502713e-01 3.712307569704720577e-05
8.827678758649613044e-01 2.505477944997393596e-05
8.836943744752310259e-01 2.290423353300270585e-05
8.846228199201515707e-01 1.725145763753909865e-05
8.855532183424484893e-01 5.376805733054471275e-06
8.864855759107181932e-01 5.542776988876169675e-06
8.874198988195616256e-01 4.019363827487855417e-05
8.883561932897237057e-01 8.031174430757198059e-05
8.892944655682298860e-01 4.062071869555430290e-05
8.902347219285262625e-01 2.353844947164713966e-04
8.911769686706181304e-01 4.356826308648497064e-05
8.921212121212122037e-01 1.145881474447183081e-05
8.930674586338566145e-01 9.628772213986604763e-05
8.940157145890847978e-01 7.992788380752721309e-05
8.949659863945580440e-01 1.193551651411330324e-05
8.959182804852098281e-01 1.947345278816786185e-05
8.968726033233915818e-01 1.794543065476474075e-04
8.978289613990191320e-01 1.129026997791494869e-04
8.987873612297183623e-01 1.370409259399114917e-05
8.997478093609746486e-01 4.433604358427064829e-06
9.007103123662817401e-01 5.696540201460430550e-05
9.016748768472906406e-01 1.087481953981444518e-04
9.026415094339623746e-01 3.088692398586759036e-05
9.036102167847177569e-01 1.491081076120508954e-05
9.045810055865923793e-01 2.629031723661443679e-05
9.055538825553883786e-01 1.485752312507141815e-04
9.065288544358313105e-01 2.317390464141135041e-04
9.075059280017245822e-01 1.332277157798637964e-04
9.084851100561072146e-01 2.439175927313746322e-05
9.094664074314106061e-01 3.599666739482426525e-06
9.104498269896194040e-01 1.316866507152698342e-04
9.114353756224292669e-01 6.680141284484835979e-04
9.124230602514088462e-01 6.191902329877157487e-04
9.134128878281623232e-01 5.426083778192743266e-04
9.144048653344918343e-01 2.638463298861294616e-04
9.153989997825615621e-01 7.070771176903316351e-06
9.163952982150631588e-01 2.686086085173694017e-04
9.173937677053826123e-01 8.724372065567128102e-04
9.183944153577662250e-01 5.943113989498984354e-04
9.193972483074908109e-01 1.088337944083698897e-04
9.204022737210320049e-01 1.296356946423968581e-05
9.214094987962356820e-01 1.592978315603815780e-05
9.224189307624891532e-01 1.130155155315744624e-04
9.234305768808950265e-01 1.122567719582039748e-04
9.244444444444445130e-01 6.993952443622972236e-05
9.254605407781930637e-01 6.201853303499074081e-05
9.264788732394365622e-01 6.888634249468994811e-05
9.274994492178895156e-01 9.710014085446639829e-05
9.285222761358625787e-01 1.316593448865628656e-04
9.295473614484435210e-01 1.125820204117508762e-04
9.305747126436781924e-01 6.540950055299161699e-05
9.316043372427529334e-01 2.828429614428790053e-05
9.326362428001774285e-01 2.080107434415201943e-05
9.336704369039697804e-01 3.699746795303016490e-05
9.347069271758436937e-01 5.328386330501653584e-05
9.357457212713937711e-01 5.839276532804802571e-05
9.367868268802849174e-01 5.104525178925757188e-05
9.378302517264424099e-01 5.518599601995309323e-05
9.388760035682428562e-01 9.018980339600261061e-05
9.399240901987050423e-01 1.419629578733368896e-04
9.409745194456863304e-01 1.800256474350617512e-04
9.420272991720742839e-01 1.573962195418017798e-04
9.430824372759857299e-01 9.313001533963983440e-05
9.441399416909621589e-01 3.938263506691188986e-05
9.451998203861697867e-01 2.400018530763201570e-05
9.462620813665995056e-01 4.852238423069975466e-05
9.473267326732673910e-01 9.528378596414447776e-05
9.483937823834197589e-01 1.204659427785188201e-04
9.494632386107353383e-01 1.014781360538499690e-04
9.505351095055319943e-01 6.427738616512962595e-05
9.516094032549728965e-01 6.193865934759236870e-05
9.526861280832767953e-01 9.448905326089732971e-05
9.537652922519257448e-01 1.282642521586002378e-04
9.548469040598777102e-01 1.402100248006895385e-04
9.559309718437785097e-01 9.762860241059416726e-05
9.570175039781768644e-01 4.180219286712115603e-05
9.581065088757395598e-01 1.243954754385177322e-05
9.591979949874688272e-01 1.685462034795928235e-05
9.602919708029197254e-01 5.520937124135533760e-05
9.613884448504226299e-01 1.155484744193739969e-04
9.624874256973021680e-01 1.698461259115755721e-04
9.635889219501032610e-01 1.867884914729135964e-04
9.646929422548123911e-01 1.652911417366133588e-04
9.657994952970865299e-01 1.640622273623938883e-04
9.669085898024804004e-01 2.165747170762855338e-04
9.680202345366751837e-01 3.361439041297518710e-04
9.691344383057092227e-01 4.468573871021451461e-04
9.702512099562112802e-01 4.339303380390766712e-04
9.713705583756345741e-01 3.200970533433998284e-04
9.724924924924925884e-01 2.018476246982770016e-04
9.736170212765959953e-01 1.736126233030549392e-04
9.747441537392915745e-01 2.658283311327832655e-04
9.758738989337043535e-01 4.423026068864128633e-04
9.770062659549778594e-01 5.368300574999479132e-04
9.781412639405204779e-01 4.553039310862786620e-04
9.792789020702489244e-01 3.227217823956380661e-04
9.804191895668376011e-01 2.547067050764078460e-04
9.815621356959665089e-01 3.107852896408082452e-04
9.827077497665732686e-01 4.789232195517230156e-04
9.838560411311055853e-01 6.458016379655839986e-04
9.850070191857744906e-01 6.581562792616076725e-04
9.861606933708128020e-01 4.937858915987736012e-04
9.873170731707318071e-01 3.232926375272843623e-04
9.884761681145809442e-01 2.388113305418150436e-04
9.896379877762107036e-01 2.548364745511251593e-04
9.908025417745350838e-01 3.603294504461535203e-04
9.919698397737983786e-01 4.675643557639703779e-04
9.931398914838407421e-01 4.572019532763566311e-04
9.943127066603685282e-01 3.660655431226042360e-04
9.954882951052260731e-01 3.181317635486488214e-04
9.966666666666667007e-01 4.071224642154006534e-04
9.978478312396305006e-01 6.366080726647537586e-04
9.990317987660181087e-01 8.844394106890993666e-04
1.000218579234972704e+00 9.879049553227756998e-04
1.001408182683158898e+00 8.345567489582831656e-04
1.002600619195046505e+00 5.712841433235787275e-04
1.003795898903194983e+00 3.827242059556192890e-04
1.004994031988541536e+00 3.150502829610726373e-04
1.006195028680688441e+00 3.529057571854542392e-04
1.007398899258195701e+00 4.239649865151176784e-04
1.008605654048874145e+00 4.442076189600864837e-04
1.009815303430079192e+00 4.102130208189405224e-04
1.011027857829010390e+00 3.907503243503186686e-04
1.012243327723010289e+00 4.494224204374570333e-04
1.013461723639865308e+00 6.027133949439880505e-04
1.014683056158110608e+00 8.366514624946907617e-04
1.015907335907336062e+00 1.003932894935581068e-03
1.017134573568494682e+00 9.349561760377882126e-04
1.018364779874214143e+00 7.090691746726157782e-04
1.019597965609106316e+00 4.790158922419117632e-04
1.020834141610087453e+00 3.607430492789679625e-04
1.022073318766690830e+00 3.656724100978996951e-04
1.023315508021390485e+00 4.610788938084609120e-04
1.024560720369919853e+00 5.862547001855724195e-04
1.025808966861598615e+00 6.202375534485957001e-04
1.027060258599658660e+00 6.104651226775324431e-04
1.028314606741573156e+00 6.781145474598545284e-04
1.029572022499388728e+00 8.468235564248397093e-04
1.030832517140058746e+00 1.105815813377766191e-03
1.032096101985780834e+00 1.303758679187659803e-03
1.033362788414334821e+00 1.263423650949548234e-03
1.034632587859425135e+00 1.000963254407179681e-03
1.035905511811023860e+00 7.141292462782917929e-04
1.037181571815718240e+00 5.987206889856973389e-04
1.038460779477059726e+00 6.676195283094192622e-04
1.039743146455915257e+00 8.647646508934231065e-04
1.041028684470820975e+00 1.074806504230212904e-03
1.042317405298341493e+00 1.182680525963301747e-03
1.043609320773426052e+00 1.245586667950482167e-03
1.044904442789774235e+00 1.344016654540874803e-03
1.046202783300198780e+00 1.523861496216129870e-03
1.047504354316994402e+00 1.802388567053646263e-03
1.048809167912306828e+00 2.030914848740311088e-03
1.050117236218508499e+00 2.069486921265204036e-03
1.051428571428571601e+00 2.000126027283595596e-03
1.052743185796449099e+00 2.065276214698519817e-03
1.054061091637456204e+00 2.490465749455169232e-03
1.055382301328653849e+00 3.394258550159446903e-03
1.056706827309237262e+00 4.860880001692317008e-03
1.058034682080924771e+00 6.706245780157476383e-03
1.059365878208354594e+00 8.578477061867768871e-03
1.060700428319476085e+00 1.078916290618678678e-02
1.062038345105953629e+00 1.412492258292331535e-02
1.063379641323566549e+00 1.950668843565054808e-02
1.064724329792614999e+00 2.714792412222247903e-02
1.066072423398328750e+00 3.620948416594450825e-02
1.067423935091277976e+00 4.627690764592599232e-02
1.068778877887788692e+00 5.785411600445715397e-02
1.070137264870361093e+00 7.322545555157018715e-02
1.071499109188088772e+00 9.423444143944838258e-02
1.072864424057084820e+00 1.203121715659754981e-01
1.074233222760908602e+00 1.501135419032011420e-01
1.075605518650996517e+00 1.821588770912695443e-01
1.076981325147096324e+00 2.161675800708506290e-01
1.078360655737705009e+00 2.486192222530604901e-01
1.079743523980507991e+00 2.735600935258456490e-01
1.081129943502824764e+00 2.866588148767728050e-01
1.082519928002057430e+00 2.864021850565560134e-01
1.083913491246137895e+00 2.789258166258505311e-01
1.085310647073988166e+00 2.690038325514522710e-01
1.086711409395973105e+00 2.564191908380743512e-01
1.088115792194365605e+00 2.383731773206708426e-01
1.089523809523809561e+00 2.127937955634947031e-01
1.090935475511790598e+00 1.809908065757290796e-01
1.092350804359107475e+00 1.451786371666815845e-01
1.093769810340348148e+00 1.098578950211476918e-01
1.095192507804370496e+00 7.892216845490693244e-02
1.096618911174785049e+00 5.481194024185818969e-02
1.098049034950443481e+00 3.783084654623843773e-02
1.099482893705928443e+00 2.631541604413604324e-02
1.100920502092050501e+00 1.901869592548114871e-02
1.102361874836344402e+00 1.466943892549860649e-02
1.103807026743576447e+00 1.213391678427129701e-02
1.105255972696245870e+00 1.054367299255963564e-02
1.106708727655099755e+00 9.214577251526443608e-03
1.108165306659647520e+00 8.163508976740048093e-03
1.109625724828676940e+00 7.451679584465426692e-03
1.111089997360781290e+00 7.026433287679301719e-03
1.112558139534884027e+00 6.822854964170000508e-03
1.114030166710769931e+00 6.502201396666427123e-03
1.115506094329623998e+00 6.072019533507286640e-03
1.116985937914565907e+00 5.631735409213077179e-03
1.118469713071201133e+00 5.169014213240274817e-03
1.119957435488161845e+00 4.780197001914558708e-03
1.121449120937666688e+00 4.370152641169692403e-03
1.122944785276073665e+00 4.048189635913971435e-03
1.124444444444444580e+00 3.891423325431104131e-03
1.125948114469109473e+00 3.768715527326975661e-03
1.127455811462239055e+00 3.670866806159826454e-03
1.128967551622418908e+00 3.450792792193863295e-03
1.130483351235230804e+00 3.169266144269908096e-03
1.132003226673837126e+00 2.961840522542929371e-03
1.133527194399569060e+00 2.753306277678076348e-03
1.135055270962523677e+00 2.614084596058621757e-03
1.136587473002159898e+00 2.486174086965772106e-03
1.138123817247904901e+00 2.374679887043818806e-03
1.139664320519761853e+00 2.358053866712033451e-03
1.141208999728923867e+00 2.295111633144718798e-03
1.142757871878392839e+00 2.203327607972605569e-03
1.144310954063604280e+00 2.052866542489015494e-03
1.145868263473053927e+00 1.863067475691172368e-03
1.147429817388934570e+00 1.764120488912905701e-03
1.148995633187773091e+00 1.659062255783173498e-03
1.150565728341076843e+00 1.582862034680731144e-03
1.152140120415982461e+00 1.526340747928852043e-03
1.153718827075911335e+00 1.435265765135724332e-03
1.155301866081229534e+00 1.399923942182304580e-03
1.156889255289914820e+00 1.313681525111795329e-03
1.158481012658227671e+00 1.199204770977045599e-03
1.160077156241388741e+00 1.102326028718292111e-03
1.161677704194260530e+00 9.807245464172797880e-04
1.163282674772036396e+00 9.343470868558751167e-04
1.164892086330935328e+00 8.888500013195841471e-04
1.166505957328900056e+00 8.324819863243941619e-04
1.168124306326304263e+00 8.106143344421034343e-04
1.169747151986662903e+00 7.416005766991188262e-04
1.171374513077351187e+00 7.061331397166639755e-04
1.173006408470326001e+00 6.614494535919249142e-04
1.174642857142857322e+00 5.831047461681120861e-04
1.176283878178262077e+00 5.535074737698356031e-04
1.177929490766647991e+00 4.997612033098649707e-04
1.179579714205659879e+00 4.791002255711713240e-04
1.181234567901234600e+00 4.829611534475889041e-04
1.182894071368361777e+00 4.430886638164232812e-04
1.184558244231851409e+00 4.446635550229599185e-04
1.186227106227106143e+00 4.192702120509174770e-04
1.187900677200903088e+00 3.924901319154446098e-04
1.189578977112178526e+00 4.052741618131584225e-04
1.191262026032823940e+00 3.696791609588384164e-04
1.192949844148483818e+00 3.801295801367102559e-04
1.194642451759364343e+00 3.981375051598599738e-04
1.196339869281045631e+00 3.921661907426504602e-04
1.198042117245304627e+00 4.488861420178769622e-04
1.199749216300940446e+00 4.379942794500870209e-04
1.201461187214612147e+00 4.412836248596974553e-04
1.203178050871677618e+00 4.635642801835295032e-04
1.204899828277046447e+00 4.164067377857548773e-04
1.206626540556033245e+00 4.430549087441914050e-04
1.208358208955223834e+00 4.039284194085577010e-04
1.210094854843345891e+00 3.585175070228272432e-04
1.211836499712147353e+00 3.511987858725553933e-04
1.213583165177284595e+00 2.516681172208401073e-04
1.215334872979214831e+00 1.739386465098859103e-04
1.217091644984099608e+00 7.830829384133687892e-05
1.218853503184713416e+00 8.520751973953157672e-05
1.220620469701362731e+00 2.006174515408464822e-04
1.222392566782810830e+00 5.724763780302684780e-04
1.224169816807211486e+00 7.866101667930420300e-04
1.225952242283051996e+00 6.037512559865881824e-04
1.227739865850102197e+00 3.639404693256819302e-03
1.229532710280373919e+00 2.091747051649780337e-02
1.231330798479087330e+00 2.155002112211666654e-02
1.233134153485647477e+00 1.164584654445709536e-02
1.234942798474626180e+00 1.578991685481363413e-02
1.236756756756756781e+00 4.041401987647026683e-02
1.238576051779935350e+00 8.479238487778631428e-02
1.240400707130229874e+00 6.651528886946207753e-02
1.242230746532900776e+00 3.594669148395255448e-02
1.244066193853428093e+00 2.779716037599491707e-02
1.245907073098549978e+00 2.776252271070796251e-02
1.247753408417308751e+00 4.224862158886476954e-02
1.249605224102107393e+00 4.673275504344941850e-02
1.251462544589774017e+00 3.652423359730479213e-02
1.253325394462637687e+00 2.710967532492974952e-02
1.255193798449612430e+00 2.354084669679828642e-02
1.257067781427291919e+00 2.262531472791280002e-02
1.258947368421052371e+00 2.266649173326206607e-02
1.260832584606169426e+00 1.726461601112788680e-02
1.262723455308937925e+00 1.238882603557956395e-02
1.264620006007810327e+00 1.011083175025610272e-02
1.266522262334536686e+00 9.031136651083933667e-03
1.268430250075323951e+00 8.118032466074618855e-03
1.270343995171997697e+00 6.664745171103736779e-03
1.272263523723179190e+00 4.191221517770767416e-03
1.274188861985472210e+00 2.229620683448332950e-03
1.276120036374658984e+00 1.728227119167297489e-03
1.278057073466909443e+00 1.640619155144167757e-03
1.279999999999999805e+00 1.693093998021204423e-03
