1.140000000000000124e+00 1.667674765129793546e-05
1.140991175064122398e+00 3.522885014585225728e-05
1.141984075186007086e+00 1.155391244221080666e-04
1.142978704873056639e+00 2.229223394669795826e-04
1.143975068648389604e+00 2.000422555070821735e-04
1.144973171050909677e+00 7.955824807218190957e-05
1.145973016635375652e+00 6.192664835535902795e-05
1.146974609972468917e+00 8.871324248845554661e-05
1.147977955648865178e+00 2.024606800863841636e-04
1.148983058267303070e+00 3.485771420863445144e-04
1.149989922446654989e+00 2.769698791105836022e-04
1.150998552821997478e+00 1.321861466992987162e-04
1.152008954044682731e+00 7.273615109300462004e-05
1.153021130782410308e+00 6.208291966962534571e-05
1.154035087719298414e+00 1.342185917331402108e-04
1.155050829555956948e+00 2.586934736157317006e-04
1.156068361009558565e+00 3.555121665806387082e-04
1.157087686813913718e+00 3.183078854154569224e-04
1.158108811719543052e+00 1.880360047296055555e-04
1.159131740493750673e+00 1.307603660489466894e-04
1.160156477920700313e+00 1.214023184894190698e-04
1.161183028801486827e+00 1.640085897489680503e-04
1.162211397954213465e+00 2.783312826816291240e-04
1.163241590214067367e+00 3.455078875794882569e-04
1.164273610433393946e+00 3.219666310389490411e-04
1.165307463481774386e+00 2.290051028588829579e-04
1.166343154246100466e+00 1.489560503391286191e-04
1.167380687630654501e+00 1.308880454981963134e-04
1.168420068557183278e+00 1.313879512236538344e-04
1.169461301964978217e+00 1.735319648890091757e-04
1.170504392810953309e+00 2.263902826397763354e-04
1.171549346069722830e+00 2.404433376417457679e-04
1.172596166733682166e+00 2.271075464417884578e-04
1.173644859813084196e+00 1.739063748814974114e-04
1.174695430336123225e+00 1.304891876784303770e-04
1.175747883349012257e+00 1.155397832851631367e-04
1.176802223916065371e+00 1.079485786178101497e-04
1.177858457119777658e+00 1.297842649254905107e-04
1.178916588060908266e+00 1.500326354396007346e-04
1.179976621858562558e+00 1.602814516796912270e-04
1.181038563650272266e+00 1.601169012365187864e-04
1.182102418592082316e+00 1.257235893860514137e-04
1.183168191858630758e+00 8.923029985237776148e-05
1.184235888643234258e+00 5.692076560154412697e-05
1.185305514157973361e+00 2.565457996400297535e-05
1.186377073633774870e+00 9.550655768554297884e-06
1.187450572320499553e+00 2.116734104957810497e-06
1.188526015487026299e+00 3.415363859027745650e-06
1.189603408421339159e+00 1.081511200319694832e-05
1.190682756430613054e+00 2.448324660688862601e-05
1.191764064841302595e+00 3.385483604182030527e-05
1.192847338999227347e+00 3.845801647635884140e-05
1.193932584269662867e+00 5.013540467754680317e-05
1.195019806037426857e+00 6.244484283944344777e-05
1.196109009706968207e+00 9.511524076447976409e-05
1.197200200702458917e+00 1.420434442214376378e-04
1.198293384467881362e+00 1.908478535063955347e-04
1.199388566467120887e+00 2.366925987211352680e-04
1.200485752184055510e+00 2.330215661619899339e-04
1.201584947122648073e+00 2.047753934349463281e-04
1.202686156807038609e+00 1.822663134354964357e-04
1.203789386781635606e+00 1.717109949475673352e-04
1.204894642611210598e+00 2.124206237848801158e-04
1.206001929880990753e+00 2.862601816940814792e-04
1.207111254196753247e+00 4.056364777768593256e-04
1.208222621184919188e+00 5.492941434527189720e-04
1.209336036492650868e+00 6.253266874774868807e-04
1.210451505787944804e+00 6.241883751424230067e-04
1.211569034759728547e+00 5.462402369646156015e-04
1.212688629117959938e+00 4.671440888945038034e-04
1.213810294593719918e+00 4.647315579406251988e-04
1.214934036939314232e+00 5.232835352411966713e-04
1.216059861928369790e+00 6.858201885547285425e-04
1.217187775355933921e+00 9.063127013230920948e-04
1.218317783038573854e+00 1.108039669469238191e-03
1.219449890814477744e+00 1.234173732607844916e-03
1.220584104543552151e+00 1.174125782979793886e-03
1.221720430107527067e+00 1.014056623386915598e-03
1.222858873410054503e+00 8.622195068238574112e-04
1.223999440376813075e+00 7.643294359039970410e-04
1.225142136955608585e+00 8.064253900905337053e-04
1.226286969116479275e+00 9.473772294760863600e-04
1.227433942851798188e+00 1.179815871623535141e-03
1.228583064176379747e+00 1.432921354970617981e-03
1.229734339127582787e+00 1.544436624759405177e-03
1.230887773765417803e+00 1.520396032811508098e-03
1.232043374172651751e+00 1.377485953874046714e-03
1.233201146454917296e+00 1.228271928750337234e-03
1.234361096740817398e+00 1.187044380382205498e-03
1.235523231182036552e+00 1.231037688920171708e-03
1.236687555953446926e+00 1.415630189114316624e-03
1.237854077253218943e+00 1.673572460223167642e-03
1.239022801302931631e+00 1.914395678422718119e-03
1.240193734347682319e+00 2.074700418848138099e-03
1.241366882656198323e+00 2.009120103662935530e-03
1.242542252520948631e+00 1.816118526312664487e-03
1.243719850258257154e+00 1.613167868634622767e-03
1.244899682208414404e+00 1.469834536402639044e-03
1.246081754735792968e+00 1.500766622866068567e-03
1.247266074228959853e+00 1.648681762744369549e-03
1.248452647100794399e+00 1.915042874485571025e-03
1.249641479788601739e+00 2.215548439720923645e-03
1.250832578754229596e+00 2.380004745352828736e-03
1.252025950484186412e+00 2.408535035189333495e-03
1.253221601489758141e+00 2.268269702369530433e-03
1.254419538307126158e+00 2.090534761241198778e-03
1.255619767497488715e+00 2.013022549609807046e-03
1.256822295647177068e+00 2.035332173281782526e-03
1.258027129367780494e+00 2.252380006532555320e-03
1.259234275296262640e+00 2.579518468468260540e-03
1.260443740095087417e+00 2.936214892914310558e-03
1.261655530452338914e+00 3.227544405835197638e-03
1.262869653081845955e+00 3.261906382869592981e-03
1.264086114723306009e+00 3.147705282889950822e-03
1.265304922142409527e+00 2.975153859663981406e-03
1.266526082130965625e+00 2.863032725931640484e-03
1.267749601507028201e+00 2.967827719746658679e-03
1.268975487115022061e+00 3.221303112698223163e-03
1.270203745825872588e+00 3.657763562705668593e-03
1.271434384537131645e+00 4.136072752655685358e-03
1.272667410173107694e+00 4.458400665865019756e-03
1.273902829684997684e+00 4.604648181645455002e-03
1.275140650051013180e+00 4.477191823027898594e-03
1.276380878276516029e+00 4.273005130944738418e-03
1.277623521394148920e+00 4.166922228615529272e-03
1.278868586463967505e+00 4.214184207968081283e-03
1.280116080573574733e+00 4.576660911550335838e-03
1.281366010838256519e+00 5.116463644406509838e-03
1.282618384401114309e+00 5.750298546547054183e-03
1.283873208433204516e+00 6.301865666885264269e-03
1.285130490133672865e+00 6.508864037888252053e-03
1.286390236729892722e+00 6.508067760386541251e-03
1.287652455477604097e+00 6.357368676907529555e-03
1.288917153661052195e+00 6.278896838617130556e-03
1.290184338593128199e+00 6.490384485102872886e-03
1.291454017615509597e+00 6.918186768761346028e-03
1.292726198098803403e+00 7.655354234915555389e-03
1.294000887442686043e+00 8.468758612155017490e-03
1.295278093076050130e+00 9.142186950151447167e-03
1.296557822457145903e+00 9.614135962086479276e-03
1.297840083073728223e+00 9.730981469912953694e-03
1.299124882443201789e+00 9.860685485713904103e-03
1.300412228112768132e+00 1.023385353993761133e-02
1.301702127659574826e+00 1.102319554939608717e-02
1.302994588690860267e+00 1.245700725499308999e-02
1.304289618844108878e+00 1.423133432805356174e-02
1.305587225787196326e+00 1.621126658699604400e-02
1.306887417218543401e+00 1.801180566112390441e-02
1.308190200867268338e+00 1.938405259720590509e-02
1.309495584493339582e+00 2.077014337145048281e-02
1.310803575887729444e+00 2.239176383907639373e-02
1.312114182872569090e+00 2.489051160453064834e-02
1.313427413301306190e+00 2.863262690723900397e-02
1.314743275058859240e+00 3.345938628366740969e-02
1.316061776061776323e+00 3.930315127897748145e-02
1.317382924258395205e+00 4.510471035785435651e-02
1.318706727629000763e+00 5.038087966743259177e-02
1.320033194185988190e+00 5.559838876176743938e-02
1.321362331974021975e+00 6.157060799821563457e-02
1.322694149070201108e+00 7.009755150142657487e-02
1.324028653584220727e+00 8.168581244757638915e-02
1.325365853658536652e+00 9.579187207877871979e-02
1.326705757468533919e+00 1.109096096600797193e-01
1.328048373222689094e+00 1.241156299149711595e-01
1.329393709162741466e+00 1.350257571784117261e-01
1.330741773563859587e+00 1.450743113009834440e-01
1.332092574734812018e+00 1.562721715383321719e-01
1.333446121018137864e+00 1.707687137266665489e-01
1.334802420790317079e+00 1.867550437507387584e-01
1.336161482461945882e+00 2.003283520643213134e-01
1.337523314477908620e+00 2.080406769107070730e-01
1.338887925317553629e+00 2.091592321502117047e-01
1.340255323494868200e+00 2.080816857373996853e-01
1.341625517558656666e+00 2.076320426330969249e-01
1.342998516092718475e+00 2.063292753715284811e-01
1.344374327716027162e+00 2.007157621457719976e-01
1.345752961082910648e+00 1.874020356355745320e-01
1.347134424883231762e+00 1.689390930806948521e-01
1.348518727842573206e+00 1.497485237411647074e-01
1.349905878722419406e+00 1.298849990481932282e-01
1.351295886320342143e+00 1.085078575998493916e-01
1.352688759470185298e+00 8.589546760294064498e-02
1.354084507042253582e+00 6.471385877205013126e-02
1.355483137943500838e+00 4.751814442495667229e-02
1.356884661117716995e+00 3.367900004764914912e-02
1.358289085545722807e+00 2.320932882909178610e-02
1.359696420245558146e+00 1.634877661065759977e-02
1.361106674272675399e+00 1.212595905800512019e-02
1.362519856720137090e+00 9.871872686367730299e-03
1.363935976718807064e+00 8.663288661955483375e-03
1.365355043437548987e+00 8.061592180980998654e-03
1.366777066083424641e+00 7.860543567713283719e-03
1.368202053901892423e+00 7.733595086497703323e-03
1.369630016177008081e+00 7.811169957750079516e-03
1.371060962231625213e+00 7.850123231355175119e-03
1.372494901427600444e+00 7.887539261638598642e-03
1.373931843165994815e+00 7.963015270048192512e-03
1.375371796887282283e+00 7.902209722106832979e-03
1.376814772071552451e+00 7.949968682625570618e-03
1.378260778238723061e+00 7.945058247021503581e-03
1.379709824948746277e+00 7.968355205427010354e-03
1.381161921801820958e+00 8.105975960242072995e-03
1.382617078438602931e+00 8.149404363063151441e-03
1.384075304540420825e+00 8.321768958203584407e-03
1.385536609829488564e+00 8.434828200853406940e-03
1.387001004069122301e+00 8.517988298976276670e-03
1.388468497063958251e+00 8.694834657000371017e-03
1.389939098660170735e+00 8.731999161889342914e-03
1.391412818745692670e+00 8.873321682328199136e-03
1.392889667250437835e+00 8.955133008658421739e-03
1.394369654146522919e+00 8.944931649288402273e-03
1.395852789448492448e+00 9.006628257883664973e-03
1.397339083213544386e+00 8.871254286298932770e-03
1.398828545541757729e+00 8.793115729337457401e-03
1.400321186576322097e+00 8.696016770616382327e-03
1.401817016503765556e+00 8.529176557066212028e-03
1.403316045554189095e+00 8.539005010809674889e-03
1.404818284001498663e+00 8.448757541339174323e-03
1.406323742163639423e+00 8.457889127704091778e-03
1.407832430402832458e+00 8.499846044541393281e-03
1.409344359125812352e+00 8.415903393681159472e-03
1.410859538784067224e+00 8.464130763072157809e-03
1.412377979874078537e+00 8.360833890746521488e-03
1.413899692937564012e+00 8.282056504740585579e-03
1.415424688561721434e+00 8.253589650714307502e-03
1.416952977379474232e+00 8.072246454350553643e-03
1.418484570069718620e+00 8.034509615367356472e-03
1.420019477357572057e+00 7.870820570071667549e-03
1.421557710014623943e+00 7.692950400063273790e-03
1.423099278859187855e+00 7.603572818613002320e-03
1.424644194756554461e+00 7.361819286160524445e-03
1.426192468619247089e+00 7.296254586689005818e-03
1.427744111407278638e+00 7.190363980555981860e-03
1.429299134128410476e+00 7.092487924955905888e-03
1.430857547838412680e+00 7.152135469254555789e-03
1.432419363641325383e+00 7.053101165712506206e-03
1.433984592689723225e+00 7.087179931123861916e-03
1.435553246184980702e+00 7.053423107846350411e-03
1.437125335377539281e+00 6.922887367581045427e-03
1.438700871567176520e+00 6.929762841327274242e-03
1.440279866103276518e+00 6.746920512624766421e-03
1.441862330385101476e+00 6.677591320430876359e-03
1.443448275862069252e+00 6.602040155380807171e-03
1.445037714034025145e+00 6.411012168425142543e-03
1.446630656451524111e+00 6.396316753362254505e-03
1.448227114716106767e+00 6.206509412451891028e-03
1.449827100480583608e+00 6.104234939386655318e-03
1.451430625449317002e+00 6.053411406900375234e-03
1.453037701378508739e+00 5.872720559904816631e-03
1.454648340076484248e+00 5.908888324723205084e-03
1.456262553403983917e+00 5.804591615559549951e-03
1.457880353274454421e+00 5.749084796530132442e-03
1.459501751654340262e+00 5.766255525093241102e-03
1.461126760563380422e+00 5.570507085048496607e-03
1.462755392074904126e+00 5.544083917870236411e-03
1.464387658316130381e+00 5.362843169058380093e-03
1.466023571468469289e+00 5.160110251201084977e-03
1.467663143767824252e+00 5.091276449000608009e-03
1.469306387504898614e+00 4.817111116375965077e-03
1.470953315025500530e+00 4.737478917598744212e-03
1.472603938730853379e+00 4.579363416107762319e-03
1.474258271077908411e+00 4.365088168181472696e-03
1.475916324579654715e+00 4.331169251017483873e-03
1.477578111805438521e+00 4.084724557685160719e-03
1.479243645381277172e+00 4.009729837776297191e-03
1.480912937990182421e+00 3.909667146213143506e-03
1.482586002372479506e+00 3.707014625102018120e-03
1.484262851326132893e+00 3.715209644759170666e-03
1.485943497707071570e+00 3.500545294018672995e-03
1.487627954429519006e+00 3.399691956112387871e-03
1.489316234466322664e+00 3.304948753034140079e-03
1.491008350849287067e+00 3.036913113115480983e-03
1.492704316669510423e+00 2.994384509219353424e-03
1.494404145077720347e+00 2.759175264497482072e-03
1.496107849284615376e+00 2.608315066152579013e-03
1.497815442561205579e+00 2.547007369630389668e-03
1.499526938239159168e+00 2.296930207935296130e-03
1.501242349711148227e+00 2.285625491491821530e-03
1.502961690431197317e+00 2.114981881162665989e-03
1.504684973915037860e+00 1.969997505437919624e-03
1.506412213740458306e+00 1.957036377283775073e-03
1.508143423547664286e+00 1.721529837795240806e-03
1.509878617039636772e+00 1.712467117956514850e-03
1.511617807982492012e+00 1.583235602228368196e-03
1.513361010205847013e+00 1.420277812182586547e-03
1.515108237603186581e+00 1.432002090372692330e-03
1.516859504132231473e+00 1.201299005833585858e-03
1.518614823815309878e+00 1.169041950198318686e-03
1.520374210739732668e+00 1.070239135723205851e-03
1.522137679058168658e+00 8.881687995806310330e-04
1.523905242989026743e+00 9.215123654064345847e-04
1.525676916816834483e+00 7.282953807186899782e-04
1.527452714892626684e+00 7.064937126810912115e-04
1.529232651634329754e+00 6.695814153701148616e-04
1.531016741527154057e+00 5.094170311643533974e-04
1.532804999123985601e+00 5.791544663691044863e-04
1.534597439045781941e+00 4.250079446494128702e-04
1.536394075981970531e+00 4.076508602961073711e-04
1.538194924690851728e+00 4.127508526558163718e-04
1.540000000000000258e+00 2.561062784294687480e-04
