1.100000000000000089e+00 1.626431635167184365e-05
1.100981923677750718e+00 8.535789097972566007e-06
1.101965601965602115e+00 9.432964991937532379e-06
1.102951039570758240e+00 3.578596767378340555e-05
1.103938241217274907e+00 6.794689930164583619e-05
1.104927211646136609e+00 2.452848922361798619e-05
1.105917955615333126e+00 1.160849434377066419e-04
1.106910477899932799e+00 1.961842569901964750e-04
1.107904783292162687e+00 6.019417127969792393e-05
1.108900876601483398e+00 1.255388883963643571e-04
1.109898762654668358e+00 3.352276320642630781e-04
1.110898446295879305e+00 2.919044869144555893e-04
1.111899932386748002e+00 1.336012251126984850e-04
1.112903225806451735e+00 8.123209464702934712e-05
1.113908331451795242e+00 1.892946805463823845e-04
1.114915254237288433e+00 3.201019987735012314e-04
1.115923999095227437e+00 2.575722888078955334e-04
1.116934570975775420e+00 1.082983866605445508e-04
1.117946974847042974e+00 4.130017990386241104e-05
1.118961215695169154e+00 3.450501658528002009e-05
1.119977298524404086e+00 7.288205480602485563e-05
1.120995228357191564e+00 9.263471956584562331e-05
1.122015010234250543e+00 4.771889227456208379e-05
1.123036649214659732e+00 1.192190069177968389e-05
1.124060150375939982e+00 1.134964268338051565e-05
1.125085518814139318e+00 5.587889974886749552e-05
1.126112759643916883e+00 1.397618566217282148e-04
1.127141877998629305e+00 1.867563837795431373e-04
1.128172879030413966e+00 1.611334602276004858e-04
1.129205767910277158e+00 1.147619010746862145e-04
1.130240549828178898e+00 1.098606894479614311e-04
1.131277229993121081e+00 1.502187230205480318e-04
1.132315813633234081e+00 2.354175360342375043e-04
1.133356305995864899e+00 3.183718541112604146e-04
1.134398712347666205e+00 3.165803214332545330e-04
1.135443037974683600e+00 2.559259708664225210e-04
1.136489288182446655e+00 2.033156315546469047e-04
1.137537468296057064e+00 1.967348983591934628e-04
1.138587583660281677e+00 2.405897472051720678e-04
1.139639639639639768e+00 3.118276284488516958e-04
1.140693641618497178e+00 3.700440054143784010e-04
1.141749595001157136e+00 3.671833000790367444e-04
1.142807505211952845e+00 3.198493714494031709e-04
1.143867377695339860e+00 2.658997257065503507e-04
1.144929217915990005e+00 2.332154592208314687e-04
1.145993031358885084e+00 2.390941336589828597e-04
1.147058823529411908e+00 2.717009595762984024e-04
1.148126599953456228e+00 3.200404857637816894e-04
1.149196366177498430e+00 3.554176206634120658e-04
1.150268127768711013e+00 3.674548703487303921e-04
1.151341890315052741e+00 3.620432546465764383e-04
1.152417659425368113e+00 3.414464356446571453e-04
1.153495440729483512e+00 3.205234175451747805e-04
1.154575239878305570e+00 2.948985839819475243e-04
1.155657062543921532e+00 2.679604813462959137e-04
1.156740914419695399e+00 2.391228126548366583e-04
1.157826801220370960e+00 2.033302209737527166e-04
1.158914728682170603e+00 1.664730201566672323e-04
1.160004702562896783e+00 1.238782118771075561e-04
1.161096728642033504e+00 8.267226741106485990e-05
1.162190812720848010e+00 4.774429139136667909e-05
1.163286960622494703e+00 2.486647385221060148e-05
1.164385178192117287e+00 2.030408266945190886e-05
1.165485471296952458e+00 3.304906601552874522e-05
1.166587845826436487e+00 6.014589795681920642e-05
1.167692307692307807e+00 8.474277461845394397e-05
1.168798862828713814e+00 9.509028081578594781e-05
1.169907517192317004e+00 8.762911242472339100e-05
1.171018276762402222e+00 7.723904900069001776e-05
1.172131147540983909e+00 7.801710392420307353e-05
1.173246135552913572e+00 9.058938897966127557e-05
1.174363246845989028e+00 1.143488619490464636e-04
1.175482487491065209e+00 1.342664209839134382e-04
1.176603863582160958e+00 1.423556109343000449e-04
1.177727381236571835e+00 1.312310911855577391e-04
1.178853046594982246e+00 1.077954163500699606e-04
1.179980865821574021e+00 9.009792413050570934e-05
1.181110845104141660e+00 8.482243661798676937e-05
1.182242990654205794e+00 1.001437167955947422e-04
1.183377308707123987e+00 1.280291388076226398e-04
1.184513805522209307e+00 1.618771584171878103e-04
1.185652487382840681e+00 1.877183957075505695e-04
1.186793360596583913e+00 1.958871326946653990e-04
1.187936431495304701e+00 1.934970443860729633e-04
1.189081706435285879e+00 1.849504427258287856e-04
1.190229191797346431e+00 1.885042014565889153e-04
1.191378893986959842e+00 2.066746028751735098e-04
1.192530819434372891e+00 2.435343930894262739e-04
1.193684974594725334e+00 2.944455627658502548e-04
1.194841365948171585e+00 3.432309898677152801e-04
1.196000000000000174e+00 3.842920920392661277e-04
1.197160883280757204e+00 4.041704977740472699e-04
1.198324022346368922e+00 4.205165214313513950e-04
1.199489423778264285e+00 4.448477500780873201e-04
1.200657094183499973e+00 4.927820128533157281e-04
1.201827040194884511e+00 5.788366551055957460e-04
1.202999268471104832e+00 6.934551509322807190e-04
1.204173785696851517e+00 8.369950134120254966e-04
1.205350598582946686e+00 9.735107654568822544e-04
1.206529713866471232e+00 1.090093886283557056e-03
1.207711138310893606e+00 1.180871048070681120e-03
1.208894878706199494e+00 1.255993374310158560e-03
1.210080941869021487e+00 1.360003153813486290e-03
1.211269334642769646e+00 1.500495907910580828e-03
1.212460063897763618e+00 1.704262828506913257e-03
1.213653136531365417e+00 1.942262562556343027e-03
1.214848559468111322e+00 2.172659164680252903e-03
1.216046339659847542e+00 2.364082245208610350e-03
1.217246484085862557e+00 2.481311316003281201e-03
1.218448999753025674e+00 2.573357348538494148e-03
1.219653893695921143e+00 2.662427124953480485e-03
1.220861172976986042e+00 2.804046408005180999e-03
1.222070844686648616e+00 3.025221602979538075e-03
1.223282915943466609e+00 3.298051331987377020e-03
1.224497393894266706e+00 3.603677823699337479e-03
1.225714285714285756e+00 3.848079315140444899e-03
1.226933598607311549e+00 4.019671590545687706e-03
1.228155339805825363e+00 4.123676958610421675e-03
1.229379516571144082e+00 4.216935597077306648e-03
1.230606136193564737e+00 4.397052058741499764e-03
1.231835205992509286e+00 4.670659671232809534e-03
1.233066733316671160e+00 5.061765071949367659e-03
1.234300725544158039e+00 5.473857775458716712e-03
1.235537190082644621e+00 5.828922500983489338e-03
1.236776134369516500e+00 6.075298818245961248e-03
1.238017565872020054e+00 6.178748947217277236e-03
1.239261492087415206e+00 6.245376316372927387e-03
1.240507920543123088e+00 6.327781599495783948e-03
1.241756858796879026e+00 6.537417433596680490e-03
1.243008314436886197e+00 6.886409900131787269e-03
1.244262295081967284e+00 7.307829568946731802e-03
1.245518808381721909e+00 7.742481939593629306e-03
1.246777862016679173e+00 8.056993872631859274e-03
1.248039463698456863e+00 8.300180740499917345e-03
1.249303621169916445e+00 8.528146571729447109e-03
1.250570342205323149e+00 8.886509960304577946e-03
1.251839634610505181e+00 9.500154669157412010e-03
1.253111506223012483e+00 1.034975938828188585e-02
1.254385964912281048e+00 1.142957409555614423e-02
1.255663018579791235e+00 1.253610872676144336e-02
1.256942675159235634e+00 1.355676709259152381e-02
1.258224942616679609e+00 1.438672159206265573e-02
1.259509828950727606e+00 1.506860494863978932e-02
1.260797342192691239e+00 1.589184744835551999e-02
1.262087490406753831e+00 1.705829599051319687e-02
1.263380281690140938e+00 1.885085293032818382e-02
1.264675724173288884e+00 2.125140248066094417e-02
1.265973826020015514e+00 2.414012510029511435e-02
1.267274595427690942e+00 2.729862663106679896e-02
1.268578040627410530e+00 3.046588728030342683e-02
1.269884169884170300e+00 3.384764954925405245e-02
1.271192991497037017e+00 3.771329096825329352e-02
1.272504513799329384e+00 4.262491671284030642e-02
1.273818745158791899e+00 4.889934155650543790e-02
1.275135693977772045e+00 5.650551320626110569e-02
1.276455368693402370e+00 6.523897561922491206e-02
1.277777777777777679e+00 7.434326993108070214e-02
1.279102929738138439e+00 8.359794837801681755e-02
1.280430833117051748e+00 9.328976640818298360e-02
1.281761496492595631e+00 1.045994622730209711e-01
1.283094928478543784e+00 1.190207658300546506e-01
1.284431137724550975e+00 1.369933659364982181e-01
1.285770132916341124e+00 1.581628576103504269e-01
1.287111922775893591e+00 1.804874006363639538e-01
1.288456516061635027e+00 2.020049205823896410e-01
1.289803921568627665e+00 2.222302469401655212e-01
1.291154148128762280e+00 2.421163408793080563e-01
1.292507204610951366e+00 2.637880830359580764e-01
1.293863099921321647e+00 2.872569144314631728e-01
1.295221843003413031e+00 3.103225574526172204e-01
1.296583442838370903e+00 3.287630871118408238e-01
1.297947908445146181e+00 3.386462799609588070e-01
1.299315248880695384e+00 3.408231214147437460e-01
1.300685473240179135e+00 3.386983424837227141e-01
1.302058590657165560e+00 3.350839381244934967e-01
1.303434610303831009e+00 3.285667036684002396e-01
1.304813541391166565e+00 3.142834642737177275e-01
1.306195393169182095e+00 2.902136994599414654e-01
1.307580174927113870e+00 2.583299469084796574e-01
1.308967895993632391e+00 2.229812363998140146e-01
1.310358565737052006e+00 1.868284293448687072e-01
1.311752193565540958e+00 1.502653518105332431e-01
1.313148788927335886e+00 1.151416426152579442e-01
1.314548361310951430e+00 8.397234054390266544e-02
1.315950920245398947e+00 5.870136319128319013e-02
1.317356475300400565e+00 3.982813700834130638e-02
1.318765036086608111e+00 2.671295312534066255e-02
1.320176612255820281e+00 1.847311548366823222e-02
1.321591213501205564e+00 1.353457286244692977e-02
1.323008849557522293e+00 1.061285861932479216e-02
1.324429530201342464e+00 8.795420873125283853e-03
1.325853265251276669e+00 7.523327650489113755e-03
1.327280064568200135e+00 6.598307158240386376e-03
1.328709938055480766e+00 5.806514826800633633e-03
1.330142895659207181e+00 5.168887442469822548e-03
1.331578947368421195e+00 4.608658766161911544e-03
1.333018103215347416e+00 4.143779276412789571e-03
1.334460373275629053e+00 3.769789286925925246e-03
1.335905767668562394e+00 3.438601424056714987e-03
1.337354296557332844e+00 3.191678539933449389e-03
1.338805970149253843e+00 2.958666598397994337e-03
1.340260798696006450e+00 2.792801549024602828e-03
1.341718792493880930e+00 2.654692826213720866e-03
1.343179961884018558e+00 2.560367602675642056e-03
1.344644317252657650e+00 2.516907464778531719e-03
1.346111869031378028e+00 2.481790813212144536e-03
1.347582627697350599e+00 2.494911066971727907e-03
1.349056603773584939e+00 2.487041477687413661e-03
1.350533807829181754e+00 2.503989123639192502e-03
1.352014250479583346e+00 2.512169815387215507e-03
1.353497942386831410e+00 2.527217281601173374e-03
1.354984894259818828e+00 2.576260638358119325e-03
1.356475116854550578e+00 2.619151393465785679e-03
1.357968620974401519e+00 2.716418345085070719e-03
1.359465417470377524e+00 2.800555321283158643e-03
1.360965517241379263e+00 2.919411447376893138e-03
1.362468931234465552e+00 3.043247503102156082e-03
1.363975670445120247e+00 3.167773937222099438e-03
1.365485745917520255e+00 3.334718434913010957e-03
1.366999168744804871e+00 3.477426518543624313e-03
1.368515950069348230e+00 3.668003874182267782e-03
1.370036101083032420e+00 3.822005377046906131e-03
1.371559633027523040e+00 3.970184020052754462e-03
1.373086557194545199e+00 4.098278548409939326e-03
1.374616884926163518e+00 4.169624247076680543e-03
1.376150627615063016e+00 4.272734415919215122e-03
1.377687796704831102e+00 4.330407723711498374e-03
1.379228403690243132e+00 4.443831659671163697e-03
1.380772460117548395e+00 4.557594564766965714e-03
1.382319977584757664e+00 4.680870680425859923e-03
1.383870967741935631e+00 4.842660231025932259e-03
1.385425442291491338e+00 4.950543184296665560e-03
1.386983412988473496e+00 5.109630817496465909e-03
1.388544891640867140e+00 5.213645082934392251e-03
1.390109890109890056e+00 5.338748036582976163e-03
1.391678420310296094e+00 5.458921280366148959e-03
1.393250494210675150e+00 5.522685177793872774e-03
1.394826123833757592e+00 5.612695963014236941e-03
1.396405321256722454e+00 5.595691821286805784e-03
1.397988098611504748e+00 5.601747951783564092e-03
1.399574468085106327e+00 5.561466326387982766e-03
1.401164441919909187e+00 5.522025869817994391e-03
1.402758032413989442e+00 5.543984357094969978e-03
1.404355251921434622e+00 5.526839986744615241e-03
1.405956112852664530e+00 5.602501002424617980e-03
1.407560627674750320e+00 5.617218072990760348e-03
1.409168808911739568e+00 5.655529251902978796e-03
1.410780669144981569e+00 5.675161220985962783e-03
1.412396221013455744e+00 5.630838795712483739e-03
1.414015477214101590e+00 5.643035077827034118e-03
1.415638450502151979e+00 5.561359072775052571e-03
1.417265153691467994e+00 5.541164906205543229e-03
1.418895599654874884e+00 5.466081820925703522e-03
1.420529801324503349e+00 5.372631293101540542e-03
1.422167771692130378e+00 5.312339831473230668e-03
1.423809523809523858e+00 5.173478265616811983e-03
1.425455070788789191e+00 5.138864280221079779e-03
1.427104425802719012e+00 5.051210922229394835e-03
1.428757602085143352e+00 5.041115004870596640e-03
1.430414612931284468e+00 5.052723945395010824e-03
1.432075471698113223e+00 5.028356206764615297e-03
1.433740191804708131e+00 5.079837341597400781e-03
1.435408786732615738e+00 5.010498934442127357e-03
1.437081270026216329e+00 5.008643581224546046e-03
1.438757655293088300e+00 4.931699699164742920e-03
1.440437956204379866e+00 4.850128187585236832e-03
1.442122186495176983e+00 4.814201167394072285e-03
1.443810359964881496e+00 4.683977356705396750e-03
1.445502490477585722e+00 4.661576092703400252e-03
1.447198591962452374e+00 4.532461976335777631e-03
1.448898678414097141e+00 4.465830095725830534e-03
1.450602763892973046e+00 4.395987170651069302e-03
1.452310862525758361e+00 4.287020128335064691e-03
1.454022988505747183e+00 4.294290578802032431e-03
1.455739156093242892e+00 4.189813507245746839e-03
1.457459379615952733e+00 4.202147082010303757e-03
1.459183673469387932e+00 4.126269722699782080e-03
1.460912052117263826e+00 4.037422862180095259e-03
1.462644530091906425e+00 3.977819766958430418e-03
1.464381121994657198e+00 3.782401240409159933e-03
1.466121842496285188e+00 3.715482571898260505e-03
1.467866706337399796e+00 3.519401477305239296e-03
1.469615728328865112e+00 3.409232070469226262e-03
1.471368923352222247e+00 3.293012298442982242e-03
1.473126306360107662e+00 3.116120581721418866e-03
1.474887892376681719e+00 3.065306638095528519e-03
1.476653696498054780e+00 2.864653236355751802e-03
1.478423733892717973e+00 2.809821770012914215e-03
1.480198019801980180e+00 2.671109858459036999e-03
1.481976569540402577e+00 2.551494635931402660e-03
1.483759398496240722e+00 2.502801784235754272e-03
1.485546522131888203e+00 2.310453915343379724e-03
1.487337955984323390e+00 2.278606348914239809e-03
1.489133715665559965e+00 2.078007960364474781e-03
1.490933816863100780e+00 1.968387452887315151e-03
1.492738275340393495e+00 1.846558713684426324e-03
1.494547106937291980e+00 1.647218230692062664e-03
1.496360327570518844e+00 1.611489873436701241e-03
1.498177953234132831e+00 1.395919610126235581e-03
1.500000000000000000e+00 1.357429233581512046e-03
