6.200000000000001066e-01 1.818948799643350987e-08
6.208142359971109414e-01 1.806635220477788543e-08
6.216306134525610982e-01 1.787922304440089049e-08
6.224491408255976577e-01 1.783584448261637270e-08
6.232698266200805692e-01 1.772903307792974106e-08
6.240926793847779708e-01 1.761340369871295157e-08
6.249177077136626179e-01 1.755576148572531795e-08
6.257449202462108673e-01 1.746587236376876924e-08
6.265743256677051010e-01 1.739298024329248188e-08
6.274059327095361516e-01 1.731674089146757965e-08
6.282397501495116110e-01 1.722034886790431861e-08
6.290757868121632512e-01 1.716383445587285169e-08
6.299140515690586639e-01 1.708622043850657013e-08
6.307545533391155645e-01 1.699760118370781393e-08
6.315973010889170958e-01 1.695863262673602773e-08
6.324423038330324598e-01 1.686985300013423584e-08
6.332895706343358855e-01 1.674740365026818003e-08
6.341391106043331449e-01 1.667161171525305727e-08
6.349909329034858496e-01 1.654773581684581988e-08
6.358450467415429630e-01 1.641502770392503055e-08
6.367014613778706478e-01 1.636141500280087657e-08
6.375601861217885524e-01 1.630630237202063664e-08
6.384212303329056537e-01 1.628295791690043061e-08
6.392846034214619833e-01 1.632262055243740079e-08
6.401503148486694661e-01 1.633023363588943746e-08
6.410183741270595315e-01 1.631216580580517405e-08
6.418887908208298354e-01 1.627885549909944018e-08
6.427615745461963126e-01 1.618082428460448765e-08
6.436367349717477815e-01 1.603929112791089106e-08
6.445142818188016598e-01 1.590622871202286050e-08
6.453942248617654531e-01 1.579770341543368641e-08
6.462765739284982436e-01 1.572860879779376617e-08
6.471613389006778405e-01 1.573588486709905736e-08
6.480485297141682643e-01 1.582823296107971224e-08
6.489381563593933366e-01 1.595449421771844083e-08
6.498302288817101591e-01 1.603553985887670861e-08
6.507247573817882547e-01 1.603540858121488599e-08
6.516217520159902632e-01 1.594884156534593846e-08
6.525212229967563005e-01 1.573543398799143953e-08
6.534231805929920922e-01 1.544773529936067252e-08
6.543276351304589955e-01 1.527721661472943772e-08
6.552345969921685720e-01 1.529189478647446385e-08
6.561440766187800477e-01 1.539718817612152507e-08
6.570560845090001045e-01 1.558225552969048066e-08
6.579706312199875562e-01 1.577633263198637144e-08
6.588877273677608004e-01 1.572274078539595224e-08
6.598073836276086013e-01 1.543708770236270678e-08
6.607296107345027592e-01 1.516565973086190417e-08
6.616544194835188852e-01 1.497867118268138807e-08
6.625818207302544005e-01 1.499261183346815042e-08
6.635118253912557496e-01 1.527588164870622014e-08
6.644444444444445041e-01 1.555940415600926484e-08
6.653796889295519046e-01 1.559754041076435031e-08
6.663175699485518466e-01 1.535879654311678453e-08
6.672580986661020841e-01 1.499291888467721661e-08
6.682012863099866529e-01 1.482122059548684138e-08
6.691471441715620694e-01 1.507160385674716453e-08
6.700956836062090805e-01 1.570283747342453438e-08
6.710469160337851902e-01 1.634145535173376654e-08
6.720008529390860685e-01 1.652565832416688609e-08
6.729575058723041847e-01 1.619373993299098444e-08
6.739168864494974320e-01 1.560881943277116840e-08
6.748790063530587524e-01 1.521117224892346993e-08
6.758438773321896464e-01 1.538800535893588601e-08
6.768115112033789016e-01 1.585143719079997599e-08
6.777819198508854281e-01 1.598120805748489625e-08
6.787551152272238708e-01 1.553664670657803170e-08
6.797311093536559934e-01 1.475703624048861264e-08
6.807099143206856162e-01 1.450711065821863512e-08
6.816915422885573284e-01 1.546362367112508311e-08
6.826760054877608619e-01 1.699178446291759241e-08
6.836633162195385749e-01 1.774056013148315610e-08
6.846534868563981524e-01 1.679907347518340936e-08
6.856465298426283050e-01 1.452032563414696848e-08
6.866424576948217950e-01 1.286232479373711674e-08
6.876412830024003497e-01 1.412962193088423743e-08
6.886430184281449041e-01 1.821223950681050535e-08
6.896476767087317272e-01 2.154131054661386968e-08
6.906552706552706589e-01 2.072905385255047377e-08
6.916658131538518939e-01 1.581255882232718534e-08
6.926793171660928783e-01 1.020498539206349290e-08
6.936957957296940869e-01 9.892490113193480373e-09
6.947152619589977984e-01 1.735906376575012082e-08
6.957377290455516450e-01 2.666425694229742459e-08
6.967632102586780452e-01 2.963450717005788038e-08
6.977917189460477454e-01 2.247284426424001312e-08
6.988232685342598005e-01 9.967232826701804367e-09
6.998578725294248848e-01 5.076479201610521462e-09
7.008955445177552646e-01 1.493367160228874370e-08
7.019362981661593226e-01 3.253354322087644914e-08
7.029801472228419668e-01 4.289014007259956502e-08
7.040271055179091464e-01 3.366713890732382993e-08
7.050771869639794742e-01 1.182480880231982003e-08
7.061304055568005111e-01 8.102471409466362952e-10
7.071867753758696029e-01 1.442889111030833445e-08
7.082463105850625995e-01 4.623474248447441123e-08
7.093090254332659050e-01 7.009946193709973661e-08
7.103749342550154111e-01 5.918683137319522719e-08
7.114440514711416474e-01 2.411179150122912338e-08
7.125163915894191513e-01 9.019633867405918460e-10
7.135919692052230534e-01 1.066243817667096117e-08
7.146707990021922141e-01 4.890663010055958967e-08
7.157528957528959124e-01 7.834355308442623197e-08
7.168382743195087503e-01 6.293452590349739258e-08
7.179269496544916640e-01 2.243328811044088607e-08
7.190189368012778193e-01 5.757976954897087963e-10
7.201142508949653909e-01 1.953401288591865022e-08
7.212129071630178911e-01 7.108906649858926516e-08
7.223149209259684955e-01 1.039485449072250012e-07
7.234203075981329167e-01 7.927266582373606071e-08
7.245290826883287183e-01 2.780099306416311271e-08
7.256412618005987358e-01 1.263396781916381363e-09
7.267568606349450455e-01 2.689300928329864373e-08
7.278758949880669293e-01 8.243950557072021863e-08
7.289983807541060568e-01 1.008938978138912879e-07
7.301243339253996600e-01 6.513109155540195386e-08
7.312537705932400378e-01 2.141330707196380653e-08
7.323867069486404979e-01 5.240715913563932745e-10
7.335231592831097380e-01 1.150955656200085900e-08
7.346631439894321103e-01 3.423678678268799882e-08
7.358066775624563238e-01 3.497346912227408846e-08
7.369537765998910306e-01 2.999922225850343162e-08
7.381044578031072945e-01 3.554413527522755097e-08
7.392587379779498313e-01 3.310599534074620124e-08
7.404166340355550213e-01 2.346094887202024788e-08
7.415781629931760266e-01 9.008498502501808178e-09
7.427433419750177901e-01 4.394305323949081565e-09
7.439121882130773633e-01 4.333759159129165712e-08
7.450847190479943372e-01 8.789122296346403217e-08
7.462609519299078231e-01 7.810106537933916907e-08
7.474409044193218721e-01 3.276060593415889632e-08
7.486245941879801080e-01 1.046335514947721466e-09
7.498120390197480223e-01 2.730854270004590326e-08
7.510032568115021512e-01 1.008491970974783832e-07
7.521982655740313550e-01 1.256877293654679325e-07
7.533970834329428712e-01 6.855794978915517057e-08
7.545997286295794693e-01 8.973478567870260924e-09
7.558062195219442669e-01 1.544048608083019756e-08
7.570165745856354267e-01 8.635941160522189668e-08
7.582308124147888462e-01 1.389621331678576606e-07
7.594489517230299525e-01 9.748479197599601499e-08
7.606710113444364874e-01 2.019947789997683850e-08
7.618970102345072881e-01 3.100239678703343373e-09
7.631269674711439466e-01 4.095269216828712020e-08
7.643609022556392407e-01 6.626783573942624416e-08
7.655988339136773346e-01 4.068703060733533060e-08
7.668407818963420830e-01 6.259263177696049553e-09
7.680867657811357718e-01 2.556339808500218137e-08
7.693368052730084061e-01 7.446891206234823085e-08
7.705909202053957685e-01 8.079328271953890276e-08
7.718491305412688019e-01 3.524110042626115468e-08
7.731114563741924295e-01 2.384801500423129702e-09
7.743779179293964754e-01 2.221513773410360444e-08
7.756485355648535807e-01 4.416146953324019001e-08
7.769233297723724396e-01 2.187574310434409712e-08
7.782023211786979200e-01 6.086995626536685914e-10
7.794855305466238393e-01 2.900843703370727024e-08
7.807729787761169549e-01 6.799111829926881814e-08
7.820646869054513894e-01 5.061299502262503059e-08
7.833606761123539375e-01 8.773328720158992823e-09
7.846609677151631379e-01 6.213374558052489012e-08
7.859655831739963405e-01 2.005365497701622683e-07
7.872745440919310944e-01 2.278647858901461800e-07
7.885878722161983045e-01 8.361197453316629769e-08
7.899055894393851585e-01 2.597765076340450129e-08
7.912277178006528189e-01 2.944915502270405075e-07
7.925542794869646634e-01 7.077894511619347868e-07
7.938852968343270700e-01 8.391612799379933659e-07
7.952207923290436353e-01 6.490922162893232565e-07
7.965607886089812739e-01 6.272595524164095853e-07
7.979053084648494165e-01 1.050943481764813193e-06
7.992543748414911997e-01 1.461619181392936601e-06
8.006080108391905314e-01 1.358854067936342994e-06
8.019662397149885935e-01 1.193044097452556820e-06
8.033290848840174414e-01 1.953339236358635472e-06
8.046965699208443734e-01 3.624526292026118116e-06
8.060687185608321759e-01 4.895679387188077169e-06
8.074455547015116919e-01 5.013903612613403841e-06
8.088271024039694890e-01 5.190689103496617200e-06
8.102133858942497380e-01 7.089357693558519123e-06
8.116044295647694140e-01 1.021365512149133700e-05
8.130002579757504844e-01 1.225490115172909612e-05
8.144008958566629763e-01 1.246301953798397358e-05
8.158063681076884732e-01 1.304527738651366723e-05
8.172166998011929362e-01 1.588294484274539899e-05
8.186319161832193991e-01 1.914899687577650703e-05
8.200520426749936531e-01 1.930744509712317681e-05
8.214771048744461401e-01 1.613763153524514152e-05
8.229071285577509443e-01 1.333628175377460897e-05
8.243421396808788826e-01 1.335367366684859543e-05
8.257821643811686929e-01 1.410263032929740903e-05
8.272272289789132094e-01 1.275150737944693566e-05
8.286773599789640787e-01 1.066982920862685263e-05
8.301325840723505767e-01 1.142153273970025580e-05
8.315929281379189630e-01 1.474343338525079505e-05
8.330584192439863811e-01 1.627183392592980324e-05
8.345290846500134085e-01 1.391303244018575980e-05
8.360049518082942610e-01 1.089668094122670117e-05
8.374860483656656474e-01 1.059462232412229234e-05
8.389724021652320562e-01 1.158887931114164692e-05
8.404640412481109157e-01 1.096716484149216304e-05
8.419609938551962935e-01 9.758642993818125873e-06
8.434632884289410271e-01 1.077148690970413591e-05
8.449709536151578382e-01 1.272260982559431339e-05
8.464840182648402100e-01 1.183081312353340517e-05
8.480025114360032479e-01 9.021202394239575775e-06
8.495264623955433025e-01 9.672497669430559603e-06
8.510559006211180222e-01 1.486125684133834726e-05
8.525908558030480533e-01 1.905080058257825032e-05
8.541313578462371714e-01 1.947574209872686584e-05
8.556774368721150603e-01 2.128592830459170838e-05
8.572291232206002976e-01 2.806984837708559501e-05
8.587864474520847669e-01 3.347518543419037617e-05
8.603494403494404974e-01 3.028354945564879354e-05
8.619181329200474861e-01 2.332555463397172635e-05
8.634925563978447238e-01 2.382687141421604629e-05
8.650727422454022042e-01 3.474811703474922181e-05
8.666587221560180243e-01 5.416872923727639991e-05
8.682505280558362459e-01 9.052520402716471542e-05
8.698481921059896260e-01 1.567268841709904546e-04
8.714517467047654398e-01 2.461197003875919371e-04
8.730612244897958396e-01 3.345628429240471847e-04
8.746766583402719730e-01 4.156910088797152020e-04
8.762980813791825252e-01 5.120991745407898251e-04
8.779255269755782409e-01 6.348592649111570174e-04
8.795590287468602053e-01 7.570205835181963942e-04
8.811986205610961020e-01 8.591380672987827165e-04
8.828443365393594533e-01 9.820843504363017604e-04
8.844962110580971704e-01 1.189249058443805429e-03
8.861542787515230835e-01 1.485252639635661551e-03
8.878185745140388940e-01 1.835035077736672186e-03
8.894891335026813284e-01 2.281193940556921346e-03
8.911659911395986011e-01 2.976726018646271010e-03
8.928491831145527469e-01 4.053897672945058067e-03
8.945387453874539263e-01 5.510242901133994078e-03
8.962347141909186021e-01 7.277388389668249143e-03
8.979371260328616877e-01 9.328401604043509709e-03
8.996460176991151192e-01 1.157677379675730277e-02
9.013614262560777357e-01 1.365199688620830597e-02
9.030833890533958019e-01 1.491449278382494907e-02
9.048119437266723963e-01 1.482077468484046395e-02
9.065471282002108833e-01 1.329267897116395702e-02
9.082889806897874729e-01 1.073855762894504462e-02
9.100375397054577542e-01 7.794183227743559789e-03
9.117928440543929813e-01 5.071197254079588476e-03
9.135549328437529981e-01 3.006843944898809733e-03
9.153238454835899152e-01 1.746734621070970698e-03
9.170996216897856490e-01 1.116014356544909724e-03
9.188823014870249883e-01 7.940144495308268466e-04
9.206719252118024110e-01 5.722085427624833348e-04
9.224685335154647614e-01 4.234393756070308390e-04
9.242721673672890104e-01 3.580094092562431597e-04
9.260828680575962091e-01 3.232194436208671155e-04
9.279006772009028570e-01 2.708782429098435026e-04
9.297256367391092402e-01 2.230377663545427176e-04
9.315577889447236304e-01 2.088805834570215401e-04
9.333971764241287827e-01 2.011553376204271474e-04
9.352438421208824071e-01 1.693623945586217728e-04
9.370978293190602715e-01 1.372334805785277976e-04
9.389591816466381635e-01 1.318973986922020701e-04
9.408279430789132647e-01 1.292645765473928094e-04
9.427041579419683792e-01 1.046672620546110899e-04
9.445878709161753539e-01 8.503755888966556449e-05
9.464791270397437950e-01 9.493187731699966340e-05
9.483779717123081987e-01 1.053242414235305369e-04
9.502844506985625994e-01 9.474619204603412217e-05
9.521986101319368512e-01 1.021452469253066909e-04
9.541204965183167630e-01 1.541663658888676666e-04
9.560501567398119738e-01 2.050781916115041196e-04
9.579876380585672369e-01 2.231277047981822118e-04
9.599329881206214443e-01 2.635009183196020642e-04
9.618862549598128364e-01 3.652660028227809586e-04
9.638474870017330609e-01 4.540608668486924900e-04
9.658167330677289719e-01 4.585774890019783385e-04
9.677940423789539448e-01 4.455324212908555025e-04
9.697794645604678188e-01 5.046790621270967180e-04
9.717730496453901301e-01 5.747165965305466029e-04
9.737748480791019734e-01 5.442958311801116954e-04
9.757849107235007091e-01 4.623207863111963357e-04
9.778032888613092943e-01 4.619160038246346062e-04
9.798300342004353514e-01 5.205846196562691555e-04
9.818651988783880791e-01 5.015591020624879642e-04
9.839088354667498981e-01 4.092295350399520080e-04
9.859609969757011649e-01 3.817384107061855963e-04
9.880217368586059479e-01 4.307674448284701512e-04
9.900911090166510942e-01 4.210412462450184991e-04
9.921691678035472473e-01 3.298691417748478251e-04
9.942559680302870406e-01 2.894797964979845223e-04
9.963515649699653531e-01 3.314516590119036092e-04
9.984560143626570738e-01 3.295458142094985325e-04
1.000569372420361924e+00 2.508868987266014094e-04
1.002691695832007568e+00 2.204363039269867017e-04
1.004823041768519332e+00 2.703430276341025089e-04
1.006963467887953767e+00 2.728038066422511058e-04
1.009113032340698046e+00 1.955918336775902371e-04
1.011271793774735306e+00 1.705711468165809505e-04
1.013439811340979713e+00 2.289197144422682123e-04
1.015617144698678809e+00 2.311376870340867053e-04
1.017803854020884913e+00 1.445174574488991396e-04
1.020000000000000018e+00 1.160219992914677764e-04
