1.000000000000000222e+00 1.752612040038493643e-04
1.000956480153037065e+00 1.957785266418635498e-04
1.001914791766395751e+00 2.150111923837096897e-04
1.002874940105414892e+00 1.759097372892748248e-04
1.003836930455635601e+00 1.510987114580691437e-04
1.004800768122899868e+00 1.384736330415300986e-04
1.005766458433445587e+00 1.478033365905705545e-04
1.006734006734007147e+00 1.427497510433604628e-04
1.007703418391911798e+00 1.311560059907221354e-04
1.008674698795181124e+00 1.235519835408447795e-04
1.009647853352629188e+00 1.136014680913219414e-04
1.010622887493964450e+00 1.115700777975126311e-04
1.011599806669889245e+00 9.018001503266004706e-05
1.012578616352201477e+00 8.400115642344000788e-05
1.013559322033898535e+00 6.450122083333481148e-05
1.014541929229277883e+00 6.486712881452782510e-05
1.015526443474041862e+00 5.085422678127473315e-05
1.016512870325401163e+00 4.976048071405783201e-05
1.017501215362178302e+00 3.762526652171805226e-05
1.018491484184915086e+00 3.233529329651949849e-05
1.019483682415976755e+00 2.494590839769615114e-05
1.020477815699658786e+00 1.532058189417975148e-05
1.021473889702294136e+00 1.235876315123418852e-05
1.022471910112359827e+00 1.538607921978443558e-06
1.023471882640587083e+00 1.565387265307089408e-06
1.024473813020068569e+00 2.939946958040779606e-05
1.025477707006369643e+00 6.730834707077377273e-05
1.026483570377636489e+00 1.603641492787154517e-05
1.027491408934708250e+00 5.123593401306918458e-05
1.028501228501228715e+00 2.275570737415730455e-05
1.029513034923758230e+00 3.529566159976774137e-05
1.030526834071886055e+00 1.191343603908756452e-04
1.031542631838344271e+00 5.204863809275953924e-05
1.032560434139122130e+00 1.831812284745966231e-05
1.033580246913580636e+00 6.763990094595434999e-05
1.034602076124567560e+00 1.214007094595975252e-04
1.035625927758535569e+00 6.327630752200363894e-05
1.036651807825656579e+00 3.159359847207668587e-05
1.037679722359940993e+00 7.226899025607490040e-05
1.038709677419355160e+00 1.266600536961904081e-04
1.039741679085941506e+00 1.116678330837014567e-04
1.040775733465937325e+00 6.147924157829470716e-05
1.041811846689895793e+00 6.341226609241650176e-05
1.042850024912805429e+00 8.682760390418225018e-05
1.043890274314214661e+00 1.106242024917744230e-04
1.044932601098352842e+00 8.410028413437900020e-05
1.045977011494253039e+00 6.441969800621345126e-05
1.047023511755878378e+00 6.371523453539403112e-05
1.048072108162243721e+00 8.818550423677529615e-05
1.049122807017544012e+00 1.043575977714147147e-04
1.050175614651279510e+00 1.028307059916071242e-04
1.051230537418383015e+00 9.623817712861380119e-05
1.052287581699346664e+00 9.806238134562459048e-05
1.053346753900352706e+00 1.064041699607788422e-04
1.054408060453400742e+00 1.038669158069245558e-04
1.055471507816440058e+00 9.101240499095902435e-05
1.056537102473498191e+00 7.395410816319475389e-05
1.057604850934815932e+00 7.226220152936133480e-05
1.058674759736975668e+00 7.953855568544246748e-05
1.059746835443038160e+00 9.153842700157030911e-05
1.060821084642676215e+00 9.159212606639277133e-05
1.061897513952308580e+00 8.741326514306819789e-05
1.062976130015236498e+00 8.661718050990162342e-05
1.064056939501779597e+00 9.894030411592799504e-05
1.065139949109414896e+00 1.177906360664573532e-04
1.066225165562914245e+00 1.333570896338324649e-04
1.067312595614482662e+00 1.336231625063541623e-04
1.068402246043900217e+00 1.254519543210405694e-04
1.069494123658661477e+00 1.290227106833535147e-04
1.070588235294118062e+00 1.578722027901125922e-04
1.071684587813620082e+00 2.132665892804272846e-04
1.072783188108662689e+00 2.685178960136726722e-04
1.073884043099025298e+00 2.884315293506633637e-04
1.074987159732922803e+00 2.684338907678514578e-04
1.076092544987146793e+00 2.470196202142364286e-04
1.077200205867215876e+00 2.557216020619246070e-04
1.078310149407522234e+00 3.048919491290780714e-04
1.079422382671480385e+00 3.670062517289365942e-04
1.080536912751678180e+00 3.904895386255368534e-04
1.081653746770026014e+00 3.563439969492372618e-04
1.082772891877910038e+00 3.073116338956322731e-04
1.083894355256344255e+00 2.924979557587830043e-04
1.085018144116122407e+00 3.327012424611670003e-04
1.086144265697976508e+00 4.181106337796275407e-04
1.087272727272727391e+00 5.054691047024935640e-04
1.088403536141445915e+00 5.420891873253102589e-04
1.089536699635606620e+00 5.230417195215817695e-04
1.090672225117248706e+00 4.906482165636630484e-04
1.091810119979134353e+00 4.942395602300427449e-04
1.092950391644908814e+00 5.512107827378348373e-04
1.094093047569263177e+00 6.472432646853972264e-04
1.095238095238095344e+00 7.229866581708777225e-04
1.096385542168675009e+00 7.266459842843202201e-04
1.097535395909806200e+00 6.708724203340317785e-04
1.098687664041994916e+00 6.203123451375989810e-04
1.099842354177614556e+00 6.239403085115702600e-04
1.100999473961073338e+00 6.929653534721295265e-04
1.102159031068983719e+00 7.993978836704651201e-04
1.103321033210332258e+00 8.742301544628906492e-04
1.104485488126649262e+00 8.694935464455902114e-04
1.105652403592181976e+00 7.948141515510422474e-04
1.106821787414066893e+00 7.275682648382471958e-04
1.107993647432504059e+00 7.239880183329633562e-04
1.109167991520932928e+00 8.109318032014959602e-04
1.110344827586207117e+00 9.455812741060845355e-04
1.111524163568773371e+00 1.051774083865090982e-03
1.112706007442849865e+00 1.060149185676932844e-03
1.113890367216604949e+00 9.963539663230369485e-04
1.115077250932339004e+00 9.338004320191700420e-04
1.116266666666666962e+00 9.351324608146696030e-04
1.117458622530699719e+00 1.017388688806535393e-03
1.118653126670229980e+00 1.134603256721194086e-03
1.119850187265917896e+00 1.213723674756918411e-03
1.121049812533476464e+00 1.187858570062150232e-03
1.122252010723860716e+00 1.100785477656068302e-03
1.123456790123456894e+00 1.033078944990046492e-03
1.124664159054272083e+00 1.064361516226226042e-03
1.125874125874126053e+00 1.185856124417484668e-03
1.127086698976844659e+00 1.352041285784461424e-03
1.128301886792453024e+00 1.460294486422825415e-03
1.129519697787372046e+00 1.465078854616115155e-03
1.130740140464613797e+00 1.389606746481732158e-03
1.131963223363980697e+00 1.326043872185383435e-03
1.133188955062263359e+00 1.339924180673602531e-03
1.134417344173441977e+00 1.431230933149900582e-03
1.135648399348888171e+00 1.547481720027332535e-03
1.136882129277566600e+00 1.591684874981336194e-03
1.138118542686242796e+00 1.542749030562536820e-03
1.139357648339684559e+00 1.450751363421267379e-03
1.140599455040872012e+00 1.428820351259889147e-03
1.141843971631205878e+00 1.502242674630240547e-03
1.143091206990715758e+00 1.667925551299973995e-03
1.144341170038272626e+00 1.832666751556068186e-03
1.145593869731801107e+00 1.929610950399182536e-03
1.146849315068493302e+00 1.914112285326979640e-03
1.148107515085024843e+00 1.871868867625452442e-03
1.149368478857770492e+00 1.892389758299914577e-03
1.150632215503023970e+00 2.029417968988015634e-03
1.151898734177215333e+00 2.252158021251227538e-03
1.153168044077135024e+00 2.464984341623577008e-03
1.154440154440154576e+00 2.582181887758597336e-03
1.155715074544450882e+00 2.595934826629725869e-03
1.156992813709232015e+00 2.625720254018892082e-03
1.158273381294964377e+00 2.737190236258112922e-03
1.159556786703601183e+00 2.982897396369605519e-03
1.160843039378813168e+00 3.286300505181057822e-03
1.162132148806218845e+00 3.578926741739803762e-03
1.163424124513618985e+00 3.744984780635236387e-03
1.164718976071229983e+00 3.865087109217931263e-03
1.166016713091922341e+00 4.036253307411393279e-03
1.167317345231456027e+00 4.371011792010116512e-03
1.168620882188721621e+00 4.819917148536534586e-03
1.169927333705981232e+00 5.282370155333243437e-03
1.171236709569110523e+00 5.647166425888610307e-03
1.172549019607843412e+00 5.966610770099153513e-03
1.173864273696018090e+00 6.426696367297066864e-03
1.175182481751825048e+00 7.180308099623634692e-03
1.176503653738055322e+00 8.349641743531045421e-03
1.177827799662352515e+00 9.875620006692833672e-03
1.179154929577464817e+00 1.172914177925061391e-02
1.180485053581500576e+00 1.391000263803414232e-02
1.181818181818182101e+00 1.684667419738476030e-02
1.183154324477105890e+00 2.089737439373250821e-02
1.184493491794001319e+00 2.641811750150118571e-02
1.185835694050991540e+00 3.321769923129679059e-02
1.187180941576857940e+00 4.116172255269322927e-02
1.188529244747302815e+00 5.020475195963707699e-02
1.189880613985219382e+00 6.083460452359753384e-02
1.191235059760956227e+00 7.326971880959033678e-02
1.192592592592592649e+00 8.706041045626827790e-02
1.193953223046206658e+00 1.013815694573357989e-01
1.195316961736150763e+00 1.155345975889677385e-01
1.196683819325329079e+00 1.300158704401153387e-01
1.198053806525472220e+00 1.446302012860477548e-01
1.199426934097421515e+00 1.583025048981671346e-01
1.200803212851405677e+00 1.682943027799983782e-01
1.202182653647329458e+00 1.730215497620311571e-01
1.203565267395054983e+00 1.720134297220266562e-01
1.204951065054692183e+00 1.659828009935521431e-01
1.206340057636887675e+00 1.558015489554928357e-01
1.207732256203116084e+00 1.421929182534900360e-01
1.209127671865973586e+00 1.266421687110141636e-01
1.210526315789474117e+00 1.104742142801524440e-01
1.211928199189346023e+00 9.561651657321931785e-02
1.213333333333333597e+00 8.286463439244262652e-02
1.214741729541497506e+00 7.276000079909326901e-02
1.216153399186519657e+00 6.471479176730950134e-02
1.217568353694008509e+00 5.820138579407696522e-02
1.218986604542807495e+00 5.254300852312323439e-02
1.220408163265306323e+00 4.752121556392768092e-02
1.221833041447752732e+00 4.315825289284848376e-02
1.223261250730567129e+00 3.942928536827815938e-02
1.224692802808660330e+00 3.635919469814122978e-02
1.226127709431751756e+00 3.364757837088917097e-02
1.227565982404692280e+00 3.133345638485109802e-02
1.229007633587786197e+00 2.923440570293987448e-02
1.230452674897119403e+00 2.759799117586428721e-02
1.231901118304885578e+00 2.625929834661983042e-02
1.233352975839717258e+00 2.528153925553219133e-02
1.234808259587020673e+00 2.428332869341167169e-02
1.236266981689309263e+00 2.318064446767464232e-02
1.237729154346540739e+00 2.180561385987780584e-02
1.239194789816459696e+00 2.035151328917040800e-02
1.240663900414938015e+00 1.896980769428726135e-02
1.242136498516320797e+00 1.776258310510125255e-02
1.243612596553773431e+00 1.676349600143848401e-02
1.245092207019631525e+00 1.584429224597115257e-02
1.246575342465753744e+00 1.506089125912220099e-02
1.248062015503876410e+00 1.430300871130851456e-02
1.249552238805970550e+00 1.372849789622017369e-02
1.251046025104602499e+00 1.317913708407141352e-02
1.252543387193297386e+00 1.273244142031255098e-02
1.254044337926902619e+00 1.214667783126543305e-02
1.255548890221955594e+00 1.151675594069151952e-02
1.257057057057057392e+00 1.076749744791249790e-02
1.258568851473241157e+00 1.010260121962595729e-02
1.260084286574353118e+00 9.522114604844955296e-03
1.261603375527426518e+00 9.095951478859958320e-03
1.263126131563065968e+00 8.763477912365813527e-03
1.264652567975830921e+00 8.472795562447952775e-03
1.266182698124622252e+00 8.219158469532458766e-03
1.267716535433071057e+00 7.946364596454669540e-03
1.269254093389933669e+00 7.739083466470768162e-03
1.270795385549484013e+00 7.489971297705892705e-03
1.272340425531915065e+00 7.280039616254170391e-03
1.273889227023737192e+00 6.949708249697756149e-03
1.275441803778184502e+00 6.633304056676734943e-03
1.276998169615619627e+00 6.241575749190788475e-03
1.278558338423946505e+00 5.955653564308176565e-03
1.280122324159021607e+00 5.689957521132826823e-03
1.281690140845070491e+00 5.538896617789564915e-03
1.283261802575107691e+00 5.384132558599889241e-03
1.284837323511356599e+00 5.249113605165863297e-03
1.286416717885679351e+00 5.074098295570366769e-03
1.288000000000000256e+00 4.876174631614677707e-03
1.289587184226740790e+00 4.680883031139481884e-03
1.291178285009253690e+00 4.453129291128719337e-03
1.292773316862260824e+00 4.248125899495428827e-03
1.294372294372294396e+00 3.979190010216628395e-03
1.295975232198142812e+00 3.757927561467069334e-03
1.297582145071295878e+00 3.497805332775559377e-03
1.299193047796399991e+00 3.337250133137469738e-03
1.300807955251709558e+00 3.160132846597913259e-03
1.302426882389545959e+00 3.070581826281029020e-03
1.304049844236760514e+00 2.931009800432356292e-03
1.305676855895196775e+00 2.824899744195532528e-03
1.307307932542161488e+00 2.657629658419104288e-03
1.308943089430894657e+00 2.512247452318947492e-03
1.310582341891045832e+00 2.348240953694079574e-03
1.312225705329153946e+00 2.203193569581281437e-03
1.313873195229127600e+00 2.065473715221925483e-03
1.315524827152734444e+00 1.922605002470997989e-03
1.317180616740088350e+00 1.808490143967356753e-03
1.318840579710145233e+00 1.681359605511730491e-03
1.320504731861198877e+00 1.610687856295378974e-03
1.322173089071383867e+00 1.517020636528889060e-03
1.323845667299178075e+00 1.480184700342349492e-03
1.325522482583914030e+00 1.390657828322637481e-03
1.327203551046290508e+00 1.343490356348207805e-03
1.328888888888889008e+00 1.234492876234603766e-03
1.330578512396694224e+00 1.175275247090376302e-03
1.332272437937619625e+00 1.075230151663064421e-03
1.333970681963033922e+00 1.029189131326734225e-03
1.335673261008296420e+00 9.555975164797960841e-04
1.337380191693291032e+00 9.239454977920557492e-04
1.339091490722968736e+00 8.764430512503516976e-04
1.340807174887892694e+00 8.609475758205224847e-04
1.342527261064785371e+00 8.469251958053204167e-04
1.344251766217084310e+00 8.516523346443158901e-04
1.345980707395498577e+00 8.673127404116827768e-04
1.347714101738570536e+00 8.751076877233063310e-04
1.349451966473243170e+00 9.009692978568753941e-04
1.351194318915429626e+00 8.977446966857684446e-04
1.352941176470588536e+00 9.366078407286012111e-04
1.354692556634304434e+00 9.383445237144289472e-04
1.356448476992871299e+00 1.006696817813777052e-03
1.358208955223880965e+00 1.022022472762991983e-03
1.359974009096816205e+00 1.115276398820259484e-03
1.361743656473650033e+00 1.136241021449585671e-03
1.363517915309446549e+00 1.244333307154209213e-03
1.365296803652968238e+00 1.273602294993260269e-03
1.367080339647289700e+00 1.391174708832866765e-03
1.368868541530412264e+00 1.425796627220726536e-03
1.370661427635887719e+00 1.521628243308912210e-03
1.372459016393442699e+00 1.541853422900475419e-03
1.374261326329612620e+00 1.591852160442191588e-03
1.376068376068376287e+00 1.617098295289906432e-03
1.377880184331797597e+00 1.646542464563146820e-03
1.379696769940672807e+00 1.712677256096101913e-03
1.381518151815181783e+00 1.728599299466490168e-03
1.383344348975545479e+00 1.825366206574134025e-03
1.385175380542687185e+00 1.798620580990463545e-03
1.387011265738900212e+00 1.899661991402200323e-03
1.388852023888520693e+00 1.824006667918670437e-03
1.390697674418604812e+00 1.917648174110192505e-03
1.392548236859614263e+00 1.799280910523925461e-03
1.394403730846102807e+00 1.854379208694487439e-03
1.396264176117411937e+00 1.699053297448407550e-03
1.398129592518370323e+00 1.701441033233079200e-03
1.400000000000000355e+00 1.556262714486411538e-03
