1.060000000000000275e+00 3.212442630467749843e-05
1.060972164901178738e+00 3.009355315390858425e-05
1.061946114655528683e+00 2.376179050577250320e-05
1.062921854182937720e+00 2.416359748012779392e-05
1.063899388421391645e+00 1.647985120986125961e-05
1.064878722327058824e+00 1.632044295637561594e-05
1.065859860874372567e+00 9.743813698534958188e-06
1.066842809056116836e+00 7.241706562992559489e-06
1.067827571883509741e+00 4.053801527958639891e-06
1.068814154386289017e+00 4.097822759701652281e-07
1.069802561612798852e+00 2.240459479969834568e-06
1.070792798630073817e+00 2.293807713131881809e-05
1.071784870523926569e+00 5.373796108071480577e-05
1.072778782399035791e+00 2.860284097182518251e-05
1.073774539379032111e+00 4.098271510997529267e-05
1.074772146606586931e+00 5.504733739933370857e-05
1.075771609243502347e+00 6.170627187573242563e-06
1.076772932470796418e+00 1.413244760415378380e-05
1.077776121488796868e+00 3.536857852983165676e-05
1.078781181517228571e+00 2.066764990332622414e-05
1.079788117795305036e+00 1.137362111977096335e-05
1.080796935581819218e+00 7.167840414343021565e-05
1.081807640155234562e+00 1.888005536112981970e-04
1.082820236813778481e+00 1.749229065260736796e-04
1.083834730875532948e+00 7.684159368017251903e-05
1.084851127678529759e+00 7.579723879761478581e-05
1.085869432580842231e+00 1.741492517169067745e-04
1.086889650960680465e+00 3.212873039794709507e-04
1.087911788216485931e+00 3.158122637965733487e-04
1.088935849767026065e+00 1.785917418835199742e-04
1.089961841051491076e+00 1.338250021946536794e-04
1.090989767529589427e+00 1.764975918286803972e-04
1.092019634681644646e+00 3.039190965799243305e-04
1.093051448008692805e+00 3.855250252774600900e-04
1.094085213032581549e+00 3.041799933612937372e-04
1.095120935296066689e+00 1.934420207710763691e-04
1.096158620362913005e+00 1.595842868157511306e-04
1.097198273817991954e+00 2.174823459256494966e-04
1.098239901267385132e+00 3.347454990691659926e-04
1.099283508338480875e+00 4.147142953524282248e-04
1.100329100680078387e+00 3.699594416868043183e-04
1.101376683962488778e+00 2.788875489500467300e-04
1.102426263877638535e+00 2.356885343238187354e-04
1.103477846139171215e+00 2.633755223948145178e-04
1.104531436482551365e+00 3.469388142190224229e-04
1.105587040665169551e+00 4.205655626251586705e-04
1.106644664466446493e+00 4.251663279406607803e-04
1.107704313687940090e+00 3.679595385079003863e-04
1.108765994153448009e+00 3.279971189864703185e-04
1.109829711709118927e+00 3.364741308748971462e-04
1.110895472223556002e+00 3.915301004705134332e-04
1.111963281587927233e+00 4.491019001208417221e-04
1.113033145716072703e+00 4.638922069049630347e-04
1.114105070544614273e+00 4.347520329677414933e-04
1.115179062033065271e+00 3.956337135045603372e-04
1.116255126163941069e+00 3.923008702165424293e-04
1.117333268942869662e+00 4.229542701768011412e-04
1.118413496398704465e+00 4.728050954359678008e-04
1.119495814583635562e+00 5.053895731631498313e-04
1.120580229573303610e+00 5.226358390393432383e-04
1.121666747466912195e+00 5.313016748880185994e-04
1.122755374387344407e+00 5.364563193804904127e-04
1.123846116481274748e+00 5.380509137627418909e-04
1.124938979919288373e+00 5.225984143332607209e-04
1.126033970895994774e+00 4.971836372103128352e-04
1.127131095630145685e+00 4.524465423372292278e-04
1.128230360364753659e+00 4.020947587651070359e-04
1.129331771367208637e+00 3.443398173122424999e-04
1.130435334929398739e+00 2.884323018056750483e-04
1.131541057367829284e+00 2.389948932774617883e-04
1.132648945023743137e+00 1.974935607139146720e-04
1.133759004263243053e+00 1.715775421403980454e-04
1.134871241477412251e+00 1.577920010405707834e-04
1.135985663082437425e+00 1.637923514128165501e-04
1.137102275519732864e+00 1.815049068480581560e-04
1.138221085256063470e+00 2.129943328259023235e-04
1.139342098783670654e+00 2.412899092668731121e-04
1.140465322620397570e+00 2.624534013342168931e-04
1.141590763309813905e+00 2.702207559171943972e-04
1.142718427421346439e+00 2.722028641926325281e-04
1.143848321550403169e+00 2.790144769547306565e-04
1.144980452318503650e+00 2.897753552590442787e-04
1.146114826373408890e+00 3.103259349833254301e-04
1.147251450389249916e+00 3.242097955789179022e-04
1.148390331066660108e+00 3.349269375333415268e-04
1.149531475132906211e+00 3.309171425143938574e-04
1.150674889342020446e+00 3.246346788172290126e-04
1.151820580474934186e+00 3.187630239287944493e-04
1.152968555339612511e+00 3.195875548051812088e-04
1.154118820771187659e+00 3.305193266715204391e-04
1.155271383632096693e+00 3.417557600920406963e-04
1.156426250812216061e+00 3.572458473140122603e-04
1.157583429228998817e+00 3.620759270498546934e-04
1.158742925827615622e+00 3.680899089611538956e-04
1.159904747581089968e+00 3.667143761920144693e-04
1.161068901490440064e+00 3.702513346750067186e-04
1.162235394584819392e+00 3.741831661856101867e-04
1.163404233921657260e+00 3.780514579941681602e-04
1.164575426586802243e+00 3.811409897303704949e-04
1.165748979694664289e+00 3.743059452749476876e-04
1.166924900388359498e+00 3.693515474045821340e-04
1.168103195839854669e+00 3.579479709405338178e-04
1.169283873250114070e+00 3.576880684211932934e-04
1.170466939849243992e+00 3.584662635568007798e-04
1.171652402896642631e+00 3.696855278405012019e-04
1.172840269681147962e+00 3.806946698203963033e-04
1.174030547521185630e+00 3.915843805903088852e-04
1.175223243764921044e+00 4.023655193373478259e-04
1.176418365790410370e+00 4.095324242861484191e-04
1.177615921005751520e+00 4.268290628315441555e-04
1.178815916849238254e+00 4.448675625951826747e-04
1.180018360789514054e+00 4.796317076481112812e-04
1.181223260325726443e+00 5.125084021169133957e-04
1.182430622987683311e+00 5.541473620642831284e-04
1.183640456336010782e+00 5.883612722898300335e-04
1.184852767962308873e+00 6.240484238276268426e-04
1.186067565489311582e+00 6.623055470292469552e-04
1.187284856571047653e+00 7.060812945739529086e-04
1.188504648892998450e+00 7.697773543690911721e-04
1.189726950172263154e+00 8.396360253351922188e-04
1.190951768157718638e+00 9.341458241185928617e-04
1.192179110630185113e+00 1.026464996438017103e-03
1.193408985402589328e+00 1.139207392548565638e-03
1.194641400320132218e+00 1.251846985610365927e-03
1.195876363260453878e+00 1.390297056525972245e-03
1.197113882133802543e+00 1.555002364293294522e-03
1.198353964883203115e+00 1.756791049899028871e-03
1.199596619484627258e+00 2.009153991149579144e-03
1.200841853947163695e+00 2.288022996022711589e-03
1.202089676313191857e+00 2.620938766251156883e-03
1.203340094658553294e+00 2.965571056455187492e-03
1.204593117092726873e+00 3.371223855992267968e-03
1.205848751759003745e+00 3.804968368705382350e-03
1.207107006834663876e+00 4.316045249699495580e-03
1.208367890531153677e+00 4.894454785558833600e-03
1.209631411094264752e+00 5.551914973004146679e-03
1.210897576804312648e+00 6.312948288668213115e-03
1.212166395976319144e+00 7.136588043931069852e-03
1.213437876960193229e+00 8.087115202185475582e-03
1.214712028140914724e+00 9.092201796644550083e-03
1.215988857938718803e+00 1.024433089420148484e-02
1.217268374809280962e+00 1.147483612322493240e-02
1.218550587243903749e+00 1.283851654636518520e-02
1.219835503769705509e+00 1.430613824456127003e-02
1.221123132949807344e+00 1.586312425663451500e-02
1.222413483383526289e+00 1.756976526333726973e-02
1.223706563706563832e+00 1.934562956831748642e-02
1.225002382591200201e+00 2.135440223375899629e-02
1.226300948746488650e+00 2.353545692153028585e-02
1.227602270918448646e+00 2.613622966147144400e-02
1.228906357890264145e+00 2.918632948241507707e-02
1.230213218482480109e+00 3.287661948173505738e-02
1.231522861553201897e+00 3.729055375129847194e-02
1.232835295998295111e+00 4.239622750040646093e-02
1.234150530751587205e+00 4.833459941417921762e-02
1.235468574785069995e+00 5.491120210908295024e-02
1.236789437109103718e+00 6.239227839175345847e-02
1.238113126772622641e+00 7.064668541090421416e-02
1.239439652863341790e+00 8.006501338008840951e-02
1.240769024507963669e+00 9.071802835012993116e-02
1.242101250872389429e+00 1.027264833848235137e-01
1.243436341161928471e+00 1.162300268543108167e-01
1.244774304621509620e+00 1.310260764855204763e-01
1.246115150535897165e+00 1.476333010862728168e-01
1.247458888229902696e+00 1.659054427998335191e-01
1.248805527068602483e+00 1.864086489428916360e-01
1.250155076457556635e+00 2.086407884447089300e-01
1.251507545843024927e+00 2.320008229432159452e-01
1.252862944712189508e+00 2.553933970807256149e-01
1.254221282593375397e+00 2.771414239757408193e-01
1.255582569056276299e+00 2.965393479251791087e-01
1.256946813712174649e+00 3.121580725985951266e-01
1.258314026214173209e+00 3.241747854997011902e-01
1.259684216257418221e+00 3.318972081529601992e-01
1.261057393579331887e+00 3.352854502107149859e-01
1.262433567959840630e+00 3.343129879810780580e-01
1.263812749221609355e+00 3.283036608222489328e-01
1.265194947230272815e+00 3.174245412238742570e-01
1.266580171894673423e+00 3.005758786720893472e-01
1.267968433167095954e+00 2.785614193414052697e-01
1.269359741043507128e+00 2.519996527224236393e-01
1.270754105563794534e+00 2.223786790484051368e-01
1.272151536812008654e+00 1.912057357946533309e-01
1.273552044916607118e+00 1.593404951369645495e-01
1.274955640050697170e+00 1.289161449506819879e-01
1.276362332432283475e+00 1.013011184258842956e-01
1.277772132324515475e+00 7.835215601437234278e-02
1.279185050035937410e+00 6.037952601877912689e-02
1.280601095920739452e+00 4.707932484297463333e-02
1.282020280379010391e+00 3.761187667651638700e-02
1.283442613856992320e+00 3.079342705481423470e-02
1.284868106847337099e+00 2.595205749787729207e-02
1.286296769889364811e+00 2.221614638628431268e-02
1.287728613569321334e+00 1.941926390782131723e-02
1.289163648520643912e+00 1.711427516717433164e-02
1.290601885424220496e+00 1.529761851742798655e-02
1.292043335008655980e+00 1.373249251176188700e-02
1.293488008050539539e+00 1.235810080221856101e-02
1.294935915374713309e+00 1.113859732941021793e-02
1.296387067854541497e+00 9.993134090024858099e-03
1.297841476412183725e+00 9.062339832989966051e-03
1.299299152018869252e+00 8.220646931360538895e-03
1.300760105695170754e+00 7.614242818322715378e-03
1.302224348511284990e+00 7.062090292491385313e-03
1.303691891587310581e+00 6.640339603170503438e-03
1.305162746093529780e+00 6.210039436223973273e-03
1.306636923250692028e+00 5.795968884423022098e-03
1.308114434330299058e+00 5.391050806997464175e-03
1.309595290654893329e+00 4.969111184661428524e-03
1.311079503598345353e+00 4.618445025188715365e-03
1.312567084586146349e+00 4.236877899597566582e-03
1.314058045095700678e+00 3.938608635291113678e-03
1.315552396656621381e+00 3.600508961351533629e-03
1.317050150851027723e+00 3.334217104701981890e-03
1.318551319313842729e+00 3.062792354305139426e-03
1.320055913733097608e+00 2.849916427265467012e-03
1.321563945850231514e+00 2.673549336716682639e-03
1.323075427460399522e+00 2.514096261398041186e-03
1.324590370412778162e+00 2.400058287405719068e-03
1.326108786610878498e+00 2.247724432343065851e-03
1.327630688012853444e+00 2.137729382128021605e-03
1.329156086631814837e+00 1.974579495131684095e-03
1.330684994536147636e+00 1.863882091018409255e-03
1.332217423849830107e+00 1.727517101740437501e-03
1.333753386752752679e+00 1.638283834695942716e-03
1.335292895481041242e+00 1.550621054813781192e-03
1.336835962327382221e+00 1.481283052712632775e-03
1.338382599641348980e+00 1.437818883556343753e-03
1.339932819829733113e+00 1.387099600898141936e-03
1.341486635356873736e+00 1.388772135261231392e-03
1.343044058744993219e+00 1.368199826913970522e-03
1.344605102574533806e+00 1.411216798380960161e-03
1.346169779484494011e+00 1.417776589778206456e-03
1.347738102172773456e+00 1.471823381854926727e-03
1.349310083396512372e+00 1.486420498017560583e-03
1.350885735972441104e+00 1.523557641707191978e-03
1.352465072777225608e+00 1.552807563126537603e-03
1.354048106747820057e+00 1.586063506724742648e-03
1.355634850881818787e+00 1.657379149168457157e-03
1.357225318237813338e+00 1.706302421334769193e-03
1.358819521935749286e+00 1.821356087333690730e-03
1.360417475157288170e+00 1.885275847607435686e-03
1.362019191146170760e+00 2.023256579455863253e-03
1.363624683208581212e+00 2.107632366435819530e-03
1.365233964713518544e+00 2.255491923716646668e-03
1.366847049093164568e+00 2.376777585068387891e-03
1.368463949843260252e+00 2.513275172820066562e-03
1.370084680523479648e+00 2.655093079086092139e-03
1.371709254757811136e+00 2.734820270081395836e-03
1.373337686234937793e+00 2.860072204202733243e-03
1.374969988708623081e+00 2.884067553101883011e-03
1.376606175998096093e+00 3.002774494043929619e-03
1.378246261988443466e+00 3.038348499324374560e-03
1.379890260631001286e+00 3.171191469024713452e-03
1.381538185943751440e+00 3.258957358449614001e-03
1.383190052011717741e+00 3.376513963167256278e-03
1.384845872987370496e+00 3.502269406184351039e-03
1.386505663091029072e+00 3.567695003839032025e-03
1.388169436611267793e+00 3.713841970307860379e-03
1.389837207905328276e+00 3.736625473778870232e-03
1.391508991399531103e+00 3.879071083104690225e-03
1.393184801589691268e+00 3.870605218841668797e-03
1.394864653041538505e+00 3.944483665770150312e-03
1.396548560391139171e+00 3.909964447132974023e-03
1.398236538345319468e+00 3.889046284402547255e-03
1.399928601682096208e+00 3.885833344656017697e-03
1.401624765251105798e+00 3.827504306263769789e-03
1.403325043974040343e+00 3.904954725434022725e-03
1.405029452845083959e+00 3.850700719931062551e-03
1.406738006931355089e+00 3.965137916765773193e-03
1.408450721373348813e+00 3.904896214904876161e-03
1.410167611385384268e+00 3.966606559059226988e-03
1.411888692256056732e+00 3.910503385889479294e-03
1.413613979348689487e+00 3.883431320245555457e-03
1.415343488101792335e+00 3.870512089365443428e-03
1.417077234029521682e+00 3.760503859033208825e-03
1.418815232722143937e+00 3.784430064934196560e-03
1.420557499846503369e+00 3.609809553927520454e-03
1.422304051146493054e+00 3.636391649355134436e-03
1.424054902443528281e+00 3.466550560055885015e-03
1.425810069637024835e+00 3.486419370350996114e-03
1.427569568704880387e+00 3.405980009038447366e-03
1.429333415703959886e+00 3.398104359674107653e-03
1.431101626770582058e+00 3.421623477497487235e-03
1.432874218121013232e+00 3.330573055423975172e-03
1.434651206051962280e+00 3.401490690701007309e-03
1.436432606941081325e+00 3.213500247309066665e-03
1.438218437247466897e+00 3.275637780708110652e-03
1.440008713512167970e+00 3.067197311230053687e-03
1.441803452358696447e+00 3.079132661478917697e-03
1.443602670493542073e+00 2.933330090359649936e-03
1.445406384706690917e+00 2.844469852374259360e-03
1.447214611872146284e+00 2.796127062515155626e-03
1.449027368948456296e+00 2.594548235332735844e-03
1.450844672979243466e+00 2.643086300369577955e-03
1.452666541093740271e+00 2.383134227467194246e-03
1.454492990507323835e+00 2.475395138373077345e-03
1.456324038522062159e+00 2.225829654973620828e-03
1.458159702527257906e+00 2.243330164905374489e-03
1.459999999999999964e+00 2.060516723124133573e-03
