1.120000000000000107e+00 5.664630952290397017e-05
1.120986610288935870e+00 1.403297136219599096e-04
1.121974960324457982e+00 1.107663428499192342e-04
1.122965054712319333e+00 3.783975687211831192e-05
1.123956898074545130e+00 2.132300338027212183e-05
1.124950495049505061e+00 8.416986159928780613e-05
1.125945850291983907e+00 2.038142290388418717e-04
1.126942968473255480e+00 2.286450080056964514e-04
1.127941854281155898e+00 1.269542438261041413e-04
1.128942512420155975e+00 5.669547325361859051e-05
1.129944947611436712e+00 6.601356973656207969e-05
1.130949164592961464e+00 1.418853692739504896e-04
1.131955168119551880e+00 2.612078818556435840e-04
1.132962962962963172e+00 2.737459150906707624e-04
1.133972553911958725e+00 1.590053669053036244e-04
1.134983945772386926e+00 7.761825826422969203e-05
1.135997143367255990e+00 6.407685672634207813e-05
1.137012151536811899e+00 1.054937192998950656e-04
1.138028975138615895e+00 2.113780451161355128e-04
1.139047619047619087e+00 2.808705458620608603e-04
1.140068088156244608e+00 2.431826295553783321e-04
1.141090387374462223e+00 1.586228102100434789e-04
1.142114521629869150e+00 1.044770318661002493e-04
1.143140495867768669e+00 1.042815745995525901e-04
1.144168315051249829e+00 1.493410530494403751e-04
1.145197984161267168e+00 2.320828026632602305e-04
1.146229508196721314e+00 2.960843811906102791e-04
1.147262892174540250e+00 2.811817940545296253e-04
1.148298141129760142e+00 2.249985794070287471e-04
1.149335260115607271e+00 1.861429467140200114e-04
1.150374254203579971e+00 1.862882876892550438e-04
1.151415128483532779e+00 2.261639572989886245e-04
1.152457888063756597e+00 2.848458692544340995e-04
1.153502538071066175e+00 3.325596983239193730e-04
1.154549083650880270e+00 3.332747150568485250e-04
1.155597529967308246e+00 2.890564765415532802e-04
1.156647882203235778e+00 2.407993286907164729e-04
1.157700145560407679e+00 2.098174646415229842e-04
1.158754325259515605e+00 2.074587587139759958e-04
1.159810426540284434e+00 2.302119122365555771e-04
1.160868454661558191e+00 2.616116094274516723e-04
1.161928414901388207e+00 2.908745229645405355e-04
1.162990312557119488e+00 2.990417383174494401e-04
1.164054152945481313e+00 2.837738597601176683e-04
1.165119941402673609e+00 2.544877984674761293e-04
1.166187683284457544e+00 2.143988347463816121e-04
1.167257383966245010e+00 1.751512200617035778e-04
1.168329048843187667e+00 1.390781505154295460e-04
1.169402683330270198e+00 1.059522526210640461e-04
1.170478292862398906e+00 7.945865803786055382e-05
1.171555882894494527e+00 5.560062352932477380e-05
1.172635458901585048e+00 3.572076006247187403e-05
1.173717026378896966e+00 2.033544383950869881e-05
1.174800590841949877e+00 9.584688289961492596e-06
1.175886157826649736e+00 6.431124904845582675e-06
1.176973732889382340e+00 9.976645523635800270e-06
1.178063321607110137e+00 2.051359441642337889e-05
1.179154929577464817e+00 3.424240812392574949e-05
1.180248562418846570e+00 4.636014684123734050e-05
1.181344225770516454e+00 5.129854091148673315e-05
1.182441925292696538e+00 4.615776943483685448e-05
1.183541666666666936e+00 3.961682104324187290e-05
1.184643455594861505e+00 3.688559524271674657e-05
1.185747297800969102e+00 4.183213925929235924e-05
1.186853199030031725e+00 5.558674999140867799e-05
1.187961165048543544e+00 7.341746924517006964e-05
1.189071201644552378e+00 9.349673013078986701e-05
1.190183314627759170e+00 1.069638859539650156e-04
1.191297509829620127e+00 1.109149014505200130e-04
1.192413793103448416e+00 1.098172325733158804e-04
1.193532170324516972e+00 1.085788855693305160e-04
1.194652647390161526e+00 1.200230426754939430e-04
1.195775230219883634e+00 1.468621747209388254e-04
1.196899924755455258e+00 1.920735722397774704e-04
1.198026736961024463e+00 2.554418865932611238e-04
1.199155672823219110e+00 3.237518000014989088e-04
1.200286738351254545e+00 3.921667803333457906e-04
1.201419939577039298e+00 4.490086210191261869e-04
1.202555282555282767e+00 4.962871222098994136e-04
1.203692773363602031e+00 5.516452665844513671e-04
1.204832418102632197e+00 6.207012608279287866e-04
1.205974222896133652e+00 7.175109496693439027e-04
1.207118193891102420e+00 8.296383961999592889e-04
1.208264337257880960e+00 9.250860755747037072e-04
1.209412659190268302e+00 9.800273093581682738e-04
1.210563165905631733e+00 9.677186907058407282e-04
1.211715863645020042e+00 9.140132876350369690e-04
1.212870758673274985e+00 8.646736513134239228e-04
1.214027857279145195e+00 8.520395979538856980e-04
1.215187165775401201e+00 9.154909351909687508e-04
1.216348690498948670e+00 1.055025107443232279e-03
1.217512437810945425e+00 1.259558251406783227e-03
1.218678414096916462e+00 1.489836099096095720e-03
1.219846625766871195e+00 1.665586254788080107e-03
1.221017079255421356e+00 1.745801404207555831e-03
1.222189781021898014e+00 1.719055843280487038e-03
1.223364737550471038e+00 1.640805010989180657e-03
1.224541955350269662e+00 1.599919617847612692e-03
1.225721440955499952e+00 1.634418387729645594e-03
1.226903200925568926e+00 1.778132122659472182e-03
1.228087241845204014e+00 2.007348664662950491e-03
1.229273570324574960e+00 2.251803180822520289e-03
1.230462192999420168e+00 2.438463326262576940e-03
1.231653116531165493e+00 2.484631348908666881e-03
1.232846347607053028e+00 2.417076953894619750e-03
1.234041892940263896e+00 2.314187935817102731e-03
1.235239759270044813e+00 2.241447874629508719e-03
1.236439953361834654e+00 2.273884349952012135e-03
1.237642482007391687e+00 2.412897931763559756e-03
1.238847352024922355e+00 2.645171398851977902e-03
1.240054570259208955e+00 2.917510934016416622e-03
1.241264143581740198e+00 3.119600660893566153e-03
1.242476078890841773e+00 3.209351768323702447e-03
1.243690383111806241e+00 3.183234596569158286e-03
1.244907063197026043e+00 3.125317236655668872e-03
1.246126126126126277e+00 3.150997771697338842e-03
1.247347578906096821e+00 3.301410557052773982e-03
1.248571428571428665e+00 3.617109258344671473e-03
1.249797682184246694e+00 4.041061017057671553e-03
1.251026346834447800e+00 4.457868841647632044e-03
1.252257429639834774e+00 4.762666982073488972e-03
1.253490937746257305e+00 4.851904935886403730e-03
1.254726878327745876e+00 4.783474690468476898e-03
1.255965258586656086e+00 4.667585507907603265e-03
1.257206085753803881e+00 4.614631900187506248e-03
1.258449367088607884e+00 4.752362419222498288e-03
1.259695109879231945e+00 5.077446733093327579e-03
1.260943321442727028e+00 5.552207737370128474e-03
1.262194009125173766e+00 6.045773950876220590e-03
1.263447180301827011e+00 6.375406527172690178e-03
1.264702842377261049e+00 6.522611862533750360e-03
1.265961002785515266e+00 6.541879974289279039e-03
1.267221668990240913e+00 6.611533464385658566e-03
1.268484848484848548e+00 6.901813172675807379e-03
1.269750548792656364e+00 7.448388429851965017e-03
1.271018777467039618e+00 8.263327826259225101e-03
1.272289542091581849e+00 9.165356457783560562e-03
1.273562850280224534e+00 9.934283834437269631e-03
1.274838709677419413e+00 1.043419399522502351e-02
1.276117127958283470e+00 1.061940239807656651e-02
1.277398112828749488e+00 1.074477274162809019e-02
1.278681672025723692e+00 1.108636823880848783e-02
1.279967813317239855e+00 1.188772695793462869e-02
1.281256544502618056e+00 1.332725568176820752e-02
1.282547873412618555e+00 1.527453778790123159e-02
1.283841807909604560e+00 1.750215423865546238e-02
1.285138355887699424e+00 1.962129915754907972e-02
1.286437525272947857e+00 2.141052454578438666e-02
1.287739324023477128e+00 2.315164158165321229e-02
1.289043760129659821e+00 2.526442590259543250e-02
1.290350841614277044e+00 2.836289537259299720e-02
1.291660576532683846e+00 3.284781721912521935e-02
1.292972972972973089e+00 3.866668361702559759e-02
1.294288039056143313e+00 4.543630861272993787e-02
1.295605782936265937e+00 5.209918783563090294e-02
1.296926212800652234e+00 5.787329453779640337e-02
1.298249336870026749e+00 6.299947797941363170e-02
1.299575163398692945e+00 6.869874660779634601e-02
1.300903700674708841e+00 7.698052772426461354e-02
1.302234957020057315e+00 8.914530926903151131e-02
1.303568940790821529e+00 1.052022380112706823e-01
1.304905660377358556e+00 1.233039203855895022e-01
1.306245124204475472e+00 1.398512839189014201e-01
1.307587340731607206e+00 1.529682329083376369e-01
1.308932318452993515e+00 1.640134457241152199e-01
1.310280065897858393e+00 1.764951938438811263e-01
1.311630591630591924e+00 1.940241801257939214e-01
1.312983904250928813e+00 2.169590202319401084e-01
1.314340012394133783e+00 2.412843861382416022e-01
1.315698924731182995e+00 2.593606276016492962e-01
1.317060649968950559e+00 2.657672712206328169e-01
1.318425196850393943e+00 2.641997006064562004e-01
1.319792574154739828e+00 2.625909995752523374e-01
1.321162790697674394e+00 2.652606854619369847e-01
1.322535855331531840e+00 2.693728031215271157e-01
1.323911776945484675e+00 2.651438045877049232e-01
1.325290564465736454e+00 2.467756741659011821e-01
1.326672226855713399e+00 2.195874893780647430e-01
1.328056773116260025e+00 1.917054934642089536e-01
1.329444212285833871e+00 1.655535648604975762e-01
1.330834553440702894e+00 1.378468235029152167e-01
1.332227805695142653e+00 1.070059684095044233e-01
1.333623978201635030e+00 7.761400950856055247e-02
1.335023080151070074e+00 5.394190192433605952e-02
1.336425120772946951e+00 3.589714350819429856e-02
1.337830109335576223e+00 2.254393850351655085e-02
1.339238055146285022e+00 1.372556241368257796e-02
1.340648967551622439e+00 8.809784938169041776e-03
1.342062855937566024e+00 6.350376337664598130e-03
1.343479729729729844e+00 5.147597444590161844e-03
1.344899598393574536e+00 4.579318565680696486e-03
1.346322471434617141e+00 4.262638517648576798e-03
1.347748358398644486e+00 4.096815986617922088e-03
1.349177268871925683e+00 3.989734115114736308e-03
1.350609212481426624e+00 3.897195763252934812e-03
1.352044198895027804e+00 3.845434208697608679e-03
1.353482237821739931e+00 3.785264369993205334e-03
1.354923339011925076e+00 3.772067617589480899e-03
1.356367512257514507e+00 3.786500330504846516e-03
1.357814767392232280e+00 3.821251783332826456e-03
1.359265114291817955e+00 3.909794032447440858e-03
1.360718562874251747e+00 3.989935681464396207e-03
1.362175123099978791e+00 4.108761312109732861e-03
1.363634804972139181e+00 4.239147313600189620e-03
1.365097618536794899e+00 4.372857801734703759e-03
1.366563573883161631e+00 4.557476016242442696e-03
1.368032681143840135e+00 4.724355243680998517e-03
1.369504950495049833e+00 4.918175103892550269e-03
1.370980392156863070e+00 5.097555917773186583e-03
1.372459016393442699e+00 5.224859054020761055e-03
1.373940833513280335e+00 5.355161335258847369e-03
1.375425853869433945e+00 5.421341435552532069e-03
1.376914087859770763e+00 5.497766987352571515e-03
1.378405545927209763e+00 5.590313661680925729e-03
1.379900238559965464e+00 5.670982844993959979e-03
1.381398176291793511e+00 5.817428047608378533e-03
1.382899369702238923e+00 5.940443846099655728e-03
1.384403829416884335e+00 6.079702406380826755e-03
1.385911566107602244e+00 6.230621499199370632e-03
1.387422590492804364e+00 6.329938549151333145e-03
1.388936913337699419e+00 6.472032524748287316e-03
1.390454545454545610e+00 6.573653836494012560e-03
1.391975497702909959e+00 6.667498503065423521e-03
1.393499780989925885e+00 6.770284852862239709e-03
1.395027406270554771e+00 6.782672459762519729e-03
1.396558384547849085e+00 6.802006282532092538e-03
1.398092726873214842e+00 6.756934069232590177e-03
1.399630444346678271e+00 6.680073650684086387e-03
1.401171548117154941e+00 6.653321109905947425e-03
1.402716049382716212e+00 6.589853892678679791e-03
1.404263959390863237e+00 6.603754790207974450e-03
1.405815289438798299e+00 6.628135216033502995e-03
1.407370050873700595e+00 6.633523459262742096e-03
1.408928255093002901e+00 6.687879939506771731e-03
1.410489913544668905e+00 6.658061314529361598e-03
1.412055037727474760e+00 6.644445726816782666e-03
1.413623639191290859e+00 6.614109451056634711e-03
1.415195729537366942e+00 6.526176322421955306e-03
1.416771320418615199e+00 6.495843513094922729e-03
1.418350423539902039e+00 6.390900022113546811e-03
1.419933050658335194e+00 6.295362192408616477e-03
1.421519213583556818e+00 6.204100137020301074e-03
1.423108924178036361e+00 6.044562287485438085e-03
1.424702194357366780e+00 5.964623602223250928e-03
1.426299036090562744e+00 5.852660285735587081e-03
1.427899461400359282e+00 5.783064145054938633e-03
1.429503482363513989e+00 5.784067716063877838e-03
1.431111111111111445e+00 5.735075206453037026e-03
1.432722359828867420e+00 5.767005118082294338e-03
1.434337240757439291e+00 5.743193223583773627e-03
1.435955766192733130e+00 5.689262583424947728e-03
1.437577948486218116e+00 5.669766311964825195e-03
1.439203800045238735e+00 5.548719914657104964e-03
1.440833333333333410e+00 5.491700948142562259e-03
1.442466560870550918e+00 5.403965123237115115e-03
1.444103495233772350e+00 5.283734855445291860e-03
1.445744149057032635e+00 5.236836545793733047e-03
1.447388535031847390e+00 5.095176309984446837e-03
1.449036665907538435e+00 5.015047928869963492e-03
1.450688554491564197e+00 4.933760140988599843e-03
1.452344213649851890e+00 4.812033413363715068e-03
1.454003656307129910e+00 4.800498484962673583e-03
1.455666895447266240e+00 4.712874638340292660e-03
1.457333944113605506e+00 4.678467629373650807e-03
1.459004815409310041e+00 4.652320090935402157e-03
1.460679522497704275e+00 4.524532218221240069e-03
1.462358078602620015e+00 4.473742717765467024e-03
1.464040497008743946e+00 4.312577049111671057e-03
1.465726791061967349e+00 4.160606978658320035e-03
1.467416974169741817e+00 4.053301291060564145e-03
1.469111059801431418e+00 3.848390698233900096e-03
1.470809061488673297e+00 3.758530570493866067e-03
1.472510992825735165e+00 3.605649224558593342e-03
1.474216867469879455e+00 3.450990740329547366e-03
1.475926699141730580e+00 3.376018269232000137e-03
1.477640501625638869e+00 3.189293023767666383e-03
1.479358288770053598e+00 3.113904217197008880e-03
1.481080074487895804e+00 3.001015933899371570e-03
1.482805872756933319e+00 2.857123578175781164e-03
1.484535697620158690e+00 2.816600750164719672e-03
1.486269563186171316e+00 2.642646379175507629e-03
1.488007483629560479e+00 2.548995118570907079e-03
1.489749473191290141e+00 2.429457283268509227e-03
1.491495546179090415e+00 2.230934036394632055e-03
1.493245716967847914e+00 2.158861154186913871e-03
1.495000000000000107e+00 1.967514690540334617e-03
1.496758409785932775e+00 1.852262836600433379e-03
1.498520960904380805e+00 1.768259487960692575e-03
1.500287668002829644e+00 1.588369554084867680e-03
1.502058545797922973e+00 1.552863489630038367e-03
1.503833609075868827e+00 1.405841510589114513e-03
1.505612872692853932e+00 1.297925121900739406e-03
1.507396351575456261e+00 1.252224335227440991e-03
1.509184060721062703e+00 1.077589890343927164e-03
1.510976015198290279e+00 1.050994763056275257e-03
1.512772230147408692e+00 9.318817851241008960e-04
1.514572720780766657e+00 8.102891093783204813e-04
1.516377502383222220e+00 7.889982711849761240e-04
1.518186590312574857e+00 6.158272806824974244e-04
1.520000000000000240e+00 5.831493477088240101e-04
