6.600000000000000311e-01 3.857058465743321459e-09
6.608340178176533852e-01 4.068631461489523703e-09
6.616701461377871851e-01 3.422379913581725281e-09
6.625083929815671624e-01 4.022321160706505735e-09
6.633487664108581594e-01 3.596602987490845271e-09
6.641912745284815900e-01 4.067260799491036308e-09
6.650359254784764529e-01 2.630872933885099066e-09
6.658827274463614554e-01 6.105193615127769793e-09
6.667316886593995795e-01 1.950308103751208526e-09
6.675828173868640913e-01 4.809755235714734213e-09
6.684361219403081034e-01 3.229872185541411887e-09
6.692916106738338033e-01 3.840510178178682276e-09
6.701492919843660134e-01 3.564727928423128264e-09
6.710091743119267482e-01 3.396297610943168550e-09
6.718712661399114383e-01 3.725100984327239980e-09
6.727355759953689285e-01 3.283041940075396092e-09
6.736021124492820311e-01 3.985005003130988357e-09
6.744708841168505220e-01 2.645065288516854155e-09
6.753418996577775779e-01 4.517717661717010547e-09
6.762151677765566582e-01 2.618282327937149710e-09
6.770906972227618281e-01 3.881114371028509630e-09
6.779684967913399696e-01 2.776751363349032834e-09
6.788485753229052122e-01 4.487343866394027724e-09
6.797309417040359181e-01 1.952203418640587263e-09
6.806156048675734427e-01 5.253525621461855703e-09
6.815025737929237826e-01 1.951671476714241861e-09
6.823918575063614433e-01 4.569927551055251473e-09
6.832834650813354171e-01 3.129191760899014640e-09
6.841774056387781577e-01 3.018934805374023195e-09
6.850736883474159988e-01 4.500879485512796510e-09
6.859723224240834583e-01 1.845770390310427863e-09
6.868733171340382082e-01 5.331186349019549176e-09
6.877766817912803754e-01 1.550318331725971578e-09
6.886824257588727294e-01 5.705001464816783484e-09
6.895905584492648677e-01 2.318409378753173074e-09
6.905010893246187331e-01 5.607586275131927574e-09
6.914140278971374620e-01 5.115333027334873293e-09
6.923293837293970077e-01 4.156811760721758742e-09
6.932471664346788742e-01 9.321364388646092353e-09
6.941673856773080686e-01 2.524423164717635891e-09
6.950900511729912745e-01 1.338972706630418744e-08
6.960151726891595780e-01 1.644692554906258249e-09
6.969427600453121929e-01 1.722403277523042045e-08
6.978728231133648485e-01 1.029616124701628728e-09
6.988053718179996210e-01 1.868669382975907209e-08
6.997404161370174291e-01 6.831498113903813649e-10
7.006779661016948602e-01 1.874243077780769544e-08
7.016180317971422165e-01 2.835617258120630729e-09
7.025606233626653374e-01 3.370257969823241508e-08
7.035057509921301966e-01 1.141169097056452543e-08
7.044534249343301635e-01 5.799587693456265080e-08
7.054036554933567071e-01 2.262281362128191154e-08
7.063564530289728749e-01 7.696259014537092514e-08
7.073118279569893252e-01 3.424162557845679192e-08
7.082697907496445788e-01 8.899453039919508678e-08
7.092303519359870467e-01 4.187914256041042430e-08
7.101935221022612765e-01 9.237710385611423598e-08
7.111593118922961976e-01 4.518281053004841685e-08
7.121277320078981399e-01 1.015015635338506885e-07
7.130987932092454074e-01 5.867596992888411214e-08
7.140725063152864038e-01 1.354871763646871542e-07
7.150488822041429771e-01 9.161983454541224643e-08
7.160279318135140958e-01 1.780395594368029396e-07
7.170096661410845229e-01 1.267337544901085722e-07
7.179940962449371522e-01 2.096818993092627028e-07
7.189812332439678988e-01 1.436255549496955790e-07
7.199710883183039201e-01 2.057951527184739059e-07
7.209636727097264997e-01 1.377855163887954070e-07
7.219589977220958188e-01 1.765396505605376241e-07
7.229570747217806126e-01 1.001764602175718847e-07
7.239579151380910460e-01 1.195743690029374021e-07
7.249615304637139213e-01 5.195963356985405678e-08
7.259679322551537695e-01 8.520399340584731432e-08
7.269771321331758296e-01 3.725090532751522184e-08
7.279891417832533573e-01 1.274722539694203237e-07
7.290039729560187087e-01 1.092518553657257661e-07
7.300216374677184206e-01 2.752006972684517035e-07
7.310421472006710664e-01 2.572369190178599410e-07
7.320655141037307745e-01 4.839742597400650239e-07
7.330917501927525226e-01 4.958669262843883197e-07
7.341208675510634274e-01 8.266532359984854454e-07
7.351528783299360326e-01 8.626759110485609115e-07
7.361877947490674812e-01 1.257767414049015899e-06
7.372256290970607973e-01 1.174336639142849092e-06
7.382663937319122738e-01 1.443623978347993094e-06
7.393101010815014140e-01 1.321188835482522056e-06
7.403567636440858690e-01 1.671996143335745147e-06
7.414063939887999277e-01 1.660844368006022673e-06
7.424590047561582251e-01 2.100416271769801843e-06
7.435146086585626701e-01 2.247063380159096701e-06
7.445732184808143694e-01 2.803028712668111703e-06
7.456348470806302142e-01 2.937749093630394474e-06
7.466995073891625756e-01 3.433951682102801770e-06
7.477672124115251062e-01 3.868564112809628767e-06
7.488379752273215395e-01 4.635119204714852279e-06
7.499118089911808172e-01 4.865727975355746427e-06
7.509887269332951032e-01 5.120432564304661759e-06
7.520687423599625721e-01 5.360711888361949153e-06
7.531518686541369689e-01 5.666268547916747787e-06
7.542381192759789466e-01 5.775059042085642083e-06
7.553275077634143964e-01 5.813943008215631387e-06
7.564200477326969985e-01 6.587324693575016910e-06
7.575157528789745465e-01 7.099804825258263112e-06
7.586146369768623776e-01 7.779475793314785795e-06
7.597167138810199116e-01 7.167822691765293896e-06
7.608219975267331847e-01 7.036837245292657947e-06
7.619305019305019355e-01 5.531886872338259379e-06
7.630422411906325753e-01 4.912448417382437441e-06
7.641572294878352656e-01 4.522348748070635035e-06
7.652754810858272139e-01 6.259495558781803086e-06
7.663970103319411864e-01 6.792796134464002270e-06
7.675218316577383515e-01 7.873366759720987763e-06
7.686499595796281170e-01 7.148290210363758810e-06
7.697814086994921867e-01 7.906725759223320226e-06
7.709161937053145008e-01 7.397901710703292720e-06
7.720543293718166167e-01 7.706702241108174815e-06
7.731958305610999727e-01 6.690314432851019900e-06
7.743407122232917050e-01 7.205573021331663752e-06
7.754889893971973480e-01 6.764230347099425193e-06
7.766406772109601953e-01 6.715045664002825412e-06
7.777957908827247691e-01 5.411892162617633513e-06
7.789543457213079503e-01 5.064020579719387128e-06
7.801163571268742158e-01 4.261850806157150309e-06
7.812818405916188702e-01 3.454096935003724502e-06
7.824508117004563834e-01 2.585840035571826378e-06
7.836232861317150578e-01 1.955103804071291758e-06
7.847992796578375785e-01 1.791258011467355456e-06
7.859788081460885589e-01 1.128857737167814176e-06
7.871618875592685249e-01 1.008971845908034603e-06
7.883485339564334504e-01 5.244467685312917181e-07
7.895387634936212873e-01 6.006220278432112225e-07
7.907325924245861559e-01 2.982803234944368501e-07
7.919300371015371987e-01 3.677533813612092362e-07
7.931311139758854267e-01 4.701167385020033433e-07
7.943358395989974508e-01 5.639608932498122894e-07
7.955442306229558724e-01 1.147268341130101554e-06
7.967563038013255605e-01 1.265946822486238883e-06
7.979720759899290305e-01 2.075052446176338622e-06
7.991915641476274867e-01 2.129646086133045587e-06
8.004147853371088583e-01 3.311292965297369719e-06
8.016417567256840515e-01 3.514254857857852101e-06
8.028724955860905288e-01 4.290254601608881363e-06
8.041070192973014397e-01 4.255125604355731234e-06
8.053453453453454092e-01 5.257354054445175356e-06
8.065874913241304345e-01 5.389073296559439328e-06
8.078334749362786615e-01 5.168409476817727726e-06
8.090833139939661578e-01 3.944556616147950039e-06
8.103370264197722328e-01 3.021885164478310820e-06
8.115946302475363083e-01 4.133094797220623228e-06
8.128561436232222270e-01 1.541582642166717385e-05
8.141215848057912208e-01 2.043805705243850778e-05
8.153909721680829836e-01 1.515740094394269479e-05
8.166643241977044054e-01 1.131052058394991207e-05
8.179416594979276312e-01 5.662787573726251069e-06
8.192229967885956698e-01 9.963150687361878004e-06
8.205083549070371074e-01 1.991072817114727153e-05
8.217977528089889239e-01 3.568421662343211587e-05
8.230912095695287478e-01 5.484702272351002961e-05
8.243887443840152152e-01 2.018646906518805115e-05
8.256903765690376540e-01 1.480643034620165736e-05
8.269961255633747621e-01 2.258656782476372053e-05
8.283060109289618334e-01 4.976036143313450442e-05
8.296200523518681980e-01 1.071337164491292907e-04
8.309382696432828785e-01 1.395497031096295886e-04
8.322606827405109042e-01 8.123374652022288963e-05
8.335873117079780625e-01 8.357446466769919845e-05
8.349181767382454211e-01 1.436262472065523985e-04
8.362532981530343967e-01 1.707146071161360159e-04
8.375926964042604839e-01 1.584198078898538405e-04
8.389363920750783077e-01 1.987803126151423681e-04
8.402844058809352257e-01 2.320676544505540786e-04
8.416367586706365866e-01 1.615842979057138134e-04
8.429934714274200935e-01 1.283402733677717323e-04
8.443545652700411575e-01 1.120142118473757304e-04
8.457200614538692429e-01 1.485010515195354030e-04
8.470899813719933169e-01 1.681544559220089709e-04
8.484643465563399545e-01 2.291523046571349053e-04
8.498431786788007702e-01 2.460277304423568357e-04
8.512264995523725064e-01 2.692413811435134308e-04
8.526143311323063356e-01 2.305731476824338035e-04
8.540066955172697094e-01 2.471498084910053739e-04
8.554036149505195308e-01 2.131858411983327374e-04
8.568051118210864292e-01 2.764094771658106913e-04
8.582112086649709148e-01 3.241463577158228203e-04
8.596219281663517453e-01 6.606940164498890586e-04
8.610372931588047285e-01 9.942361163290775686e-04
8.624573266265359583e-01 2.457292965711598606e-03
8.638820517056250425e-01 2.047285796233128726e-03
8.653114916852817640e-01 1.338928190079522731e-03
8.667456700091158428e-01 1.801567767726734845e-03
8.681846102764174677e-01 3.448123928804190121e-04
8.696283362434522601e-01 2.596592180696682414e-05
8.710768718247690057e-01 1.741305982822781450e-04
8.725302410945190434e-01 3.080932532029162139e-04
8.739884682877914202e-01 2.092176419134437993e-04
8.754515778019587025e-01 2.574906203103459251e-04
8.769195941980379994e-01 4.425213866025315911e-04
8.783925422020660845e-01 3.600824808830285057e-04
8.798704467064861756e-01 4.450562765042507998e-04
8.813533327715513677e-01 5.970267843860947721e-04
8.828412256267409441e-01 6.299822921649735974e-04
8.843341506721907885e-01 5.015202379357996260e-04
8.858321334801390057e-01 5.624322594935584479e-04
8.873351997963858651e-01 7.236416283576508702e-04
8.888433755417693982e-01 7.909343923689952319e-04
8.903566868136546519e-01 7.452650942497787180e-04
8.918751598874392617e-01 8.031571322269891048e-04
8.933988212180747901e-01 1.093218810892353449e-03
8.949276974416019437e-01 1.249203420564391634e-03
8.964618153767035524e-01 1.121713060316233438e-03
8.980012020262729822e-01 7.706592179206208206e-04
8.995458845789972013e-01 6.906279562582142957e-04
9.010958904109589440e-01 7.543658625359519554e-04
9.026512470872530836e-01 8.143141749749766836e-04
9.042119823636206588e-01 1.005763084765890934e-03
9.057781241881009970e-01 1.355314638896870563e-03
9.073497007026980476e-01 1.751453646877669523e-03
9.089267402450682543e-01 1.684898784423732778e-03
9.105092713502221935e-01 1.276437637160808547e-03
9.120973227522456428e-01 9.562677589127718293e-04
9.136909233860400770e-01 9.175033210121486807e-04
9.152901023890785970e-01 9.084037335305635572e-04
9.168948891031822868e-01 9.114850111093310845e-04
9.185053130763151108e-01 1.160674620150490199e-03
9.201214040643970193e-01 1.559778118776948509e-03
9.217431920331365935e-01 1.776685675982340486e-03
9.233707071598834526e-01 1.400092636095105975e-03
9.250039798355000897e-01 1.100516425446767177e-03
9.266430406662532482e-01 1.174884154511619599e-03
9.282879204757255032e-01 1.483784188666405776e-03
9.299386503067486043e-01 1.881721799823315479e-03
9.315952614233546925e-01 2.342008113126551119e-03
9.332577853127511647e-01 2.773889203637803971e-03
9.349262536873157448e-01 2.854644491213393677e-03
9.366006984866125373e-01 2.858385677202905043e-03
9.382811518794296202e-01 3.056687889891570795e-03
9.399676462658399512e-01 3.959964123606429624e-03
9.416602142792834806e-01 5.442104142345573388e-03
9.433588887886715790e-01 7.611987230514876031e-03
9.450637029005151124e-01 1.150320842385988557e-02
9.467746899610754996e-01 1.626542269182683700e-02
9.484918835585383068e-01 2.246881494808877777e-02
9.502153175252113781e-01 3.273620425902917103e-02
9.519450259397471692e-01 4.820097310898482229e-02
9.536810431293882839e-01 6.869939996520747771e-02
9.554234036722391021e-01 9.076525432945860283e-02
9.571721423995607214e-01 1.041521662972436230e-01
9.589272943980929886e-01 1.142128809618329910e-01
9.606888950124001791e-01 1.238395417677307930e-01
9.624569798472440985e-01 1.258875495208774120e-01
9.642315847699826081e-01 1.228641858689590444e-01
9.660127459129953520e-01 1.092837559893423266e-01
9.678004996761359058e-01 9.232134763138288847e-02
9.695948827292111272e-01 8.256329151421247514e-02
9.713959320144887055e-01 7.381792201266150488e-02
9.732036847492324672e-01 6.211627771914654539e-02
9.750181784282652142e-01 5.072387807454708381e-02
9.768394508265620946e-01 3.859497892816522030e-02
9.786675400018715054e-01 3.028433962632538431e-02
9.805024842973658616e-01 2.568703536144941249e-02
9.823443223443226735e-01 2.065868962213665561e-02
9.841930930648351561e-01 1.616533488809043101e-02
9.860488356745548133e-01 1.269667213358461125e-02
9.879115896854634427e-01 1.019167853773180268e-02
9.897813949086782248e-01 8.906283791932635002e-03
9.916582914572865670e-01 8.068556418910593012e-03
9.935423197492164737e-01 6.578916879647575024e-03
9.954335205101362272e-01 5.444461734103308789e-03
9.973319347763899279e-01 4.744279868238211045e-03
9.992376038979651209e-01 4.198384128565392157e-03
1.001150569541495283e+00 4.069955076115232273e-03
1.003070873693296283e+00 3.580917233663580106e-03
1.004998558662438812e+00 3.028342049190283197e-03
1.006933667083854900e+00 2.761575699246883973e-03
1.008876241921481842e+00 2.597022308982669791e-03
1.010826326471440995e+00 2.526244970199932084e-03
1.012783964365256306e+00 2.381074539261165621e-03
1.014749199573105720e+00 2.109316362023208255e-03
1.016722076407115871e+00 1.814193229997840403e-03
1.018702639524690756e+00 1.763321217254827612e-03
1.020690933931882594e+00 1.670115157233374118e-03
1.022687004986799764e+00 1.526839565619131063e-03
1.024690898403056716e+00 1.392126151754839421e-03
1.026702660253264066e+00 1.144232444268336981e-03
1.028722336972558216e+00 1.075547707783066796e-03
1.030749975362176052e+00 1.018055020466479338e-03
1.032785622593068275e+00 9.526641602043953074e-04
1.034829326209558031e+00 8.521949060737197624e-04
1.036881134133042837e+00 7.362530324482051197e-04
1.038941094665739584e+00 6.704900811994052041e-04
1.041009256494476176e+00 6.034463369986471908e-04
1.043085668694524903e+00 6.126059637714585887e-04
1.045170380733486892e+00 5.221015935227268099e-04
1.047263442475217854e+00 4.637034545389488943e-04
1.049364904183806679e+00 4.287770483846858839e-04
1.051474816527596445e+00 3.811720554830015911e-04
1.053593230583258045e+00 4.276019347761759537e-04
1.055720197839911334e+00 4.216482434094719393e-04
1.057855770203297352e+00 4.512539811892771636e-04
1.060000000000000275e+00 4.940402556355759194e-04
