9.000000000000001332e-01 3.449823675404797385e-04
9.009271182075716533e-01 3.420627432102000534e-04
9.018561484918794502e-01 3.616001865916334277e-04
9.027870967741936647e-01 3.390673507136573593e-04
9.037199690002584163e-01 3.179976389281698504e-04
9.046547711404190339e-01 2.640065187498671787e-04
9.055915091897489555e-01 2.488609380950335104e-04
9.065301891681784019e-01 2.351357609516343367e-04
9.074708171206227192e-01 2.222800692682122255e-04
9.084133991171124967e-01 2.215845980130689533e-04
9.093579412529244621e-01 1.984625420449988634e-04
9.103044496487120441e-01 1.992773289784119590e-04
9.112529304506383765e-01 1.618276638975904070e-04
9.122033898305085264e-01 1.382759186967047699e-04
9.131558339859046081e-01 1.130322282485684947e-04
9.141102691403188985e-01 9.524620642010411602e-05
9.150667015432906171e-01 9.611154371626252620e-05
9.160251374705420391e-01 7.579289914515006759e-05
9.169855832241153859e-01 7.533524374673682047e-05
9.179480451325112700e-01 5.579258795163972344e-05
9.189125295508274727e-01 4.762173907679310319e-05
9.198790428608993874e-01 3.752861873955162304e-05
9.208475914714399080e-01 2.209638056281969443e-05
9.218181818181819809e-01 2.169891920758181740e-05
9.227908203640200480e-01 8.968209131295381715e-06
9.237655135991552635e-01 6.614770025790897291e-06
9.247422680412373808e-01 6.714569840283793221e-06
9.257210902355123006e-01 7.040798905439207065e-06
9.267019867549670664e-01 5.746334735235447044e-06
9.276849642004775243e-01 1.073899782975346532e-07
9.286700292009558710e-01 2.658168534494817308e-05
9.296571884135000907e-01 1.114676061781691110e-04
9.306464485235436124e-01 2.379050771651496294e-04
9.316378162450067446e-01 3.717117720182045110e-04
9.326312983204479989e-01 6.238953382710318504e-03
9.336269015212171896e-01 1.189384639370566488e-02
9.346246326476089772e-01 3.501337205204443047e-03
9.356244985290185223e-01 1.513587403381342310e-02
9.366265060240965834e-01 1.458080244102810674e-02
9.376306620209060583e-01 2.040081750814575455e-03
9.386369734370808571e-01 2.915777522443588958e-05
9.396454472199841090e-01 2.490184439186986145e-04
9.406560903468675905e-01 2.353365934598148441e-04
9.416689098250337064e-01 3.867436942929440260e-05
9.426839126919970280e-01 4.068906815153940580e-06
9.437011060156462738e-01 3.750214688735992885e-05
9.447204968944100667e-01 6.775297878772639025e-05
9.457420924574210241e-01 1.307789013307104127e-04
9.467658998646820701e-01 1.136120012164331051e-04
9.477919263072338563e-01 3.152788744363305677e-05
9.488201790073231834e-01 1.853568154685717364e-05
9.498506652185719767e-01 5.296317356655233977e-05
9.508833922261484828e-01 8.852139097451872606e-05
9.519183673469387985e-01 7.572392988504462259e-05
9.529555979297195112e-01 4.094187217763793895e-05
9.539950913553315592e-01 5.558213636239392848e-05
9.550368550368552034e-01 1.202591500637844392e-04
9.560808964197869964e-01 1.824571198335622269e-04
9.571272229822161970e-01 1.743678053839087130e-04
9.581758422350041826e-01 1.230842544165152558e-04
9.592267617219633058e-01 1.367148135382450092e-04
9.602799890200385269e-01 1.986406704239805003e-04
9.613355317394890465e-01 2.764388165398270168e-04
9.623933975240714922e-01 3.097910952744693737e-04
9.634535940512255481e-01 2.480875197328782336e-04
9.645161290322581404e-01 2.132774291264756441e-04
9.655810102125309546e-01 2.323885086077186700e-04
9.666482453716496170e-01 3.347388050379669589e-04
9.677178423236515448e-01 4.371701954957531752e-04
9.687898089171975702e-01 4.197837649686840620e-04
9.698641530357640095e-01 3.794733966417941878e-04
9.709408825978351754e-01 4.143253924575266019e-04
9.720200055570991093e-01 6.042928882092398618e-04
9.731015299026425369e-01 8.519857875378718118e-04
9.741854636591479322e-01 1.019044402109211146e-03
9.752718148870923587e-01 9.616632626364566075e-04
9.763605916829474207e-01 7.289926469259538086e-04
9.774518021793797695e-01 5.850852547848452937e-04
9.785454545454544961e-01 5.851470675605848935e-04
9.796415569868384132e-01 7.208232177672389135e-04
9.807401177460051134e-01 7.972527284965507657e-04
9.818411451024418035e-01 7.288013108059656579e-04
9.829446473728575828e-01 6.175860813499023383e-04
9.840506329113922757e-01 5.601778972120062148e-04
9.851591101098282621e-01 6.569826522472973704e-04
9.862700873978009763e-01 7.930004000509423279e-04
9.873835732430147338e-01 8.680135471051875955e-04
9.884995761514555612e-01 8.379594324039378421e-04
9.896181046676097992e-01 7.605869560136012354e-04
9.907391673746815952e-01 7.658968212126402754e-04
9.918627728948116173e-01 8.220530635549485200e-04
9.929889298892990990e-01 9.065904736992364986e-04
9.941176470588237724e-01 9.004935548996506828e-04
9.952489331436701336e-01 8.534359194618449220e-04
9.963827969239534843e-01 8.844947893768493599e-04
9.975192472198461946e-01 1.010792899424843355e-03
9.986582928918070756e-01 1.207279176050404411e-03
9.997999428408118616e-01 1.261742352197906198e-03
1.000944206008583803e+00 1.219978681073496246e-03
1.002091091377828924e+00 1.182565497107484088e-03
1.003240607972469167e+00 1.183654907907350125e-03
1.004392764857881204e+00 1.158595027549066655e-03
1.005547571141132579e+00 1.016365630863545842e-03
1.006705035971223294e+00 8.723219661614779828e-04
1.007865168539326062e+00 7.216525748288370179e-04
1.009027978079030996e+00 6.214480074919151052e-04
1.010193473866589864e+00 5.551815115078786653e-04
1.011361665221162109e+00 5.070943216421104410e-04
1.012532561505065098e+00 5.102949146430168191e-04
1.013706172124021920e+00 5.202902433259487666e-04
1.014882506527415407e+00 5.658422420311867533e-04
1.016061574208539042e+00 6.196837575621294515e-04
1.017243384704856091e+00 6.754118777806184838e-04
1.018427947598253391e+00 7.547773426511732641e-04
1.019615272515301596e+00 7.944455905897206431e-04
1.020805369127516959e+00 8.396946644261504790e-04
1.021998247151621353e+00 8.517960958006265881e-04
1.023193916349810051e+00 8.699155487351194855e-04
1.024392386530014853e+00 9.120356059007362183e-04
1.025593667546174315e+00 9.441974098101165325e-04
1.026797769298503304e+00 1.013051759600258617e-03
1.028004701733764348e+00 1.044151687827905416e-03
1.029214474845542737e+00 1.081946908541886552e-03
1.030427098674521202e+00 1.104423492226526025e-03
1.031642583308758576e+00 1.112878235793264125e-03
1.032860938883968016e+00 1.145419725372373880e-03
1.034082175583801666e+00 1.133521359386425098e-03
1.035306303640130432e+00 1.144745733373012673e-03
1.036533333333333529e+00 1.134412442795795914e-03
1.037763274992584028e+00 1.144475715688091089e-03
1.038996138996139296e+00 1.185769760903743588e-03
1.040231935771632532e+00 1.204609908343702920e-03
1.041470675796368317e+00 1.255027675474285802e-03
1.042712369597615707e+00 1.263596149011952377e-03
1.043957027752909772e+00 1.288949407461350205e-03
1.045204660890349802e+00 1.308325960707978387e-03
1.046455279688902396e+00 1.308434241737594598e-03
1.047708894878706332e+00 1.353635076534017356e-03
1.048965517241379430e+00 1.385670715486707512e-03
1.050225157610327420e+00 1.485043179941417362e-03
1.051487826871055020e+00 1.593060907517392273e-03
1.052753535961480802e+00 1.703079103873534044e-03
1.054022295872250936e+00 1.850028866717088813e-03
1.055294117647058938e+00 1.970247855906193633e-03
1.056569012382966077e+00 2.174122026584522031e-03
1.057846991230722900e+00 2.388634251706786213e-03
1.059128065395095630e+00 2.671117457522193504e-03
1.060412246135192582e+00 3.070648731095869215e-03
1.061699544764795444e+00 3.555485914921512405e-03
1.062989972652689241e+00 4.299310920947863740e-03
1.064283541222999840e+00 5.194853635786267528e-03
1.065580261955528574e+00 6.330635256010794416e-03
1.066880146386093298e+00 7.661363875385731811e-03
1.068183206106870120e+00 9.165372525478910140e-03
1.069489452766738014e+00 1.111242503867913844e-02
1.070798898071625427e+00 1.336942395239364666e-02
1.072111553784860671e+00 1.624667466814782094e-02
1.073427431727523862e+00 1.962918865428230075e-02
1.074746543778801966e+00 2.373157582333841262e-02
1.076068901876345629e+00 2.878970488859765656e-02
1.077394518016630665e+00 3.442927233167196455e-02
1.078723404255319096e+00 4.072382583457277022e-02
1.080055572707625755e+00 4.700117457742310212e-02
1.081391035548686208e+00 5.409545227429314596e-02
1.082729805013927571e+00 6.246969991885157475e-02
1.084071893399442210e+00 7.249447509772265208e-02
1.085417313062364331e+00 8.435203811078620384e-02
1.086766076421248783e+00 9.734612965869968160e-02
1.088118195956454093e+00 1.126995497101480198e-01
1.089473684210526372e+00 1.300189645947022743e-01
1.090832553788587456e+00 1.492285532961809547e-01
1.092194817358726366e+00 1.680927185964796178e-01
1.093560487652391444e+00 1.857236682656117355e-01
1.094929577464788917e+00 2.042482208127291976e-01
1.096302099655280582e+00 2.247439288858131545e-01
1.097678067147787928e+00 2.482727975459879388e-01
1.099057492931197144e+00 2.704402737090688680e-01
1.100440390059767237e+00 2.890129367968979346e-01
1.101826771653543258e+00 3.017927472495683383e-01
1.103216650898769968e+00 3.085675848102191754e-01
1.104610041048310842e+00 3.076844833077025942e-01
1.106006955422067950e+00 2.952970895845341559e-01
1.107407407407407618e+00 2.732570025745054143e-01
1.108811410459587865e+00 2.443872857704962043e-01
1.110218978102189613e+00 2.146276754827326216e-01
1.111630123927550118e+00 1.842576112498026664e-01
1.113044861597200175e+00 1.535791218182286089e-01
1.114463204842306654e+00 1.228211311823110274e-01
1.115885167464115035e+00 9.430990528395423456e-02
1.117310763334398160e+00 7.145205051052119782e-02
1.118740006395906761e+00 5.398918583919285613e-02
1.120172910662824428e+00 4.171284256149860453e-02
1.121609490221224803e+00 3.283662907312948770e-02
1.123049759229534761e+00 2.684813800566620418e-02
1.124493731918997375e+00 2.315386106313654935e-02
1.125941422594142427e+00 2.066263156437308374e-02
1.127392845633258256e+00 1.900664288677153535e-02
1.128848015488867595e+00 1.713492699307333708e-02
1.130306946688206748e+00 1.533106771163916457e-02
1.131769653833710754e+00 1.373728040748686645e-02
1.133236151603498554e+00 1.234734651759160882e-02
1.134706454751865268e+00 1.138020415866806273e-02
1.136180578109776018e+00 1.036907198801997367e-02
1.137658536585365976e+00 9.699501285308999646e-03
1.139140345164441737e+00 9.211561792511840929e-03
1.140626018910987804e+00 8.860771220591862410e-03
1.142115572967678849e+00 8.612000748140776624e-03
1.143609022556391075e+00 7.984703138532441707e-03
1.145106382978723580e+00 7.390754427817078885e-03
1.146607669616519276e+00 6.717530987485278646e-03
1.148112897932392462e+00 6.226669564880408722e-03
1.149622083470259737e+00 5.901371121699162774e-03
1.151135241855873792e+00 5.494099191398781924e-03
1.152652388797364091e+00 5.278364883302381558e-03
1.154173540085780436e+00 4.970784075882565649e-03
1.155698711595639194e+00 4.786835449347418350e-03
1.157227919285478190e+00 4.551143059477119959e-03
1.158761179198410263e+00 4.143098376579097339e-03
1.160298507462686812e+00 3.815657245908536232e-03
1.161839920292262018e+00 3.393474105134904311e-03
1.163385433987363049e+00 3.188941676961872668e-03
1.164935064935065157e+00 3.002063486025612245e-03
1.166488829609870104e+00 2.822145151089061697e-03
1.168046744574290585e+00 2.729694094601726150e-03
1.169608826479438424e+00 2.516208246732988887e-03
1.171175092065617651e+00 2.442195253417727644e-03
1.172745558162923363e+00 2.274385095240498075e-03
1.174320241691843014e+00 2.104066158710784888e-03
1.175899159663865490e+00 1.973138427662873146e-03
1.177482329182093723e+00 1.772850189159865582e-03
1.179069767441860650e+00 1.751424126492093832e-03
1.180661491731353374e+00 1.683623826685321737e-03
1.182257519432240445e+00 1.683823754828748425e-03
1.183857868020304460e+00 1.710813919921196124e-03
1.185462555066079338e+00 1.644468182442108788e-03
1.187071598235494019e+00 1.714736970435064029e-03
1.188685015290519731e+00 1.679261637775402837e-03
1.190302824089826794e+00 1.719294270375289115e-03
1.191925042589437878e+00 1.768419433517110255e-03
1.193551688843398351e+00 1.763307954100061742e-03
1.195182781004441752e+00 1.951932148365171683e-03
1.196818337324666581e+00 2.054244430961841075e-03
1.198458376156218197e+00 2.303894142626813912e-03
1.200102915951972493e+00 2.514661984616462648e-03
1.201751975266231565e+00 2.621272769713329544e-03
1.203405572755418262e+00 2.876579308535378438e-03
1.205063727178780741e+00 2.928271629999202631e-03
1.206726457399103225e+00 3.183882863023094686e-03
1.208393782383419879e+00 3.308954666453779551e-03
1.210065721203736011e+00 3.440726079884355061e-03
1.211742293037755713e+00 3.751760551275124325e-03
1.213423517169615051e+00 3.879036769018628060e-03
1.215109412990621918e+00 4.320197350373354908e-03
1.216800000000000104e+00 4.434017720153244496e-03
1.218495297805642696e+00 4.574436737160796247e-03
1.220195326124869251e+00 4.654138588220523877e-03
1.221900104785190289e+00 4.530668377826645686e-03
1.223609653725078683e+00 4.754763744421222973e-03
1.225323992994746147e+00 4.599793585387050056e-03
1.227043142756927274e+00 4.754682405413085573e-03
1.228767123287671348e+00 4.741420258518505744e-03
1.230495954977136819e+00 4.716827559142932301e-03
1.232229658330398214e+00 4.943019069674286191e-03
1.233968253968254158e+00 4.669976106238619626e-03
1.235711762628046717e+00 4.739478724326531139e-03
1.237460205164485405e+00 4.331963678970144303e-03
1.239213602550478299e+00 4.156123133346912787e-03
1.240971975877971145e+00 4.077394500595724405e-03
1.242735346358792459e+00 3.749535657773742613e-03
1.244503735325507066e+00 3.898424397297158873e-03
1.246277164232276524e+00 3.508372913748169196e-03
1.248055654655726210e+00 3.560212517913472190e-03
1.249839228295819948e+00 3.394459476031691340e-03
1.251627906976744420e+00 3.123415574651605860e-03
1.253421712647796671e+00 3.163363752014445272e-03
1.255220667384284283e+00 2.602521148024636820e-03
1.257024793388429762e+00 2.682555448412629173e-03
1.258834112990284471e+00 2.303981542801581111e-03
1.260648648648648562e+00 2.203600072383607791e-03
1.262468422952002900e+00 2.213027144872220346e-03
1.264293458619443644e+00 1.743872435477472052e-03
1.266123778501628605e+00 1.947156101003486841e-03
1.267959405581732701e+00 1.348555852326069511e-03
1.269800362976406527e+00 1.402795607163075109e-03
1.271646673936750238e+00 1.037681681879884087e-03
1.273498361849290106e+00 6.730234612683394122e-04
1.275355450236966837e+00 6.729224057002124171e-04
1.277217962760131664e+00 4.989859741945975035e-05
1.279085923217550214e+00 2.547926195740821934e-04
1.280959355547418799e+00 2.239276711824598836e-04
1.282838283828382941e+00 1.365738388206195510e-03
1.284722732280573210e+00 1.151426519042306413e-03
1.286612725266642165e+00 1.076949357345447639e-02
1.288508287292817744e+00 2.230429074194694924e-02
1.290409443009959523e+00 9.751242316427490356e-03
1.292316217214628749e+00 8.500237995432334548e-03
1.294228634850166593e+00 3.679233092949205086e-02
1.296146721007780611e+00 4.748573339932483234e-02
1.298070500927643867e+00 2.114678114140538037e-02
1.300000000000000044e+00 1.613404147041003905e-02
