8.400000000000001910e-01 9.705051663111276901e-05
8.409072254023114423e-01 9.557548613259996028e-05
8.418164125851445023e-01 9.095738108546602989e-05
8.427275679186061463e-01 7.738015878033425261e-05
8.436406978004119539e-01 6.922248140817217844e-05
8.445558086560365219e-01 7.084050667104639263e-05
8.454729069388643437e-01 7.294941552068981883e-05
8.463919991303404666e-01 6.933134445376393728e-05
8.473130917401242579e-01 6.118869756462030852e-05
8.482361913062427261e-01 5.250393821172375360e-05
8.491613043952450646e-01 4.462294797874474556e-05
8.500884376023585265e-01 3.657300993629347739e-05
8.510175975516450775e-01 3.319460198150723222e-05
8.519487908961594913e-01 3.349354542878630285e-05
8.528820243181073346e-01 2.905760740826826468e-05
8.538173045290055052e-01 2.375946931985380698e-05
8.547546382698432144e-01 2.017733161921134272e-05
8.556940323112431912e-01 1.608029290908759127e-05
8.566354934536254406e-01 1.399044265485687447e-05
8.575790285273711122e-01 1.250935900795695505e-05
8.585246443929871463e-01 1.112692907138654034e-05
8.594723479412740286e-01 1.153614812709609521e-05
8.604221460934912136e-01 9.500878304727453945e-06
8.613740458015268775e-01 6.878335411453036933e-06
8.623280540480674494e-01 6.578038200003742226e-06
8.632841778467681415e-01 5.213885691442243568e-06
8.642424242424243674e-01 4.320810009274702508e-06
8.652028003111458254e-01 5.243371756653582577e-06
8.661653131605295819e-01 4.141808814994548699e-06
8.671299699298365971e-01 3.434960407048170965e-06
8.680967777901663629e-01 3.734303243845467193e-06
8.690657439446368704e-01 1.687254560831889529e-06
8.700368756285620231e-01 1.629818613555396238e-06
8.710101801096320484e-01 3.040662767358811306e-06
8.719856646880952411e-01 3.415052102062871258e-06
8.729633366969392627e-01 2.137552219496983958e-05
8.739432035020766598e-01 3.540616724091046437e-06
8.749252725025286059e-01 1.799989475937427714e-05
8.759095511306110859e-01 5.426176383697814768e-06
8.768960468521233009e-01 1.158537454720286744e-04
8.778847671665354069e-01 7.114309336440975641e-05
8.788757196071793620e-01 1.767976788490482990e-05
8.798689117414398853e-01 3.295698791699334978e-05
8.808643511709470797e-01 2.732605752194830034e-05
8.818620455317704998e-01 7.905055198178022004e-06
8.828620024946141065e-01 4.750401530920799392e-05
8.838642297650132207e-01 1.565607043462040608e-04
8.848687350835323651e-01 9.837847188235877556e-05
8.858755262259643271e-01 6.797793463160033383e-05
8.868846110035313313e-01 9.154554560729699132e-05
8.878959972630859898e-01 1.190313646380478709e-04
8.889096928873161385e-01 8.454934473077195685e-05
8.899257057949481187e-01 5.516455899065971164e-05
8.909440439409544998e-01 7.970546282656594159e-05
8.919647153167603593e-01 1.257518537134466791e-04
8.929877279504531140e-01 1.298718121849306282e-04
8.940130899069929082e-01 1.325620374208732804e-04
8.950408092884241107e-01 1.412777710493549074e-04
8.960708942340893657e-01 1.367227860353390141e-04
8.971033529208436441e-01 9.533791947842953766e-05
8.981381935632717362e-01 3.299817285582096356e-05
8.991754244139049668e-01 4.454222270936613454e-05
9.002150537634411309e-01 1.519700587636951057e-04
9.012570899409656500e-01 1.437010463816115356e-04
9.023015413141733942e-01 3.139150784396238882e-04
9.033484162895930591e-01 4.019012466647024166e-04
9.043977233128124293e-01 2.980630843155615268e-04
9.054494708687058635e-01 2.094577885917630814e-05
9.065036674816628892e-01 2.382562180518858232e-04
9.075603217158180192e-01 2.875555766274401261e-04
9.086194421752832318e-01 7.832683436938587423e-05
9.096810375043816732e-01 4.820013511527778610e-06
9.107451163878819145e-01 7.882147264433344408e-05
9.118116875512357611e-01 2.030108215178878111e-04
9.128807597608162849e-01 2.701720245263868362e-04
9.139523418241579655e-01 2.507865680301426918e-04
9.150264425901988297e-01 2.475954417199018975e-04
9.161030709495235902e-01 2.397762223212673014e-04
9.171822358346097825e-01 2.566019923410108147e-04
9.182639462200732350e-01 2.289483282616458428e-04
9.193482111229190901e-01 1.138529923605914536e-04
9.204350396027900505e-01 2.733537606984827846e-05
9.215244407622206202e-01 1.727965423047177375e-05
9.226164237468896800e-01 8.153573325655993334e-05
9.237109977458773935e-01 1.722086137115476476e-04
9.248081719919232224e-01 2.030607772125429919e-04
9.259079557616840539e-01 1.775512656965093849e-04
9.270103583759973231e-01 1.677621037674094438e-04
9.281153892001431371e-01 1.992133584872768696e-04
9.292230576441103951e-01 2.258716589497978232e-04
9.303333731628631309e-01 1.991692850058051603e-04
9.314463452566097423e-01 1.094626261951420752e-04
9.325619834710745515e-01 4.080720355120391157e-05
9.336802973977696984e-01 2.974994402750781670e-05
9.348012966742708096e-01 7.419431771280097501e-05
9.359249909844935544e-01 1.500097198210191898e-04
9.370513900589724221e-01 2.174288545492152503e-04
9.381805036751417193e-01 2.287395827265845084e-04
9.393123416576186768e-01 2.143939889579271119e-04
9.404469138784877780e-01 2.328243659178692393e-04
9.415842302575887501e-01 2.653172685925520025e-04
9.427243007628042237e-01 2.501500178652579201e-04
9.438671354103529421e-01 1.695900613423759835e-04
9.450127442650807508e-01 7.690883237668606721e-05
9.461611374407584707e-01 4.388557742065513111e-05
9.473123251003772172e-01 7.632000253360577259e-05
9.484663174564502697e-01 1.617691965285876499e-04
9.496231247713136092e-01 2.635666376709655274e-04
9.507827573574310076e-01 3.041055798025438022e-04
9.519452255776993388e-01 2.607987975649514391e-04
9.531105398457586642e-01 2.181409664949246420e-04
9.542787106263025398e-01 2.024884392190556468e-04
9.554497484353910997e-01 1.925601907690298992e-04
9.566236638407670245e-01 1.632381686004442999e-04
9.578004674621726222e-01 9.550961156029205517e-05
9.589801699716715699e-01 2.955497529334419183e-05
9.601627820939698799e-01 6.384583496186844552e-06
9.613483146067419716e-01 4.214755706208014093e-05
9.625367783409570777e-01 1.485776891274317383e-04
9.637281841812107563e-01 3.221182312973927325e-04
9.649225430660554048e-01 4.788407112260931729e-04
9.661198659883362128e-01 4.967017318644726710e-04
9.673201639955275599e-01 4.791035548502874976e-04
9.685234481900736325e-01 5.280014816327470873e-04
9.697297297297298169e-01 6.534682224742917409e-04
9.709390198279089779e-01 7.798041065287036541e-04
9.721513297540269605e-01 7.718328778720886813e-04
9.733666708338543083e-01 6.806520171461622176e-04
9.745850544498686485e-01 6.682797057736927738e-04
9.758064920416092969e-01 8.216410829460761307e-04
9.770309951060360820e-01 1.123485178800582868e-03
9.782585751978892796e-01 1.382468713422449350e-03
9.794892439300542097e-01 1.434879100553310052e-03
9.807230129739263891e-01 1.407688953108007703e-03
9.819598940597806802e-01 1.475382785098785371e-03
9.831998989771437714e-01 1.677808559890548888e-03
9.844430395751675444e-01 1.944796429770124808e-03
9.856893277630079941e-01 2.040622740765990397e-03
9.869387755102041471e-01 1.853354686741258460e-03
9.881913948470621989e-01 1.641180328666612485e-03
9.894471978650404287e-01 1.560778957819328270e-03
9.907061967171399974e-01 1.654702862725508086e-03
9.919684036182957465e-01 1.886626465056534920e-03
9.932338308457714371e-01 2.034958844509352112e-03
9.945024907395583202e-01 1.990335617148706465e-03
9.957743957027755943e-01 1.942089044143640707e-03
9.970495582020748593e-01 2.091877933861477530e-03
9.983279907680474574e-01 2.456346601920453027e-03
9.996097059956350339e-01 2.762078309300688202e-03
1.000894716544543428e+00 2.719309400324897846e-03
1.002183035139657896e+00 2.447630958363183635e-03
1.003474674571465552e+00 2.301923732431042022e-03
1.004769647696477142e+00 2.485462954458513875e-03
1.006067967437653587e+00 2.976872270351723845e-03
1.007369646784836537e+00 3.509729265929505473e-03
1.008674698795181124e+00 3.850541165278303490e-03
1.009983136593592068e+00 4.211694908912118514e-03
1.011294973373165540e+00 4.783426579206284841e-03
1.012610222395630366e+00 5.573854736980163142e-03
1.013928896991796114e+00 6.515161641079579395e-03
1.015251010562003176e+00 7.260955841403510594e-03
1.016576576576576629e+00 7.942466767340918693e-03
1.017905608576284537e+00 9.332692720003478784e-03
1.019238120172797801e+00 1.203241730671360428e-02
1.020574125049154679e+00 1.606784762203491979e-02
1.021913636960231075e+00 2.070917897431468965e-02
1.023256669733210833e+00 2.542076622413999218e-02
1.024603237268061573e+00 3.161734067733126818e-02
1.025953353538015644e+00 4.241265006602410598e-02
1.027307032590051517e+00 5.875076106231083561e-02
1.028664288545382721e+00 7.747827984950621250e-02
1.030025135599947239e+00 9.746237431653698158e-02
1.031389588024904214e+00 1.235412069748554886e-01
1.032757660167131109e+00 1.591653865311188076e-01
1.034129366449727971e+00 1.942478028129637768e-01
1.035504721372523029e+00 2.147792420422198478e-01
1.036883739512585167e+00 2.278033687614037517e-01
1.038266435524736631e+00 2.458112033223636417e-01
1.039652824142075049e+00 2.557522837742667865e-01
1.041042920176494357e+00 2.391688800345905808e-01
1.042436738519212813e+00 2.034972622051023361e-01
1.043834294141305907e+00 1.592098851033243168e-01
1.045235602094241045e+00 1.109564370217977214e-01
1.046640677510418227e+00 6.932458033703005340e-02
1.048049535603715610e+00 3.854491338000422956e-02
1.049462191670036626e+00 1.850079219486604545e-02
1.050878661087866428e+00 8.528148315422093978e-03
1.052298959318827221e+00 4.330145014203527765e-03
1.053723101908242255e+00 2.802038610830934195e-03
1.055151104485703151e+00 2.226178807261822157e-03
1.056582982765640111e+00 1.929791820334770093e-03
1.058018752547900787e+00 1.751126168036907724e-03
1.059458429718329375e+00 1.656258118411014363e-03
1.060902030249353034e+00 1.643829620496700759e-03
1.062349570200573412e+00 1.713673827956845204e-03
1.063801065719360839e+00 1.884511342520427124e-03
1.065256533041456066e+00 2.108435046013910213e-03
1.066715988491574674e+00 2.269944362293710525e-03
1.068179448484017247e+00 2.403748109816948759e-03
1.069646929523286438e+00 2.610968221598193757e-03
1.071118448204705143e+00 2.881061779077870658e-03
1.072594021215043547e+00 3.197901197968509596e-03
1.074073665333149741e+00 3.562468631908783170e-03
1.075557397430584539e+00 3.958606906677334704e-03
1.077045234472264745e+00 4.372839272649057737e-03
1.078537193517107751e+00 4.637165458697735561e-03
1.080033291718685229e+00 4.629389030091644701e-03
1.081533546325878614e+00 4.572344793940368197e-03
1.083037974683544347e+00 4.616821767157959673e-03
1.084546594233180006e+00 4.706206059838470221e-03
1.086059422513600436e+00 4.786370364203734740e-03
1.087576477161614763e+00 4.794724906211419481e-03
1.089097775912715393e+00 4.742772234146031690e-03
1.090623336601765248e+00 4.657064185268452311e-03
1.092153177163697864e+00 4.414491345262279258e-03
1.093687315634218615e+00 4.067842674167911933e-03
1.095225770150513700e+00 3.834229917645952477e-03
1.096768558951965344e+00 3.736242036004596735e-03
1.098315700380872117e+00 3.708611386207873520e-03
1.099867212883175682e+00 3.674003667912149104e-03
1.101423115009195319e+00 3.545496258280470773e-03
1.102983425414364893e+00 3.389600103760571307e-03
1.104548162859980254e+00 3.242796517572054272e-03
1.106117346213951080e+00 3.021066377739959740e-03
1.107690994451557831e+00 2.797949803034146220e-03
1.109269126656218907e+00 2.676208978652317837e-03
1.110851762020260036e+00 2.625755100346783850e-03
1.112438919845692542e+00 2.609423494872034014e-03
1.114030619544999379e+00 2.541935820015661651e-03
1.115626880641926055e+00 2.374140184946351914e-03
1.117227722772277554e+00 2.216320230908250342e-03
1.118833165684725017e+00 2.086290438188320891e-03
1.120443229241617766e+00 1.931577210918926932e-03
1.122057933419801312e+00 1.813448260862373209e-03
1.123677298311445139e+00 1.752673087701710642e-03
1.125301344124873815e+00 1.716286373037446446e-03
1.126930091185410543e+00 1.698265526748363261e-03
1.128563559936222926e+00 1.626102040845934854e-03
1.130201770939178729e+00 1.492808017075655759e-03
1.131844744875708741e+00 1.398791959631154628e-03
1.133492502547678082e+00 1.330296756172906969e-03
1.135145064878262389e+00 1.255754046084329480e-03
1.136802452912834438e+00 1.215554889725672678e-03
1.138464687819856769e+00 1.188799072333234169e-03
1.140131790891785402e+00 1.162435940539335508e-03
1.141803783545974671e+00 1.147752325422220785e-03
1.143480687325598488e+00 1.077969823894454849e-03
1.145162523900573603e+00 9.742626305127398282e-04
1.146849315068493302e+00 9.141512970941778008e-04
1.148541082755568654e+00 8.632791531338117287e-04
1.150237849017580194e+00 8.131711777666296610e-04
1.151939636040834491e+00 7.874865035031455374e-04
1.153646466143132709e+00 7.451711397089886115e-04
1.155358361774744491e+00 6.996665955813349477e-04
1.157075345519394061e+00 6.677762532488417356e-04
1.158797440095252540e+00 5.967421502580629771e-04
1.160524668355940037e+00 5.241323045241004508e-04
1.162257053291536391e+00 4.891196460850901493e-04
1.163994618029601247e+00 4.498966996966552467e-04
1.165737385836203233e+00 4.186534041021028048e-04
1.167485380116959348e+00 4.044227752246569679e-04
1.169238624418081240e+00 3.653255548203764394e-04
1.170997142427432802e+00 3.314451918662450957e-04
1.172760957975598872e+00 3.143183958682744757e-04
1.174530095036959043e+00 2.711945815361288146e-04
1.176304577730775236e+00 2.372037566399448844e-04
1.178084430322287934e+00 2.286492481605443996e-04
1.179869677223821967e+00 2.073630417527539099e-04
1.181660342995902502e+00 1.954548348580879781e-04
1.183456452348381482e+00 2.002180773900823793e-04
1.185258030141574270e+00 1.800253857520947077e-04
1.187065101387406729e+00 1.677452301609292024e-04
1.188877691250572743e+00 1.780961451696527580e-04
1.190695825049702172e+00 1.618929546012580272e-04
1.192519528258539241e+00 1.524670587762279328e-04
1.194348826507133365e+00 1.714690611092597365e-04
1.196183745583039082e+00 1.567373372045642393e-04
1.198024311432528188e+00 1.435443886128941226e-04
1.199870550161812544e+00 1.511754203431687755e-04
1.201722488038277747e+00 9.100353149225768505e-05
1.203580151491730144e+00 4.677651769199907879e-05
1.205443567115652703e+00 2.012143490816206806e-05
1.207312761668476009e+00 9.593992033874571522e-05
1.209187762074856343e+00 3.642144768089053126e-04
1.211068595426971761e+00 1.810707004656333854e-04
1.212955288985823499e+00 4.805020547512383645e-03
1.214847870182556022e+00 7.590624632460162176e-03
1.216746366619784636e+00 6.151186300976785488e-03
1.218650806072938186e+00 2.710504934577896707e-02
1.220561216491613088e+00 6.049614654862328633e-02
1.222477626000942230e+00 3.933245528803932384e-02
1.224400062902972319e+00 2.777731378033556492e-02
1.226328555678059873e+00 3.788307500978693731e-02
1.228263132986275652e+00 6.414055271939748948e-02
1.230203823668826413e+00 5.991541688085554040e-02
1.232150656749485984e+00 3.813127051080864721e-02
1.234103661436044108e+00 2.975128579967148412e-02
1.236062867121765718e+00 2.741576577454573477e-02
1.238028303386866202e+00 2.896310533047208313e-02
1.240000000000000213e+00 2.316469027358200941e-02
