8.000000000000000444e-01 5.253392969954709607e-04
8.008928571428572951e-01 5.411733386214111208e-04
8.017877094972067908e-01 6.058557734039983749e-04
8.026845637583893689e-01 7.119706593099308983e-04
8.035834266517358770e-01 7.476308523301802801e-04
8.044843049327355944e-01 7.722117051874327230e-04
8.053872053872055403e-01 9.149619770120340440e-04
8.062921348314608938e-01 1.135070348858562440e-03
8.071991001124860787e-01 1.378575091161724810e-03
8.081081081081082917e-01 1.769247281056217846e-03
8.090191657271704750e-01 2.119572852477015316e-03
8.099322799097066206e-01 2.158446969342769743e-03
8.108474576271187395e-01 2.354103674419610621e-03
8.117647058823530548e-01 2.876765805310083687e-03
8.126840317100793021e-01 3.323847509332295089e-03
8.136054421768708078e-01 3.610475855557079752e-03
8.145289443813849006e-01 3.746576436306426044e-03
8.154545454545455430e-01 3.397587133510912485e-03
8.163822525597270729e-01 3.159496143590725167e-03
8.173120728929387235e-01 3.424742217541560871e-03
8.182440136830104738e-01 3.694450025563613457e-03
8.191780821917810096e-01 3.502033020067478811e-03
8.201142857142859066e-01 3.301189537785247704e-03
8.210526315789474783e-01 3.092314654318741203e-03
8.219931271477665113e-01 2.837050068194483295e-03
8.229357798165138904e-01 2.922200911695118069e-03
8.238805970149254421e-01 3.392598891995163637e-03
8.248275862068966680e-01 3.565979927068104946e-03
8.257767548906791433e-01 3.349314429436592126e-03
8.267281105990784695e-01 3.302507695879898075e-03
8.276816608996541147e-01 3.299705832298397302e-03
8.286374133949193643e-01 3.318901062751952475e-03
8.295953757225436043e-01 3.702500676769856364e-03
8.305555555555556024e-01 4.063872096557890647e-03
8.315179606025494552e-01 3.653455054205825923e-03
8.324825986078888684e-01 3.232906604109099784e-03
8.334494773519164346e-01 3.149686993098187084e-03
8.344186046511630206e-01 3.072140168225441503e-03
8.353899883585564901e-01 3.024849040199298345e-03
8.363636363636365312e-01 3.100831854036265826e-03
8.373395565927654882e-01 2.839646029099693065e-03
8.383177570093458542e-01 2.361463643996248533e-03
8.392982456140353209e-01 2.186836740584782897e-03
8.402810304449650491e-01 2.255610889638696385e-03
8.412661195779603807e-01 2.283141883716020750e-03
8.422535211267607735e-01 2.296705896752035056e-03
8.432432432432434011e-01 2.334626737507733505e-03
8.442352941176471948e-01 2.144821370779896683e-03
8.452296819787987747e-01 1.903328681701270007e-03
8.462264150943397123e-01 1.916639069300755168e-03
8.472255017709563463e-01 2.083249568782839529e-03
8.482269503546101541e-01 2.099692067250782425e-03
8.492307692307694555e-01 2.003250857904343742e-03
8.502369668246447798e-01 1.865007919690936161e-03
8.512455516014236778e-01 1.617293338121590738e-03
8.522565320665084210e-01 1.443026564187033494e-03
8.532699167657551431e-01 1.449120740434723439e-03
8.542857142857144259e-01 1.454952712208284994e-03
8.553039332538737716e-01 1.292577144316573931e-03
8.563245823389021849e-01 1.121821391758618443e-03
8.573476702508960878e-01 9.983972793332106851e-04
8.583732057416268990e-01 8.770484645918844501e-04
8.594011976047905010e-01 8.096704418035402225e-04
8.604316546762590390e-01 8.276416625894643603e-04
8.614645858343337181e-01 8.362067731332070144e-04
8.625000000000001554e-01 7.527418263453791898e-04
8.635379061371841747e-01 6.709781207706788566e-04
8.645783132530121540e-01 6.321474928700181314e-04
8.656212303980700407e-01 6.113959132613666332e-04
8.666666666666668073e-01 6.226759905441092442e-04
8.677146311970981296e-01 6.831118602718986655e-04
8.687651331719129510e-01 7.152718053817526790e-04
8.698181818181818237e-01 6.626014108562564269e-04
8.708737864077670254e-01 6.260286695099269265e-04
8.719319562575943428e-01 6.581705474699964427e-04
8.729927007299271846e-01 7.272895798895609529e-04
8.740560292326432501e-01 8.024394713640136366e-04
8.751219512195124173e-01 8.883117935848215815e-04
8.761904761904764083e-01 9.116945178421787541e-04
8.772616136919316743e-01 8.496530753591245580e-04
8.783353733170136124e-01 8.327408637163893164e-04
8.794117647058824483e-01 9.194936767023210913e-04
8.804907975460123382e-01 1.024554911443780912e-03
8.815724815724815810e-01 1.062778536269489002e-03
8.826568265682657177e-01 1.072936852877024458e-03
8.837438423645321839e-01 1.029278568708100368e-03
8.848335388409371838e-01 9.194021795727728204e-04
8.859259259259260055e-01 8.651417228972712757e-04
8.870210135970335585e-01 9.112696591503806863e-04
8.881188118811883525e-01 9.414357967679915515e-04
8.892193308550188080e-01 8.567871363917174948e-04
8.903225806451614543e-01 7.368896092187291868e-04
8.914285714285715700e-01 6.141431644289952049e-04
8.925373134328360436e-01 4.909243033861215681e-04
8.936488169364882328e-01 4.094069382424849152e-04
8.947630922693268207e-01 3.631113366762514397e-04
8.958801498127341167e-01 2.971078292108314685e-04
8.970000000000002416e-01 2.149212857994099875e-04
8.981226533166460912e-01 1.795032412004000585e-04
8.992481203007521851e-01 2.327193619037740580e-04
9.003764115432874027e-01 3.751392778467956750e-04
9.015075376884422731e-01 5.237119191760260381e-04
9.026415094339623746e-01 6.586873456120339232e-04
9.037783375314862866e-01 7.606406273862776225e-04
9.049180327868854290e-01 8.341346377231411606e-04
9.060606060606062329e-01 8.521527863316617941e-04
9.072060682680153088e-01 9.071533859206141028e-04
9.083544303797469466e-01 1.009898583908023671e-03
9.095057034220532799e-01 1.084587908242391589e-03
9.106598984771574479e-01 1.166040605989260423e-03
9.118170266836086446e-01 1.262342928273712519e-03
9.129770992366413873e-01 1.295488966185689419e-03
9.141401273885352285e-01 1.288187223242143404e-03
9.153061224489797976e-01 1.353123713580187473e-03
9.164750957854407298e-01 1.523518448658434804e-03
9.176470588235294823e-01 1.690940777701329051e-03
9.188220230473753691e-01 1.776323449208638610e-03
9.200000000000000400e-01 1.866442471046840914e-03
9.211810012836971762e-01 1.963228539063796227e-03
9.223650385604114099e-01 1.910470575389276856e-03
9.235521235521236827e-01 1.671483538565126173e-03
9.247422680412373808e-01 3.465321950780657270e-03
9.259354838709679125e-01 2.737220359066356353e-03
9.271317829457366155e-01 2.242964183477848001e-03
9.283311772315654409e-01 2.601658645571519168e-03
9.295336787564768555e-01 2.662277604019140046e-03
9.307392996108951877e-01 2.833239893415422355e-03
9.319480519480520808e-01 3.237283282370960035e-03
9.331599479843953882e-01 3.857945409388841181e-03
9.343750000000000666e-01 4.720550673115560258e-03
9.355932203389831781e-01 5.514728587697634472e-03
9.368146214099217772e-01 6.122772770399454584e-03
9.380392156862744635e-01 6.822761220030549439e-03
9.392670157068064851e-01 7.610705917290110784e-03
9.404980340760159541e-01 8.351766565635744891e-03
9.417322834645670548e-01 9.334974701678560097e-03
9.429697766097242528e-01 1.071225798234801650e-02
9.442105263157896111e-01 1.181410295289102644e-02
9.454545454545455474e-01 1.213506787651699032e-02
9.467018469656993673e-01 1.227053868632882287e-02
9.479524438573316836e-01 1.265074997654951940e-02
9.492063492063492758e-01 1.313260194647326677e-02
9.504635761589405041e-01 1.379835650471130694e-02
9.517241379310346083e-01 1.488226624977668708e-02
9.529880478087652262e-01 1.591939490768529489e-02
9.542553191489364650e-01 1.604513942616562355e-02
9.555259653794940800e-01 1.552406440024568963e-02
9.568000000000000949e-01 1.525799296598354289e-02
9.580774365821095317e-01 1.536110732594904091e-02
9.593582887700534689e-01 1.535430052670626669e-02
9.606425702811247636e-01 1.507057152434720416e-02
9.619302949061662167e-01 1.463944198618490587e-02
9.632214765100672871e-01 1.382318471634802655e-02
9.645161290322581404e-01 1.255227656013485280e-02
9.658142664872140237e-01 1.151209439020157814e-02
9.671159029649595285e-01 1.124713326864548897e-02
9.684210526315791823e-01 1.164482664946373154e-02
9.697297297297298169e-01 1.238502728277053079e-02
9.710419485791611516e-01 1.350534572598766775e-02
9.723577235772358218e-01 1.502535187339188415e-02
9.736770691994574012e-01 1.645812596167751940e-02
9.750000000000001998e-01 1.769126897845548635e-02
9.763265306122449472e-01 1.956852147218014412e-02
9.776566757493188042e-01 2.268674220541296374e-02
9.789904502046384849e-01 2.644948281128695414e-02
9.803278688524590390e-01 2.992918945613098208e-02
9.816689466484270765e-01 3.331210751606341475e-02
9.830136986301373225e-01 3.684018796815984736e-02
9.843621399176956110e-01 4.000844338135281508e-02
9.857142857142858761e-01 4.333253783329603370e-02
9.870701513067401400e-01 4.850710669371828543e-02
9.884297520661158298e-01 5.583266646339854478e-02
9.897931034482759793e-01 6.289972370148518011e-02
9.911602209944752051e-01 6.775152975899115249e-02
9.925311203319503450e-01 7.171755727484135923e-02
9.939058171745154269e-01 7.594584171950638507e-02
9.952843273231624099e-01 7.984102969173624553e-02
9.966666666666667007e-01 8.406896896806299868e-02
9.980528511821976645e-01 9.055350397032591037e-02
9.994428969359333559e-01 9.804274736840677684e-02
1.000836820083682133e+00 1.014036262044017145e-01
1.002234636871508489e+00 9.945225197887951063e-02
1.003636363636363660e+00 9.657589979496457311e-02
1.005042016806722893e+00 9.459445850804380773e-02
1.006451612903225934e+00 9.202070363309826362e-02
1.007865168539326062e+00 8.904416665864611780e-02
1.009282700421941126e+00 8.703945844190982828e-02
1.010704225352112795e+00 8.405097171436878845e-02
1.012129760225669806e+00 7.674513349049484623e-02
1.013559322033898535e+00 6.712743021751504946e-02
1.014992927864215133e+00 5.942252934078254972e-02
1.016430594900849860e+00 5.412308552493079461e-02
1.017872340425532096e+00 4.958416731824874524e-02
1.019318181818182012e+00 4.532671158430377073e-02
1.020768136557610228e+00 4.168201400052753275e-02
1.022222222222222365e+00 3.776298732481182807e-02
1.023680456490727586e+00 3.277952789266447287e-02
1.025142857142857356e+00 2.809452431142647408e-02
1.026609442060085975e+00 2.509272087121509204e-02
1.028080229226361109e+00 2.343047135162672212e-02
1.029555236728837864e+00 2.195280530315795592e-02
1.031034482758620641e+00 2.025789582347311754e-02
1.032517985611510980e+00 1.866122248555162483e-02
1.034005763688760959e+00 1.701157592561827747e-02
1.035497835497835695e+00 1.508153354247073613e-02
1.036994219653179394e+00 1.341839836884768829e-02
1.038494934876989850e+00 1.254904071724927649e-02
1.040000000000000258e+00 1.221161495187218782e-02
1.041509433962264364e+00 1.171975955203280288e-02
1.043023255813953609e+00 1.089003197352298932e-02
1.044541484716157376e+00 1.003504007898656410e-02
1.046064139941691007e+00 9.201517816526408322e-03
1.047591240875912710e+00 8.330280623051950981e-03
1.049122807017544012e+00 7.655127465922657512e-03
1.050658857979502425e+00 7.376246955860961928e-03
1.052199413489736335e+00 7.318337429764477757e-03
1.053744493392070769e+00 7.107189316772828322e-03
1.055294117647058938e+00 6.696373055848536121e-03
1.056848306332842435e+00 6.358385457250473848e-03
1.058407079646017657e+00 6.213846762446880237e-03
1.059970457902511098e+00 6.227557014170323653e-03
1.061538461538461542e+00 6.456897746819723755e-03
1.063111111111111340e+00 7.040577639700686639e-03
1.064688427299703255e+00 7.922192936592461349e-03
1.066270430906389288e+00 8.733612916419473265e-03
1.067857142857143060e+00 9.304864038623484115e-03
1.069448584202682850e+00 9.988998064058240284e-03
1.071044776119403297e+00 1.107894018785982732e-02
1.072645739910313978e+00 1.246893298184132901e-02
1.074251497005988210e+00 1.404192712948776518e-02
1.075862068965517393e+00 1.597517878330957999e-02
1.077477477477477574e+00 1.814203478623520674e-02
1.079097744360902222e+00 1.971305583108792434e-02
1.080722891566264998e+00 2.039356044951562766e-02
1.082352941176470740e+00 2.106195411394332778e-02
1.083987915407855107e+00 2.231839110503089363e-02
1.085627836611195329e+00 2.381739223492286561e-02
1.087272727272727169e+00 2.507247492851528634e-02
1.088922610015174541e+00 2.614619230077468506e-02
1.090577507598784468e+00 2.698565288151045030e-02
1.092237442922374679e+00 2.696857140654364271e-02
1.093902439024390105e+00 2.602930959601995609e-02
1.095572519083969354e+00 2.517293394102983889e-02
1.097247706422018521e+00 2.515906273099444493e-02
1.098928024502296985e+00 2.569530655109620795e-02
1.100613496932515423e+00 2.593568578031447969e-02
1.102304147465437811e+00 2.564306892265345861e-02
1.104000000000000092e+00 2.515745470090170050e-02
1.105701078582434604e+00 2.436708920519282603e-02
1.107407407407407618e+00 2.304995629246369554e-02
1.109119010819165307e+00 2.181669240482900923e-02
1.110835913312693712e+00 2.140196139098373904e-02
1.112558139534884027e+00 2.157979761129557791e-02
1.114285714285714324e+00 2.140188235696936087e-02
1.116018662519440152e+00 2.052439902793574619e-02
1.117757009345794250e+00 1.944790651501358478e-02
1.119500780031201126e+00 1.837811951142378358e-02
1.121250000000000302e+00 1.719510846016683234e-02
1.123004694835680883e+00 1.614716405637147550e-02
1.124764890282131669e+00 1.561728443775795873e-02
1.126530612244897922e+00 1.549958049961708099e-02
1.128301886792452802e+00 1.521002642639226327e-02
1.130078740157480333e+00 1.439086818788877856e-02
1.131861198738170371e+00 1.336281966673122379e-02
1.133649289099526225e+00 1.251356563684909509e-02
1.135443037974683600e+00 1.184823390048547233e-02
1.137242472266244198e+00 1.126052709836638903e-02
1.139047619047619087e+00 1.084937590648320759e-02
1.140858505564388059e+00 1.070391342638109602e-02
1.142675159235668980e+00 1.053412457296292772e-02
1.144497607655502458e+00 9.944872954155159830e-03
1.146325878594249392e+00 9.108727459564928269e-03
1.148160000000000069e+00 8.453058613856220468e-03
1.150000000000000133e+00 8.019646050407563606e-03
1.151845906902086769e+00 7.620206752450612263e-03
1.153697749196141764e+00 7.246700541297734950e-03
1.155555555555555669e+00 6.980712858905921241e-03
1.157419354838709724e+00 6.688542291406530428e-03
1.159289176090468665e+00 6.177874481935833988e-03
1.161165048543689515e+00 5.554464552973040897e-03
1.163047001620745702e+00 5.052443471648366408e-03
1.164935064935065157e+00 4.726450337212124639e-03
1.166829268292683297e+00 4.504457432127588826e-03
1.168729641693811327e+00 4.320988546949562463e-03
1.170636215334420971e+00 4.162826036494061792e-03
1.172549019607843412e+00 4.037818778132440736e-03
1.174468085106382897e+00 3.926405366564632814e-03
1.176393442622950980e+00 3.808876365808164677e-03
1.178325123152709430e+00 3.750532810389224474e-03
1.180263157894737125e+00 3.871995801597895304e-03
1.182207578253706926e+00 4.211000929417646477e-03
1.184158415841584544e+00 4.647928517150120425e-03
1.186115702479338951e+00 5.066684761928514323e-03
1.188079470198675658e+00 5.525657825437980779e-03
1.190049751243781095e+00 6.059661097485464186e-03
1.192026578073089871e+00 6.538890074367401453e-03
1.194009983361064897e+00 6.967902156393847302e-03
1.196000000000000174e+00 7.596381712316154118e-03
1.197996661101836446e+00 8.526026218559750944e-03
1.200000000000000178e+00 9.503020675255938882e-03
