1.180000000000000382e+00 7.890550184661358605e-05
1.180999957628914299e+00 2.733353810276297472e-05
1.182001611466859226e+00 1.053899673045709118e-05
1.183004965833368782e+00 1.653453011497321758e-05
1.184010025062656846e+00 5.345393846106430294e-05
1.185016793503677723e+00 9.010970469110463727e-05
1.186025275520190769e+00 8.823574831832798270e-05
1.187035475490822334e+00 5.794436937240633170e-05
1.188047397809130157e+00 3.911011663804829671e-05
1.189061046883665540e+00 3.940360650120676894e-05
1.190076427138038850e+00 5.576222882267275685e-05
1.191093543010982803e+00 9.599511532241797481e-05
1.192112398956417740e+00 1.277069173902753451e-04
1.193132999443517139e+00 1.166530418118122685e-04
1.194155348956771556e+00 7.668029169506266696e-05
1.195179451996055242e+00 3.891762270452925083e-05
1.196205313076692089e+00 2.399895548707737063e-05
1.197232936729522246e+00 2.947146395950696196e-05
1.198262327500967395e+00 5.884444952655432771e-05
1.199293489953100256e+00 1.136665099361257070e-04
1.200326428663709866e+00 1.519727458900139527e-04
1.201361148226369746e+00 1.446328376298134180e-04
1.202397653250507181e+00 1.045645928406296931e-04
1.203435948361469832e+00 5.685932778180178811e-05
1.204476038200596344e+00 2.793074583189740346e-05
1.205517927425284519e+00 1.957793643087845322e-05
1.206561620709060367e+00 3.168070473185632160e-05
1.207607122741648942e+00 6.961452020261022378e-05
1.208654438229044947e+00 1.097486781109962222e-04
1.209703571893580909e+00 1.311176715198134545e-04
1.210754528474002223e+00 1.218681945535167221e-04
1.211807312725533992e+00 8.798299100450412459e-05
1.212861929419955631e+00 6.514195749070558316e-05
1.213918383345673258e+00 5.983531396456809461e-05
1.214976679307789631e+00 7.639677653629481206e-05
1.216036822128179651e+00 1.280282124898566307e-04
1.217098816645561632e+00 1.920150756530506343e-04
1.218162667715571912e+00 2.579657751828611802e-04
1.219228380210839680e+00 2.996508875867261146e-04
1.220295959021058696e+00 2.844126117197746614e-04
1.221365409053065232e+00 2.520781968578563316e-04
1.222436735230911120e+00 2.267157920423775667e-04
1.223509942495939695e+00 2.238122590881941678e-04
1.224585035806862843e+00 2.832855768322496996e-04
1.225662020139835606e+00 3.900451483605739855e-04
1.226740900488534791e+00 5.512175264489791414e-04
1.227821681864235126e+00 7.527872406351352862e-04
1.228904369295886534e+00 8.835582788069150546e-04
1.229988967830192959e+00 8.955784209483025381e-04
1.231075482531690302e+00 7.919392532116953940e-04
1.232163918482825915e+00 6.190962372206328633e-04
1.233254280784036316e+00 4.997520653699628152e-04
1.234346574553828679e+00 4.614543229408777920e-04
1.235440804928859659e+00 5.076983154162854331e-04
1.236536977064016884e+00 6.693638856802813612e-04
1.237635096132498669e+00 8.761313967734325140e-04
1.238735167325896835e+00 1.072246163506105797e-03
1.239837195854277319e+00 1.174062699571236032e-03
1.240941186946262764e+00 1.079482286533937734e-03
1.242047145849115797e+00 8.952512546944572675e-04
1.243155077828821620e+00 7.344692830949165049e-04
1.244264988170171282e+00 6.299982305564443734e-04
1.245376882176846722e+00 6.572323549851390471e-04
1.246490765171504256e+00 7.916945294430954979e-04
1.247606642495859841e+00 1.010844700123980384e-03
1.248724519510774789e+00 1.291463626572633477e-03
1.249844401596341248e+00 1.452145844369686755e-03
1.250966294151968361e+00 1.418646927951837736e-03
1.252090202596469526e+00 1.238593381040021873e-03
1.253216132368148994e+00 9.719615224316192599e-04
1.254344088924890910e+00 7.716982431175792604e-04
1.255474077744245909e+00 6.822065804745633616e-04
1.256606104323520379e+00 6.887778259257200776e-04
1.257740174179865722e+00 8.375671484147737423e-04
1.258876292850368284e+00 1.058683875774412125e-03
1.260014465892139057e+00 1.289050886390758020e-03
1.261154698882403613e+00 1.443514799547195721e-03
1.262296997418595357e+00 1.377253668463545742e-03
1.263441367118444569e+00 1.182999129630964283e-03
1.264587813620072110e+00 9.913561253474655749e-04
1.265736342582080898e+00 8.404904723347468879e-04
1.266886959683650948e+00 8.288138346934064826e-04
1.268039670624630633e+00 9.354392273645502961e-04
1.269194481125632157e+00 1.134219807466546213e-03
1.270351396928125487e+00 1.428722963213382643e-03
1.271510423794535161e+00 1.657656811847128125e-03
1.272671567508333323e+00 1.749156939217294624e-03
1.273834833874137651e+00 1.691258693809754177e-03
1.275000228717808159e+00 1.469739658164174491e-03
1.276167757886543797e+00 1.257160383826630857e-03
1.277337427248980362e+00 1.129948589926684085e-03
1.278509242695289316e+00 1.090027890545059927e-03
1.279683210137275706e+00 1.215272851585389759e-03
1.280859335508478525e+00 1.426432998977274647e-03
1.282037624764270634e+00 1.668725173944322947e-03
1.283218083881957794e+00 1.885166594422607025e-03
1.284400718860882140e+00 1.902393199525159034e-03
1.285585535722522099e+00 1.774433753143088216e-03
1.286772540510595197e+00 1.592754481008434734e-03
1.287961739291160423e+00 1.389561121202987195e-03
1.289153138152722367e+00 1.312102954092037033e-03
1.290346743206333358e+00 1.347711833999790587e-03
1.291542560585700716e+00 1.476025435459982910e-03
1.292740596447289336e+00 1.733590069189856883e-03
1.293940856970428932e+00 1.969030114916410241e-03
1.295143348357418400e+00 2.123950402925272457e-03
1.296348076833635732e+00 2.143818229315651563e-03
1.297555048647642151e+00 1.941139960486185307e-03
1.298764270071292470e+00 1.696138506926280496e-03
1.299975747399841675e+00 1.503946686799810962e-03
1.301189486952056384e+00 1.386659062989928099e-03
1.302405495070324104e+00 1.452104936091199632e-03
1.303623778120761578e+00 1.616413864150266022e-03
1.304844342493329146e+00 1.854776927971982497e-03
1.306067194601939985e+00 2.135364651946415095e-03
1.307292340884574244e+00 2.262631430165874900e-03
1.308519787803389400e+00 2.260086948764564001e-03
1.309749541844838383e+00 2.149935895644340331e-03
1.310981609519778157e+00 1.955449955329110253e-03
1.312215997363589626e+00 1.872710288242588955e-03
1.313452711936289541e+00 1.885087062943876157e-03
1.314691759822649963e+00 2.006550385403588991e-03
1.315933147632312172e+00 2.294989614847271504e-03
1.317176881999905680e+00 2.580646179574650097e-03
1.318422969585166582e+00 2.836054050509555051e-03
1.319671417073055242e+00 2.968240047676199821e-03
1.320922231173878192e+00 2.860893380458421915e-03
1.322175418623404930e+00 2.724565142135963996e-03
1.323430986182992486e+00 2.608039982046368634e-03
1.324688940639703549e+00 2.559119378644730911e-03
1.325949288806431925e+00 2.719057038296118865e-03
1.327212037522022881e+00 2.956898042435759672e-03
1.328477193651399046e+00 3.294326101925008129e-03
1.329744764085683206e+00 3.680330149860379201e-03
1.331014755742323974e+00 3.879222748186863037e-03
1.332287175565221693e+00 3.971035121095931389e-03
1.333562030524855224e+00 3.928249374196800259e-03
1.334839327618409177e+00 3.803968125892506075e-03
1.336119073869901142e+00 3.863057281739884063e-03
1.337401276330310473e+00 4.036444212055714277e-03
1.338685942077710189e+00 4.424158417195746783e-03
1.339973078217393754e+00 5.082229352402971127e-03
1.341262691882007863e+00 5.770813212855784718e-03
1.342554790231684558e+00 6.550513963601753073e-03
1.343849380454173348e+00 7.256120383408230963e-03
1.345146469764972874e+00 7.836349395035822896e-03
1.346446065407468362e+00 8.676282616120301050e-03
1.347748174653063513e+00 9.769426001065503046e-03
1.349052804801316618e+00 1.140861757991826902e-02
1.350359963180078671e+00 1.389014931576838113e-02
1.351669657145628589e+00 1.700106748091697456e-02
1.352981894082811554e+00 2.096649900382303172e-02
1.354296681405179781e+00 2.544146233975546831e-02
1.355614026555128859e+00 2.994053125496086432e-02
1.356933937004040747e+00 3.496438064591632366e-02
1.358256420252424324e+00 4.060743285640781852e-02
1.359581483830057058e+00 4.761617240999271167e-02
1.360909135296128225e+00 5.715522076391493789e-02
1.362239382239382346e+00 6.902149126092516074e-02
1.363572232278264629e+00 8.344597459707145393e-02
1.364907693061064853e+00 9.973195746682388119e-02
1.366245772266065694e+00 1.160074645790971359e-01
1.367586477601688166e+00 1.327455672453506375e-01
1.368929816806640387e+00 1.504810084037065399e-01
1.370275797650066574e+00 1.698165044063757734e-01
1.371624427931696477e+00 1.926630364280731145e-01
1.372975715481996151e+00 2.177815003052690768e-01
1.374329668162319606e+00 2.430150393191403413e-01
1.375686293865061138e+00 2.669332429978107379e-01
1.377045600513808754e+00 2.862996263837868649e-01
1.378407596063498497e+00 3.015060940587416249e-01
1.379772288500569433e+00 3.152043808299112571e-01
1.381139685843119969e+00 3.269870649987063893e-01
1.382509796141064617e+00 3.371365165462978930e-01
1.383882627476292315e+00 3.437632140767017952e-01
1.385258187962824961e+00 3.426799506996360267e-01
1.386636485746977954e+00 3.346654093751667558e-01
1.388017529007519846e+00 3.209952924225613069e-01
1.389401325955834876e+00 3.021382163357718142e-01
1.390787884836086175e+00 2.806457974382963183e-01
1.392177213925378521e+00 2.557261685044677768e-01
1.393569321533923544e+00 2.266706360907674855e-01
1.394964216005205149e+00 1.962567485715025484e-01
1.396361905716146490e+00 1.654516849801867528e-01
1.397762399077278284e+00 1.360870851483064192e-01
1.399165704532905341e+00 1.106839029737381602e-01
1.400571830561278430e+00 8.896063231475004329e-02
1.401980785674765029e+00 7.167802331836495289e-02
1.403392578420019410e+00 5.904293177463915132e-02
1.404807217378156503e+00 4.946205913817566108e-02
1.406224711164926422e+00 4.281878543219482663e-02
1.407645068430887436e+00 3.813939313456200797e-02
1.409068297861584718e+00 3.436105236803734669e-02
1.410494408177723979e+00 3.177630142607423130e-02
1.411923408135353109e+00 2.953694285792667074e-02
1.413355306526038246e+00 2.756907277091484240e-02
1.414790112177046977e+00 2.619573447997853785e-02
1.416227833951527071e+00 2.469296959797139326e-02
1.417668480748690341e+00 2.348598139259376605e-02
1.419112061503996713e+00 2.250093072973512534e-02
1.420558585189337863e+00 2.126409091209420510e-02
1.422008060813223951e+00 2.037740600562640975e-02
1.423460497420969473e+00 1.944186964719838567e-02
1.424915904094882890e+00 1.844022001983836381e-02
1.426374289954454699e+00 1.785825038436331808e-02
1.427835664156549722e+00 1.712985295225430415e-02
1.429300035895595400e+00 1.659696345414039473e-02
1.430767414403778082e+00 1.633812386765810462e-02
1.432237808951235980e+00 1.583652852622301904e-02
1.433711228846253016e+00 1.561291379132848794e-02
1.435187683435456663e+00 1.534616032450914457e-02
1.436667182104015561e+00 1.485651109772716943e-02
1.438149734275837366e+00 1.465892393642032401e-02
1.439635349413770138e+00 1.422572854557197473e-02
1.441124037019802628e+00 1.379260191631079789e-02
1.442615806635267672e+00 1.360019334489025872e-02
1.444110667841044471e+00 1.310534779734165260e-02
1.445608630257766869e+00 1.280922674459676787e-02
1.447109703546025639e+00 1.255857473077868179e-02
1.448613897406579643e+00 1.205727644419723674e-02
1.450121221580562780e+00 1.187727790798491674e-02
1.451631685849695375e+00 1.156792679112368140e-02
1.453145300036494447e+00 1.121866716532406161e-02
1.454662074004488437e+00 1.119259651963887964e-02
1.456182017658429695e+00 1.090747815803523417e-02
1.457705140944511424e+00 1.076642908567361674e-02
1.459231453850584170e+00 1.074019558186246892e-02
1.460760966406372985e+00 1.038183000173930476e-02
1.462293688683699910e+00 1.026251807637489598e-02
1.463829630796702030e+00 1.001605496412410513e-02
1.465368802902055956e+00 9.571353474561986388e-03
1.466911215199200313e+00 9.430413193378289413e-03
1.468456877930562454e+00 9.034871886446799519e-03
1.470005801381783606e+00 8.686560588344681422e-03
1.471557995881949354e+00 8.556274997396176932e-03
1.473113471803816132e+00 8.116488977392720405e-03
1.474672239564044585e+00 7.910221275783361691e-03
1.476234309623431162e+00 7.720572216821020538e-03
1.477799692487142824e+00 7.307017163441694926e-03
1.479368398704952181e+00 7.226720307591647310e-03
1.480940438871473530e+00 6.972494266057418372e-03
1.482515823626403106e+00 6.684044374445714115e-03
1.484094563654757559e+00 6.666030420377583310e-03
1.485676669687116869e+00 6.333786475250036477e-03
1.487262152499866597e+00 6.142748810016130517e-03
1.488851022915442801e+00 6.024685635685659603e-03
1.490443291802577619e+00 5.600836506967668896e-03
1.492038970076548399e+00 5.459215252168021608e-03
1.493638068699426835e+00 5.204694982092685981e-03
1.495240598680328548e+00 4.825778838501485445e-03
1.496846571075667320e+00 4.759128288256999489e-03
1.498455996989409345e+00 4.441461575567492819e-03
1.500068887573327681e+00 4.211820599717149005e-03
1.501685254027261607e+00 4.158379648231418438e-03
1.503305107599374635e+00 3.813681558499235329e-03
1.504928459586415634e+00 3.718726620406970045e-03
1.506555321333981956e+00 3.593209582359432799e-03
1.508185704236783886e+00 3.282970535119891613e-03
1.509819619738909324e+00 3.277367770694592126e-03
1.511457079334092679e+00 3.058810325126918792e-03
1.513098094565984653e+00 2.842682803061702228e-03
1.514742677028422468e+00 2.837744739165978108e-03
1.516390838365703875e+00 2.536164542368362935e-03
1.518042590272861148e+00 2.418439308486283051e-03
1.519697944495938202e+00 2.333077709456815151e-03
1.521356912832268815e+00 2.026034890619243627e-03
1.523019507130757955e+00 2.006312468726787531e-03
1.524685739292161113e+00 1.841822903114904162e-03
1.526355621269372076e+00 1.636737566098672367e-03
1.528029165067704920e+00 1.673270280181442205e-03
1.529706382745184445e+00 1.457550971211632115e-03
1.531387286412834614e+00 1.389108694994668162e-03
1.533071888234970759e+00 1.393945643326383217e-03
1.534760200429491794e+00 1.174761649407810157e-03
1.536452235268177313e+00 1.216642357260140075e-03
1.538148005076982461e+00 1.136640428425357650e-03
1.539847522236340582e+00 9.883404545728078760e-04
1.541550799181461429e+00 1.078840419189483002e-03
1.543257848402635579e+00 9.202933961648870074e-04
1.544968682445540642e+00 8.906437794903510540e-04
1.546683313911547897e+00 9.447025571101153735e-04
1.548401755458030271e+00 7.621789165519929051e-04
1.550124019798676533e+00 8.458748031478953433e-04
1.551850119703802822e+00 8.061120329241849673e-04
1.553580068000669057e+00 6.878827452561304739e-04
1.555313877573796244e+00 8.316657857381959569e-04
1.557051561365286885e+00 6.978383440660530963e-04
1.558793132375146939e+00 7.106382856866662540e-04
1.560538603661609125e+00 8.210752265547729837e-04
1.562287988341460876e+00 6.419033296229315804e-04
1.564041299590371192e+00 7.855129310513069441e-04
1.565798550643222598e+00 7.734921301625044456e-04
1.567559754794443538e+00 6.344814834521751018e-04
1.569324925398345005e+00 8.450927261309831200e-04
1.571094075869455153e+00 6.829049980402535427e-04
1.572867219682862361e+00 6.720282798640127937e-04
1.574644370374555402e+00 8.438279497900191047e-04
1.576425541541768283e+00 5.785401366822729222e-04
1.578210746843327072e+00 7.299173725388865240e-04
1.580000000000000071e+00 7.522679117269777003e-04
