1.200000000000000178e+00 2.843651353004026554e-05
1.201004184100418648e+00 4.205703946488566512e-05
1.202010050251256290e+00 6.605619255904479213e-05
1.203017602682313614e+00 8.975895786021534275e-05
1.204026845637583776e+00 9.344867242050972555e-05
1.205037783375314753e+00 8.084682821535177388e-05
1.206050420168067294e+00 7.383096652644839718e-05
1.207064760302775541e+00 7.710801562084590606e-05
1.208080808080808088e+00 8.760673798923112796e-05
1.209098567818028824e+00 1.151823447727055795e-04
1.210118043844856661e+00 1.546943461073349373e-04
1.211139240506329262e+00 1.757345701603605834e-04
1.212162162162162327e+00 1.659923177068615302e-04
1.213186813186813318e+00 1.406927802357859877e-04
1.214213197969543412e+00 1.097992222958655770e-04
1.215241320914479450e+00 8.197471189738187629e-05
1.216271186440678109e+00 7.695759779712404655e-05
1.217302798982188516e+00 9.909968026436081362e-05
1.218336162988115756e+00 1.356209905346357925e-04
1.219371282922685040e+00 1.848871396039655475e-04
1.220408163265306323e+00 2.388318642389797286e-04
1.221446808510638249e+00 2.650511070371266466e-04
1.222487223168654324e+00 2.523161638438794238e-04
1.223529411764706198e+00 2.265607939413981386e-04
1.224573378839590498e+00 2.017763575104736999e-04
1.225619128949615666e+00 1.778620822673712318e-04
1.226666666666666572e+00 1.745092117314039405e-04
1.227715996578272017e+00 2.033601448158722433e-04
1.228767123287671570e+00 2.453234566017787211e-04
1.229820051413881954e+00 2.924961506750825991e-04
1.230874785591766774e+00 3.481718730476040299e-04
1.231931330472103125e+00 3.854694111581597566e-04
1.232989690721649545e+00 3.820253237350086650e-04
1.234049871023215950e+00 3.614471570846664928e-04
1.235111876075731363e+00 3.431172379445535342e-04
1.236175710594315191e+00 3.206072722859423167e-04
1.237241379310345168e+00 3.130162910353710411e-04
1.238308886971527523e+00 3.481463512781455389e-04
1.239378238341969141e+00 4.108019289080558616e-04
1.240449438202247290e+00 4.837135644780087506e-04
1.241522491349481117e+00 5.736836784047267797e-04
1.242597402597402700e+00 6.504314294370677546e-04
1.243674176776429885e+00 6.620399554791162999e-04
1.244752818733738442e+00 6.201591588046427312e-04
1.245833333333333348e+00 5.684834624687966007e-04
1.246915725456125168e+00 5.143533748222153118e-04
1.247999999999999998e+00 4.730976323326041523e-04
1.249086161879895629e+00 4.857382443843137197e-04
1.250174216027874596e+00 5.471712683407604699e-04
1.251264167393199900e+00 6.209896911376845859e-04
1.252356020942408499e+00 7.042254297573357844e-04
1.253449781659388806e+00 7.800522276990319841e-04
1.254545454545454852e+00 7.909219618017890221e-04
1.255643044619422666e+00 7.313439136653588322e-04
1.256742556917688658e+00 6.561265514525498966e-04
1.257843996494303340e+00 5.870431744853845659e-04
1.258947368421052593e+00 5.303997770604330095e-04
1.260052677787532938e+00 5.294229148119175034e-04
1.261159929701230364e+00 5.972931773832929926e-04
1.262269129287599156e+00 6.941664632886619581e-04
1.263380281690140938e+00 8.062726411400171836e-04
1.264493392070484612e+00 9.242429314556419246e-04
1.265608465608465849e+00 9.835414222101319763e-04
1.266725507502206804e+00 9.522050988966729908e-04
1.267844522968197829e+00 8.854177778330716035e-04
1.268965517241379626e+00 8.208111429477245790e-04
1.270088495575221410e+00 7.558558067713302357e-04
1.271213463241807284e+00 7.294659762090791727e-04
1.272340425531915065e+00 7.757129134831034119e-04
1.273469387755102211e+00 8.573580740753735611e-04
1.274600355239786875e+00 9.489344810023681628e-04
1.275733333333333386e+00 1.059962852195890908e-03
1.276868327402135517e+00 1.141204044741606083e-03
1.278005342831701086e+00 1.130985300927409877e-03
1.279144385026738107e+00 1.062670485295197842e-03
1.280285459411240057e+00 9.895219843989039050e-04
1.281428571428571583e+00 9.121245032138601723e-04
1.282573726541554882e+00 8.604154649626677680e-04
1.283720930232558288e+00 8.873714952684471019e-04
1.284870188003581326e+00 9.706537128671170397e-04
1.286021505376344187e+00 1.069878152548870472e-03
1.287174887892376995e+00 1.197629339643951603e-03
1.288330341113106181e+00 1.324740950303331718e-03
1.289487870619946408e+00 1.371849483143816476e-03
1.290647482014388725e+00 1.341661349793898559e-03
1.291809180918092048e+00 1.289928153608889795e-03
1.292972972972973089e+00 1.215573688319257885e-03
1.294138863841298503e+00 1.128988409342420026e-03
1.295306859205776151e+00 1.096727415521398354e-03
1.296476964769647910e+00 1.124960498754845302e-03
1.297649186256781162e+00 1.163559446296171234e-03
1.298823529411764710e+00 1.216803732452684250e-03
1.300000000000000044e+00 1.281047398672080593e-03
1.301178603807797041e+00 1.276844334936807091e-03
1.302359346642468330e+00 1.176479648218797238e-03
1.303542234332425220e+00 1.044200591255380495e-03
1.304727272727273180e+00 9.072080783205262308e-04
1.305914467697907533e+00 7.629265944210432372e-04
1.307103825136612274e+00 6.617493221984080323e-04
1.308295350957155989e+00 6.302358872677288381e-04
1.309489051094890666e+00 6.282132771264428575e-04
1.310684931506849615e+00 6.493884590010847368e-04
1.311882998171846504e+00 7.070940408571089455e-04
1.313083257090576605e+00 7.482049964951999763e-04
1.314285714285714501e+00 7.318667290005124787e-04
1.315490375802016887e+00 6.925584396662820249e-04
1.316697247706422269e+00 6.449916265225696423e-04
1.317906336088154662e+00 5.793636877278510698e-04
1.319117647058823950e+00 5.412194369643489374e-04
1.320331186752530028e+00 5.641283253146376448e-04
1.321546961325966940e+00 6.142706229007974424e-04
1.322764976958525462e+00 6.867413188517986324e-04
1.323985239852398577e+00 7.995697917988892327e-04
1.325207756232687162e+00 8.978279799396660012e-04
1.326432532347504800e+00 9.319536809572064344e-04
1.327659574468085246e+00 9.371143213703223484e-04
1.328888888888888786e+00 9.283653944520219416e-04
1.330120481927711262e+00 8.876777594676220568e-04
1.331354359925788877e+00 8.668973496722720854e-04
1.332590529247910993e+00 9.149887518755513366e-04
1.333828996282528045e+00 9.949314092176908802e-04
1.335069767441860566e+00 1.100510392742103669e-03
1.336312849162011318e+00 1.266058261592743371e-03
1.337558247903075870e+00 1.433221544140243862e-03
1.338805970149253843e+00 1.530854221000344873e-03
1.340056022408963710e+00 1.594201605744186749e-03
1.341308411214953589e+00 1.640250555757625031e-03
1.342563143124415603e+00 1.639484163391371043e-03
1.343820224719101342e+00 1.665197136980307944e-03
1.345079662605435988e+00 1.806191534193157333e-03
1.346341463414634454e+00 2.026963293287861560e-03
1.347605633802817060e+00 2.325493711999785176e-03
1.348872180451128111e+00 2.770918969478027190e-03
1.350141110065851580e+00 3.295230378597975573e-03
1.351412429378531233e+00 3.789175434616685618e-03
1.352686145146088759e+00 4.308711315989884223e-03
1.353962264150943673e+00 4.888592181830571197e-03
1.355240793201133220e+00 5.474575249409045254e-03
1.356521739130434945e+00 6.208757560178317439e-03
1.357805108798486593e+00 7.324279434399074383e-03
1.359090909090909349e+00 8.834438270597965923e-03
1.360379146919431514e+00 1.077578164868699812e-02
1.361669829222011741e+00 1.333793742281587542e-02
1.362962962962963154e+00 1.639452449786530860e-02
1.364258555133079920e+00 1.955642975470012548e-02
1.365556612749762255e+00 2.277302743435610788e-02
1.366857142857142993e+00 2.618711160669548454e-02
1.368160152526215478e+00 2.981879262564608724e-02
1.369465648854961914e+00 3.408138578572365851e-02
1.370773638968481700e+00 3.979712568992578581e-02
1.372084130019120884e+00 4.729340838311718587e-02
1.373397129186602950e+00 5.647564624033560993e-02
1.374712643678160928e+00 6.746713806093537769e-02
1.376030680728667743e+00 7.989934516115898555e-02
1.377351247600768103e+00 9.249455654390542625e-02
1.378674351585014612e+00 1.045953818229483218e-01
1.380000000000000115e+00 1.168843417640912791e-01
1.381328200192492917e+00 1.301835359558538574e-01
1.382658959537572230e+00 1.453796502119120704e-01
1.383992285438765624e+00 1.641135161431639400e-01
1.385328185328185358e+00 1.872562061027992775e-01
1.386666666666666936e+00 2.134823879064127461e-01
1.388007736943907444e+00 2.408611219214445986e-01
1.389351403678606323e+00 2.681256704985947592e-01
1.390697674418604812e+00 2.939214977322607281e-01
1.392046556741028285e+00 3.177120285936597677e-01
1.393398058252427463e+00 3.412870805611953884e-01
1.394752186588921417e+00 3.663070642182400527e-01
1.396108949416342560e+00 3.912739519634818586e-01
1.397468354430379645e+00 4.130447391617895758e-01
1.398830409356725202e+00 4.288090773582077242e-01
1.400195121951219868e+00 4.353291791758209794e-01
1.401562500000000488e+00 4.303639530057048468e-01
1.402932551319648447e+00 4.160316211602783643e-01
1.404305283757338874e+00 3.970694294588775763e-01
1.405680705190989643e+00 3.760055681131214134e-01
1.407058823529411917e+00 3.529718338824081592e-01
1.408439646712463356e+00 3.279227828994084604e-01
1.409823182711198664e+00 3.001219089034044551e-01
1.411209439528023690e+00 2.684392014327575682e-01
1.412598425196850416e+00 2.340996750856958741e-01
1.413990147783251494e+00 2.001513298409345054e-01
1.415384615384615463e+00 1.681048964075934349e-01
1.416781836130306393e+00 1.382072969338134505e-01
1.418181818181818432e+00 1.116824159280340456e-01
1.419584569732937673e+00 8.970609459780334860e-02
1.420990099009901142e+00 7.197050813153463289e-02
1.422398414271556222e+00 5.803147286316973769e-02
1.423809523809523858e+00 4.785681684493985066e-02
1.425223435948361539e+00 4.058855684424234750e-02
1.426640159045725831e+00 3.504492314340571651e-02
1.428059701492537359e+00 3.096005813859621647e-02
1.429482071713147340e+00 2.815963242647869305e-02
1.430907278165503893e+00 2.593783256719049343e-02
1.432335329341317687e+00 2.408464970012794484e-02
1.433766233766234244e+00 2.282464317089608757e-02
1.435200000000000253e+00 2.181861691398278430e-02
1.436636636636636988e+00 2.072127294114650686e-02
1.438076152304609501e+00 1.981466542735227029e-02
1.439518555667001154e+00 1.912595402001447328e-02
1.440963855421687034e+00 1.828504347273137917e-02
1.442412060301507815e+00 1.743697269125970423e-02
1.443863179074446723e+00 1.686314833505045060e-02
1.445317220543806735e+00 1.627108523549107566e-02
1.446774193548387100e+00 1.553170910025274826e-02
1.448234106962664081e+00 1.498118008395789291e-02
1.449696969696969928e+00 1.454783937432905030e-02
1.451162790697674732e+00 1.393406751960450142e-02
1.452631578947368718e+00 1.338286296902200731e-02
1.454103343465045883e+00 1.308490470292844772e-02
1.455578093306288290e+00 1.272616332413346006e-02
1.457055837563451917e+00 1.229995800615114182e-02
1.458536585365853844e+00 1.211034527770953918e-02
1.460020345879959436e+00 1.196263983219300608e-02
1.461507128309572190e+00 1.159860396528116823e-02
1.462996941896024694e+00 1.128658533512621673e-02
1.464489795918367809e+00 1.109478347211554153e-02
1.465985699693565403e+00 1.070028706859750198e-02
1.467484662576687304e+00 1.021459529096425262e-02
1.468986693961105594e+00 9.931652224221459990e-03
1.470491803278688892e+00 9.624674854896706974e-03
1.472000000000000197e+00 9.149574502636760934e-03
1.473511293634497177e+00 8.819766738579844570e-03
1.475025693730729781e+00 8.614963682479969895e-03
1.476543209876543195e+00 8.232115743144460818e-03
1.478063851699279230e+00 7.849389024314102833e-03
1.479587628865979498e+00 7.678151027333323352e-03
1.481114551083591468e+00 7.439987696078250931e-03
1.482644628099173856e+00 7.079990733956390003e-03
1.484177869700103791e+00 6.903268329814840100e-03
1.485714285714285765e+00 6.791592484545538183e-03
1.487253886010363013e+00 6.481111754634559172e-03
1.488796680497925351e+00 6.200329497508042659e-03
1.490342679127726111e+00 6.068935930751331170e-03
1.491891891891892197e+00 5.787975672573716229e-03
1.493444328824141465e+00 5.400769605667977286e-03
1.495000000000000107e+00 5.198878415764214382e-03
1.496558915537017809e+00 5.011946563398123056e-03
1.498121085594989799e+00 4.663503145507564597e-03
1.499686520376175780e+00 4.426089196956935375e-03
1.501255230125523310e+00 4.331792063399945124e-03
1.502827225130890287e+00 4.090215652747646209e-03
1.504402515723270772e+00 3.815664961010018820e-03
1.505981112277020362e+00 3.726821165897531776e-03
1.507563025210084007e+00 3.591087225061953634e-03
1.509148264984227161e+00 3.315705535339487971e-03
1.510736842105263378e+00 3.179525803518234474e-03
1.512328767123287898e+00 3.123831839609471014e-03
1.513924050632911689e+00 2.899815961812853352e-03
1.515522703273495253e+00 2.690230724510511533e-03
1.517124735729387108e+00 2.635522561853617836e-03
1.518730158730158930e+00 2.477427044471214399e-03
1.520338983050848025e+00 2.217254818240128530e-03
1.521951219512195363e+00 2.114136556540154206e-03
1.523566878980891826e+00 2.038252997030474186e-03
1.525185972369819343e+00 1.817211680586070573e-03
1.526808510638298033e+00 1.678628637533470394e-03
1.528434504792332449e+00 1.668640438253345820e-03
1.530063965884861599e+00 1.537476927160656703e-03
1.531696905016008747e+00 1.374690170374753611e-03
1.533333333333333881e+00 1.370895218058866766e-03
1.534973262032085728e+00 1.326641891383476294e-03
1.536616702355460884e+00 1.164086487814176363e-03
1.538263665594855611e+00 1.124315973392347491e-03
1.539914163090128962e+00 1.147080785969424718e-03
1.541568206229860571e+00 1.026646833244997505e-03
1.543225806451613336e+00 9.407334233060384628e-04
1.544886975242196092e+00 9.909216939864599547e-04
1.546551724137931183e+00 9.377071540246366584e-04
1.548220064724919132e+00 8.173739448666168415e-04
1.549892008639308871e+00 8.512807312406108634e-04
1.551567567567567529e+00 8.734401396972291121e-04
1.553246753246753542e+00 7.581006287073541313e-04
1.554929577464789103e+00 7.524255021491587682e-04
1.556616052060737720e+00 8.394832935280860864e-04
1.558306188925081770e+00 7.714706637822396889e-04
1.560000000000000275e+00 7.123267479846521859e-04
1.561697497279652014e+00 8.220900590243912075e-04
1.563398692810457957e+00 8.280119526962805053e-04
1.565103598691385045e+00 7.175581871113278186e-04
1.566812227074235953e+00 7.870432826469767528e-04
1.568524590163934418e+00 8.756605031281241257e-04
1.570240700218818564e+00 7.579109711291485453e-04
1.571960569550931330e+00 7.361571281363881976e-04
1.573684210526316241e+00 8.797521488200380282e-04
1.575411635565313162e+00 8.222197592740297266e-04
1.577142857142857402e+00 6.943578999452809956e-04
1.578877887788779244e+00 8.179516936824389938e-04
1.580616740088105932e+00 8.720324408792428511e-04
1.582359426681367420e+00 6.868116221334878008e-04
1.584105960264900803e+00 7.049621413680400538e-04
1.585856353591160284e+00 8.692857434429130488e-04
1.587610619469026929e+00 7.288451559136295468e-04
1.589368770764119532e+00 5.864733241967385810e-04
1.591130820399113466e+00 7.693570783677267230e-04
1.592896781354051328e+00 7.713960609222754016e-04
1.594666666666667121e+00 4.929460091592667353e-04
1.596440489432703336e+00 5.299040646162923385e-04
1.598218262806236467e+00 6.920145601885778356e-04
1.600000000000000089e+00 4.350820520922214795e-04
