9.600000000000000755e-01 7.008230783082544343e-05
9.609452540370225782e-01 1.699823400790195918e-05
9.618923713778829709e-01 5.131090799396353382e-05
9.628413575374901168e-01 6.028858585700888427e-05
9.637922180525380078e-01 3.353540548405507490e-05
9.647449584816132351e-01 2.312203792216633270e-05
9.656995844053039013e-01 3.199175399502858920e-05
9.666561014263075347e-01 3.798528172876445923e-05
9.676145151695419999e-01 2.409355130515138669e-05
9.685748312822548556e-01 1.537528816625205461e-05
9.695370554341349312e-01 6.099382355456444079e-06
9.705011933174226835e-01 1.331632136850394172e-06
9.714672506470238833e-01 8.029693660732054836e-06
9.724352331606219701e-01 5.025935589835475367e-05
9.734051466187912949e-01 3.218800600670685826e-06
9.743769968051119168e-01 1.680221919270787610e-04
9.753507895262844007e-01 7.559068937344371884e-05
9.763265306122449472e-01 5.524341517200525404e-05
9.773042259162828538e-01 1.670067479959840603e-04
9.782838813151565338e-01 8.393737190411409207e-05
9.792655027092114217e-01 6.918740847941340724e-05
9.802490960224991001e-01 1.663980879839798582e-04
9.812346672028958716e-01 1.376143402959989677e-04
9.822222222222225518e-01 6.881692487500500489e-05
9.832117670763652617e-01 1.109344268453643574e-04
9.842033077853975520e-01 1.875508271973325006e-04
9.851968503937010846e-01 1.233373008779463115e-04
9.861924009700892002e-01 7.662323154343245938e-05
9.871899656079305974e-01 1.346284090071074243e-04
9.881895504252735662e-01 2.675916704077362898e-04
9.891911615649707779e-01 2.386768851990422435e-04
9.901948051948052942e-01 1.095688216660077672e-04
9.912004875076174670e-01 7.362773736752285347e-05
9.922082147214316139e-01 1.617075187790949339e-04
9.932179930795849154e-01 3.002370621538349950e-04
9.942298288508557569e-01 2.528351085167120289e-04
9.952437283295942905e-01 1.077215996582730367e-04
9.962596978358513322e-01 9.125857092509634253e-05
9.972777437155120328e-01 1.808600498533057281e-04
9.982978723404256627e-01 3.582115176318322980e-04
9.993200901085398380e-01 3.660940823762607829e-04
1.000344403444034524e+00 2.033298407679347969e-04
1.001370818797455486e+00 1.007543514956331550e-04
1.002399342645850622e+00 1.187589978523021742e-04
1.003429981492905743e+00 2.489297873948655105e-04
1.004462741869081910e+00 3.654682248926227313e-04
1.005497630331753545e+00 2.790050282190997214e-04
1.006534653465346540e+00 1.484067083866870255e-04
1.007573817881478595e+00 1.183642225333670121e-04
1.008615130219099099e+00 1.895538914946491994e-04
1.009658597144630798e+00 3.479281582563624486e-04
1.010704225352112795e+00 4.309650026467720207e-04
1.011752021563342430e+00 3.229005397766930032e-04
1.012801992528020056e+00 1.661729261051991141e-04
1.013854145023893816e+00 1.123871229453028708e-04
1.014908485856905296e+00 1.493950940500398121e-04
1.015965021861336970e+00 2.645768261219919775e-04
1.017023759899958524e+00 3.264853635916141212e-04
1.018084706864177180e+00 2.577538745934352142e-04
1.019147869674185802e+00 1.582446070237400145e-04
1.020213255279113662e+00 1.307554619189701462e-04
1.021280870657178985e+00 1.808564932686904515e-04
1.022350722815839275e+00 2.894030510930644382e-04
1.023422818791946520e+00 3.672742529044603480e-04
1.024497165651900188e+00 3.085932928828545975e-04
1.025573770491803316e+00 2.115017094750316277e-04
1.026652640437618391e+00 1.827331526735504245e-04
1.027733782645324334e+00 2.418221542156717707e-04
1.028817204301075261e+00 3.508123746318624124e-04
1.029902912621359246e+00 4.349637195190489587e-04
1.030990914853158635e+00 3.978643164002588009e-04
1.032081218274111922e+00 3.195463966916401821e-04
1.033173830192674503e+00 2.802219463454924610e-04
1.034268757948283213e+00 3.225265279111880256e-04
1.035366008911521529e+00 4.026720494011756107e-04
1.036465590484282329e+00 4.873916897281101797e-04
1.037567510099936419e+00 4.904463933797465966e-04
1.038671775223499516e+00 4.675309015345430544e-04
1.039778393351800778e+00 4.550781139530223475e-04
1.040887372013652001e+00 4.700972309231300056e-04
1.041998718770019483e+00 4.631762168256445549e-04
1.043112441214194108e+00 4.425426046139011873e-04
1.044228546971966543e+00 3.815925390196798985e-04
1.045347043701799539e+00 3.024981127472915407e-04
1.046467939095003130e+00 1.972081663146289386e-04
1.047591240875912488e+00 1.029496798769212338e-04
1.048716956802063338e+00 3.322001709145237558e-05
1.049845094664372036e+00 8.038130988973567312e-06
1.050975662287314316e+00 1.966953905251112180e-05
1.052108667529107366e+00 4.472728295652171886e-05
1.053244118281891017e+00 5.966780988203044736e-05
1.054382022471910263e+00 5.108526122939059330e-05
1.055522388059701555e+00 4.813495849535813297e-05
1.056665223040277102e+00 5.966986958706424249e-05
1.057810535443312494e+00 9.742764010553952409e-05
1.058958333333333446e+00 1.431342935265360057e-04
1.060108624809906530e+00 1.789051868606749730e-04
1.061261418007829471e+00 1.738164660463915867e-04
1.062416721097321881e+00 1.600727161055486198e-04
1.063574542284219548e+00 1.685325520396039895e-04
1.064734889810167839e+00 2.195838763868012116e-04
1.065897771952817985e+00 3.123492699921731641e-04
1.067063197026022259e+00 4.120163089782579845e-04
1.068231173380035148e+00 4.732249590737588950e-04
1.069401709401709422e+00 4.583558455089977476e-04
1.070574813514699297e+00 4.440060734195592140e-04
1.071750494179661839e+00 4.832091191981453468e-04
1.072928759894459239e+00 6.386867003675698916e-04
1.074109619194365095e+00 8.636333144147352852e-04
1.075293080652269806e+00 1.086697023560915555e-03
1.076479152878888401e+00 1.144068318216841153e-03
1.077667844522968377e+00 1.104631646395004161e-03
1.078859164271501525e+00 1.050525767493971224e-03
1.080053120849933546e+00 1.147151126291042194e-03
1.081249723022379650e+00 1.398291220836707502e-03
1.082448979591836835e+00 1.775734711609122923e-03
1.083650899400399936e+00 2.015003969339747812e-03
1.084855491329479893e+00 2.000675824593176663e-03
1.086062764300022243e+00 1.816636308104964230e-03
1.087272727272727169e+00 1.744674189286480898e-03
1.088485389248271318e+00 1.893279254974280937e-03
1.089700759267530294e+00 2.258458885267493940e-03
1.090918846411804255e+00 2.645236284099252398e-03
1.092139659803043950e+00 2.808795396150956872e-03
1.093363208604078096e+00 2.665200511978159468e-03
1.094589502018842531e+00 2.392790254472169139e-03
1.095818549292611799e+00 2.300005304474223109e-03
1.097050359712230305e+00 2.485841594520346934e-03
1.098284942606347236e+00 2.925621596827222837e-03
1.099522307345651262e+00 3.307217510526275651e-03
1.100762463343108566e+00 3.463316870729210226e-03
1.102005420054200657e+00 3.335405884613895210e-03
1.103251186977165066e+00 3.253443612403686749e-03
1.104499773653236705e+00 3.325640116441536467e-03
1.105751189666893231e+00 3.685295013838636290e-03
1.107005444646098180e+00 4.114136066181955757e-03
1.108262548262548330e+00 4.464052542646723166e-03
1.109522510231923720e+00 4.457221882479436674e-03
1.110785340314136116e+00 4.358962294567198838e-03
1.112051048313582591e+00 4.400890740622814129e-03
1.113319644079397763e+00 4.800981976889178229e-03
1.114591137505710483e+00 5.413550955865980598e-03
1.115865538531900292e+00 6.030557795008178838e-03
1.117142857142857215e+00 6.341460708469804676e-03
1.118423103369241334e+00 6.330384459863567029e-03
1.119706287287746793e+00 6.297447965244193022e-03
1.120992419021364483e+00 6.537483976680066866e-03
1.122281508739650713e+00 7.233623182640018349e-03
1.123573566658991663e+00 8.144733751170656413e-03
1.124868603042876947e+00 8.971885740882180882e-03
1.126166628202169395e+00 9.378006961434617178e-03
1.127467652495378836e+00 9.835812638756349230e-03
1.128771686328938095e+00 1.061093417431264660e-02
1.130078740157480333e+00 1.212965550573254399e-02
1.131388824484118150e+00 1.411592544039012333e-02
1.132701949860724255e+00 1.635014303221527660e-02
1.134018126888217459e+00 1.814608736071508452e-02
1.135337366216845112e+00 2.003101006813487461e-02
1.136659678546471097e+00 2.275388176372258875e-02
1.137985074626865822e+00 2.749799876711385427e-02
1.139313565257996652e+00 3.430072144949709162e-02
1.140645161290322562e+00 4.234495513274726813e-02
1.141979873625087905e+00 5.037937691642330185e-02
1.143317713214620390e+00 5.907491196591913712e-02
1.144658691062631961e+00 7.018888223418201511e-02
1.146002818224518771e+00 8.540401125366781088e-02
1.147350105807665166e+00 1.045114867935352243e-01
1.148700564971751437e+00 1.240852899432060563e-01
1.150054206929059575e+00 1.419522293207907404e-01
1.151411042944785246e+00 1.608341466492827498e-01
1.152771084337349539e+00 1.858796767113965742e-01
1.154134342478713604e+00 2.168717605513277302e-01
1.155500828794695956e+00 2.468704232561129974e-01
1.156870554765291548e+00 2.682650907603998935e-01
1.158243531924994185e+00 2.838742817090632586e-01
1.159619771863117821e+00 2.969943026980828571e-01
1.160999286224125626e+00 3.045028439368563378e-01
1.162382086707956175e+00 2.961487368033816070e-01
1.163768185070355399e+00 2.728919033624764845e-01
1.165157593123209212e+00 2.450705560311020326e-01
1.166550322734879463e+00 2.147661261718118164e-01
1.167946385830540779e+00 1.757969351166102090e-01
1.169345794392523397e+00 1.343122345133426765e-01
1.170748560460652454e+00 9.851492144789930627e-02
1.172154696132596818e+00 6.869734590476234137e-02
1.173564213564213699e+00 4.487760815463800318e-02
1.174977124969901476e+00 2.889476779116181143e-02
1.176393442622950980e+00 1.848974697995165589e-02
1.177813178855901421e+00 1.195624848696377057e-02
1.179236346060898999e+00 7.779589780280204113e-03
1.180662956690055498e+00 5.614807281803069899e-03
1.182093023255814002e+00 4.473052505148537514e-03
1.183526558331312151e+00 3.945378800084041807e-03
1.184963574550752741e+00 3.556950360305058921e-03
1.186404084609773868e+00 3.340891173142851098e-03
1.187848101265822853e+00 3.158462401785786400e-03
1.189295637338533052e+00 3.052832296023119760e-03
1.190746705710102660e+00 2.981468293016898644e-03
1.192201319325677966e+00 2.901247864741913519e-03
1.193659491193737932e+00 2.885162187454924556e-03
1.195121234386480547e+00 2.860689388767575451e-03
1.196586562040215851e+00 2.991966942889659128e-03
1.198055487355757620e+00 3.122055756611058410e-03
1.199528023598820159e+00 3.410967435338421987e-03
1.201004184100418648e+00 3.613984639131302343e-03
1.202483982257269490e+00 3.902671449200411594e-03
1.203967431532198429e+00 4.069518576521263288e-03
1.205454545454545556e+00 4.326782541865072280e-03
1.206945337620578762e+00 4.502315847629068286e-03
1.208439821693907845e+00 4.733554104120815328e-03
1.209938011405901515e+00 4.893741360803934536e-03
1.211439920556107275e+00 5.083672023498234625e-03
1.212945563012677086e+00 5.311848409477200501e-03
1.214454952712792579e+00 5.591253061313555817e-03
1.215968103663094935e+00 5.968500429138235211e-03
1.217485029940119867e+00 6.250733722314869879e-03
1.219005745690732168e+00 6.529549030720446963e-03
1.220530265132566683e+00 6.564323154994537550e-03
1.222058602554470630e+00 6.665695880447118117e-03
1.223590772316951014e+00 6.591664886689336221e-03
1.225126788852623605e+00 6.696242798639196261e-03
1.226666666666666572e+00 6.607973657382686106e-03
1.228210420337276787e+00 6.694871537358173391e-03
1.229758064516129235e+00 6.594328736841140182e-03
1.231309613928841751e+00 6.723190127562267589e-03
1.232865083375442206e+00 6.710926130383155531e-03
1.234424487730837461e+00 6.857913064284768684e-03
1.235987841945288768e+00 6.755009398426907105e-03
1.237555161044889829e+00 6.650816671876920785e-03
1.239126460132046859e+00 6.343711606112310657e-03
1.240701754385964861e+00 6.110200193558670487e-03
1.242281059063136350e+00 5.877242921353368135e-03
1.243864389497833622e+00 5.709761880587788281e-03
1.245451761102603694e+00 5.589453495508352535e-03
1.247043189368770788e+00 5.416604821889993773e-03
1.248638689866939711e+00 5.346523787387683427e-03
1.250238278247501889e+00 5.173929229333662158e-03
1.251841970241149182e+00 5.170292692878650231e-03
1.253449781659388362e+00 4.960912410985372951e-03
1.255061728395061582e+00 4.893033282918972729e-03
1.256677826422868849e+00 4.549507480313732741e-03
1.258298091799896934e+00 4.422956410458104594e-03
1.259922540666150281e+00 4.109133506915077678e-03
1.261551189245088134e+00 4.085083903420039068e-03
1.263184053844162547e+00 3.894199394495260775e-03
1.264821150855365506e+00 3.924778869013119571e-03
1.266462496755774714e+00 3.768736782694823411e-03
1.268108108108108034e+00 3.760759350649806303e-03
1.269758001561280603e+00 3.625751512656530482e-03
1.271412193850964378e+00 3.576554578934289848e-03
1.273070701800156579e+00 3.453030932803510811e-03
1.274733542319749446e+00 3.306837614570568885e-03
1.276400732409102901e+00 3.164656561880939412e-03
1.278072289156626518e+00 2.959894860662206240e-03
1.279748229740361953e+00 2.901755022022698121e-03
1.281428571428571361e+00 2.733921396943608893e-03
1.283113331580331362e+00 2.777116653166426374e-03
1.284802527646129677e+00 2.595888875161731901e-03
1.286496177168468424e+00 2.637007473830334583e-03
1.288194297782470965e+00 2.391659924097711953e-03
1.289896907216495192e+00 2.411414836941233944e-03
1.291604023292747483e+00 2.148596058424660522e-03
1.293315663927908865e+00 2.154527169624418943e-03
1.295031847133757852e+00 1.892227613998576606e-03
1.296752591017805045e+00 1.872750235629763380e-03
1.298477913783927740e+00 1.656622186632740034e-03
1.300207833733013629e+00 1.642601479167013403e-03
1.301942369263607180e+00 1.513925745414814892e-03
1.303681538872562218e+00 1.485119663414416523e-03
1.305425361155698294e+00 1.403678982392240473e-03
1.307173854808465041e+00 1.303634726310384144e-03
1.308927038626609418e+00 1.246250651412452587e-03
1.310684931506849615e+00 1.087874476462636882e-03
1.312447552447552512e+00 1.082680281845476572e-03
1.314214920549421128e+00 8.906606071083160263e-04
1.315987055016181184e+00 9.326425438975227428e-04
1.317763975155279654e+00 7.145947132011864046e-04
1.319545700378583097e+00 7.941176104189712290e-04
1.321332250203086867e+00 5.724637420138189298e-04
1.323123644251626763e+00 6.773887476989959387e-04
1.324919902253597792e+00 4.572848287397179314e-04
1.326721044045677145e+00 5.514960438738631537e-04
1.328527089572556497e+00 3.361625003085176350e-04
1.330338058887677199e+00 4.025774727109926281e-04
1.332153972153972132e+00 2.240032378487569014e-04
1.333974849644614435e+00 2.629660602201886474e-04
1.335800711743772240e+00 1.369885234769003331e-04
1.337631578947368283e+00 1.421044658725905253e-04
1.339467471863848624e+00 6.633373759418266145e-05
1.341308411214953367e+00 5.261178879548076415e-05
1.343154417836498693e+00 1.279815345852297007e-04
1.345005512679162019e+00 2.877021961011881759e-05
1.346861716809274023e+00 2.041227456558464162e-04
1.348723051409618456e+00 3.350475825224064974e-04
1.350589537780237936e+00 4.458151373617765347e-04
1.352461197339245969e+00 4.179938002453182852e-03
1.354338051623646955e+00 8.820763997569496320e-03
1.356220122290161312e+00 5.457534909852082561e-03
1.358107431116059027e+00 4.481936428729015563e-03
1.359999999999999876e+00 1.970341034725881652e-02
