1.240000000000000213e+00 4.023003465866833105e-04
1.241012327536942017e+00 4.290997655167359988e-04
1.242026309338998713e+00 4.081227466841495354e-04
1.243041949464388063e+00 3.417248292510455536e-04
1.244059251984614312e+00 3.118811453435316617e-04
1.245078220984519923e+00 3.299825918284130313e-04
1.246098860562341537e+00 3.441318953449372582e-04
1.247121174829764811e+00 3.720001479998364421e-04
1.248145167911979936e+00 4.258054982192962970e-04
1.249170843947736254e+00 4.428198994941471927e-04
1.250198207089398883e+00 4.179709935600872694e-04
1.251227261503004451e+00 4.067700896842316497e-04
1.252258011368317270e+00 3.937308067530441566e-04
1.253290460878885737e+00 3.566179361952707115e-04
1.254324614242099400e+00 3.454345334741119313e-04
1.255360475679247134e+00 3.664962256237981912e-04
1.256398049425572649e+00 3.733507092873897758e-04
1.257437339730333559e+00 3.858476701922110069e-04
1.258478350856859329e+00 4.270912960026866027e-04
1.259521087082608570e+00 4.464659160485860007e-04
1.260565552699228986e+00 4.339519901600143842e-04
1.261611752012615773e+00 4.334589973786774869e-04
1.262659689342968905e+00 4.257958051452054695e-04
1.263709369024856866e+00 3.857373318373726674e-04
1.264760795407271932e+00 3.594412610998827659e-04
1.265813972853693237e+00 3.579837482028907342e-04
1.266868905742145612e+00 3.426871420632538411e-04
1.267925598465259984e+00 3.347315828630821307e-04
1.268984055430336877e+00 3.601781903871313596e-04
1.270044281059403701e+00 3.777283179481859265e-04
1.271106279789280258e+00 3.801000365960186108e-04
1.272170056071637800e+00 4.027379478982070463e-04
1.273235614373063207e+00 4.196851230439774499e-04
1.274302959175119598e+00 4.051525378441577061e-04
1.275372094974410953e+00 4.024510548051972317e-04
1.276443026282643611e+00 4.189995153447081283e-04
1.277515757626691562e+00 4.206902317875839577e-04
1.278590293548658829e+00 4.356800823367113179e-04
1.279666638605943652e+00 4.871031562472973421e-04
1.280744797371303534e+00 5.247897900809648511e-04
1.281824774432920311e+00 5.362265540409121055e-04
1.282906574394463872e+00 5.532480761395547298e-04
1.283990201875158776e+00 5.476482406898613509e-04
1.285075661509849088e+00 5.003952461808064758e-04
1.286162957949065433e+00 4.672797162928554564e-04
1.287252095859090728e+00 4.625057386996335711e-04
1.288343079922027457e+00 4.533441709446161573e-04
1.289435914835864061e+00 4.683657019472381748e-04
1.290530605314543111e+00 5.281671528913877691e-04
1.291627156088027917e+00 5.802210856005666877e-04
1.292725571902373138e+00 6.138857301228751312e-04
1.293825857519789180e+00 6.587599784706842229e-04
1.294928017718715463e+00 6.772023971694583581e-04
1.296032057293887263e+00 6.452072537060129761e-04
1.297137981056404321e+00 6.194628804064084612e-04
1.298245793833803230e+00 6.123579794455178598e-04
1.299355500470125824e+00 5.916771069890808775e-04
1.300467105825990677e+00 5.937316832234686972e-04
1.301580614778662826e+00 6.435931737985431866e-04
1.302696032222127043e+00 6.883110053430930913e-04
1.303813363067158670e+00 7.213273518018246651e-04
1.304932612241394452e+00 7.754428854120651651e-04
1.306053784689406694e+00 8.080291364869509035e-04
1.307176885372775210e+00 7.910275730950991823e-04
1.308301919270161262e+00 7.800770706500517867e-04
1.309428891377379944e+00 7.814032364107743791e-04
1.310557806707475015e+00 7.589590777795685072e-04
1.311688670290793279e+00 7.554069340364125834e-04
1.312821487175058532e+00 8.006603761621717457e-04
1.313956262425447497e+00 8.416871848427630916e-04
1.315093001124665095e+00 8.777304058859717109e-04
1.316231708373019504e+00 9.471150874851683079e-04
1.317372389288500090e+00 1.001356623143305957e-03
1.318515049006852458e+00 1.005471469952182173e-03
1.319659692681656393e+00 1.013909270867897894e-03
1.320806325484403798e+00 1.027546758457863196e-03
1.321954952604574407e+00 1.003806980967818794e-03
1.323105579249717279e+00 9.890643664979318316e-04
1.324258210645526734e+00 1.018793840722497955e-03
1.325412852035923184e+00 1.036993900947096167e-03
1.326569508683131504e+00 1.041456051076600697e-03
1.327728185867761646e+00 1.077058160280932285e-03
1.328888888888889008e+00 1.097837057705718837e-03
1.330051623064135269e+00 1.061733550966534149e-03
1.331216393729748759e+00 1.018347905949075699e-03
1.332383206240687290e+00 9.705109297995617289e-04
1.333552065970699418e+00 8.721891205788573310e-04
1.334722978312407049e+00 7.614638561136322266e-04
1.335895948677388478e+00 6.809131365358319071e-04
1.337070982496262106e+00 5.926507224710036081e-04
1.338248085218769479e+00 4.957814944057975948e-04
1.339427262313860778e+00 4.320691115173312170e-04
1.340608519269776977e+00 3.776962951856823315e-04
1.341791861594139101e+00 3.075361794347244212e-04
1.342977294814029943e+00 2.537106982988462456e-04
1.344164824476081543e+00 2.140163536851133474e-04
1.345354456146562017e+00 1.641348517301837752e-04
1.346546195411462588e+00 1.298741988304054113e-04
1.347740047876585079e+00 1.223432368516468472e-04
1.348936019167628286e+00 1.214412261963362298e-04
1.350134114930278351e+00 1.472655274965481442e-04
1.351334340830296243e+00 2.112558299309321471e-04
1.352536702553608361e+00 2.852282494252646769e-04
1.353741205806394454e+00 3.849003138522844709e-04
1.354947856315179777e+00 5.289466292685241974e-04
1.356156659826925015e+00 6.737482003202424369e-04
1.357367622109117322e+00 8.207295234242184328e-04
1.358580748949861805e+00 1.012918958322548508e-03
1.359796046157975002e+00 1.209977361836950694e-03
1.361013519563076812e+00 1.388948337909668655e-03
1.362233175015682640e+00 1.622602293463698770e-03
1.363455018387299544e+00 1.903908247097169711e-03
1.364679055570518162e+00 2.172613024027377198e-03
1.365905292479109079e+00 2.495202826563116746e-03
1.367133735048116083e+00 2.905225175231132117e-03
1.368364389233954537e+00 3.298195231562578867e-03
1.369597261014505962e+00 3.682727664386054207e-03
1.370832356389214857e+00 4.139590216053369923e-03
1.372069681379186168e+00 4.575002385875975158e-03
1.373309242027283661e+00 4.939140969720486919e-03
1.374551044398228061e+00 5.371126521668637480e-03
1.375795094578695199e+00 5.867275901932941448e-03
1.377041398677416595e+00 6.330512634013562949e-03
1.378289962825278936e+00 6.894129183168456673e-03
1.379540793175424662e+00 7.643334659748537811e-03
1.380793895903352109e+00 8.421681271070654076e-03
1.382049277207018756e+00 9.249370574422694988e-03
1.383306943306943593e+00 1.026261479172913341e-02
1.384566900446306814e+00 1.130296470396761205e-02
1.385829154891056625e+00 1.227416639674881911e-02
1.387093712930012268e+00 1.339613399802120144e-02
1.388360580874965944e+00 1.467318097396076715e-02
1.389629765060792055e+00 1.596454670209141585e-02
1.390901271845548681e+00 1.751432092559373002e-02
1.392175107610587270e+00 1.950507477604991949e-02
1.393451278760656553e+00 2.172129828070193044e-02
1.394729791724011791e+00 2.422261913362162150e-02
1.396010652952520914e+00 2.725965449411186028e-02
1.397293868921776205e+00 3.057244097805710686e-02
1.398579446131199333e+00 3.394879405474501843e-02
1.399867391104153702e+00 3.769777526418393448e-02
1.401157710388054367e+00 4.179542111572438767e-02
1.402450410554479499e+00 4.596589649714947351e-02
1.403745498199280073e+00 5.063991394441950955e-02
1.405042979942693782e+00 5.627687560318516552e-02
1.406342862429457163e+00 6.265266930658530686e-02
1.407645152328919735e+00 6.993264650197690557e-02
1.408949856335156570e+00 7.867079372518602509e-02
1.410256981167084200e+00 8.850327114428198361e-02
1.411566533568576531e+00 9.889609821057385175e-02
1.412878520308578967e+00 1.102016875406946900e-01
1.414192948181226317e+00 1.223372674911653302e-01
1.415509824005959816e+00 1.345948612219628748e-01
1.416829154627645027e+00 1.474235184666624066e-01
1.418150946916690192e+00 1.617043585263585048e-01
1.419475207769166580e+00 1.771226310998222087e-01
1.420801944106925951e+00 1.936711648385045503e-01
1.422131162877725119e+00 2.122894458381869576e-01
1.423462871055342749e+00 2.325598394048385142e-01
1.424797075639703925e+00 2.531051955813805043e-01
1.426133783657003606e+00 2.739305125859111678e-01
1.427473002159827420e+00 2.950707175434686413e-01
1.428814738227277337e+00 3.154006427982695149e-01
1.430158998965095574e+00 3.353077887996990802e-01
1.431505791505791825e+00 3.566377213680496094e-01
1.432855123008766496e+00 3.792324061612720176e-01
1.434207000660439935e+00 4.016989165924019778e-01
1.435561431674379218e+00 4.236565738210947285e-01
1.436918423291426716e+00 4.433191538438787660e-01
1.438277982779828212e+00 4.568320707347792720e-01
1.439640117435363686e+00 4.625749941328539117e-01
1.441004834581476990e+00 4.615980045921369013e-01
1.442372141569409294e+00 4.542853800235423511e-01
1.443742045778326766e+00 4.414584388653141067e-01
1.445114554615458013e+00 4.258073333826459250e-01
1.446489675516224649e+00 4.082140405844099651e-01
1.447867415944375846e+00 3.868451516145622882e-01
1.449247783392125344e+00 3.613112856427067032e-01
1.450630785380284449e+00 3.328552724879509928e-01
1.452016429458401037e+00 3.017037118935247397e-01
1.453404723204895888e+00 2.687186240178360830e-01
1.454795674227199243e+00 2.364999532576893548e-01
1.456189290161892913e+00 2.061030620356686105e-01
1.457585578674849280e+00 1.767639644537590260e-01
1.458984547461368741e+00 1.491278774974460763e-01
1.460386204246325592e+00 1.245694286358399322e-01
1.461790556784306361e+00 1.030441314223537047e-01
1.463197612859755914e+00 8.459475345936949553e-02
1.464607380287118454e+00 7.000933101547444914e-02
1.466019866910984959e+00 5.885776903032428203e-02
1.467435080606236397e+00 5.000720605533027358e-02
1.468853029278191391e+00 4.330448470711514147e-02
1.470273720862753208e+00 3.846741430749687357e-02
1.471697163326556312e+00 3.449510110519594941e-02
1.473123364667119128e+00 3.116173809110719256e-02
1.474552332912989039e+00 2.868607034229080782e-02
1.475984076123895594e+00 2.654840583591287426e-02
1.477418602390903057e+00 2.448037313337330864e-02
1.478855919836560284e+00 2.288833215437710566e-02
1.480296036615055266e+00 2.160865723552662931e-02
1.481738960912370118e+00 2.025135569869855948e-02
1.483184700946434065e+00 1.912924057998287297e-02
1.484633264967281985e+00 1.832283634371539502e-02
1.486084661257210282e+00 1.737935704360108954e-02
1.487538898130932985e+00 1.640691632197478073e-02
1.488995983935743173e+00 1.568604982932373521e-02
1.490455927051671958e+00 1.487574066987632296e-02
1.491918735891648140e+00 1.389697460386643720e-02
1.493384418901660515e+00 1.314027874277549045e-02
1.494852984560920417e+00 1.247062182631372869e-02
1.496324441382026027e+00 1.163600028566354715e-02
1.497798797911124691e+00 1.095477964567606946e-02
1.499276062728079895e+00 1.048059979834805970e-02
1.500756244446638465e+00 9.867170771726952935e-03
1.502239351714596438e+00 9.266043027817191108e-03
1.503725393213968031e+00 8.895637147599432318e-03
1.505214377661154845e+00 8.453250460457537377e-03
1.506706313807117059e+00 7.909902279638770378e-03
1.508201210437543738e+00 7.573079892229630378e-03
1.509699076373026250e+00 7.271875297726441284e-03
1.511199920469231683e+00 6.811789601068416779e-03
1.512703751617076708e+00 6.472901394785773171e-03
1.514210578742902991e+00 6.249522889812079464e-03
1.515720410808655050e+00 5.854967349788328494e-03
1.517233256812057451e+00 5.462471924180392797e-03
1.518749125786792220e+00 5.232122981042379786e-03
1.520268026802680472e+00 4.897250470887289792e-03
1.521789968965862494e+00 4.486410896329492103e-03
1.523314961418980040e+00 4.256186256722718081e-03
1.524843013341358633e+00 4.030771731116876942e-03
1.526374133949191858e+00 3.688901489311380115e-03
1.527908332495728327e+00 3.483856012115422833e-03
1.529445618271455976e+00 3.364241700669862861e-03
1.530986000604291020e+00 3.111614289180472497e-03
1.532529488859764033e+00 2.911584884548089770e-03
1.534076092441215344e+00 2.844999473994185013e-03
1.535625820789978890e+00 2.671566876418773277e-03
1.537178683385580058e+00 2.470662448962666728e-03
1.538734689745925976e+00 2.423073484349687074e-03
1.540293849427500472e+00 2.328668868476617328e-03
1.541856172025560801e+00 2.144315319504530842e-03
1.543421667174332601e+00 2.093717393898966977e-03
1.544990344547210182e+00 2.063200845822059804e-03
1.546562213856954138e+00 1.905912799093619457e-03
1.548137284855892082e+00 1.833340353674375953e-03
1.549715567336120037e+00 1.845649656133842992e-03
1.551297071129707161e+00 1.734373299690927881e-03
1.552881806108898033e+00 1.648265400728608603e-03
1.554469782186317817e+00 1.696416160071640257e-03
1.556061009315180987e+00 1.654766333549930954e-03
1.557655497489497165e+00 1.571378150068669308e-03
1.559253256744281835e+00 1.638912931777010982e-03
1.560854297155765735e+00 1.667479331075997053e-03
1.562458628841607577e+00 1.587498971513066079e-03
1.564066261961107429e+00 1.639106159543561071e-03
1.565677206715418990e+00 1.720152550314514193e-03
1.567291473347768083e+00 1.648607620841348667e-03
1.568909072143668260e+00 1.656969877571048055e-03
1.570530013431139738e+00 1.772571849687383082e-03
1.572154307580929222e+00 1.732442533745954388e-03
1.573781965006729733e+00 1.690163599722966552e-03
1.575412996165405977e+00 1.814297594685201995e-03
1.577047411557215728e+00 1.824966898466939217e-03
1.578685221726036314e+00 1.736305329176439849e-03
1.580326437259590433e+00 1.832925393089074534e-03
1.581971068789676416e+00 1.905550647900716146e-03
1.583619126992395154e+00 1.800634842341268960e-03
1.585270622588382805e+00 1.848564475881425652e-03
1.586925566343042160e+00 1.988965583694054119e-03
1.588583969066778234e+00 1.915135051971778761e-03
1.590245841615232081e+00 1.900693127306122415e-03
1.591911194889517489e+00 2.082360666422909592e-03
1.593580039836461015e+00 2.069728247039189731e-03
1.595252387448840681e+00 1.973976117860908215e-03
1.596928248765627112e+00 2.130391645870583720e-03
1.598607634872226457e+00 2.190822592671864098e-03
1.600290556900726635e+00 2.027914955852963205e-03
1.601977026030140472e+00 2.097655200069800056e-03
1.603667053486655059e+00 2.235427271757099363e-03
1.605360650543880219e+00 2.067919689773608984e-03
1.607057828523099863e+00 2.018475280036214313e-03
1.608758598793523342e+00 2.205041016015844933e-03
1.610462972772539914e+00 2.100236448459037817e-03
1.612170961925973200e+00 1.926099665863343106e-03
1.613882577768340987e+00 2.097662530160404864e-03
1.615597831863109901e+00 2.107755452750479687e-03
1.617316735822959872e+00 1.850555705401947830e-03
1.619039301310043699e+00 1.937733863533596486e-03
1.620765540036251506e+00 2.081406032800762161e-03
1.622495463763475865e+00 1.815182228534733275e-03
1.624229084303878690e+00 1.747293763298670387e-03
1.625966413520163023e+00 1.975030290386811400e-03
1.627707463325838377e+00 1.778222351886546903e-03
1.629452245685497402e+00 1.512305443498112179e-03
1.631200772615087891e+00 1.715488766148580597e-03
1.632953056182189666e+00 1.664635525552766917e-03
1.634709108506291253e+00 1.251015959431371442e-03
1.636468941759070317e+00 1.314846263640748062e-03
1.638232568164673220e+00 1.439681835366511588e-03
1.640000000000000346e+00 1.003854655883213397e-03
