9.400000000000000577e-01 3.230122173364515192e-05
9.409393893968921452e-01 3.472040146672860809e-05
9.418806582303805852e-01 2.832615004800823487e-05
9.428238121463976551e-01 2.306848923796023647e-05
9.437688568135116363e-01 2.046803855325306627e-05
9.447157979230422775e-01 6.816052459940218719e-06
9.456646411891730386e-01 2.036262870577630561e-05
9.466153923490674416e-01 1.332320803700394041e-05
9.475680571629848670e-01 1.358151400958120331e-06
9.485226414143957951e-01 3.422269851472018517e-05
9.494791509100992677e-01 1.166687768762424154e-04
9.504375914803412373e-01 1.949296436808460747e-05
9.513979689789319183e-01 4.024359041912560530e-05
9.523602892833662459e-01 4.953391029709957525e-05
9.533245582949424479e-01 5.304105326220840772e-05
9.542907819388841695e-01 1.885295357745579289e-05
9.552589661644599328e-01 4.896432894082945714e-05
9.562291169451074824e-01 8.903046169769534060e-05
9.572012402785543550e-01 1.443041773653076548e-04
9.581753421869436682e-01 5.292811120920879885e-05
9.591514287169560227e-01 5.956181686557615014e-06
9.601295059399379550e-01 9.175909163245242285e-06
9.611095799520238403e-01 4.414286154158858434e-05
9.620916568742655661e-01 7.142791157836528846e-05
9.630757428527590980e-01 3.110663499080173756e-05
9.640618440587722660e-01 3.613693633599016856e-05
9.650499666888742167e-01 1.114691641204195517e-04
9.660401169650644215e-01 2.609756762032383560e-04
9.670323011349047926e-01 2.284618334948318084e-04
9.680265254716495793e-01 9.442720274821359938e-05
9.690227962743785950e-01 7.536576121983966565e-05
9.700211198681296665e-01 1.553531531585172830e-04
9.710215026040325270e-01 3.540361760029376572e-04
9.720239508594434863e-01 3.651305345576972834e-04
9.730284710380820989e-01 1.621313662615291452e-04
9.740350695701649464e-01 8.650554348983760641e-05
9.750437529125459690e-01 1.192589299594275687e-04
9.760545275488521355e-01 2.882097264168695188e-04
9.770673999896229978e-01 4.057295326599483936e-04
9.780823767724511342e-01 2.691784498644669843e-04
9.790994644621223708e-01 1.073096948263626774e-04
9.801186696507572238e-01 5.279015123291007334e-05
9.811399989579534520e-01 1.096265565415150458e-04
9.821634590309289425e-01 2.635797144168887168e-04
9.831890565446665953e-01 3.369667251961386127e-04
9.842167982020593175e-01 2.059158438903595928e-04
9.852466907340553526e-01 1.028003643515080758e-04
9.862787408998062721e-01 9.553379515339475601e-05
9.873129554868138591e-01 1.905006261081333252e-04
9.883493413110796544e-01 3.507669199998119237e-04
9.893879052172542821e-01 4.199590948517186785e-04
9.904286540787881066e-01 2.944188565023390090e-04
9.914715947980835553e-01 1.661830428526494120e-04
9.925167343066464420e-01 1.550077833594635341e-04
9.935640795652402879e-01 2.539504872905190449e-04
9.946136375640415306e-01 4.179208159371274977e-04
9.956654153227937343e-01 4.581523654880976051e-04
9.967194198909649083e-01 3.276357596933325502e-04
9.977756583479046038e-01 2.110859857707802329e-04
9.988341378030024531e-01 1.834390310450673448e-04
9.998948653958475985e-01 2.537247316232046587e-04
1.000957848296390784e+00 3.883503254892445322e-04
1.002023093705102896e+00 4.666411583511247000e-04
1.003090608853140164e+00 3.666810043187734153e-04
1.004160401002506475e+00 2.308391745961039761e-04
1.005232477446217798e+00 1.707061546958745337e-04
1.006306845508470271e+00 2.125658859965535573e-04
1.007383512544802739e+00 3.315712132494127171e-04
1.008462485942269726e+00 4.343737801963859545e-04
1.009543773119605525e+00 4.138034423486848848e-04
1.010627381527397617e+00 3.137576089135665530e-04
1.011713318648256532e+00 2.413195360007501706e-04
1.012801591996988160e+00 2.607806150829842270e-04
1.013892209120766719e+00 3.795787723523520946e-04
1.014985177599310173e+00 5.226085483381558410e-04
1.016080505045054760e+00 5.639508787384757763e-04
1.017178199103332847e+00 4.744298064044579193e-04
1.018278267452549457e+00 3.860410499942012151e-04
1.019380717804363234e+00 3.687529629986720388e-04
1.020485557903864082e+00 4.465036274227654933e-04
1.021592795529756348e+00 5.741287109747988124e-04
1.022702438494542010e+00 6.746720910928637963e-04
1.023814494644701867e+00 6.847781473446656929e-04
1.024928971860882942e+00 6.584652770909391745e-04
1.026045878058083227e+00 6.176669686750301674e-04
1.027165221185839972e+00 5.402658274186081895e-04
1.028287009228417093e+00 4.213314213952640557e-04
1.029411250204996575e+00 2.826567073266615963e-04
1.030537952169868099e+00 1.657158277484666476e-04
1.031667123212622439e+00 9.235247332532611720e-05
1.032798771458344866e+00 7.209775133758443096e-05
1.033932905067808772e+00 8.548867832246399975e-05
1.035069532237673950e+00 1.144356199559136975e-04
1.036208661200682224e+00 1.441087775302860832e-04
1.037350300225857946e+00 1.921056952516009785e-04
1.038494457618706290e+00 2.484101645979060668e-04
1.039641141721415751e+00 2.767556068371686251e-04
1.040790360913060431e+00 2.744080233388803271e-04
1.041942123609804538e+00 2.491288887312206055e-04
1.043096438265108228e+00 2.355706551656433316e-04
1.044253313369932989e+00 2.420612045651854413e-04
1.045412757452950592e+00 2.762505205411293721e-04
1.046574779080753803e+00 2.965344960155955035e-04
1.047739386858064892e+00 2.853815938832331969e-04
1.048906589427950786e+00 2.397517780844552263e-04
1.050076395472034907e+00 2.028234497842024023e-04
1.051248813710712993e+00 1.850389580537785080e-04
1.052423852903370260e+00 1.865045006561804014e-04
1.053601521848598566e+00 1.948679794023701751e-04
1.054781829384417113e+00 1.869178379548593495e-04
1.055964784388493172e+00 1.624620251234181205e-04
1.057150395778364116e+00 1.284799537241165010e-04
1.058338672511661915e+00 1.156201374220327995e-04
1.059529623586338731e+00 1.232291119508992434e-04
1.060723258040894512e+00 1.558500379056373356e-04
1.061919584954604590e+00 1.914297186182903755e-04
1.063118613447750382e+00 2.158339170625794585e-04
1.064320352681851656e+00 2.379679227786016661e-04
1.065524811859899446e+00 2.762977840653025392e-04
1.066732000226590316e+00 3.596821268060890154e-04
1.067941927068564389e+00 4.828913173765307047e-04
1.069154601714642716e+00 6.635682716767901277e-04
1.070370033536065524e+00 8.551245635017810107e-04
1.071588231946736469e+00 1.056239814636297705e-03
1.072809206403463778e+00 1.254252810464737177e-03
1.074032966406205380e+00 1.501276985155865478e-03
1.075259521498315607e+00 1.809620467977477798e-03
1.076488881266792541e+00 2.181946970709587943e-03
1.077721055342528489e+00 2.563041334395578345e-03
1.078956053400561554e+00 2.830421473657619702e-03
1.080193885160328104e+00 2.923578170496267739e-03
1.081434560385918564e+00 2.888452773118228845e-03
1.082678088886333434e+00 3.000930980463167429e-03
1.083924480515742861e+00 3.376792356946012232e-03
1.085173745173745319e+00 4.051872845732735345e-03
1.086425892805630955e+00 4.725448471602871486e-03
1.087680933402645378e+00 5.152097367381801643e-03
1.088938877002255445e+00 5.203740474715544753e-03
1.090199733688415273e+00 5.199626701448200466e-03
1.091463513591838908e+00 5.380954165723606138e-03
1.092730226890268552e+00 5.890552238925435280e-03
1.093999883808749241e+00 6.644220470760700548e-03
1.095272494619903503e+00 7.273031071017879191e-03
1.096548069644208923e+00 7.466892772261263765e-03
1.097826619250277025e+00 7.332930656530547465e-03
1.099108153855133274e+00 7.445560717184329658e-03
1.100392683924501958e+00 8.037001474350140978e-03
1.101680219973088404e+00 9.231016918084982911e-03
1.102970772564868529e+00 1.056517323966308340e-02
1.104264352313375941e+00 1.157575264731914091e-02
1.105560969881993927e+00 1.195142400422984086e-02
1.106860635984247443e+00 1.220550866038414180e-02
1.108163361384099321e+00 1.303541484644762417e-02
1.109469156896247144e+00 1.496762759087477170e-02
1.110778033386421226e+00 1.782532130736377493e-02
1.112090001771688375e+00 2.058447072568039479e-02
1.113405073020753200e+00 2.268287131878061677e-02
1.114723258154264984e+00 2.438926012670840707e-02
1.116044568245125435e+00 2.699802873089744010e-02
1.117369014418797768e+00 3.130260578995891496e-02
1.118696607853620906e+00 3.772942423942254875e-02
1.120027359781121667e+00 4.501085193976821219e-02
1.121361281486333406e+00 5.190857744645691052e-02
1.122698384308114417e+00 5.854522777601957328e-02
1.124038679639467686e+00 6.787661060340050012e-02
1.125382178927867294e+00 8.271583125608937548e-02
1.126728893675581933e+00 1.029801898027807028e-01
1.128078835440004646e+00 1.248705391533484754e-01
1.129432015833983005e+00 1.442569477798132105e-01
1.130788446526151514e+00 1.628991694023513292e-01
1.132148139241267337e+00 1.871619116482046152e-01
1.133511105760548920e+00 2.228886864163638348e-01
1.134877357922015273e+00 2.655031961870348844e-01
1.136246907620829250e+00 3.009518523555069214e-01
1.137619766809641719e+00 3.181155927543386497e-01
1.138995947498941508e+00 3.273108354129176112e-01
1.140375461757403563e+00 3.400329355262298736e-01
1.141758321712241564e+00 3.525760247756928867e-01
1.143144539549566074e+00 3.499703631056593212e-01
1.144534127514738930e+00 3.305812271327218110e-01
1.145927097912736503e+00 3.024092020219888433e-01
1.147323463108511632e+00 2.689653005509395345e-01
1.148723235527359110e+00 2.244025290297325670e-01
1.150126427655286054e+00 1.746394882157656647e-01
1.151533052039381166e+00 1.301908454025920425e-01
1.152943121288189765e+00 9.234180912665344854e-02
1.154356648072089708e+00 5.999280313199176901e-02
1.155773645123672866e+00 3.682976519034866086e-02
1.157194125238124593e+00 2.237538607045386554e-02
1.158618101273611201e+00 1.420631238058482800e-02
1.160045586151666530e+00 1.020959917508605132e-02
1.161476592857583645e+00 8.076223220002419489e-03
1.162911134440807848e+00 6.882115389925855774e-03
1.164349224015334361e+00 6.036296520863661252e-03
1.165790874760106455e+00 5.479987665242819564e-03
1.167236099919419789e+00 4.981931095122042394e-03
1.168684912803326537e+00 4.572384374428583274e-03
1.170137326788044385e+00 4.218562762721840033e-03
1.171593355316369101e+00 3.896309379176966011e-03
1.173053011898087528e+00 3.619388829070956711e-03
1.174516310110397477e+00 3.272062256235794362e-03
1.175983263598326500e+00 2.976689301105262496e-03
1.177453886075157996e+00 2.666007268948221518e-03
1.178928191322857311e+00 2.489571535233844977e-03
1.180406193192502950e+00 2.343029262676913586e-03
1.181887905604719791e+00 2.276176754790319636e-03
1.183373342550116281e+00 2.207297234478960979e-03
1.184862518089724981e+00 2.138388093840815074e-03
1.186355446355446208e+00 2.097843479038854868e-03
1.187852141550495011e+00 2.038887590453222418e-03
1.189352617949851476e+00 2.038562611539793037e-03
1.190856889900714588e+00 1.985228483135018009e-03
1.192364971822959419e+00 1.998491813595165440e-03
1.193876878209598535e+00 1.993190146357577686e-03
1.195392623627245632e+00 2.089404528774354598e-03
1.196912222716583152e+00 2.221118001361090718e-03
1.198435690192833913e+00 2.403251939311815740e-03
1.199963040846237394e+00 2.601482352306147810e-03
1.201494289542525351e+00 2.745854656259023516e-03
1.203029451223407653e+00 2.930365398761341968e-03
1.204568540907055452e+00 3.048283300829618316e-03
1.206111573688592786e+00 3.254704787192992405e-03
1.207658564740589080e+00 3.368119140331008246e-03
1.209209529313555631e+00 3.561355698388525386e-03
1.210764482736449654e+00 3.698375000225413711e-03
1.212323440417176323e+00 3.945909714675565304e-03
1.213886417843099474e+00 4.215655265975417482e-03
1.215453430581552974e+00 4.503395211451852002e-03
1.217024494280359415e+00 4.753217135571744488e-03
1.218599624668349257e+00 4.842494136793654667e-03
1.220178837555886631e+00 4.940630329517792935e-03
1.221762148835398687e+00 4.909826247830266673e-03
1.223349574481907398e+00 5.016340971378764092e-03
1.224941130553568014e+00 4.984898828238657105e-03
1.226536833192210185e+00 5.078230532766627239e-03
1.228136698623883305e+00 5.043039679752924116e-03
1.229740743159407179e+00 5.141883205455966346e-03
1.231348983194925806e+00 5.189685117651482611e-03
1.232961435212466483e+00 5.255470854826963488e-03
1.234578115780502472e+00 5.225050691635708087e-03
1.236199041554519873e+00 5.035950919617019662e-03
1.237824229277591614e+00 4.868683298713934182e-03
1.239453695780951881e+00 4.598593471946794790e-03
1.241087457984577869e+00 4.529111363781402298e-03
1.242725532897776208e+00 4.330377818049134346e-03
1.244367937619771158e+00 4.318330021682627480e-03
1.246014689340303239e+00 4.134573720796325298e-03
1.247665805340224310e+00 4.111512950019499159e-03
1.249321302992104865e+00 3.980769075200760870e-03
1.250981199760845097e+00 3.919327213500887336e-03
1.252645513204283967e+00 3.782640372262717921e-03
1.254314260973822925e+00 3.570423171563663969e-03
1.255987460815046974e+00 3.416245546762664703e-03
1.257665130568356382e+00 3.169557025378443634e-03
1.259347288169597956e+00 3.143626663070675682e-03
1.261033951650706531e+00 2.965564788107671965e-03
1.262725139140347563e+00 3.013603032056575391e-03
1.264420868864567282e+00 2.839436962970503121e-03
1.266121159147448383e+00 2.845981580047294950e-03
1.267826028411768391e+00 2.685721122680123293e-03
1.269535495179667128e+00 2.628177110662480685e-03
1.271249578073313957e+00 2.497348612677998542e-03
1.272968295815588569e+00 2.324602488315334180e-03
1.274691667230758885e+00 2.225875937980917318e-03
1.276419711245170507e+00 1.993900659177135458e-03
1.278152446887938609e+00 2.002426384946357201e-03
1.279889893291646930e+00 1.780293105981867446e-03
1.281632069693051212e+00 1.842398788630319117e-03
1.283378995433789971e+00 1.593870569080661119e-03
1.285130689961100359e+00 1.599351841923822700e-03
1.286887172828538262e+00 1.355465922481767331e-03
1.288648463696708601e+00 1.288457385352107226e-03
1.290414582333995863e+00 1.119723385112727718e-03
1.292185548617306168e+00 9.611326253839953078e-04
1.293961382532811122e+00 8.910341026741729498e-04
1.295742104176701437e+00 6.473456115321139185e-04
1.297527733755942991e+00 6.869873909391589891e-04
1.299318291589042884e+00 3.822547596457288649e-04
1.301113798106819486e+00 4.769954683691650897e-04
1.302914273853179372e+00 1.390704783552442045e-04
1.304719739485900254e+00 2.150804879496737566e-04
1.306530215777423010e+00 5.823985877198453010e-05
1.308345723615646605e+00 1.184974986068529091e-04
1.310166284004731230e+00 3.829294138384630700e-04
1.311991918065909646e+00 7.711149603837394841e-04
1.313822647038303204e+00 5.263973290555713737e-04
1.315658492279745628e+00 4.359197157477021425e-03
1.317499475267613462e+00 1.467462606240821713e-02
1.319345617599663623e+00 1.285115779651549092e-02
1.321196940994878277e+00 4.524814069752116676e-03
1.323053467294316166e+00 1.426897552177234726e-02
1.324915218461971467e+00 4.091678054693050764e-02
1.326782216585640661e+00 3.563731091977975080e-02
1.328654483877796055e+00 1.551905790448094777e-02
1.330532042676464410e+00 1.012743145984617774e-02
1.332414915446119119e+00 1.553165809688092890e-02
1.334303124778573046e+00 3.197860832975504136e-02
1.336196693393883583e+00 3.512913586436661878e-02
1.338095644141263474e+00 1.980386705843014197e-02
1.340000000000000080e+00 1.569126401825935921e-02
