7.800000000000001377e-01 1.440437202472075669e-06
7.808853073037853587e-01 1.589013015732422869e-06
7.817726265553095466e-01 1.850045221889153674e-06
7.826619646208977654e-01 1.942708011785111445e-06
7.835533283981550579e-01 1.988402104116511393e-06
7.844467248161451911e-01 2.271022201915817429e-06
7.853421608355687367e-01 2.607229823470671301e-06
7.862396434489458130e-01 2.996301027073578817e-06
7.871391796807964969e-01 3.432323917256239312e-06
7.880407765878244541e-01 3.600855612546197797e-06
7.889444412591022360e-01 3.792028693662590755e-06
7.898501808162563531e-01 4.167908157083483768e-06
7.907580024136544594e-01 4.538945347842952080e-06
7.916679132385940898e-01 5.221991145191292757e-06
7.925799205114915091e-01 6.162014440561257913e-06
7.934940314860735588e-01 6.972675531912044029e-06
7.944102534495701695e-01 8.079935090541072310e-06
7.953285937229062075e-01 9.545928736695716020e-06
7.962490596608993165e-01 1.129111681427665154e-05
7.971716586524536519e-01 1.393450918439376150e-05
7.980963981207587210e-01 1.686185630663587947e-05
7.990232855234888909e-01 1.942901339367121222e-05
7.999523283530028950e-01 2.251005933913231147e-05
8.008835341365463378e-01 2.574953242734581699e-05
8.018169104364548661e-01 2.919575021840816961e-05
8.027524648503588933e-01 3.329255335923910581e-05
8.036902050113895468e-01 3.618585225358298627e-05
8.046301385883868340e-01 3.845033443703266626e-05
8.055722732861073654e-01 4.187334823986237227e-05
8.065166168454370732e-01 4.514989357512051119e-05
8.074631770436007105e-01 4.793014903667421365e-05
8.084119616943776787e-01 4.924517037152133448e-05
8.093629786483148569e-01 4.662056913142700838e-05
8.103162357929452053e-01 4.223529684328822243e-05
8.112717410530041473e-01 3.756495680217588143e-05
8.122295023906500600e-01 3.147388267890812303e-05
8.131895278056853194e-01 2.548802111685815756e-05
8.141518253357790114e-01 2.263896924151269477e-05
8.151164030566910856e-01 2.485117143340760009e-05
8.160832690824981750e-01 3.233290522000662034e-05
8.170524315658216352e-01 4.466572668195697239e-05
8.180238986980560290e-01 5.891484420139144206e-05
8.189976787096007182e-01 7.151990937362358086e-05
8.199737798700912350e-01 8.046603764149397829e-05
8.209522104886345373e-01 8.532842757892626542e-05
8.219329789140435993e-01 8.993771981356502531e-05
8.229160935350757766e-01 9.771061173804819542e-05
8.239015627806719477e-01 1.075600254397595859e-04
8.248893951201967667e-01 1.146403879734591728e-04
8.258795990636818019e-01 1.171517716884639337e-04
8.268721831620696738e-01 1.195199649556033560e-04
8.278671560074606361e-01 1.241849605738586299e-04
8.288645262333595998e-01 1.309103477268507368e-04
8.298643025149268215e-01 1.385888281188484873e-04
8.308664935692290365e-01 1.387605209602963926e-04
8.318711081554925890e-01 1.302308703359776089e-04
8.328781550753587837e-01 1.245194693419847561e-04
8.338876431731412353e-01 1.229978983649949315e-04
8.348995813360841067e-01 1.209001930947450388e-04
8.359139784946236773e-01 1.192717472731998795e-04
8.369308436226509107e-01 1.139987911176358533e-04
8.379501857377749108e-01 1.033646571477738277e-04
8.389720139015914846e-01 9.780077242559827451e-05
8.399963372199500400e-01 9.920714734158729597e-05
8.410231648432249241e-01 1.003266446326318622e-04
8.420525059665873169e-01 1.008597751352415743e-04
8.430843698302802336e-01 1.001826332728598213e-04
8.441187657198946370e-01 9.365168706106754605e-05
8.451557029666484366e-01 8.842115204571266232e-05
8.461951909476663758e-01 8.971678963592354908e-05
8.472372390862632496e-01 9.075926664940576506e-05
8.482818568522287883e-01 8.727903170855144991e-05
8.493290537621135394e-01 8.120393617739510154e-05
8.503788393795193024e-01 7.203239128875578185e-05
8.514312233153891185e-01 6.376435492741137619e-05
8.524862152283007033e-01 6.003551254584755116e-05
8.535438248247628756e-01 5.738942455817055022e-05
8.546040618595118765e-01 5.223461309424915123e-05
8.556669361358125725e-01 4.577225060680228616e-05
8.567324575057595482e-01 3.966377623975106192e-05
8.578006358705817513e-01 3.510413100600236652e-05
8.588714811809501359e-01 3.271824314450657082e-05
8.599450034372853047e-01 3.191701619699953131e-05
8.610212126900695928e-01 3.139961357682443511e-05
8.621001190401605951e-01 2.932293837237110709e-05
8.631817326391069134e-01 2.659781732453400034e-05
8.642660636894669013e-01 2.585838608064546616e-05
8.653531224451294079e-01 2.761611246223309696e-05
8.664429192116367417e-01 3.079789350207473358e-05
8.675354643465104099e-01 3.531692966756008268e-05
8.686307682595797441e-01 3.897318439151826352e-05
8.697288414133116374e-01 4.048074361754363203e-05
8.708296943231441656e-01 4.527385324418510266e-05
8.719333375578229850e-01 5.653793906148135750e-05
8.730397817397373972e-01 6.916242888040409075e-05
8.741490375452641848e-01 8.125574931550198787e-05
8.752611157051080060e-01 9.319670771413717848e-05
8.763760270046495604e-01 9.838672465048750018e-05
8.774937822842932000e-01 1.042736172979544885e-04
8.786143924398188698e-01 1.230771915329610146e-04
8.797378684227353807e-01 1.460847027780103665e-04
8.808642212406377903e-01 1.593126421927257503e-04
8.819934619575670043e-01 1.678559967782903173e-04
8.831256016943713760e-01 1.679716597561500705e-04
8.842606516290728580e-01 1.599745137458402047e-04
8.853986229972331534e-01 1.617627060774672195e-04
8.865395270923266402e-01 1.723631967048112423e-04
8.876833752661120736e-01 1.719779898014936936e-04
8.888301789290099508e-01 1.561852550130261679e-04
8.899799495504819857e-01 1.357682355264654692e-04
8.911326986594133581e-01 1.166899984244269226e-04
8.922884378444979614e-01 1.036012917019607358e-04
8.934471787546265364e-01 9.522581112471422652e-05
8.946089330992785804e-01 8.709865621908849354e-05
8.957737126489161428e-01 7.433771243905125197e-05
8.969415292353825064e-01 5.712709876923622210e-05
8.981123947523008688e-01 4.285728633116717053e-05
8.992863211554801284e-01 3.439484415823915642e-05
9.004633204633205601e-01 2.667343589990283650e-05
9.016434047572244870e-01 1.685320982000948709e-05
9.028265861820091720e-01 4.182127545642825608e-06
9.040128769463244840e-01 1.377813337029033747e-05
9.052022893230710077e-01 1.769561124580401178e-05
9.063948356498255920e-01 1.067267365124615511e-05
9.075905283292660108e-01 5.819805834940825271e-05
9.087893798296017289e-01 3.804597796703751070e-05
9.099914026850078885e-01 3.697117905057771819e-05
9.111966094960599616e-01 1.167719189883933154e-04
9.124050129301771728e-01 5.587705432188914371e-05
9.136166257220637021e-01 1.298295008102985930e-04
9.148314606741574373e-01 2.184750853206776178e-04
9.160495306570801688e-01 1.007225159093809734e-04
9.172708486100928926e-01 1.309717460141571232e-04
9.184954275415527780e-01 2.156366937913925888e-04
9.197232805293765745e-01 1.110502351256782071e-04
9.209544207215049072e-01 2.379851762191117776e-04
9.221888613363716791e-01 1.068144952899301170e-03
9.234266156633784695e-01 8.538956756713149280e-04
9.246676970633694870e-01 3.093401894974831106e-05
9.259121189691139620e-01 1.629442767482436154e-04
9.271598948857894262e-01 1.424149265938775763e-04
9.284110383914717657e-01 1.017336460151250577e-04
9.296655631376260498e-01 2.230057586261220421e-04
9.309234828496043557e-01 2.134227073397907206e-04
9.321848113271460345e-01 1.620951168583881317e-04
9.334495624448818640e-01 1.535677302933446389e-04
9.347177501528430854e-01 1.657023291173470028e-04
9.359893884769743266e-01 1.539785716627358207e-04
9.372644915196514104e-01 1.209422578603336801e-04
9.385430734602006053e-01 1.080852127425653239e-04
9.398251485554266482e-01 1.237907386306034638e-04
9.411107311401410991e-01 1.404063305431718645e-04
9.423998356276969135e-01 1.422985834096697347e-04
9.436924765105275670e-01 1.370973394614388632e-04
9.449886683606897320e-01 1.383542034909995876e-04
9.462884258304107288e-01 1.535990370769692932e-04
9.475917636526410837e-01 1.616295246946750715e-04
9.488986966416110835e-01 1.507231943668480966e-04
9.502092396933914387e-01 1.420512925996968308e-04
9.515234077864602735e-01 1.160017052770913971e-04
9.528412159822727823e-01 5.326383880547043691e-05
9.541626794258375455e-01 2.361413116233410448e-05
9.554878133462956225e-01 5.831107559830547268e-05
9.568166330575065270e-01 1.359044963724387355e-04
9.581491539586380890e-01 2.111198107967158816e-04
9.594853915347606454e-01 2.644750506077603509e-04
9.608253613574474494e-01 3.183499936980372638e-04
9.621690790853788533e-01 3.963625095404003625e-04
9.635165604649535975e-01 5.270795966107376601e-04
9.648678213309024310e-01 7.081235495263903850e-04
9.662228776069097247e-01 7.563955589644933818e-04
9.675817453062374174e-01 6.942131693243278360e-04
9.689444405323570653e-01 7.296590294850527608e-04
9.703109794795853338e-01 9.524193883343136293e-04
9.716813784337265947e-01 1.180454843397284138e-03
9.730556537727178545e-01 1.142954968684075940e-03
9.744338219672828982e-01 1.008725786942528532e-03
9.758158995815902070e-01 1.144142199843643489e-03
9.772019032739154287e-01 1.578669156678215750e-03
9.785918497973119523e-01 1.828720949124346216e-03
9.799857560002849244e-01 1.645015318483242488e-03
9.813836388274732592e-01 1.416613250054387730e-03
9.827855153203343130e-01 1.448427015093832612e-03
9.841914026178385511e-01 1.658750337663708477e-03
9.856013179571666560e-01 1.707726697877250035e-03
9.870152786744137430e-01 1.476488136233662998e-03
9.884333022053015672e-01 1.309865942463602287e-03
9.898554060858931747e-01 1.376767215255621582e-03
9.912816079533176561e-01 1.572183830483803472e-03
9.927119255464975645e-01 1.564102527907442527e-03
9.941463767068856594e-01 1.276053118109912775e-03
9.955849793792055369e-01 1.033031058751966626e-03
9.970277516122021400e-01 1.025326725370353425e-03
9.984747115593936018e-01 1.147095152642071177e-03
9.999258774798343019e-01 1.142504961237559300e-03
1.001381267738883807e+00 1.025510328736109391e-03
1.002840900808979141e+00 1.062492124845496305e-03
1.004304795270418493e+00 1.365244372356471010e-03
1.005772969812148476e+00 1.706534276919505124e-03
1.007245443232559934e+00 1.776041908695759819e-03
1.008722234440290411e+00 1.713350453353087045e-03
1.010203362455032838e+00 1.786029034635299795e-03
1.011688846408352438e+00 1.981962638020168688e-03
1.013178705544510949e+00 2.147926028689273268e-03
1.014672959221296633e+00 2.167743941019190709e-03
1.016171626910863601e+00 2.232144482608343188e-03
1.017674728200576917e+00 2.578254008355700122e-03
1.019182282793867245e+00 3.115190860268310467e-03
1.020694310511089942e+00 3.438387278110894337e-03
1.022210831290394584e+00 3.382921010302349790e-03
1.023731865188602486e+00 3.279061085960924792e-03
1.025257432382087996e+00 3.490698805875284017e-03
1.026787553167674227e+00 3.948169713178485522e-03
1.028322247963530556e+00 4.234788586557076094e-03
1.029861537310081676e+00 4.423303712464182226e-03
1.031405441870924200e+00 4.959493320779695055e-03
1.032953982433751472e+00 5.930274171251190447e-03
1.034507179911285046e+00 6.799432439806928942e-03
1.036065055342218377e+00 7.311035033080329724e-03
1.037627629892165171e+00 8.228150215684985544e-03
1.039194924854618396e+00 1.026723050139831395e-02
1.040766961651917510e+00 1.305221976329833632e-02
1.042343761836224791e+00 1.607785613580142367e-02
1.043925347090509215e+00 2.006563833664301577e-02
1.045511739229541881e+00 2.607999826005044999e-02
1.047102960200898103e+00 3.360333340816619441e-02
1.048699032085969041e+00 4.155564156339084519e-02
1.050299977100984883e+00 5.172990880686654386e-02
1.051905817598043136e+00 6.635801674833310959e-02
1.053516576066151345e+00 8.236028614605812870e-02
1.055132275132275366e+00 9.515172851195909109e-02
1.056752937562399408e+00 1.052860707049088351e-01
1.058378586262595400e+00 1.130496857052662035e-01
1.060009244280102125e+00 1.147058523846796740e-01
1.061644934804413243e+00 1.099401508393446358e-01
1.063285681168379737e+00 1.019594954292771805e-01
1.064931506849315257e+00 9.168802257015332136e-02
1.066582435470118773e+00 7.810506248725132550e-02
1.068238490800403895e+00 6.288214843430472989e-02
1.069899696757639518e+00 5.020226052610577555e-02
1.071566077408301787e+00 4.168909132550731311e-02
1.073237656969035392e+00 3.628862758063788885e-02
1.074914459807827738e+00 3.298766015172290011e-02
1.076596510445192001e+00 3.142698560771955973e-02
1.078283833555364168e+00 3.056564675821519736e-02
1.079976453967506744e+00 2.884429257955343009e-02
1.081674396666928883e+00 2.643624315053942631e-02
1.083377686796315409e+00 2.463473489870869615e-02
1.085086349656967375e+00 2.356494525348248881e-02
1.086800410710054621e+00 2.250869839249954735e-02
1.088519895577881869e+00 2.125040609133098390e-02
1.090244830045162816e+00 1.995669949101258958e-02
1.091975240060313102e+00 1.836566840559784516e-02
1.093711151736746157e+00 1.630849709503610911e-02
1.095452591354191707e+00 1.437853601589276359e-02
1.097199585360019380e+00 1.314095207896992523e-02
1.098952160370577635e+00 1.246522009955548273e-02
1.100710343172546457e+00 1.181276847263924845e-02
1.102474160724301155e+00 1.097845987281994944e-02
1.104243640157290818e+00 1.016040966349245935e-02
1.106018808777429641e+00 9.335724704291689310e-03
1.107799694066500473e+00 8.407921300096432571e-03
1.109586323683574127e+00 7.646378593645726009e-03
1.111378725466440898e+00 7.277095054955148856e-03
1.113176927433055852e+00 7.088063602529040899e-03
1.114980957782999882e+00 6.729571234296929244e-03
1.116790844898953194e+00 6.202624369647449266e-03
1.118606617348183452e+00 5.683652717032630294e-03
1.120428303884048793e+00 5.198494869103185805e-03
1.122255933447516618e+00 4.753392013855510002e-03
1.124089535168695475e+00 4.428181139272779725e-03
1.125929138368382487e+00 4.258492802392950700e-03
1.127774772559626548e+00 4.142260030578154631e-03
1.129626467449306615e+00 3.905790798694026410e-03
1.131484252939725543e+00 3.558208911966944440e-03
1.133348159130219912e+00 3.265189116801511977e-03
1.135218216318785611e+00 3.066267919022416452e-03
1.137094455003718751e+00 2.889421012251970795e-03
1.138976905885274560e+00 2.748674535126216338e-03
1.140865599867341373e+00 2.688879268448526351e-03
1.142760568059131510e+00 2.618013490748918263e-03
1.144661841776890565e+00 2.431649899248230703e-03
1.146569452545621370e+00 2.205006212218376359e-03
1.148483432100826596e+00 2.030943607360705463e-03
1.150403812390268676e+00 1.901010627527213205e-03
1.152330625575747725e+00 1.793113892320193255e-03
1.154263904034896537e+00 1.698838454603295803e-03
1.156203680362994923e+00 1.602552060970519575e-03
1.158149987374800460e+00 1.490559137209658807e-03
1.160102858106399237e+00 1.350108336928622843e-03
1.162062325817076358e+00 1.194045875494092503e-03
1.164028423991202210e+00 1.073927517938004896e-03
1.166001186340140716e+00 1.009435580028166055e-03
1.167980646804176237e+00 9.545021344735599763e-04
1.169966839554459792e+00 8.828849622977766320e-04
1.171959798994975044e+00 8.240837353395935551e-04
1.173959559764525373e+00 7.746154609846110347e-04
1.175966156738740276e+00 7.071682815483731465e-04
1.177979625032103739e+00 6.491227072401947089e-04
1.180000000000000382e+00 6.333550791073933213e-04
