6.799999999999999378e-01 -2.981860985344710781e-12
6.808433585514077624e-01 4.107875816083278061e-10
6.816888116229976591e-01 8.453505360842454823e-10
6.825363670272286409e-01 5.695090739188469660e-10
6.833860326154612697e-01 2.368602930795739780e-10
6.842378162782001283e-01 5.755117264478903710e-10
6.850917259453389585e-01 8.632142496730721351e-10
6.859477695864051316e-01 2.845042564091604190e-10
6.868059552108094490e-01 2.102378663054826454e-10
6.876662908680947206e-01 1.934124207073197876e-09
6.885287846481876750e-01 3.776101153067921254e-09
6.893934446816525341e-01 3.317820859902714596e-09
6.902602791399471416e-01 1.768653741432295285e-09
6.911292962356792025e-01 3.273242184697693893e-09
6.920005042228666303e-01 7.598172826367967005e-09
6.928739113971981167e-01 9.209688920185649952e-09
6.937495260962972532e-01 6.706845364590872526e-09
6.946273566999874305e-01 6.363446863642138746e-09
6.955074116305588472e-01 1.258557074515612859e-08
6.963896993530382939e-01 1.904283794217912409e-08
6.972742283754604919e-01 1.798597619822186153e-08
6.981610072491415409e-01 1.509944240833409992e-08
6.990500445689544762e-01 2.129475714354020674e-08
6.999413489736070471e-01 3.322699545019170379e-08
7.008349291459211594e-01 3.730487560973348944e-08
7.017307938131152056e-01 3.409726017963107885e-08
7.026289517470881707e-01 4.134369495095016983e-08
7.035294117647058476e-01 6.414663756413838746e-08
7.044321827280894954e-01 8.293861442501356642e-08
7.053372735449056075e-01 8.674386234405685687e-08
7.062446931686607865e-01 9.585755124632265662e-08
7.071544505989952878e-01 1.280802849975037088e-07
7.080665548819812249e-01 1.641030326538700821e-07
7.089810151104224412e-01 1.773255546578525119e-07
7.098978404241562679e-01 1.821067935461698033e-07
7.108170400103586140e-01 2.106442925963930036e-07
7.117386231038506095e-01 2.495787963675746745e-07
7.126625989874074696e-01 2.563908952032283493e-07
7.135889769920708003e-01 2.359607900391064626e-07
7.145177664974621257e-01 2.401509656008025834e-07
7.154489769320995229e-01 2.845415116324041761e-07
7.163826177737179224e-01 3.243547932308297513e-07
7.173186985495884072e-01 3.452782728751010355e-07
7.182572288368441749e-01 4.048652901765605891e-07
7.191982182628062770e-01 5.310728343937945245e-07
7.201416765053128000e-01 6.584876660419858013e-07
7.210876132930513771e-01 7.150364861089566412e-07
7.220360384058924774e-01 7.181332616069234684e-07
7.229869616752271355e-01 7.206547403151026885e-07
7.239403929843070129e-01 7.004370679494715159e-07
7.248963422685859026e-01 6.098071844136342277e-07
7.258548195160651195e-01 4.899715901767006383e-07
7.268158347676419995e-01 4.248147736991605886e-07
7.277793981174600635e-01 4.115227779458156073e-07
7.287455197132616247e-01 3.714170624885939188e-07
7.297142097567459462e-01 2.919792134802135258e-07
7.306854785039266220e-01 2.415398120294001800e-07
7.316593362654938426e-01 2.355874407309811602e-07
7.326357934071801026e-01 2.183787079300251515e-07
7.336148603501269072e-01 1.705819179659795888e-07
7.345965475712564752e-01 1.349276949234925772e-07
7.355808656036447735e-01 1.271283903490673437e-07
7.365678250368979940e-01 1.081342040314100657e-07
7.375574365175333602e-01 6.659474578295367051e-08
7.385497107493609326e-01 3.804977881568459069e-08
7.395446584938705215e-01 3.562231132537264157e-08
7.405422905706192660e-01 3.148370438519703810e-08
7.415426178576253191e-01 1.455415575799134724e-08
7.425456512917625318e-01 7.615399207370222829e-09
7.435514018691590232e-01 1.270228739116887831e-08
7.445598806455988594e-01 1.118166619046081415e-08
7.455710987369279508e-01 5.120647741214936783e-09
7.465850673194615039e-01 8.814487690807848240e-09
7.476017976303962476e-01 2.035117764858653952e-08
7.486213009682258779e-01 2.156490240135794621e-08
7.496435886931586134e-01 1.490054267528529950e-08
7.506686722275399681e-01 2.196656089906235579e-08
7.516965630562782996e-01 4.269538067609946331e-08
7.527272727272726893e-01 5.769074952183471750e-08
7.537608128518467066e-01 6.215988358475897027e-08
7.547971951051836159e-01 8.707123129086790144e-08
7.558364312267659146e-01 1.398221647751167057e-07
7.568785330208189777e-01 1.486056174668811602e-07
7.579235123567583665e-01 1.009100668170149031e-07
7.589713811696391366e-01 2.038779218779595749e-07
7.600221514606120277e-01 7.049028072623045412e-07
7.610758352973798768e-01 1.462684685121858838e-06
7.621324448146606922e-01 1.919131998275061034e-06
7.631919922146530588e-01 1.744152105582548997e-06
7.642544897675067617e-01 1.301079896779424731e-06
7.653199498117941868e-01 1.233868311320888146e-06
7.663883847549909367e-01 1.814755450940360035e-06
7.674598070739550026e-01 2.821360772966182744e-06
7.685342293154138194e-01 3.734230236648060418e-06
7.696116640964530964e-01 3.935770470202521662e-06
7.706921241050119775e-01 3.104798860419869999e-06
7.717756221003796435e-01 1.636511541921332308e-06
7.728621709136983542e-01 4.300904460643929651e-07
7.739517834484703762e-01 1.287898369398076896e-07
7.750444726810673535e-01 6.574928081531893116e-07
7.761402516612468938e-01 1.393960317298497225e-06
7.772391335126717093e-01 1.665492306890709163e-06
7.783411314334326425e-01 1.288274763073528866e-06
7.794462586965781314e-01 7.268030776053647211e-07
7.805545286506470060e-01 5.145335880315874281e-07
7.816659547202051694e-01 6.255878523774800963e-07
7.827805504063881648e-01 7.242496422895846450e-07
7.838983292874482922e-01 7.207438953534311955e-07
7.850193050193050581e-01 6.450685361614577958e-07
7.861434913361020627e-01 4.214456265366670727e-07
7.872709020507673294e-01 2.062618983685553362e-07
7.884015510555796302e-01 3.600745444307302696e-07
7.895354523227383625e-01 8.581220820969580011e-07
7.906726199049403103e-01 1.480593895599804828e-06
7.918130679359585145e-01 2.433120663791513049e-06
7.929568106312291365e-01 3.880202072024014683e-06
7.941038622884419862e-01 5.458192156841383687e-06
7.952542372881357124e-01 7.130050041972186374e-06
7.964079500942986556e-01 9.332526569531967328e-06
7.975650152549760286e-01 1.164728740666208215e-05
7.987254474028808726e-01 1.328298098989902816e-05
7.998892612560104531e-01 1.499903250255144157e-05
8.010564716182694278e-01 1.790385451781484303e-05
8.022270933800964565e-01 2.124447650203903059e-05
8.034011415190986938e-01 2.475478684074372822e-05
8.045786311006888347e-01 3.086399770052702490e-05
8.057595772787318200e-01 4.057933772368641786e-05
8.069439952961927620e-01 5.108355686547881043e-05
8.081319004857941968e-01 6.120607259051444706e-05
8.093233082706767778e-01 7.311947346742055922e-05
8.105182341650672972e-01 8.554629914471084424e-05
8.117166937749520361e-01 9.384644422599036585e-05
8.129187027987561098e-01 9.846234642573067875e-05
8.141242770280290308e-01 1.029749122377348486e-04
8.153334323481360446e-01 1.055915531988067357e-04
8.165461847389557937e-01 1.046656134287921660e-04
8.177625502755847542e-01 1.060584435352969300e-04
8.189825451290467795e-01 1.117766837405736758e-04
8.202061855670103041e-01 1.136772332409571905e-04
8.214334879545114321e-01 1.105683981057149138e-04
8.226644687546831314e-01 1.106480624815559010e-04
8.238991445294913119e-01 1.070136279693658385e-04
8.251375319404782305e-01 8.309921530652297501e-05
8.263796477495107817e-01 5.237416656116718574e-05
8.276255088195386689e-01 5.188400477963870056e-05
8.288751321153555729e-01 8.857116273287024577e-05
8.301285347043702023e-01 1.385252940680216621e-04
8.313857337573830053e-01 2.006028941098818102e-04
8.326467465493706532e-01 2.936132252449298813e-04
8.339115904602765195e-01 3.955415701156980994e-04
8.351802829758101510e-01 4.437029769975891417e-04
8.364528416882522910e-01 4.140189986763263613e-04
8.377292842972684506e-01 3.696535957390760237e-04
8.390096286107290302e-01 4.146472004161275713e-04
8.402938925455381014e-01 5.927501808213704246e-04
8.415820941284685164e-01 8.296337538651197196e-04
8.428742514970060107e-01 1.005868051259103122e-03
8.441703829001998560e-01 1.091335947342340343e-03
8.454705066995226170e-01 1.138754106855080842e-03
8.467746413697362362e-01 1.145423145961770462e-03
8.480828054997683330e-01 1.053634093940757641e-03
8.493950177935942758e-01 9.091834176194879677e-04
8.507112970711298017e-01 8.446843297796795356e-04
8.520316622691291863e-01 8.618653090765623741e-04
8.533561324420955163e-01 8.191494341358157572e-04
8.546847267631948464e-01 6.772988658618486974e-04
8.560174645251833470e-01 5.687126635959457435e-04
8.573543651413398914e-01 6.083988959036759105e-04
8.586954481464101896e-01 8.179393262800759316e-04
8.600407331975560288e-01 1.202675678337495387e-03
8.613902400753177258e-01 1.738789707343531537e-03
8.627439886845827965e-01 2.399673718135204685e-03
8.641019990555645069e-01 3.357180495128129442e-03
8.654642913447895269e-01 4.928790083048651023e-03
8.668308858360965763e-01 7.094473218671213527e-03
8.682018029416416205e-01 9.319627705107691451e-03
8.695770632029146130e-01 1.110633429252674310e-02
8.709566872917657854e-01 1.244109229790772361e-02
8.723406960114413744e-01 1.344108508957705082e-02
8.737291102976285639e-01 1.389691776841962476e-02
8.751219512195121952e-01 1.356695678932645990e-02
8.765192399808399148e-01 1.275771701662944090e-02
8.779209979209978698e-01 1.222168264782419120e-02
8.793272465160980600e-01 1.241625370655869386e-02
8.807380073800739062e-01 1.304536344640934084e-02
8.821533022657881418e-01 1.345498447497699493e-02
8.835731530661516953e-01 1.342491461410189914e-02
8.849975818152506779e-01 1.334828338471794398e-02
8.864266106894881370e-01 1.351091065947288006e-02
8.878602620087336916e-01 1.349036032872360028e-02
8.892985582374858256e-01 1.264011716389445115e-02
8.907415219860458366e-01 1.098764698362085859e-02
8.921891760117015568e-01 9.195723937301466741e-03
8.936415432199252828e-01 7.714645748514930602e-03
8.950986466655795892e-01 6.432588791327280113e-03
8.965605095541401282e-01 5.153627252146453057e-03
8.980271552429249793e-01 3.980002065304488225e-03
8.994986072423399870e-01 3.116091125095276672e-03
9.009748892171343115e-01 2.581656777702041102e-03
9.024560249876705242e-01 2.232644660037975438e-03
9.039420385312035844e-01 1.929202536079601153e-03
9.054329539831765805e-01 1.631244674005115618e-03
9.069287956385263527e-01 1.385515513965848537e-03
9.084295879530035478e-01 1.233411997896690423e-03
9.099353555445052200e-01 1.138198560501917436e-03
9.114461231944214203e-01 1.029365607727619715e-03
9.129619158489937769e-01 8.912962836364654150e-04
9.144827586206896175e-01 7.639906083153073964e-04
9.160086767895879722e-01 6.775475842266719465e-04
9.175396958047803420e-01 6.206861769661700841e-04
9.190758412857860105e-01 5.632152741476630607e-04
9.206171390239813457e-01 4.922894140341640794e-04
9.221636149840415353e-01 4.244435439723231746e-04
9.237152953054013071e-01 3.803761180881371200e-04
9.252722063037249756e-01 3.570903671455681366e-04
9.268343744723959166e-01 3.360595962135070475e-04
9.284018264840182555e-01 3.073873725117118555e-04
9.299745891919364293e-01 2.753190149104804544e-04
9.315526896317665173e-01 2.493159926651263209e-04
9.331361550229474444e-01 2.330064833599822867e-04
9.347250127703048417e-01 2.180887096454047120e-04
9.363192904656320037e-01 1.949600283240136974e-04
9.379190158892876106e-01 1.671807989381850408e-04
9.395242170118091041e-01 1.447799753205817480e-04
9.411349219955426060e-01 1.303028451228854920e-04
9.427511591962904891e-01 1.202367763001458215e-04
9.443729571649750465e-01 1.109369127846384381e-04
9.460003446493194801e-01 1.007516272888582250e-04
9.476333505955463199e-01 9.341448261357025240e-05
9.492720041500951611e-01 9.443377927681891840e-05
9.509163346613547230e-01 1.029773714358584163e-04
9.525663716814160020e-01 1.157738356641540092e-04
9.542221449678428558e-01 1.330507637070715496e-04
9.558836844854605719e-01 1.554925544189900686e-04
9.575510204081630894e-01 1.861736562504976095e-04
9.592241831207409808e-01 2.303349902432301954e-04
9.609032032207247553e-01 2.811959912509181332e-04
9.625881115202523652e-01 3.222056292342625095e-04
9.642789390479536982e-01 3.506675205284759899e-04
9.659757170508536106e-01 3.772493987154055465e-04
9.676784769962982757e-01 4.049019096831880352e-04
9.693872505739007384e-01 4.276118154176242062e-04
9.711020696975058986e-01 4.380006897524289680e-04
9.728229665071769228e-01 4.301067970081209370e-04
9.745499733712055246e-01 4.116498285240244412e-04
9.762831228881380108e-01 4.013324114961087387e-04
9.780224478888295270e-01 3.999987202671646922e-04
9.797679814385150676e-01 3.909180329045197394e-04
9.815197568389057992e-01 3.702651421044167684e-04
9.832778076303062553e-01 3.466075086383001223e-04
9.850421675937557353e-01 3.241031407299417621e-04
9.868128707531909072e-01 3.069903026216600308e-04
9.885899513776336134e-01 2.954647069225846542e-04
9.903734439834024350e-01 2.773607243083675024e-04
9.921633833363455723e-01 2.500489459461551216e-04
9.939598044541009259e-01 2.280090013283889963e-04
9.957627426083801581e-01 2.147118934230616584e-04
9.975722333272760700e-01 2.020013167115003612e-04
9.993883123975969562e-01 1.903232797439688754e-04
1.001211015867225829e+00 1.788870405410964641e-04
1.003040380047506064e+00 1.625693249572683912e-04
1.004876441515650587e+00 1.490004921338452485e-04
1.006719237117183141e+00 1.441478231666966858e-04
1.008568803968399763e+00 1.373724074108391945e-04
1.010425179458862566e+00 1.255546033535816935e-04
1.012288401253918391e+00 1.162425251599522573e-04
1.014158507297247436e+00 1.063643950077987549e-04
1.016035535813436974e+00 9.457136837608535909e-05
1.017919525310587714e+00 8.862932460945756731e-05
1.019810514582946581e+00 8.341930106694625741e-05
1.021708542713568146e+00 7.157308683471805982e-05
1.023613649077009136e+00 6.223456396996342253e-05
1.025525873342051364e+00 5.753329133365429654e-05
1.027445255474452646e+00 4.914076062837854030e-05
1.029371835739733676e+00 4.196941469060432218e-05
1.031305654705993113e+00 3.898174244200255576e-05
1.033246753246753302e+00 3.119987713241538973e-05
1.035195172543843078e+00 2.267697788110939475e-05
1.037150954090308108e+00 2.008360742861669391e-05
1.039114139693356309e+00 1.492913043852724880e-05
1.041084771477337467e+00 7.994972497655416493e-06
1.043062891886756605e+00 5.957042209502717446e-06
1.045048543689320431e+00 2.870914132196462017e-06
1.047041769979019543e+00 3.287236936405158936e-06
1.049042614179247268e+00 8.815308910228564679e-06
1.051051120045950693e+00 2.044137266142335331e-06
1.053067331670822782e+00 1.810258452934250477e-05
1.055091293484528236e+00 1.073726254917129234e-04
1.057123050259965336e+00 1.816714747639813863e-04
1.059162647115570177e+00 1.394045598064661115e-04
1.061210129518654677e+00 1.054690587542243482e-04
1.063265543288785864e+00 2.139903867425935733e-04
1.065328934601203148e+00 3.051337861139373129e-04
1.067400349990278219e+00 2.053031529490444845e-04
1.069479836353009805e+00 6.257721203592476859e-05
1.071567440952567063e+00 7.839512037741177132e-05
1.073663211421865826e+00 1.862228708968267617e-04
1.075767195767195927e+00 2.172483434460693180e-04
1.077879442371883156e+00 1.420452462414831360e-04
1.080000000000000071e+00 4.711359853417757096e-05
