7.600000000000001199e-01 1.196784844775493006e-05
7.608774968248470660e-01 1.226319473616472517e-05
7.617570223095597726e-01 1.291969510832599565e-05
7.626385834972805311e-01 1.426390986195213874e-05
7.635221874637934114e-01 1.283312093328029042e-05
7.644078413177125553e-01 8.331372488947581386e-06
7.652955522006736899e-01 4.787269607908201712e-06
7.661853272875248644e-01 3.070604430270154868e-06
7.670771737865209605e-01 1.399800549564303415e-06
7.679710989395175380e-01 4.051211228391722806e-07
7.688671100221678989e-01 6.064268207519332926e-07
7.697652143441187089e-01 6.173771090164710669e-07
7.706654192492107258e-01 5.938419324988762500e-07
7.715677321156774182e-01 1.233458080824584356e-06
7.724721603563475814e-01 1.467361940150410104e-06
7.733787114188476197e-01 1.304162129273856015e-06
7.742873927858067162e-01 1.846650765126508240e-06
7.751982119750617795e-01 2.242007878433765018e-06
7.761111765398658324e-01 1.843997383435287668e-06
7.770262940690956244e-01 1.852650464361667979e-06
7.779435721874632392e-01 2.106378395562121498e-06
7.788630185557263719e-01 1.630136165881165274e-06
7.797846408709029342e-01 1.319722948630843525e-06
7.807084468664851062e-01 1.552247702717051475e-06
7.816344443126557184e-01 1.196747008298443554e-06
7.825626410165065217e-01 6.064407306963058402e-07
7.834930448222565680e-01 6.589666156744266712e-07
7.844256636114748105e-01 6.097571230725808452e-07
7.853605053033013705e-01 2.087121864109119975e-07
7.862975778546713590e-01 1.353140616119365699e-07
7.872368892605423607e-01 1.335854487273747984e-07
7.881784475541203649e-01 2.488545217492453527e-09
7.891222608070891376e-01 8.751003323081549348e-08
7.900683371298407032e-01 9.354455899981199500e-08
7.910166846717081590e-01 8.299424977159404746e-08
7.919673116211994879e-01 5.218786273675651905e-07
7.929202262062328144e-01 7.192643798234293148e-07
7.938754366943743257e-01 6.254862425304541163e-07
7.948329513930769696e-01 1.419859355807364912e-06
7.957927786499215950e-01 2.073086981830045487e-06
7.967549268528595352e-01 9.721969979317392025e-07
7.977194044304565246e-01 9.125974214650708192e-08
7.986862198521391676e-01 1.336475818376888776e-06
7.996553816284432958e-01 2.771479479054436956e-06
8.006268983112623250e-01 2.562061937906940933e-06
8.016007784941004966e-01 1.439680093816716002e-06
8.025770308123250096e-01 4.132347581282652494e-07
8.035556639434215942e-01 2.919120663609251343e-08
8.045366866072519718e-01 7.425599029438708511e-07
8.055201075663123156e-01 2.622951720982642827e-06
8.065059356259944856e-01 5.126315747081264339e-06
8.074941796348487077e-01 6.436111728152879567e-06
8.084848484848485839e-01 5.136343846641247433e-06
8.094779511116572124e-01 2.993603478108219188e-06
8.104734964948961951e-01 1.913520525325729693e-06
8.114714936584165317e-01 8.779260053894059151e-07
8.124719516705709577e-01 2.593686636425119648e-07
8.134748796444885022e-01 2.696644834389860835e-06
8.144802867383513778e-01 7.298761933187966969e-06
8.154881821556738686e-01 1.024471184305780006e-05
8.164985751455829943e-01 1.012373074635780079e-05
8.175114750031015065e-01 8.233219764890519109e-06
8.185268910694324385e-01 6.598014782653062212e-06
8.195448327322473192e-01 5.920539332450800524e-06
8.205653094259744984e-01 4.545681691544651632e-06
8.215883306320906909e-01 2.504790268468998322e-06
8.226139058794159631e-01 3.309185726679558131e-06
8.236420447444069426e-01 8.977731507017789892e-06
8.246727568514580220e-01 1.836435083144431529e-05
8.257060518731990095e-01 2.808242828548312796e-05
8.267419395307993302e-01 3.245141585714525354e-05
8.277804295942721158e-01 2.986353460616849264e-05
8.288215318827821809e-01 2.522511827066919806e-05
8.298652562649541098e-01 2.042308530388908889e-05
8.309116126591856721e-01 1.532874580823513934e-05
8.319606110339603511e-01 1.606733599235911868e-05
8.330122614081659771e-01 2.546685302539449821e-05
8.340665738514113636e-01 3.700546103561218228e-05
8.351235584843493820e-01 4.721154959124676547e-05
8.361832254790002583e-01 5.513239695392760728e-05
8.372455850590775350e-01 5.506836402377438965e-05
8.383106475003180291e-01 4.677666771994904202e-05
8.393784231308115684e-01 3.594777469187710150e-05
8.404489223313352797e-01 2.228025550503230309e-05
8.415221555356915406e-01 7.394531465623309729e-06
8.425981332310447103e-01 1.988650215955447337e-07
8.436768659582641883e-01 2.531147785937393379e-06
8.447583643122676955e-01 1.000214140916693504e-05
8.458426389423694403e-01 2.096103948082190973e-05
8.469297005526282840e-01 3.152160270233658436e-05
8.480195599022006814e-01 4.237625795791676172e-05
8.491122278056952855e-01 6.392012547965312803e-05
8.502077151335311056e-01 8.932153723578117855e-05
8.513060328122982190e-01 9.040592515253919844e-05
8.524071918251197033e-01 6.306742943915102603e-05
8.535112032120192316e-01 4.074107121738507935e-05
8.546180780702892221e-01 4.572602901393732570e-05
8.557278275548632074e-01 5.825472000526055351e-05
8.568404628786893129e-01 5.045602807953411962e-05
8.579559953131103978e-01 2.933046990077919184e-05
8.590744361882415303e-01 2.192601754404877715e-05
8.601957968933561238e-01 3.258718718578394751e-05
8.613200888772709618e-01 4.353849797216511957e-05
8.624473236487372185e-01 4.269050831515974574e-05
8.635775127768313686e-01 2.973331897593776998e-05
8.647106678913528688e-01 1.264369794896988018e-05
8.658468006832217290e-01 2.365798776355015730e-06
8.669859229048810789e-01 9.338333045787068451e-07
8.681280463707022887e-01 8.043651800755466380e-06
8.692731829573934199e-01 2.879020761444304308e-05
8.704213446044116731e-01 5.490905486260469931e-05
8.715725433143766132e-01 6.642766693402939865e-05
8.727267911534897227e-01 6.004548881899960598e-05
8.738841002519560641e-01 4.704544484249930395e-05
8.750444828044084966e-01 3.522980365950991642e-05
8.762079510703365548e-01 2.701105975524455477e-05
8.773745173745174375e-01 1.979810631272670116e-05
8.785441941074524363e-01 1.485380098355997756e-05
8.797169937258043637e-01 2.273743633178728997e-05
8.808929287528405316e-01 4.763972432981067177e-05
8.820720117788785064e-01 8.988236706485514601e-05
8.832542554617343056e-01 1.511493932193263483e-04
8.844396725271777004e-01 2.118806353409636342e-04
8.856282757693858532e-01 2.512608588747922535e-04
8.868200780514063908e-01 2.845200430475195081e-04
8.880150923056192580e-01 3.208174472173750996e-04
8.892133315342061195e-01 3.330621923125531608e-04
8.904148088096204283e-01 3.018121600273711183e-04
8.916195372750643777e-01 2.296431674106125232e-04
8.928275301449668522e-01 1.380361380960083337e-04
8.940388007054675956e-01 7.490810111816643383e-05
8.952533623149028230e-01 6.546903574245282694e-05
8.964712284042989365e-01 9.009109890811795810e-05
8.976924124778641323e-01 1.357490538234958760e-04
8.989169281134906653e-01 1.909994433323520765e-04
9.001447889632564481e-01 2.373260279033195992e-04
9.013760087539325339e-01 2.949372811835505089e-04
9.026106012874950402e-01 3.713834759520448438e-04
9.038485804416404035e-01 4.019407541666031270e-04
9.050899601703064068e-01 3.444000162909960274e-04
9.063347545041949838e-01 2.349301385222837878e-04
9.075829775513015729e-01 1.258765496201997203e-04
9.088346434974486909e-01 6.091393258840797822e-05
9.100897666068223923e-01 6.251143547133700780e-05
9.113483612225143915e-01 1.172960147510017945e-04
9.126104417670684033e-01 2.062129664374370190e-04
9.138760227430314798e-01 3.020457151291083549e-04
9.151451187335093440e-01 3.806456176568797289e-04
9.164177444027257202e-01 4.582743370920062693e-04
9.176939144965884365e-01 5.093964521650661990e-04
9.189736438432577481e-01 4.471629423315612241e-04
9.202569473537217659e-01 2.858598229208856928e-04
9.215438400223745496e-01 1.378192342520374620e-04
9.228343369276014174e-01 6.738697299581600610e-05
9.241284532323658096e-01 1.006710012095346415e-04
9.254262041848055897e-01 2.345677278151476466e-04
9.267276051188301222e-01 3.992087673975498741e-04
9.280326714547249001e-01 5.384601005679477866e-04
9.293414186997602799e-01 6.431171506030587941e-04
9.306538624488068789e-01 7.002850323306887255e-04
9.319700183849527475e-01 6.924742327234540036e-04
9.332899022801305344e-01 5.881071751832650692e-04
9.346135299957454290e-01 4.050637351006081458e-04
9.359409174833120959e-01 2.824856743454554693e-04
9.372720807850947189e-01 3.350070671713349679e-04
9.386070360347531505e-01 5.796221398815002779e-04
9.399457994579947240e-01 9.940526544129286209e-04
9.412883873732325046e-01 1.445396385269488672e-03
9.426348161922473157e-01 1.841354399392089621e-03
9.439851024208566477e-01 2.320668690109585919e-03
9.453392626595897852e-01 2.963874059855938371e-03
9.466973136043671522e-01 3.780084934749500854e-03
9.480592720471876511e-01 5.016533435120628867e-03
9.494251548768188886e-01 7.012873152862262108e-03
9.507949790794980593e-01 1.030970150247200422e-02
9.521687617396330516e-01 1.552183022537427341e-02
9.535465200405153219e-01 2.202800805303888054e-02
9.549282712650342120e-01 2.834986773394938125e-02
9.563140327964012588e-01 3.428644158572322770e-02
9.577038221188781675e-01 3.998368098018275502e-02
9.590976568185127782e-01 4.400903468481067587e-02
9.604955545838798070e-01 4.523557791038846504e-02
9.618975332068313566e-01 4.406363831531736469e-02
9.633036105832482043e-01 4.049838739852276021e-02
9.647138047138047456e-01 3.457898251205990259e-02
9.661281337047354922e-01 2.800741249485003831e-02
9.675466157686097857e-01 2.236391725188306354e-02
9.689692692251140604e-01 1.768450890104421996e-02
9.703961125018406575e-01 1.380988437217452354e-02
9.718271641350834100e-01 1.079554351117895800e-02
9.732624427706396686e-01 8.417897148770786195e-03
9.747019671646206529e-01 6.563662098404970426e-03
9.761457561842691311e-01 5.257276239645334789e-03
9.775938288087822059e-01 4.379043309305756353e-03
9.790462041301444263e-01 3.812736185966742603e-03
9.805029013539653393e-01 3.392691115704598876e-03
9.819639398003278119e-01 2.971943312405268649e-03
9.834293389046412370e-01 2.617377095083709294e-03
9.848991182185026227e-01 2.333733297170840614e-03
9.863732974105674511e-01 2.074673275210657617e-03
9.878518962674261994e-01 1.934690756404409788e-03
9.893349346944904088e-01 1.842612531263321946e-03
9.908224327168848600e-01 1.653792228758819679e-03
9.923144104803494070e-01 1.470775032915796945e-03
9.938108882521490273e-01 1.339787038564313037e-03
9.953118864219908657e-01 1.201124974768001587e-03
9.968174255029497166e-01 1.123836258862886224e-03
9.983275261324042749e-01 1.091251949907555288e-03
9.998422090729784939e-01 1.008297894311212120e-03
1.001361495213493713e+00 9.089664900008102020e-04
1.002885405569928556e+00 8.088000654865440658e-04
1.004413961286389378e+00 7.172112492985132986e-04
1.005947183636086040e+00 6.892688810179563308e-04
1.007485094022321004e+00 6.711216401003832887e-04
1.009027713979482543e+00 6.353206190421960666e-04
1.010575065174053266e+00 6.263043213283410503e-04
1.012127169405621530e+00 5.849720021249180894e-04
1.013684048607906618e+00 5.171642673143780683e-04
1.015245724849792142e+00 5.035323320645751673e-04
1.016812220336368089e+00 4.868011238490908442e-04
1.018383557409983320e+00 4.492337232943339857e-04
1.019959758551308049e+00 4.402458509592267191e-04
1.021540846380406320e+00 4.045569176814873126e-04
1.023126843657817142e+00 3.498053172331853206e-04
1.024717773285647837e+00 3.312206051932127808e-04
1.026313658308674714e+00 3.047426332969729586e-04
1.027914521915457957e+00 2.839799085123166059e-04
1.029520387439462725e+00 2.896506697093865460e-04
1.031131278360194248e+00 2.629298818143445426e-04
1.032747218304341130e+00 2.365851947229026910e-04
1.034368231046931541e+00 2.334877898646393207e-04
1.035994340512498058e+00 2.022194249371600408e-04
1.037625570776256057e+00 1.863259995336493324e-04
1.039261946065289433e+00 1.939850612018743318e-04
1.040903490759753858e+00 1.683313467650440049e-04
1.042550229394083372e+00 1.524133571293986779e-04
1.044202186658216069e+00 1.485366697946793847e-04
1.045859387398825557e+00 1.192886653194911507e-04
1.047521856620569292e+00 1.124459380043055337e-04
1.049189619487342906e+00 1.126766790380596305e-04
1.050862701323553194e+00 9.357213244089266236e-05
1.052541127615397087e+00 9.901917834999492390e-05
1.054224924012158393e+00 9.303628761801620414e-05
1.055914116327511643e+00 6.989554133738742664e-05
1.057608730540844366e+00 8.285395412964695512e-05
1.059308792798585586e+00 8.395255533063278211e-05
1.061014329415552959e+00 7.881857034434822324e-05
1.062725366876310362e+00 1.088156514086745539e-04
1.064441931836536792e+00 1.115394349338226444e-04
1.066164051124413925e+00 1.137620939212647672e-04
1.067891751742019224e+00 1.476452686409053517e-04
1.069625060866742805e+00 1.429661861195207417e-04
1.071364005852707191e+00 1.531891091053641475e-04
1.073108614232209934e+00 1.937423300644370476e-04
1.074858913717175124e+00 1.751450970318391652e-04
1.076614932200620878e+00 1.692828315880324673e-04
1.078376697758141267e+00 1.846938779330674059e-04
1.080144238649402011e+00 1.346080041090354413e-04
1.081917583319652154e+00 1.089150579120013492e-04
1.083696760401250181e+00 1.062131671667312981e-04
1.085481798715203450e+00 4.919993238052321969e-05
1.087272727272727169e+00 2.534139094986464472e-05
1.089069575276813806e+00 2.095768257815374772e-05
1.090872372123820710e+00 2.252938216962366849e-06
1.092681147405073938e+00 5.135086807904374825e-05
1.094495930908486958e+00 2.162305175155825336e-04
1.096316752620196455e+00 6.948469756069677655e-04
1.098143642726212343e+00 1.493608242997354011e-03
1.099976631614087763e+00 2.552664575457660751e-03
1.101815749874603068e+00 4.861005398098676260e-03
1.103661028303466907e+00 8.793139443649422918e-03
1.105512497903036628e+00 1.203187984786785458e-02
1.107370189884053335e+00 1.254726773554399460e-02
1.109234135667396259e+00 1.124987505123611724e-02
1.111104366885854233e+00 9.968138412349005287e-03
1.112980915385914704e+00 9.680047255173667570e-03
1.114863813229572287e+00 1.003071721148443389e-02
1.116753092696153304e+00 9.468427250725233724e-03
1.118648786284162533e+00 7.540693538365398491e-03
1.120550926713144380e+00 5.493650391193351246e-03
1.122459546925566709e+00 4.030694529082477079e-03
1.124374680088721989e+00 3.109569835646498574e-03
1.126296359596650420e+00 2.673582056358091673e-03
1.128224619072076829e+00 2.258933612955657446e-03
1.130159492368376206e+00 1.670354037965863939e-03
1.132101013571551462e+00 1.249240521068864691e-03
1.134049217002237153e+00 9.129570159171040544e-04
1.136004137217721199e+00 5.134482252183281527e-04
1.137965809013987473e+00 2.480649148171569659e-04
1.139934267427780812e+00 1.087756768632918705e-04
1.141909547738693576e+00 3.571368051878330791e-05
1.143891685471272401e+00 4.447665845842688133e-05
1.145880716397148280e+00 6.023911861582541082e-05
1.147876676537188612e+00 1.733562080680164008e-04
1.149879602163671466e+00 3.794319588706130167e-04
1.151889529802482270e+00 4.227856729441967438e-04
1.153906496235335588e+00 3.369261290950349339e-04
1.155930538502017102e+00 2.853791206999216215e-04
1.157961693902653577e+00 2.181127905112896081e-04
1.160000000000000364e+00 1.313812385266526612e-04
