1.460000000000000187e+00 8.220401119130843872e-04
1.461050851117428939e+00 7.790889385429798164e-04
1.462103216047826892e+00 7.872913586780168338e-04
1.463157098064655992e+00 8.499598004398223458e-04
1.464212500450824406e+00 9.450535204896968675e-04
1.465269426498718941e+00 1.048074728484155779e-03
1.466327879510239685e+00 1.151037265664198042e-03
1.467387862796833975e+00 1.256901063306726336e-03
1.468449379679531708e+00 1.357971137591638738e-03
1.469512433488978642e+00 1.426206191792695832e-03
1.470577027565472594e+00 1.430579111672401977e-03
1.471643165258998964e+00 1.365497371788914130e-03
1.472710849929263599e+00 1.259912608789770950e-03
1.473780084945729429e+00 1.155940732057665404e-03
1.474850873687652442e+00 1.077935416598895055e-03
1.475923219544116316e+00 1.022693237328850015e-03
1.476997125914068620e+00 9.781572231934711984e-04
1.478072596206357003e+00 9.474593969216182909e-04
1.479149633839764055e+00 9.508699899564648046e-04
1.480228242243045278e+00 1.004143760305942212e-03
1.481308424854964167e+00 1.098362129681332159e-03
1.482390185124329518e+00 1.204099536714838079e-03
1.483473526510030505e+00 1.294961749186213790e-03
1.484558452481076651e+00 1.364173078339761752e-03
1.485644966516632470e+00 1.416984131799337108e-03
1.486733072106053655e+00 1.450309755288571589e-03
1.487822772748928157e+00 1.446030640406678917e-03
1.488914071955110829e+00 1.388347457354459271e-03
1.490006973244761168e+00 1.286709933978801880e-03
1.491101480148382175e+00 1.177423297424316437e-03
1.492197596206858545e+00 1.099406562980040228e-03
1.493295324971493976e+00 1.068033381322568707e-03
1.494394670004049130e+00 1.073412261206689675e-03
1.495495634876782276e+00 1.102687637898773715e-03
1.496598223172485254e+00 1.159672594253841277e-03
1.497702438484524556e+00 1.258772986800719062e-03
1.498808284416879077e+00 1.399775258226870897e-03
1.499915764584180300e+00 1.552582435335969147e-03
1.501024882611750266e+00 1.671155540383162169e-03
1.502135642135642435e+00 1.724532198672743596e-03
1.503248046802681204e+00 1.714529102326506869e-03
1.504362100270500990e+00 1.664438440293276303e-03
1.505477806207587310e+00 1.593862857834579122e-03
1.506595168293316966e+00 1.507580384541777879e-03
1.507714190217997130e+00 1.407797807138366905e-03
1.508834875682908194e+00 1.311401116695512644e-03
1.509957228400342411e+00 1.248569613308893192e-03
1.511081252093646521e+00 1.241737783154058233e-03
1.512206950497262392e+00 1.287732862934125831e-03
1.513334327356767650e+00 1.363215339296779561e-03
1.514463386428918090e+00 1.447300533139761394e-03
1.515594131481688978e+00 1.535739771601263076e-03
1.516726566294317902e+00 1.631060340553240270e-03
1.517860694657344967e+00 1.721488376535403736e-03
1.518996520372656978e+00 1.775674759650239069e-03
1.520134047253529186e+00 1.763285822237156469e-03
1.521273279124667699e+00 1.681903532955953242e-03
1.522414219822252335e+00 1.561822251295112143e-03
1.523556873193981032e+00 1.442819713890722711e-03
1.524701243099110259e+00 1.346313505813813167e-03
1.525847333408501649e+00 1.270184970407580403e-03
1.526995148004663960e+00 1.208016245111203594e-03
1.528144690781797266e+00 1.168218728316191592e-03
1.529295965645835809e+00 1.170473042399447451e-03
1.530448976514495074e+00 1.223925994824939063e-03
1.531603727317312647e+00 1.312614603136956753e-03
1.532760221995696170e+00 1.405086544135637858e-03
1.533918464502965984e+00 1.477604121165456991e-03
1.535078458804401524e+00 1.525549480366983996e-03
1.536240208877284630e+00 1.552298377848019715e-03
1.537403718710947942e+00 1.551425986616326554e-03
1.538568992306818206e+00 1.505594067566107730e-03
1.539736033678462013e+00 1.405178566270482744e-03
1.540904846851634202e+00 1.265337197860086881e-03
1.542075435864322053e+00 1.120392608972427392e-03
1.543247804766792353e+00 9.994142495456271192e-04
1.544421957621638253e+00 9.081665833100947436e-04
1.545597898503826562e+00 8.355911255834253893e-04
1.546775631500743264e+00 7.755430967504047370e-04
1.547955160712243261e+00 7.380691985210979409e-04
1.549136490250696774e+00 7.376182688259519480e-04
1.550319624241035754e+00 7.728936810877254718e-04
1.551504566820804953e+00 8.227707496265072558e-04
1.552691322140207664e+00 8.637603700128019570e-04
1.553879894362154124e+00 8.893088358012933049e-04
1.555070287662313033e+00 9.094407169796904283e-04
1.556262506229156406e+00 9.329014033547320794e-04
1.557456554264012416e+00 9.548591326056074437e-04
1.558652435981111140e+00 9.661915723456369551e-04
1.559850155607638511e+00 9.734156471898762790e-04
1.561049717383781621e+00 1.003823810348636325e-03
1.562251125562781562e+00 1.086797269657706778e-03
1.563454384410983167e+00 1.231106688555922823e-03
1.564659498207885413e+00 1.424560062429174739e-03
1.565866471246191605e+00 1.656960798363533559e-03
1.567075307831860664e+00 1.938685030515945127e-03
1.568286012284158426e+00 2.290044893083384783e-03
1.569498588935709815e+00 2.710188297832614134e-03
1.570713042132549475e+00 3.160660804081078228e-03
1.571929376234173947e+00 3.585690160852111029e-03
1.573147595613593630e+00 3.951129916331523953e-03
1.574367704657385625e+00 4.262135145131273548e-03
1.575589707765747249e+00 4.542718693530072190e-03
1.576813609352546219e+00 4.803634662846545215e-03
1.578039413845376604e+00 5.038560128861090288e-03
1.579267125685611006e+00 5.254730005733226385e-03
1.580496749328454298e+00 5.500767866055907701e-03
1.581728289242997132e+00 5.853155714416853443e-03
1.582961749912270788e+00 6.368518197969951292e-03
1.584197135833301129e+00 7.050480120484857796e-03
1.585434451517163446e+00 7.866885935871231750e-03
1.586673701489037747e+00 8.796395509055573991e-03
1.587914890288262271e+00 9.847175964137278373e-03
1.589158022468391884e+00 1.102038343435441520e-02
1.590403102597250262e+00 1.225830494790725034e-02
1.591650135256988507e+00 1.344482723805780211e-02
1.592899125044140218e+00 1.447621951982793267e-02
1.594150076569678554e+00 1.534208642095759648e-02
1.595402994459071966e+00 1.613700603053399088e-02
1.596657883352342155e+00 1.699058336551366455e-02
1.597914747904121358e+00 1.798862629103908928e-02
1.599173592783708298e+00 1.916671732637356684e-02
1.600434422675129253e+00 2.057571713148327597e-02
1.601697242277192679e+00 2.233432725041683761e-02
1.602962056303549598e+00 2.459258983690246203e-02
1.604228869482751785e+00 2.742751021278020535e-02
1.605497686558310599e+00 3.077222358040343497e-02
1.606768512288756501e+00 3.445141019939256671e-02
1.608041351447696998e+00 3.828555934123967913e-02
1.609316208823879268e+00 4.215703181157588048e-02
1.610593089221248553e+00 4.598272517701578604e-02
1.611871997459006778e+00 4.965558261041899679e-02
1.613152938371677392e+00 5.306369849345408951e-02
1.614435916809162430e+00 5.620846471215189960e-02
1.615720937636805132e+00 5.931297229986325775e-02
1.617008005735452558e+00 6.279057608680412017e-02
1.618297126001515096e+00 6.707154586569412380e-02
1.619588303347030189e+00 7.243330650346431476e-02
1.620881542699724509e+00 7.898019456321726806e-02
1.622176849003077237e+00 8.675724252527262925e-02
1.623474227216379573e+00 9.582907713255006676e-02
1.624773682314803791e+00 1.061879512596704267e-01
1.626075219289462082e+00 1.175578720346807382e-01
1.627378843147472942e+00 1.293215543620907515e-01
1.628684558912023350e+00 1.407236020913333607e-01
1.629992371622435821e+00 1.512455413861931719e-01
1.631302286334231022e+00 1.608630379416206291e-01
1.632614308119194391e+00 1.699853226987410038e-01
1.633928442065440523e+00 1.791657382870114890e-01
1.635244693277480454e+00 1.888693573318655505e-01
1.636563066876284944e+00 1.994826764306869560e-01
1.637883567999354861e+00 2.114557390639240919e-01
1.639206201800783580e+00 2.252956155706606345e-01
1.640530973451327590e+00 2.412793959511440323e-01
1.641857888138472443e+00 2.590831608403708630e-01
1.643186951066499590e+00 2.776852921779444094e-01
1.644518167456556546e+00 2.957083388280128955e-01
1.645851542546722612e+00 3.119880106656180985e-01
1.647187081592080382e+00 3.259687040117036916e-01
1.648524789864783013e+00 3.377045422898898863e-01
1.649864672654122844e+00 3.476001320035067010e-01
1.651206735266604886e+00 3.561916563621759235e-01
1.652550983026010778e+00 3.640964459442689871e-01
1.653897421273475388e+00 3.719690593023760594e-01
1.655246055367554314e+00 3.802437767182542672e-01
1.656596890684294499e+00 3.887081161495307691e-01
1.657949932617307054e+00 3.962576750372366341e-01
1.659305186577840097e+00 4.011663301446466434e-01
1.660662657994846025e+00 4.018193669361960207e-01
1.662022352315061458e+00 3.974448736078878275e-01
1.663384275003073398e+00 3.883429301316984605e-01
1.664748431541395179e+00 3.755048513114636610e-01
1.666114827430541512e+00 3.599790325215259101e-01
1.667483468189099316e+00 3.424620552761898362e-01
1.668854359353804551e+00 3.233044934842396190e-01
1.670227506479615043e+00 3.027394149199638673e-01
1.671602915139787315e+00 2.810318127699506507e-01
1.672980590925949196e+00 2.584557923846315108e-01
1.674360539448179530e+00 2.352525027699126081e-01
1.675742766335081013e+00 2.117257507264943550e-01
1.677127277233858127e+00 1.884153683606146212e-01
1.678514077810394189e+00 1.661275160261695694e-01
1.679903173749327738e+00 1.457040344246668673e-01
1.681294570754131357e+00 1.276814009144565110e-01
1.682688274547188279e+00 1.121283532544654626e-01
1.684084290869872103e+00 9.879648900406683143e-02
1.685482625482625840e+00 8.742306149908961321e-02
1.686883284165039409e+00 7.789624115337222265e-02
1.688286272715931569e+00 7.016020450156583432e-02
1.689691596953427632e+00 6.401651128141407077e-02
1.691099262715041851e+00 5.907318378873993581e-02
1.692509275857756457e+00 5.491353967947358583e-02
1.693921642258105376e+00 5.130844622656934029e-02
1.695336367812252387e+00 4.824897112179326458e-02
1.696753458436076389e+00 4.577420255723901182e-02
1.698172920065253111e+00 4.378800127672562159e-02
1.699594758655335713e+00 4.206014056647325305e-02
1.701018980181841167e+00 4.039752569774859858e-02
1.702445590640332629e+00 3.878592613656597216e-02
1.703874596046502266e+00 3.734331305634341902e-02
1.705306002436258517e+00 3.614009742744313247e-02
1.706739815865809362e+00 3.508799813342699386e-02
1.708176042411747586e+00 3.401814143009605079e-02
1.709614688171137598e+00 3.285590602853384612e-02
1.711055759261600695e+00 3.169424346870208797e-02
1.712499261821403218e+00 3.068387195133580325e-02
1.713945202009541591e+00 2.986401168354771429e-02
1.715393586005830917e+00 2.912153671219632617e-02
1.716844420010995353e+00 2.832060276584819764e-02
1.718297710246751819e+00 2.745455339536372052e-02
1.719753462955903034e+00 2.664962606409786855e-02
1.721211684402425224e+00 2.601806683139098672e-02
1.722672380871558051e+00 2.552683282331419043e-02
1.724135558669894319e+00 2.502910479759436896e-02
1.725601224125473232e+00 2.442257771153866219e-02
1.727069383587867435e+00 2.375712874350960346e-02
1.728540043428279382e+00 2.317236626586879900e-02
1.730013210039630378e+00 2.273635004705591017e-02
1.731488889836653167e+00 2.236640073757286892e-02
1.732967089255986970e+00 2.191971021277823103e-02
1.734447814756269857e+00 2.135105681231858066e-02
1.735931072818232668e+00 2.076060846503078108e-02
1.737416869944794051e+00 2.027872934175782224e-02
1.738905212661155941e+00 1.991721503922159325e-02
1.740396107514897261e+00 1.955333967965371469e-02
1.741889561076071846e+00 1.906412389723441403e-02
1.743385579937304586e+00 1.846062474109927409e-02
1.744884170713886684e+00 1.787299607477436242e-02
1.746385340043876910e+00 1.740425570245738088e-02
1.747889094588195080e+00 1.701682506862485858e-02
1.749395441030723752e+00 1.657803624832040676e-02
1.750904386078406150e+00 1.601247189939525306e-02
1.752415936461346302e+00 1.539007753048418983e-02
1.753930098932907411e+00 1.485170595780741648e-02
1.755446880269814658e+00 1.445570672285873340e-02
1.756966287272255345e+00 1.411666532494185861e-02
1.758488326763980147e+00 1.370352112178354134e-02
1.760013005592405033e+00 1.318628671918392614e-02
1.761540330628715179e+00 1.266751514906941899e-02
1.763070308767968219e+00 1.226470902302321392e-02
1.764602946929195948e+00 1.197648825620273305e-02
1.766138252055509561e+00 1.168233498675570227e-02
1.767676231114207575e+00 1.127539023596453756e-02
1.769216891096875743e+00 1.077928132027668531e-02
1.770760239019496751e+00 1.031903196621488869e-02
1.772306281922556792e+00 9.979989867701717643e-03
1.773855026871149931e+00 9.713166783283693623e-03
1.775406480955088240e+00 9.391878567800307845e-03
1.776960651289009707e+00 8.954593834550552203e-03
1.778517545012485490e+00 8.473447654300730186e-03
1.780077169290130268e+00 8.072777878937292470e-03
1.781639531311713265e+00 7.790474385440233039e-03
1.783204638292265276e+00 7.537703341246907232e-03
1.784772497472194352e+00 7.200693270680478229e-03
1.786343116117393715e+00 6.768923854140555633e-03
1.787916501519355661e+00 6.346121429122227910e-03
1.789492660995283924e+00 6.033594241000361791e-03
1.791071601888208020e+00 5.818470242377253750e-03
1.792653331567095165e+00 5.591873253313710095e-03
1.794237857426967953e+00 5.274403275765283429e-03
1.795825186889016933e+00 4.906131340797047040e-03
1.797415327400717411e+00 4.600370975523407173e-03
1.799008286435946458e+00 4.415331440868945287e-03
1.800604071495099268e+00 4.289548371908329452e-03
1.802202690105207505e+00 4.113007733992438131e-03
1.803804149820056102e+00 3.851645456479132167e-03
1.805408458220305157e+00 3.583663135182683143e-03
1.807015622913606956e+00 3.407815634840096961e-03
1.808625651534726542e+00 3.329542764092791214e-03
1.810238551745663838e+00 3.254787855907395177e-03
1.811854331235775106e+00 3.097466411586810749e-03
1.813472997721892410e+00 2.876969187488459707e-03
1.815094558948450842e+00 2.694439981055010962e-03
1.816719022687609542e+00 2.615847690243425921e-03
1.818346396739374260e+00 2.596325215303251811e-03
1.819976688931725706e+00 2.532289655872771526e-03
1.821609907120743443e+00 2.380907253572577247e-03
1.823246059190731128e+00 2.209218468125240167e-03
1.824885153054344400e+00 2.116332798352022794e-03
1.826527196652720120e+00 2.118399881970128417e-03
1.828172197955599820e+00 2.129267279103428095e-03
1.829820164961464046e+00 2.059666682892105638e-03
1.831471105697658919e+00 1.920685053480312944e-03
1.833125028220526920e+00 1.811427807268704360e-03
1.834781940615537899e+00 1.804054926070525200e-03
1.836441850997421632e+00 1.858794357820920014e-03
1.838104767510300608e+00 1.868433974146861990e-03
1.839770698327819920e+00 1.782486892320510677e-03
1.841439651653286269e+00 1.667420321464351636e-03
1.843111635719798747e+00 1.631135460313447218e-03
1.844786658790385170e+00 1.696916126266816149e-03
1.846464729158139084e+00 1.773183326557491342e-03
1.848145855146356320e+00 1.757121318116034543e-03
1.849830045108671328e+00 1.654644055711541103e-03
1.851517307429197068e+00 1.576564248165631841e-03
1.853207650522664451e+00 1.611384383212579718e-03
1.854901082834559567e+00 1.719635543160601306e-03
1.856597612841267786e+00 1.774506773257251762e-03
1.858297249050213207e+00 1.706736037540938387e-03
1.860000000000000098e+00 1.588066134895401663e-03
