1.420000000000000151e+00 8.830762690820630548e-04
1.421044540071352502e+00 8.371453867740657594e-04
1.422090617983731820e+00 7.754130432609970770e-04
1.423138237135806117e+00 7.065160236459337587e-04
1.424187400936267611e+00 6.463764067944739126e-04
1.425238112803866031e+00 6.193031522822438654e-04
1.426290376167448137e+00 6.436264574664268346e-04
1.427344194465994365e+00 7.185075425461861023e-04
1.428399571148656122e+00 8.280096373786155917e-04
1.429456509674793763e+00 9.561058224503557121e-04
1.430515013514014111e+00 1.092117324244123609e-03
1.431575086146207765e+00 1.219972606377148520e-03
1.432636731061589286e+00 1.309154154623975389e-03
1.433699951760733393e+00 1.326984132898716140e-03
1.434764751754614265e+00 1.265644025452386740e-03
1.435831134564643952e+00 1.154932506020461434e-03
1.436899103722712123e+00 1.043338485696967662e-03
1.437968662771223594e+00 9.645649894202704350e-04
1.439039815263138511e+00 9.232961210174933262e-04
1.440112564762011216e+00 9.117515776931077931e-04
1.441186914842030875e+00 9.332724588497962308e-04
1.442262869088058785e+00 1.002959873975261184e-03
1.443340431095670784e+00 1.125217237509177227e-03
1.444419604471195662e+00 1.277073721246054514e-03
1.445500392831755798e+00 1.419069613182099296e-03
1.446582799805309127e+00 1.521877161652177360e-03
1.447666829030686886e+00 1.578777481696841227e-03
1.448752484157636244e+00 1.593422070224212667e-03
1.449839768846861165e+00 1.563589945685576500e-03
1.450928686770062814e+00 1.484888764397079884e-03
1.452019241609981970e+00 1.369806869645603465e-03
1.453111437060438993e+00 1.254548400269901937e-03
1.454205276826376680e+00 1.179366526910819281e-03
1.455300764623903120e+00 1.161800679021787958e-03
1.456397904180331215e+00 1.193122882828480261e-03
1.457496699234222426e+00 1.260839688438180955e-03
1.458597153535429847e+00 1.367582305918640679e-03
1.459699270845139729e+00 1.520620981514821330e-03
1.460803054935914780e+00 1.703552970436033069e-03
1.461908509591736571e+00 1.866896624481053941e-03
1.463015638608050395e+00 1.955043224243200456e-03
1.464124445791807450e+00 1.944996655567815796e-03
1.465234934961508140e+00 1.857819976890259361e-03
1.466347109947246707e+00 1.734203273359386909e-03
1.467460974590755640e+00 1.604373156173895514e-03
1.468576532745448526e+00 1.483869217400175409e-03
1.469693788276465574e+00 1.391379206385641746e-03
1.470812745060718241e+00 1.357941938407124672e-03
1.471933406986932757e+00 1.410839946579175606e-03
1.473055777955698087e+00 1.550449837901536967e-03
1.474179861879507225e+00 1.748561788569700896e-03
1.475305662682805830e+00 1.969509855571384069e-03
1.476433184302036850e+00 2.186916575752764595e-03
1.477562430685686046e+00 2.376786422327548023e-03
1.478693405794328175e+00 2.502137095423470972e-03
1.479826113600674287e+00 2.519488668177165790e-03
1.480960558089616574e+00 2.410835490553423898e-03
1.482096743258276339e+00 2.208096357290833742e-03
1.483234673116050839e+00 1.978296644313169705e-03
1.484374351684659477e+00 1.779513304370828166e-03
1.485515782998192869e+00 1.631133618399504886e-03
1.486658971103159255e+00 1.525904583969979163e-03
1.487803920058531348e+00 1.463503323809502111e-03
1.488950633935797407e+00 1.462630300551987081e-03
1.490099116819005864e+00 1.537518547209266485e-03
1.491249372804817064e+00 1.669324785971668850e-03
1.492401406002549669e+00 1.808982151698539575e-03
1.493555220534230399e+00 1.909732773197149241e-03
1.494710820534643769e+00 1.953054282310321679e-03
1.495868210151380495e+00 1.942823059795318425e-03
1.497027393544887897e+00 1.883092343582970290e-03
1.498188374888518748e+00 1.772611685086948868e-03
1.499351158368582349e+00 1.622748694036823267e-03
1.500515748184395592e+00 1.470740320123131457e-03
1.501682148548330931e+00 1.363563991856240080e-03
1.502850363685868995e+00 1.325738034941268545e-03
1.504020397835649892e+00 1.347634704500256641e-03
1.505192255249522937e+00 1.407645075746695711e-03
1.506365940192600394e+00 1.499755850833191413e-03
1.507541456943306546e+00 1.631061778714775878e-03
1.508718809793432092e+00 1.792185464685302132e-03
1.509898003048184778e+00 1.939956418010366397e-03
1.511079041026242908e+00 2.019430845087620118e-03
1.512261928059806637e+00 2.004988284190325435e-03
1.513446668494653480e+00 1.916006607594183779e-03
1.514633266690187829e+00 1.791841388784085835e-03
1.515821727019498910e+00 1.657669617301108953e-03
1.517012053869409849e+00 1.519766409594677271e-03
1.518204251640535851e+00 1.388821260370696944e-03
1.519398324747335716e+00 1.294522060243485538e-03
1.520594277618166679e+00 1.268311562350672153e-03
1.521792114695340814e+00 1.314941608372740883e-03
1.522991840435176991e+00 1.409692592960469070e-03
1.524193459308059495e+00 1.525373615459381599e-03
1.525396975798491983e+00 1.654229544114274152e-03
1.526602394405152552e+00 1.796522252654927628e-03
1.527809719640950581e+00 1.932616605097242342e-03
1.529018956033084020e+00 2.020187207095828878e-03
1.530230108123094457e+00 2.028076425733047958e-03
1.531443180466923071e+00 1.969724186573764638e-03
1.532658177634972141e+00 1.894891016268138205e-03
1.533875104212156115e+00 1.846989286450297996e-03
1.535093964797965782e+00 1.835023540001804419e-03
1.536314764006521338e+00 1.850562614728329044e-03
1.537537506466632342e+00 1.903444085696011714e-03
1.538762196821856554e+00 2.026639583246604009e-03
1.539988839730559445e+00 2.241148255702112360e-03
1.541217439865970373e+00 2.524709548234336381e-03
1.542448001916244538e+00 2.825057562573312329e-03
1.543680530584522037e+00 3.102223007518781911e-03
1.544915030588988047e+00 3.347536346089046225e-03
1.546151506662931885e+00 3.558702334681030244e-03
1.547389963554808290e+00 3.710579051797360112e-03
1.548630406028297823e+00 3.769942610172326812e-03
1.549872838862369262e+00 3.744129466027351812e-03
1.551117266851339105e+00 3.702161358469564616e-03
1.552363694804934191e+00 3.733522996415500859e-03
1.553612127548353428e+00 3.886501619816656438e-03
1.554862569922331073e+00 4.157582998572137249e-03
1.556115026783197353e+00 4.542308830939568130e-03
1.557369503002942634e+00 5.078604518435936993e-03
1.558626003469280930e+00 5.818459125539288818e-03
1.559884533085712066e+00 6.753757535745136611e-03
1.561145096771586971e+00 7.787078938894196993e-03
1.562407699462170063e+00 8.792411367539372177e-03
1.563672346108705202e+00 9.704981613211699845e-03
1.564939041678480525e+00 1.054466741322388802e-02
1.566207791154890838e+00 1.136040868537466220e-02
1.567478599537506678e+00 1.218119190837166181e-02
1.568751471842137590e+00 1.304590013516290087e-02
1.570026413100898077e+00 1.407273811192332261e-02
1.571303428362275767e+00 1.546305059941825710e-02
1.572582522691196472e+00 1.740705470476578559e-02
1.573863701169090357e+00 1.998435643990704308e-02
1.575146968893962551e+00 2.316530673322361039e-02
1.576432330980456431e+00 2.689132444845386202e-02
1.577719792559924894e+00 3.110415806176672349e-02
1.579009358780498085e+00 3.566044267568152515e-02
1.580301034807149563e+00 4.024521956828072677e-02
1.581594825821769579e+00 4.445755093254807194e-02
1.582890737023229244e+00 4.807161026688577116e-02
1.584188773627455138e+00 5.125242091898114805e-02
1.585488940867495478e+00 5.450521593257697667e-02
1.586791243993593392e+00 5.839942047743175435e-02
1.588095688273254424e+00 6.334703534642330269e-02
1.589402278991320250e+00 6.963841626429410903e-02
1.590711021450039064e+00 7.761161344362595138e-02
1.592021920969137971e+00 8.763761510435959246e-02
1.593334982885892703e+00 9.980398245463495410e-02
1.594650212555202673e+00 1.135763872069661812e-01
1.595967615349663360e+00 1.278480667262587300e-01
1.597287196659638919e+00 1.414557501950909624e-01
1.598608961893334790e+00 1.537784118814207734e-01
1.599932916476873190e+00 1.649495252261288236e-01
1.601259065854366170e+00 1.756069447589610200e-01
1.602587415487991995e+00 1.865395617576889875e-01
1.603917970858068198e+00 1.985809422887108155e-01
1.605250737463127075e+00 2.126794398223307014e-01
1.606585720819992513e+00 2.297625699289914114e-01
1.607922926463856372e+00 2.502135607908521076e-01
1.609262359948352872e+00 2.732896074342971438e-01
1.610604026845637859e+00 2.970439161832801878e-01
1.611947932746464085e+00 3.189634944968260943e-01
1.613294083260261358e+00 3.369417173293315915e-01
1.614642484015211821e+00 3.499709538038244250e-01
1.615993140658329885e+00 3.582559434444469448e-01
1.617346058855540392e+00 3.629102938576617698e-01
1.618701244291759433e+00 3.655189190048607761e-01
1.620058702670971629e+00 3.676294127438893278e-01
1.621418439716312276e+00 3.701105857289341272e-01
1.622780461170145960e+00 3.725532309485670712e-01
1.624144772794148706e+00 3.731921169407406147e-01
1.625511380369388803e+00 3.696800366608595234e-01
1.626880289696408521e+00 3.603886064452235249e-01
1.628251506595305820e+00 3.453451004844276806e-01
1.629625036905816726e+00 3.260876842087055416e-01
1.631000886487399271e+00 3.045781574881906706e-01
1.632379061219316529e+00 2.820724699044784289e-01
1.633759567000719004e+00 2.587955857163428131e-01
1.635142409750730108e+00 2.344867943409462974e-01
1.636527595408530988e+00 2.091605593446309030e-01
1.637915129933443792e+00 1.834166994611686197e-01
1.639305019305019817e+00 1.582089727383827471e-01
1.640697269523122115e+00 1.344709595651364387e-01
1.642091886608015860e+00 1.129516562716769007e-01
1.643488876600451176e+00 9.423107204559687256e-02
1.644888245561752615e+00 7.868370603807245400e-02
1.646289999573905982e+00 6.633147939822268968e-02
1.647694144739647815e+00 5.677962367383977693e-02
1.649100687182551761e+00 4.939775375545129438e-02
1.650509633047118729e+00 4.362950106306614367e-02
1.651920988498867038e+00 3.915091890364610222e-02
1.653334759724421232e+00 3.576560940609292000e-02
1.654750952931603125e+00 3.321998942820090367e-02
1.656169574349522389e+00 3.118554134392545821e-02
1.657590630228667150e+00 2.941973823414128011e-02
1.659014126840997916e+00 2.788462196298001697e-02
1.660440070480037944e+00 2.665832488985163395e-02
1.661868467460966281e+00 2.573923693864326942e-02
1.663299324120711242e+00 2.497807496157418081e-02
1.664732646818044781e+00 2.421224376328926647e-02
1.666168441933675526e+00 2.342573111527316079e-02
1.667606715870344258e+00 2.273131158731890936e-02
1.669047475052918061e+00 2.219906602535287946e-02
1.670490725928488462e+00 2.174809495584528740e-02
1.671936474966463360e+00 2.123626602742786917e-02
1.673384728658668941e+00 2.063245308636926789e-02
1.674835493519441831e+00 2.005280846929102800e-02
1.676288776085730570e+00 1.961482229799919874e-02
1.677744582917191529e+00 1.929205721447361729e-02
1.679202920596288617e+00 1.895074239124856785e-02
1.680663795728392307e+00 1.852042087334741793e-02
1.682127214941878446e+00 1.808300327091179674e-02
1.683593184888230621e+00 1.776819152598674290e-02
1.685061712242139187e+00 1.758728928582342643e-02
1.686532803701602301e+00 1.741510802739174718e-02
1.688006465988029170e+00 1.714360692037968439e-02
1.689482705846342414e+00 1.681484209213309627e-02
1.690961530045078653e+00 1.656615517215263150e-02
1.692442945376495089e+00 1.645586421565893576e-02
1.693926958656670978e+00 1.638797187030753902e-02
1.695413576725613325e+00 1.623067946019236124e-02
1.696902806447362799e+00 1.598024968243573138e-02
1.698394654710097429e+00 1.576397036041968236e-02
1.699889128426239626e+00 1.567706679237786116e-02
1.701386234532564545e+00 1.565728192311639441e-02
1.702885979990304000e+00 1.555536110951029165e-02
1.704388371785257705e+00 1.531524952506354252e-02
1.705893416927899642e+00 1.503971753211116695e-02
1.707401122453488851e+00 1.485904995434207850e-02
1.708911495422177351e+00 1.476643097955593689e-02
1.710424542919120272e+00 1.462624573675471232e-02
1.711940272054588430e+00 1.434606586319352693e-02
1.713458689964078463e+00 1.399768784343153466e-02
1.714979803808424963e+00 1.373450001035902285e-02
1.716503620773913052e+00 1.360608174452179395e-02
1.718030148072390961e+00 1.350031090436323855e-02
1.719559392941386156e+00 1.328568591930022642e-02
1.721091362644216138e+00 1.297708009692137045e-02
1.722626064470106133e+00 1.271794598273862445e-02
1.724163505734303214e+00 1.260023238296739331e-02
1.725703693778194880e+00 1.254641965169993149e-02
1.727246635969422295e+00 1.240211314707107340e-02
1.728792339702000191e+00 1.212559084623922138e-02
1.730340812396435224e+00 1.183863594260681738e-02
1.731892061499843205e+00 1.167428518499713866e-02
1.733446094486069455e+00 1.160993659392787515e-02
1.735002918855808707e+00 1.149367179091358507e-02
1.736562542136725451e+00 1.123200388163811056e-02
1.738124971883575620e+00 1.090585277241125882e-02
1.739690215678328711e+00 1.066968378913046335e-02
1.741258281130290131e+00 1.055817765311200217e-02
1.742829175876223546e+00 1.044077982885389076e-02
1.744402907580477891e+00 1.018175169977969009e-02
1.745979483935108156e+00 9.807992053485091108e-03
1.747558912660002850e+00 9.476395773796870634e-03
1.749141201503011001e+00 9.280855780631699220e-03
1.750726358240065395e+00 9.138187273503298874e-03
1.752314390675314248e+00 8.894504470517551262e-03
1.753905306641245998e+00 8.519805647684008942e-03
1.755499113998818972e+00 8.148750400583101156e-03
1.757095820637591510e+00 7.916514531366462479e-03
1.758695434475852526e+00 7.793203264249881808e-03
1.760297963460750070e+00 7.622208433716198481e-03
1.761903415568425668e+00 7.314674986978001239e-03
1.763511798804144659e+00 6.958592171733113396e-03
1.765123121202430756e+00 6.707517405078568425e-03
1.766737390827198606e+00 6.587920226360857723e-03
1.768354615771889460e+00 6.464893649187059346e-03
1.769974804159604398e+00 6.208620353172631529e-03
1.771597964143243775e+00 5.854433713892488560e-03
1.773224103905640670e+00 5.557871545196930822e-03
1.774853231659699881e+00 5.401393065173024088e-03
1.776485355648535602e+00 5.293296250558601063e-03
1.778120484145612190e+00 5.083577671909028997e-03
1.779758625454880727e+00 4.751313063970761044e-03
1.781399787910922905e+00 4.430283472655262289e-03
1.783043979879090024e+00 4.242279065379214037e-03
1.784691209755647101e+00 4.146855750751361758e-03
1.786341485967913645e+00 3.994182929923648269e-03
1.787994816974409096e+00 3.713337959881506892e-03
1.789651211264996045e+00 3.400400806219605870e-03
1.791310677361027670e+00 3.197741718562494700e-03
1.792973223815490513e+00 3.117237928296808479e-03
1.794638859213154580e+00 3.028527386020285223e-03
1.796307592170719447e+00 2.824960111941849511e-03
1.797979431336963252e+00 2.557547184332799317e-03
1.799654385392892353e+00 2.369399258812884650e-03
1.801332463051890764e+00 2.314967844729004000e-03
1.803013673059872257e+00 2.292336177057650078e-03
1.804698024195432016e+00 2.172760611847088328e-03
1.806385525269998515e+00 1.962634168741120462e-03
1.808076185127989399e+00 1.793287876548382235e-03
1.809770012646962467e+00 1.752717156719347559e-03
1.811467016737774882e+00 1.773241599527536393e-03
1.813167206344737270e+00 1.717463993879958821e-03
1.814870590445770482e+00 1.552882103449776093e-03
1.816577178052564800e+00 1.392860933887407832e-03
1.818286978210739369e+00 1.351607096795163360e-03
1.820000000000000062e+00 1.397798914714432029e-03
