7.199999999999999734e-01 4.607531336412264694e-08
7.208610380291796682e-01 4.546544875993581931e-08
7.217241379310344040e-01 7.026645725611125637e-08
7.225893071205945484e-01 7.618742590422401533e-08
7.234565530484877716e-01 8.752731963082853454e-08
7.243258832011535420e-01 1.240487730624572698e-07
7.251973051010587312e-01 1.222434738254964332e-07
7.260708263069141077e-01 1.249742659023283430e-07
7.269464544138930506e-01 1.376853007848726748e-07
7.278241970538517069e-01 1.074830353942752733e-07
7.287040618955513693e-01 9.013212564503461399e-08
7.295860566448801876e-01 7.884971147887386704e-08
7.304701890450799873e-01 3.922813307981871214e-08
7.313564668769715338e-01 2.197449483004312143e-08
7.322448979591835716e-01 1.101704146966617055e-08
7.331354901483825293e-01 2.590167319118565453e-09
7.340282513395032238e-01 2.416123477639714072e-09
7.349231894659838948e-01 9.771524092628193104e-09
7.358203125000001288e-01 1.669089205267046976e-08
7.367196284527011141e-01 2.311522115742456047e-08
7.376211453744493385e-01 5.902310973764409839e-08
7.385248713550601751e-01 9.816904994946304298e-08
7.394308145240432451e-01 1.367205669859705550e-07
7.403389830508474434e-01 2.191397233868970588e-07
7.412493851451058546e-01 2.594619206129645494e-07
7.421620290568825551e-01 3.196559297695541497e-07
7.430769230769231903e-01 4.280280524643520144e-07
7.439940755369045533e-01 4.955934181639429263e-07
7.449134948096886033e-01 6.577582336574120001e-07
7.458351893095768181e-01 8.303897694299877744e-07
7.467591674925668777e-01 9.537594507229296523e-07
7.476854378566112347e-01 1.201705982603321837e-06
7.486140089418777954e-01 1.389067227897483483e-06
7.495448893310120431e-01 1.619438331578647522e-06
7.504780876494024922e-01 1.953706177044030352e-06
7.514136125654450327e-01 2.129936842844904518e-06
7.523514727908138244e-01 2.425908206512277320e-06
7.532916770807297491e-01 2.729299547885790223e-06
7.542342342342343020e-01 2.863301825343665751e-06
7.551791530944625963e-01 3.144631850063663475e-06
7.561264425489212515e-01 3.326452150305210219e-06
7.570761115297663935e-01 3.656952027346182399e-06
7.580281690140845408e-01 4.278781196821585100e-06
7.589826240241751565e-01 4.752137641732803203e-06
7.599394856278367527e-01 5.483710331774342277e-06
7.608987629386518847e-01 6.341643895115372738e-06
7.618604651162790287e-01 7.232312007006486812e-06
7.628246013667425718e-01 8.372978755815390590e-06
7.637911809427269105e-01 8.890661749904507001e-06
7.647602131438722139e-01 9.187970229603369793e-06
7.657317073170731847e-01 9.692864402620389187e-06
7.667056728567793744e-01 9.791880794168327263e-06
7.676821192052979415e-01 9.865780508117317948e-06
7.686610558530985182e-01 9.619644745071277166e-06
7.696424923391216311e-01 9.366706376223528480e-06
7.706264382510866762e-01 9.893793511519514852e-06
7.716129032258064457e-01 1.027765054418396035e-05
7.726018969495000999e-01 1.063405896981594016e-05
7.735934291581109123e-01 1.107554712611974944e-05
7.745875096376253488e-01 1.167781337168450568e-05
7.755841482243953644e-01 1.331107992605527625e-05
7.765833548054624780e-01 1.468820561570302800e-05
7.775851393188853988e-01 1.539166601304230910e-05
7.785895117540686527e-01 1.619510059503564134e-05
7.795964821520952048e-01 1.676659600915024495e-05
7.806060606060606366e-01 1.689408438017833881e-05
7.816182572614107649e-01 1.517570091464439213e-05
7.826330823162814809e-01 1.198266231442905093e-05
7.836505460218409214e-01 9.553524225301014531e-06
7.846706586826348584e-01 7.532027709119637139e-06
7.856934306569343107e-01 5.623142839354958971e-06
7.867188723570869291e-01 3.968421064853880524e-06
7.877469942498691591e-01 2.523268443040203604e-06
7.887778068568437329e-01 1.755602795534098794e-06
7.898113207547170500e-01 1.179112516040809991e-06
7.908475465757018874e-01 6.731955394614167349e-07
7.918864950078823295e-01 3.732120003601777259e-07
7.929281767955800309e-01 2.599930173650941492e-07
7.939726027397260300e-01 4.152350250960595815e-07
7.950197836982327848e-01 6.418113596597539172e-07
7.960697305863708717e-01 1.234089032549726915e-06
7.971224543771487925e-01 1.930586959388854626e-06
7.981779661016947802e-01 2.795789429712352660e-06
7.992362768496419356e-01 3.926930610811933929e-06
8.002973977695168051e-01 5.170065665620838857e-06
8.013613400691305122e-01 7.221634348753576524e-06
8.024281150159743303e-01 9.042933628562932878e-06
8.034977339376165872e-01 1.096258506264482172e-05
8.045702082221035667e-01 1.409719267325747122e-05
8.056455493183640737e-01 1.790880233531007003e-05
8.067237687366167753e-01 2.335158047943057584e-05
8.078048780487804281e-01 2.815371918314988516e-05
8.088888888888888795e-01 3.156210347964855638e-05
8.099758129535069573e-01 3.694193818178010443e-05
8.110656620021529095e-01 4.256386464607361721e-05
8.121584478577204003e-01 4.633790778607877056e-05
8.132541824069077219e-01 4.676972554293538204e-05
8.143528776006484504e-01 4.436048753270909785e-05
8.154545454545455430e-01 4.409754967039541024e-05
8.165591980493092095e-01 4.508741944066765411e-05
8.176668475311991147e-01 4.406803405791123458e-05
8.187775061124693554e-01 4.115946481238635143e-05
8.198911860718171019e-01 3.795076187785981274e-05
8.210078997548351243e-01 3.666503146676594230e-05
8.221276595744680948e-01 3.687694380326351264e-05
8.232504780114722198e-01 3.689342886324140867e-05
8.243763676148796460e-01 3.406226533952655519e-05
8.255053410024650873e-01 2.987846714249916999e-05
8.266374108612177807e-01 2.774299234495686468e-05
8.277725899478166616e-01 2.491539095088689593e-05
8.289108910891089810e-01 2.144286246017022897e-05
8.300523271825943628e-01 1.708979364066527668e-05
8.311969111969110813e-01 1.172253431769195632e-05
8.323446561723280013e-01 8.966724775010939254e-06
8.334955752212389601e-01 5.966275912691085526e-06
8.346496815286623683e-01 3.018707858317215872e-06
8.358069883527454724e-01 1.469264533489009744e-06
8.369675090252706173e-01 1.332046382804395027e-06
8.381312569521691680e-01 4.895197966326760516e-06
8.392982456140352099e-01 5.356452977715853250e-06
8.404684885666481309e-01 9.227763816659528663e-06
8.416419994414967576e-01 1.921433134204989995e-05
8.428187919463087097e-01 1.710777331608524042e-05
8.439988798655838620e-01 1.554447012234689031e-05
8.451822770611329139e-01 2.518464008020643288e-05
8.463689974726199550e-01 3.179875624678374461e-05
8.475590551181102494e-01 3.475156712647594172e-05
8.487524640946212395e-01 2.793242223605885374e-05
8.499492385786803217e-01 1.829522727379467013e-05
8.511493928268850651e-01 1.776694954639106584e-05
8.523529411764705355e-01 1.211724831443670682e-05
8.535598980458792839e-01 9.771121799763392166e-06
8.547702779353374414e-01 2.193664317551894552e-05
8.559840954274353653e-01 3.001712327491531108e-05
8.572013651877133933e-01 2.382932286942839931e-05
8.584221019652520379e-01 1.333955372926007841e-05
8.596463205932686202e-01 6.651940956148310936e-06
8.608740359897171235e-01 2.238932684131174322e-06
8.621052631578948189e-01 4.263749562917771573e-06
8.633400171870524442e-01 1.113185025038429360e-05
8.645783132530120429e-01 2.236090050741004008e-05
8.658201666187876899e-01 3.054026062581717446e-05
8.670655926352128784e-01 2.373059343406388403e-05
8.683146067415729030e-01 2.391425632208710934e-05
8.695672244662433492e-01 4.094333933217823921e-05
8.708234614273331342e-01 8.017434457009493169e-05
8.720833333333333215e-01 1.016920123871745937e-04
8.733468559837727074e-01 1.004570339316399183e-04
8.746140452698781820e-01 1.900814681565037283e-04
8.758849171752397522e-01 2.755664369288925186e-04
8.771594877764842257e-01 2.927546510293675100e-04
8.784377732439522246e-01 3.243631884446954335e-04
8.797197898423817497e-01 2.462974696255908333e-04
8.810055539315988504e-01 2.449177771278700710e-04
8.822950819672129574e-01 4.111380371658830755e-04
8.835883905013192097e-01 2.774091239401279630e-04
8.848854961832061106e-01 1.891018444393137733e-05
8.861864157600704006e-01 1.733698206215598405e-04
8.874911660777383693e-01 5.342022625715821043e-04
8.887997640813919409e-01 5.785833552665507968e-04
8.901122268163024209e-01 3.061322646971017234e-04
8.914285714285713480e-01 2.333107633165024542e-04
8.927488151658767856e-01 4.070448637755560875e-04
8.940729753782259426e-01 4.268220967012318614e-04
8.954010695187166746e-01 2.793309849879387573e-04
8.967331151443023174e-01 1.399059270132978401e-04
8.980691299165671770e-01 1.555030370335185909e-04
8.994091316025066840e-01 3.470541290307415099e-04
9.007531380753136530e-01 4.947461598237447430e-04
9.021011673151752008e-01 5.142747278080665296e-04
9.034532374100718854e-01 5.068985838910464994e-04
9.048093665565896115e-01 5.306053013057868183e-04
9.061695730607336463e-01 5.766251795905677751e-04
9.075338753387532931e-01 5.796917515144574522e-04
9.089022919179734483e-01 5.415214347265323276e-04
9.102748414376320429e-01 5.668244916773492858e-04
9.116515426497278085e-01 6.742942950757856158e-04
9.130324144198727065e-01 7.738755354095533216e-04
9.144174757281552379e-01 7.899433647296929357e-04
9.158067456700091924e-01 7.570402473957181175e-04
9.172002434570906138e-01 7.738046867856661045e-04
9.185979884181650901e-01 8.311887937737913370e-04
9.199999999999999289e-01 8.643654831112602748e-04
9.214062977682664357e-01 8.373853919498724669e-04
9.228169014084508515e-01 8.065808365342233945e-04
9.242318307267710642e-01 8.897997464611314420e-04
9.256511056511056434e-01 1.027275822630977246e-03
9.270747462319286480e-01 1.110193290652562552e-03
9.285027726432530937e-01 1.113782231815046769e-03
9.299352051835854116e-01 9.847271255341478752e-04
9.313720642768851254e-01 7.292973927025075097e-04
9.328133704735376286e-01 4.493225869622965757e-04
9.342591444513328458e-01 2.399366319758113649e-04
9.357094070164543309e-01 1.518378138206382018e-04
9.371641791044776904e-01 1.864887221367844325e-04
9.386234817813765563e-01 2.588235858885075077e-04
9.400873362445414383e-01 3.067855779256405688e-04
9.415557638238050142e-01 3.560656836554983965e-04
9.430287859824778574e-01 3.951536333858351297e-04
9.445064243183954877e-01 3.972300147660121333e-04
9.459887005649717517e-01 3.877277210675196409e-04
9.474756365922665236e-01 4.281688259226582656e-04
9.489672544080602901e-01 5.115807377082923256e-04
9.504635761589401710e-01 5.994859047421790404e-04
9.519646241313961532e-01 7.268634900325996861e-04
9.534704207529263176e-01 9.179303189042395655e-04
9.549809885931558329e-01 1.153396809237829850e-03
9.564963503649633880e-01 1.407885900644898283e-03
9.580165289256196148e-01 1.743567831646560332e-03
9.595415472779370569e-01 2.250980994730043643e-03
9.610714285714284655e-01 2.988922583742144225e-03
9.626061961034813041e-01 3.912248278788691032e-03
9.641458733205372500e-01 4.772305419419910384e-03
9.656904838192885698e-01 5.576123587611035888e-03
9.672400513478819351e-01 6.727060746902853786e-03
9.687945998071358922e-01 8.321045895682168195e-03
9.703541532517706569e-01 9.975531556812786138e-03
9.719187358916476782e-01 1.156135393376392546e-02
9.734883720930230799e-01 1.321148998188314411e-02
9.750630863798124270e-01 1.520477684098365742e-02
9.766429034348671490e-01 1.815381649240209103e-02
9.782278481012657290e-01 2.215164037779694325e-02
9.798179453836149966e-01 2.691964215898465934e-02
9.814132204493648537e-01 3.281925113542814854e-02
9.830136986301366564e-01 4.065528419211693334e-02
9.846194054230644754e-01 5.014697035414854981e-02
9.862303664921464597e-01 6.134021665020902153e-02
9.878466076696165166e-01 7.833981910161122442e-02
9.894681549573209889e-01 1.027299457665631632e-01
9.910950345281158702e-01 1.278780527453529658e-01
9.927272727272726804e-01 1.501140832137273229e-01
9.943648960739028819e-01 1.731032411355062084e-01
9.960079312623925096e-01 1.962400836088326606e-01
9.976564051638528996e-01 2.153417537454375696e-01
9.993103448275862943e-01 2.303974849756348642e-01
1.000969777482563883e+00 2.355461070145535296e-01
1.002634730538922048e+00 2.208562081227830876e-01
1.004305231589470049e+00 1.905990909126974997e-01
1.005981308411214803e+00 1.546253548513465970e-01
1.007662988966900652e+00 1.165157973453858492e-01
1.009350301406563899e+00 8.080451962181640913e-02
1.011043274069104436e+00 5.184362311310784094e-02
1.012741935483870703e+00 3.079245650846793372e-02
1.014446314372265068e+00 1.809739900805027932e-02
1.016156439649359422e+00 1.192894027300200194e-02
1.017872340425531874e+00 8.830081285131437599e-03
1.019594046008118982e+00 7.000080681434561226e-03
1.021321585903083529e+00 5.878388241853696808e-03
1.023054989816700289e+00 4.929849822398224210e-03
1.024794287657259551e+00 4.037872807643306909e-03
1.026539509536784633e+00 3.413825854939761453e-03
1.028290685772773827e+00 3.097878978699105789e-03
1.030047846889951879e+00 2.834893310124549960e-03
1.031811023622047019e+00 2.532740122945613230e-03
1.033580246913580414e+00 2.261914054476270135e-03
1.035355547921676278e+00 1.968754402522651138e-03
1.037136958017893962e+00 1.723951922006882560e-03
1.038924508790072254e+00 1.587394676198744569e-03
1.040718232044198777e+00 1.515030916008877366e-03
1.042518159806295364e+00 1.391750838568632910e-03
1.044324324324324316e+00 1.227496038700441302e-03
1.046136758070114636e+00 1.095339466363614471e-03
1.047955493741307142e+00 9.687774774239059491e-04
1.049780564263322669e+00 8.950542552192706841e-04
1.051612002791346923e+00 8.671855779682379655e-04
1.053449842712338214e+00 8.544249779786254953e-04
1.055294117647058716e+00 8.136899233421275102e-04
1.057144861452121942e+00 7.899871091227400567e-04
1.059002108222065974e+00 8.182957122001488157e-04
1.060865892291446677e+00 8.729979380141070656e-04
1.062736248236953340e+00 9.913303461613518722e-04
1.064613210879547855e+00 1.144958358129645904e-03
1.066496815286623878e+00 1.303853334399795831e-03
1.068387096774193301e+00 1.410512613026631678e-03
1.070284090909090935e+00 1.558118628928136613e-03
1.072187833511205834e+00 1.763118049044426656e-03
1.074098360655737716e+00 1.963478082221831612e-03
1.076015708675472693e+00 2.177886296520380269e-03
1.077939914163089874e+00 2.313791243254794284e-03
1.079871013973486171e+00 2.345221655528743031e-03
1.081809045226130417e+00 2.280507783114716497e-03
1.083754045307443237e+00 2.285378206905756653e-03
1.085706051873198685e+00 2.324422520653627016e-03
1.087665102850956522e+00 2.293465526435957934e-03
1.089631236442516027e+00 2.244733609189237308e-03
1.091604491126403342e+00 2.117167734470313221e-03
1.093584905660377249e+00 1.975516586506738219e-03
1.095572519083969132e+00 1.831883273928482190e-03
1.097567370721048707e+00 1.783039537765434982e-03
1.099569500182415061e+00 1.756122332667794939e-03
1.101578947368420991e+00 1.660580455979339832e-03
1.103595752471622005e+00 1.567325191271515608e-03
1.105619955979456837e+00 1.430883545739654187e-03
1.107651598676957061e+00 1.329081975339993201e-03
1.109690721649484679e+00 1.227154281982124982e-03
1.111737366285503459e+00 1.183149731830011615e-03
1.113791574279379137e+00 1.124537755060975872e-03
1.115853387634209382e+00 1.009311619186186847e-03
1.117922848664688384e+00 9.203778947618622593e-04
1.119999999999999885e+00 8.105525537907144317e-04
