8.199999999999998401e-01 8.955276415798252027e-04
8.209001591744881088e-01 8.338376949412282940e-04
8.218022968294960151e-01 7.451510070201854260e-04
8.227064194950217679e-01 7.049599068980011516e-04
8.236125337298308979e-01 6.832311231276094179e-04
8.245206461216163518e-01 5.729212000936083479e-04
8.254307632871571432e-01 3.799222811718507616e-04
8.263428918724791128e-01 2.218324011541661866e-04
8.272570385530173542e-01 1.377530922988111795e-04
8.281732100337780844e-01 1.106112361416760936e-04
8.290914130495038448e-01 1.507868121322549220e-04
8.300116543648370371e-01 2.647130779923676349e-04
8.309339407744875672e-01 3.452449416624213548e-04
8.318582791033983792e-01 3.414843187929928977e-04
8.327846762069157638e-01 3.425014170140883467e-04
8.337131389709571128e-01 3.499974884659771425e-04
8.346436743121825597e-01 3.354605752607734684e-04
8.355762891781663981e-01 3.408293496625812370e-04
8.365109905475696106e-01 3.453801139772891987e-04
8.374477854303152835e-01 2.916850308996092296e-04
8.383866808677615801e-01 2.470130308550647883e-04
8.393276839328807082e-01 2.402615638416937623e-04
8.402708017304343358e-01 2.421814358644848626e-04
8.412160413971538908e-01 2.424436986124358956e-04
8.421634101019201957e-01 2.465631020519955339e-04
8.431129150459439892e-01 2.409619090795943298e-04
8.440645634629493355e-01 2.161037332535632966e-04
8.450183626193569220e-01 1.911805964039128510e-04
8.459743198144692444e-01 1.876646282298832465e-04
8.469324423806556812e-01 2.025513087405581903e-04
8.478927376835422303e-01 1.985255023298949256e-04
8.488552131221975827e-01 1.789664103693079460e-04
8.498198761293254133e-01 1.637390779950350034e-04
8.507867341714546727e-01 1.374240507852355318e-04
8.517557947491315451e-01 1.145049555857141545e-04
8.527270653971150693e-01 1.126792677868104092e-04
8.537005536845710951e-01 1.117752733727897030e-04
8.546762672152694584e-01 9.601846550243401822e-05
8.556542136277819344e-01 8.250097471111960984e-05
8.566344005956813001e-01 7.081725528917899365e-05
8.576168358277423964e-01 5.861053861121567600e-05
8.586015270681438549e-01 5.301820376418746165e-05
8.595884820966722684e-01 5.178096103391009437e-05
8.605777087289258054e-01 5.155164668458080531e-05
8.615692148165216002e-01 4.991829791325042340e-05
8.625630082473036975e-01 4.315013701227080365e-05
8.635590969455512189e-01 3.716649696330955066e-05
8.645574888721890838e-01 3.732430711077950578e-05
8.655581920250013939e-01 3.935336581773528982e-05
8.665612144388434857e-01 4.243406350386012328e-05
8.675665641858576471e-01 5.119278569729552111e-05
8.685742493756896110e-01 5.524300242820379635e-05
8.695842781557068246e-01 5.160306228582589789e-05
8.705966587112171640e-01 5.649609424676547119e-05
8.716113992656913112e-01 7.090889703493718154e-05
8.726285080809849104e-01 8.520530862544379951e-05
8.736479934575617223e-01 1.037223146958374573e-04
8.746698637347213312e-01 1.247945969850159851e-04
8.756941272908249640e-01 1.320573263771442638e-04
8.767207925435254179e-01 1.357837160120116144e-04
8.777498679499969869e-01 1.494042522826724627e-04
8.787813620071684984e-01 1.762888027746426628e-04
8.798152832519560151e-01 2.170386874122375021e-04
8.808516402614994245e-01 2.440256795029262390e-04
8.818904416533994706e-01 2.525904803089377157e-04
8.829316960859555641e-01 2.630100258103873468e-04
8.839754122584077001e-01 2.557101573053285697e-04
8.850215989111781534e-01 2.450559955690431572e-04
8.860702648261152836e-01 2.700204185838811456e-04
8.871214188267393386e-01 3.001506000832848795e-04
8.881750697784903670e-01 2.873931132181449738e-04
8.892312265889766865e-01 2.629829818785982135e-04
8.902898982082264601e-01 2.364695233553351184e-04
8.913510936289409381e-01 2.070221103542048435e-04
8.924148218867474780e-01 1.927289657874207149e-04
8.934810920604575601e-01 1.868042433782831800e-04
8.945499132723249147e-01 1.843581093475653982e-04
8.956212946883046477e-01 1.762608668694669116e-04
8.966952455183164750e-01 1.458435686781854536e-04
8.977717750165077337e-01 1.211382470116014988e-04
8.988508924815192813e-01 1.156083831268883911e-04
8.999326072567542800e-01 1.054449343030090661e-04
9.010169287306464270e-01 9.559699256367010039e-05
9.021038663369322919e-01 9.974963063646910815e-05
9.031934295549248759e-01 9.111181327834029118e-05
9.042856279097889471e-01 7.101311710963629836e-05
9.053804709728191513e-01 6.178397274901389490e-05
9.064779683617187889e-01 5.037570765437866306e-05
9.075781297408823667e-01 4.075567838157897788e-05
9.086809648216780388e-01 3.862866397975522800e-05
9.097864833627350434e-01 2.541902538887587891e-05
9.108946951702296957e-01 1.384884568871798833e-05
9.120056100981767111e-01 8.944894152240053870e-06
9.131192380487208604e-01 1.605717925111369002e-05
9.142355889724309570e-01 4.565752686163891130e-05
9.153546728685965084e-01 5.688097083117700986e-05
9.164764997855261441e-01 5.051725813677884991e-05
9.176010798208479313e-01 7.055797271096500654e-05
9.187284231218132424e-01 9.671367567156495646e-05
9.198585398856018447e-01 3.890622592340638311e-05
9.209914403596279886e-01 2.155986981653086924e-05
9.221271348418521585e-01 2.575153248454182956e-05
9.232656336810913800e-01 1.677253916388329338e-05
9.244069472773346341e-01 7.771103904628369951e-04
9.255510860820594932e-01 1.251964931231022140e-03
9.266980605985501995e-01 1.746864513237334458e-04
9.278478813822197413e-01 6.180064729932683841e-06
9.290005590409340375e-01 6.329908027106067746e-05
9.301561042353380104e-01 1.541895274913420799e-04
9.313145276791829907e-01 3.693843206521408928e-05
9.324758401396596730e-01 3.154151230754650160e-07
9.336400524377300725e-01 1.384349968341990844e-04
9.348071754484654772e-01 3.110546878332557459e-04
9.359772201013830673e-01 2.579914316988207918e-04
9.371501973807884189e-01 1.562931926888654630e-04
9.383261183261183414e-01 8.411666617103531946e-05
9.395049940322883764e-01 1.894411510307879171e-05
9.406868356500408535e-01 4.172763030218371900e-06
9.418716543862962753e-01 4.673385002315848027e-06
9.430594615045084783e-01 1.885525997659410065e-05
9.442502683250204587e-01 5.920741871947759257e-05
9.454440862254250844e-01 8.483827649912366266e-05
9.466409266409265832e-01 6.824450498492611419e-05
9.478408010647062509e-01 5.308789652173673989e-05
9.490437210482898234e-01 5.592467928889359636e-05
9.502496982019186245e-01 7.348967133860002758e-05
9.514587441949232671e-01 7.076955287511228212e-05
9.526708707560990197e-01 5.570611110022054724e-05
9.538860896740862794e-01 6.535056856918992820e-05
9.551044127977520448e-01 1.109415555135255950e-04
9.563258520365751636e-01 1.526747924518618844e-04
9.575504193610346881e-01 1.371238396965017111e-04
9.587781268030002302e-01 1.016376070165625196e-04
9.600089864561267561e-01 9.751583877805768857e-05
9.612430104762513805e-01 1.277721825126369574e-04
9.624802110817941569e-01 1.433765402276387100e-04
9.637206005541594234e-01 1.391670070505540604e-04
9.649641912381444753e-01 1.577924755844393664e-04
9.662109955423474617e-01 2.249763224660523368e-04
9.674610259395821643e-01 3.011422239761288875e-04
9.687142949672905567e-01 3.394600218857319750e-04
9.699708152279654660e-01 3.413769292795200937e-04
9.712305993895705702e-01 3.400230094275692467e-04
9.724936601859678342e-01 3.610302341804260047e-04
9.737600104173448345e-01 3.960380096403264384e-04
9.750296629506486346e-01 4.086742098017737026e-04
9.763026307200208809e-01 3.940151529817959063e-04
9.775789267272370076e-01 4.058772050181210411e-04
9.788585640421493261e-01 4.574526512960138758e-04
9.801415558031325581e-01 5.127226387024294476e-04
9.814279152175339194e-01 5.264994563800776519e-04
9.827176555621263132e-01 4.787888625081512285e-04
9.840107901835647430e-01 4.172463921119158765e-04
9.853073324988469439e-01 3.957923373489504316e-04
9.866072959957782329e-01 3.962440282104308137e-04
9.879106942334366925e-01 3.563783358581679053e-04
9.892175408426481242e-01 2.836319814918221243e-04
9.905278495264586702e-01 2.626475990018494995e-04
9.918416340606138748e-01 3.643694099757288423e-04
9.931589082940432966e-01 5.449899506186477735e-04
9.944796861493450102e-01 6.374587968660874737e-04
9.958039816232771013e-01 5.910578425670356484e-04
9.971318087872524938e-01 5.382100870662021334e-04
9.984631817878363291e-01 5.360707395678034103e-04
9.997981148472492308e-01 5.346524082250457164e-04
1.001136622263872900e+00 4.877857604822804670e-04
1.002478718412762371e+00 4.086954404816893070e-04
1.003824417746157716e+00 3.601141690660319820e-04
1.005173734794005069e+00 3.878688658739353032e-04
1.006526684164479546e+00 4.897096668202410158e-04
1.007883280544511040e+00 6.152469179020004586e-04
1.009243538700317133e+00 6.944068115098716220e-04
1.010607473477937779e+00 7.090046726294890571e-04
1.011975099803775535e+00 6.929740603445439873e-04
1.013346432685141130e+00 7.002792632875962011e-04
1.014721487210801243e+00 7.415151659468893590e-04
1.016100278551532066e+00 7.555176957924347736e-04
1.017482821960677519e+00 7.109664551034388172e-04
1.018869132774712138e+00 6.728730446059412755e-04
1.020259226413807285e+00 7.140124591182978302e-04
1.021653118382403136e+00 8.229992814207565295e-04
1.023050824269785997e+00 9.195725389116829766e-04
1.024452359750667618e+00 9.325760107240842287e-04
1.025857740585774058e+00 8.727740640915173471e-04
1.027266982622432767e+00 8.198033657418635775e-04
1.028680101795171664e+00 8.072436801389894223e-04
1.030097114126317104e+00 8.053111950300432913e-04
1.031518035726601612e+00 7.805642784054269432e-04
1.032942882795773176e+00 7.446872643772448758e-04
1.034371671623210309e+00 7.343259963255969764e-04
1.035804418588545106e+00 7.740598858317006455e-04
1.037241140162285635e+00 8.605291911578616349e-04
1.038681852906451875e+00 9.381375453436698736e-04
1.040126573475206762e+00 9.498276294054801934e-04
1.041575318615502566e+00 9.115980726381618790e-04
1.043028105167724373e+00 8.759409440203563173e-04
1.044484950066345341e+00 8.769935292433361784e-04
1.045945870340583284e+00 9.288389810868169028e-04
1.047410883115063918e+00 1.035705133788874556e-03
1.048880005610491661e+00 1.188215161784712424e-03
1.050353255144321762e+00 1.395893768462652717e-03
1.051830649131443751e+00 1.686541129557435478e-03
1.053312205084864894e+00 2.036471477014177491e-03
1.054797940616404528e+00 2.402299577743734031e-03
1.056287873437389724e+00 2.841229099291726120e-03
1.057782021359360725e+00 3.496674904871209608e-03
1.059280402294779933e+00 4.514283954078266922e-03
1.060783034257748891e+00 6.070858587842675735e-03
1.062289935364727489e+00 8.424029263170363518e-03
1.063801123835265594e+00 1.184694719218878228e-02
1.065316617992734471e+00 1.652512048028318206e-02
1.066836436265068633e+00 2.251010357342165050e-02
1.068360597185513239e+00 3.001550734713891513e-02
1.069889119393375720e+00 3.975074787051516984e-02
1.071422021634787392e+00 5.241657789665146727e-02
1.072959322763469281e+00 6.809231120331563081e-02
1.074501041741504404e+00 8.698453689684608470e-02
1.076047197640118025e+00 1.097424903507972227e-01
1.077597809640463922e+00 1.354130268179743468e-01
1.079152897034417968e+00 1.608213061146603617e-01
1.080712479225377498e+00 1.834564055002285698e-01
1.082276575729068657e+00 2.037539354841972628e-01
1.083845206174360420e+00 2.239222623545062130e-01
1.085418390304085712e+00 2.438325224480473452e-01
1.086996147975870297e+00 2.599457461453706375e-01
1.088578499162966784e+00 2.702931824682803241e-01
1.090165463955098613e+00 2.746293617182667401e-01
1.091757062559310931e+00 2.688409637852754441e-01
1.093353315300825912e+00 2.490058443083830175e-01
1.094954242623910945e+00 2.197226516321059975e-01
1.096559865092748831e+00 1.890673534748595064e-01
1.098170203392319522e+00 1.597927216438157771e-01
1.099785278329288962e+00 1.300554142623593368e-01
1.101405110832903711e+00 9.996109229493241322e-02
1.103029721955896436e+00 7.320986712407782926e-02
1.104659132875396965e+00 5.214330554967634007e-02
1.106293364893852882e+00 3.654735557926432066e-02
1.107932439439958561e+00 2.585297919958205737e-02
1.109576378069589753e+00 1.930131809003508836e-02
1.111225202466750828e+00 1.559938146151092046e-02
1.112878934444526902e+00 1.344409120495625512e-02
1.114537595946046622e+00 1.185512642501454841e-02
1.116201209045451170e+00 1.037126086586703973e-02
1.117869795948875256e+00 9.064806024712162777e-03
1.119543378995433880e+00 8.023579186242937172e-03
1.121221980658219985e+00 7.109952880658773448e-03
1.122905623545311204e+00 6.317534652604763282e-03
1.124594330400781939e+00 5.818195216593402032e-03
1.126288124105730981e+00 5.568528590683092389e-03
1.127987027679312027e+00 5.294510247449274280e-03
1.129691064279779278e+00 4.876132917433632571e-03
1.131400257205537496e+00 4.425510657573534373e-03
1.133114629896204262e+00 4.030424014792186906e-03
1.134834205933682227e+00 3.721071360408759101e-03
1.136559009043240254e+00 3.485564969344557770e-03
1.138289063094603648e+00 3.289315647785205372e-03
1.140024392103056394e+00 3.165301844198348084e-03
1.141765020230551819e+00 3.106127193360018295e-03
1.143510971786833919e+00 2.956478717325230262e-03
1.145262271230569118e+00 2.682430837234604532e-03
1.147018943170488470e+00 2.444368190570755071e-03
1.148781012366541177e+00 2.282402334253717368e-03
1.150548503731056327e+00 2.136726079173591544e-03
1.152321442329917511e+00 2.015572392258561767e-03
1.154099853383748764e+00 1.921533577351391964e-03
1.155883762269108939e+00 1.815488926880608807e-03
1.157673194519699411e+00 1.696805896401295003e-03
1.159468175827583547e+00 1.552708104217924738e-03
1.161268732044413277e+00 1.371580869522235962e-03
1.163074889182673655e+00 1.227770295729121303e-03
1.164886673416932750e+00 1.159166531327321002e-03
1.166704111085107964e+00 1.096612595683920874e-03
1.168527228689741460e+00 1.014016783470025147e-03
1.170356052899287791e+00 9.562937391647348320e-04
1.172190610549415979e+00 9.018666172066323481e-04
1.174030928644320459e+00 8.185587449384871357e-04
1.175877034358046913e+00 7.450763395065156808e-04
1.177728955035829417e+00 6.934655756909659154e-04
1.179586718195441364e+00 6.490806746501827373e-04
1.181450351528556597e+00 6.388192668450334800e-04
1.183319882902128306e+00 6.616085783309923066e-04
1.185195340359774807e+00 6.645333532163327306e-04
1.187076752123184198e+00 6.623262358939350017e-04
1.188964146593528781e+00 7.005717952573308925e-04
1.190857552352894144e+00 7.400617598128096490e-04
1.192756998165722671e+00 7.608823472566002624e-04
1.194662512980269931e+00 8.296866065933466766e-04
1.196574125930074395e+00 9.489360430655004348e-04
1.198491866335443357e+00 1.062645567627325000e-03
1.200415763704952177e+00 1.191700498837203930e-03
1.202345847736956186e+00 1.327461854255632427e-03
1.204282148321120793e+00 1.399378665793643258e-03
1.206224695539962921e+00 1.476252524325779355e-03
1.208173519670409535e+00 1.606438765816508695e-03
1.210128651185370829e+00 1.679714200578116736e-03
1.212090120755328737e+00 1.740306445482763366e-03
1.214057959249939200e+00 1.905831016584126408e-03
1.216032197739653320e+00 2.034614762990069690e-03
1.218012867497352936e+00 2.040380619974668016e-03
1.219999999999999973e+00 2.058396756504660228e-03
