1.300000000000000044e+00 2.488769144590582071e-04
1.301023823587320383e+00 2.967193606093444986e-04
1.302049261083744192e+00 3.495489556043196141e-04
1.303076316308420690e+00 3.559555484919573408e-04
1.304104993092559894e+00 3.021739236304451116e-04
1.305135295279478580e+00 2.441866490369081172e-04
1.306167226724649133e+00 2.311536471918276912e-04
1.307200791295747067e+00 2.520433126693764729e-04
1.308235992872698539e+00 2.856777842477935736e-04
1.309272835347731423e+00 3.394298610981791764e-04
1.310311322625421271e+00 4.054777535204487902e-04
1.311351458622742827e+00 4.391387724585042208e-04
1.312393247269116214e+00 4.156184181245489587e-04
1.313436692506460002e+00 3.604348206951499397e-04
1.314481798289238279e+00 3.011948240971144592e-04
1.315528568584511504e+00 2.370565269399994759e-04
1.316577007371986685e+00 1.716356630305071582e-04
1.317627118644067785e+00 1.271137765128190660e-04
1.318678906405907014e+00 1.103196714308194977e-04
1.319732374675454345e+00 1.059794564259250189e-04
1.320787527483509916e+00 1.101979295330810020e-04
1.321844368873774878e+00 1.318764230654281312e-04
1.322902902902903133e+00 1.616295357790456890e-04
1.323963133640553069e+00 1.777676467724559665e-04
1.325025065169440630e+00 1.793497902356065861e-04
1.326088701585390384e+00 1.795567765911576324e-04
1.327154046997389036e+00 1.766999320502514014e-04
1.328221105527638279e+00 1.637342424298983282e-04
1.329289881311607191e+00 1.513750756042675906e-04
1.330360378498087526e+00 1.513208055362529709e-04
1.331432601249244563e+00 1.535693489807852077e-04
1.332506553740673505e+00 1.459514975816703509e-04
1.333582240161453214e+00 1.353696340188767716e-04
1.334659664714199279e+00 1.286731413989527877e-04
1.335738831615120414e+00 1.176713243565114631e-04
1.336819745094072642e+00 1.011862894443979233e-04
1.337902409394614134e+00 9.478553525148436477e-05
1.338986828774062943e+00 1.050215062952807748e-04
1.340073007503548963e+00 1.225882785246666814e-04
1.341160949868073882e+00 1.481897097903094409e-04
1.342250660166564913e+00 1.929841006121360482e-04
1.343342142711933640e+00 2.502396017549685819e-04
1.344435401831129306e+00 2.999483148074627808e-04
1.345530441865200544e+00 3.394386572985332680e-04
1.346627267169349995e+00 3.757632039130085898e-04
1.347725882112992268e+00 3.977404902422290245e-04
1.348826291079812112e+00 3.931868736172779784e-04
1.349928498467824367e+00 3.804714063647264381e-04
1.351032508689429701e+00 3.852635462941548248e-04
1.352138326171475446e+00 4.039558283495841336e-04
1.353245955355314445e+00 4.258463791285173870e-04
1.354355400696864331e+00 4.650925379096637093e-04
1.355466666666666820e+00 5.321264132212911221e-04
1.356579757749948767e+00 6.029654669994010752e-04
1.357694678446681902e+00 6.539447113260173474e-04
1.358811433271643221e+00 6.938048536682755139e-04
1.359930026754476495e+00 7.296347407613095522e-04
1.361050463439752889e+00 7.434885500807603955e-04
1.362172747887033575e+00 7.350676501597542146e-04
1.363296884670930353e+00 7.409365744254430659e-04
1.364422878381168935e+00 7.815697729539545016e-04
1.365550733622649560e+00 8.389078961713235206e-04
1.366680455015512052e+00 9.084109522252917929e-04
1.367812047195197778e+00 1.013575102236477813e-03
1.368945514812513142e+00 1.147279309700973597e-03
1.370080862533692878e+00 1.262524636743268683e-03
1.371218095040464879e+00 1.339949200766525801e-03
1.372357217030114152e+00 1.400198806368322009e-03
1.373498233215547870e+00 1.441968581116945432e-03
1.374641148325359108e+00 1.442416832558543341e-03
1.375785967103893448e+00 1.424176371595309298e-03
1.376932694311314931e+00 1.443809128070761786e-03
1.378081334723670448e+00 1.512764016542697976e-03
1.379231893132957687e+00 1.606308707369336584e-03
1.380384374347190413e+00 1.737213895406975817e-03
1.381538783190466413e+00 1.933397768965904951e-03
1.382695124503034112e+00 2.159395202624337165e-03
1.383853403141361404e+00 2.349607448892600692e-03
1.385013623978201824e+00 2.497963355340294695e-03
1.386175791902664267e+00 2.629992238246731204e-03
1.387339911820281380e+00 2.726023043166025169e-03
1.388505988653078616e+00 2.766679916907482419e-03
1.389674027339642848e+00 2.809200481755577249e-03
1.390844032835192534e+00 2.922031029416785695e-03
1.392016010111649660e+00 3.093757808476881293e-03
1.393189964157706129e+00 3.294878809326110686e-03
1.394365899978898593e+00 3.558461870443766287e-03
1.395543822597677064e+00 3.902775915831547572e-03
1.396723737053476855e+00 4.252275975851955471e-03
1.397905648402792744e+00 4.532838063903705215e-03
1.399089561719246477e+00 4.762740446554245520e-03
1.400275482093663815e+00 4.964932428412399332e-03
1.401463414634146254e+00 5.096441737895361299e-03
1.402653364466143193e+00 5.156597222926181598e-03
1.403845336732526317e+00 5.249929779653558261e-03
1.405039336593663757e+00 5.450515615074370303e-03
1.406235369227495369e+00 5.721895451827542674e-03
1.407433439829606003e+00 6.043645466211064812e-03
1.408633553613302336e+00 6.471590288456453323e-03
1.409835715809686585e+00 6.994896674388502086e-03
1.411039931667734448e+00 7.488276561412312779e-03
1.412246206454370823e+00 7.881843425901351868e-03
1.413454545454545519e+00 8.224057226629119879e-03
1.414664953971312311e+00 8.526286935047627108e-03
1.415877437325905319e+00 8.728865084510005479e-03
1.417092000857817169e+00 8.872485710232970793e-03
1.418308649924876708e+00 9.108772807177754546e-03
1.419527389903330050e+00 9.493691770197902266e-03
1.420748226187916741e+00 9.962721063963812448e-03
1.421971164191951686e+00 1.052605196352291404e-02
1.423196209347404873e+00 1.126444937018440673e-02
1.424423367104979521e+00 1.211663132219838700e-02
1.425652642934196246e+00 1.290295648779720902e-02
1.426884042323472324e+00 1.356768101480108901e-02
1.428117570780202961e+00 1.417366914081581025e-02
1.429353233830845893e+00 1.469265401299283541e-02
1.430591037021000211e+00 1.506061213743368522e-02
1.431830985915492960e+00 1.540167195248438696e-02
1.433073086098460180e+00 1.592832265023051350e-02
1.434317343173431958e+00 1.666736083166183921e-02
1.435563762763415241e+00 1.753944741610070912e-02
1.436812350510980441e+00 1.860995236309036238e-02
1.438063112078346029e+00 1.996955859819116164e-02
1.439316053147462249e+00 2.147489228374254225e-02
1.440571179420100378e+00 2.290710565646009514e-02
1.441828496617935773e+00 2.426810270585882598e-02
1.443088010482638239e+00 2.564063591672045492e-02
1.444349726775956633e+00 2.693721948561015808e-02
1.445613651279807454e+00 2.810464400411452623e-02
1.446879789796365223e+00 2.938298219083136306e-02
1.448148148148148406e+00 3.103995531917318543e-02
1.449418732178109348e+00 3.305780267836227332e-02
1.450691547749725752e+00 3.537515586591150757e-02
1.451966600747088831e+00 3.814880960818257255e-02
1.453243897074994795e+00 4.143642522392295552e-02
1.454523442659036103e+00 4.492383158322846987e-02
1.455805243445692954e+00 4.831588261336111634e-02
1.457089305402425650e+00 5.168918089607827532e-02
1.458375634517766750e+00 5.516012072487017776e-02
1.459664236801413884e+00 5.861287222817947867e-02
1.460955118284324561e+00 6.210192567479563136e-02
1.462248285018809435e+00 6.608759328326646587e-02
1.463543743078626669e+00 7.090680987306176297e-02
1.464841498559077859e+00 7.644335173548659490e-02
1.466141557577102406e+00 8.261687790923295804e-02
1.467443926271374766e+00 8.963717790065625635e-02
1.468748610802400822e+00 9.741627863337930238e-02
1.470055617352614030e+00 1.053260151644276332e-01
1.471364952126475112e+00 1.129406915581322168e-01
1.472676621350568205e+00 1.204593631423992173e-01
1.473990631273701002e+00 1.280999785174835037e-01
1.475306988167001787e+00 1.357996059501791752e-01
1.476625698324022462e+00 1.438810422977816472e-01
1.477946768060836691e+00 1.532279591846376632e-01
1.479270203716140708e+00 1.643265618654443372e-01
1.480596011651355681e+00 1.768065209193680765e-01
1.481924198250728741e+00 1.902199786135537474e-01
1.483254769921436678e+00 2.043951778475678049e-01
1.484587733093686968e+00 2.186756718448501224e-01
1.485923094220823248e+00 2.318475463383228574e-01
1.487260859779428568e+00 2.433952737902759789e-01
1.488601036269429967e+00 2.539808087459103358e-01
1.489943630214205061e+00 2.642638004396298812e-01
1.491288648160686403e+00 2.742059513328733433e-01
1.492636096679466950e+00 2.838889365824120437e-01
1.493985982364910869e+00 2.937696181902727521e-01
1.495338311835257006e+00 3.034346654281863676e-01
1.496693091732729464e+00 3.111752363266001575e-01
1.498050328723645297e+00 3.155405441187011939e-01
1.499410029498525088e+00 3.164649492701304134e-01
1.500772200772200859e+00 3.144239530243102543e-01
1.502136849283928210e+00 3.096282454334906564e-01
1.503503981797497113e+00 3.026462965557585316e-01
1.504873605101343825e+00 2.945686767538985840e-01
1.506245726008661912e+00 2.856368110302080487e-01
1.507620351357517707e+00 2.746272133417295147e-01
1.508997488010961563e+00 2.603874514695466158e-01
1.510377142857143085e+00 2.431912407079953320e-01
1.511759322809425932e+00 2.240085555102885595e-01
1.513144034806503502e+00 2.034093358610386260e-01
1.514531285812514394e+00 1.818672352629832900e-01
1.515921082817159871e+00 1.602104636860657016e-01
1.517313432835820874e+00 1.389989242554428017e-01
1.518708342909676157e+00 1.181880396691911833e-01
1.520105820105820182e+00 9.803784148985530966e-02
1.521505871517384367e+00 7.964303321015342441e-02
1.522908504263655205e+00 6.399176838572764869e-02
1.524313725490195948e+00 5.114398390429854974e-02
1.525721542368968064e+00 4.077265735097200527e-02
1.527131962098451812e+00 3.279453692972156276e-02
1.528544991903770800e+00 2.699700970773877967e-02
1.529960639036814118e+00 2.271172049623883249e-02
1.531378910776361568e+00 1.935116786130057151e-02
1.532799814428207119e+00 1.678839560944977993e-02
1.534223357325284587e+00 1.492593852760655711e-02
1.535649546827794643e+00 1.342278686832193424e-02
1.537078390323331156e+00 1.208685128005521081e-02
1.538509895227008428e+00 1.103210297783497988e-02
1.539944068981589753e+00 1.026424035202232535e-02
1.541380919057615984e+00 9.566860129308255023e-03
1.542820452953537202e+00 8.885168033912909519e-03
1.544262678195839955e+00 8.367736294908953779e-03
1.545707602339181586e+00 7.993189800078445706e-03
1.547155232966518357e+00 7.582424214345435433e-03
1.548605577689243118e+00 7.153225341561036434e-03
1.550058644147314313e+00 6.856924007704137160e-03
1.551514440009391871e+00 6.644063182787796583e-03
1.552972972972973098e+00 6.371981847401459419e-03
1.554434250764526126e+00 6.111541169886604632e-03
1.555898281139628025e+00 5.993817972449683520e-03
1.557365071883101582e+00 5.928516784005488129e-03
1.558834630809153188e+00 5.794927162536919751e-03
1.560306965761511400e+00 5.692935730801968949e-03
1.561782084613566379e+00 5.717277516536192934e-03
1.563259995268512004e+00 5.740661710535933243e-03
1.564740705659483977e+00 5.673071867168720528e-03
1.566224223749703715e+00 5.645298542126739316e-03
1.567710557532621785e+00 5.722653853757141661e-03
1.569199715032058906e+00 5.758484248368105074e-03
1.570691704302353386e+00 5.703666331393342052e-03
1.572186533428503452e+00 5.713101134206862580e-03
1.573684210526316019e+00 5.815265180730094970e-03
1.575184743742550797e+00 5.845405292627895572e-03
1.576688141255070619e+00 5.791401026970585328e-03
1.578194411272987985e+00 5.819495856526682095e-03
1.579703562036815612e+00 5.918894603214844459e-03
1.581215601818616756e+00 5.920538427107645621e-03
1.582730538922155761e+00 5.859548022988598018e-03
1.584248381683049711e+00 5.911818049428892510e-03
1.585769138468922757e+00 6.028594730738716032e-03
1.587292817679558210e+00 6.043275149527721664e-03
1.588819427747054869e+00 6.032161044835670193e-03
1.590348977135980890e+00 6.160301251092716035e-03
1.591881474343531666e+00 6.327021148904546193e-03
1.593416927899686586e+00 6.366202874916231103e-03
1.594955346367366689e+00 6.390669822492214824e-03
1.596496738342594979e+00 6.548393189573020051e-03
1.598041112454655632e+00 6.695736822539394978e-03
1.599588477366255201e+00 6.687338588756332018e-03
1.601138841773685373e+00 6.683938710020846316e-03
1.602692214406985283e+00 6.819603535667663474e-03
1.604248604030104275e+00 6.917011662589678256e-03
1.605808019441069545e+00 6.859172823130026998e-03
1.607370469472148233e+00 6.843790177360995451e-03
1.608935962990016844e+00 6.972722082958396871e-03
1.610504508895929776e+00 7.031566713776091562e-03
1.612076116125884528e+00 6.936807055278484610e-03
1.613650793650793780e+00 6.919315695363722866e-03
1.615228550476656144e+00 7.045476372641098703e-03
1.616809395644727365e+00 7.076291451228379492e-03
1.618393338231692846e+00 6.974708758786677190e-03
1.619980387349840845e+00 6.998106986334010592e-03
1.621570552147239219e+00 7.163222705636871322e-03
1.623163841807909513e+00 7.202783446888052533e-03
1.624760265552004146e+00 7.122048631634806705e-03
1.626359832635983382e+00 7.188586162699591060e-03
1.627962552352796299e+00 7.359154693663313984e-03
1.629568434032059310e+00 7.348933276538582166e-03
1.631177487040237128e+00 7.220481860921919640e-03
1.632789720780825293e+00 7.257519971348277456e-03
1.634405144694534018e+00 7.368952058205541743e-03
1.636023768259470268e+00 7.275594013686448487e-03
1.637645600991326056e+00 7.106254949963779731e-03
1.639270652443562737e+00 7.145768675559865252e-03
1.640898932207598637e+00 7.241606504712503820e-03
1.642530449913000234e+00 7.119725546744327255e-03
1.644165215227668453e+00 6.966734267624160280e-03
1.645803237858032508e+00 7.048176824895322802e-03
1.647444527549239757e+00 7.145251238505638015e-03
1.649089094085350871e+00 7.005460855005702335e-03
1.650736947289532797e+00 6.882092517191687291e-03
1.652388097024255931e+00 7.014704792144710148e-03
1.654042553191489517e+00 7.119755691982375227e-03
1.655700325732899048e+00 6.977832695589657706e-03
1.657361424630047653e+00 6.904317301468540329e-03
1.659025859904594613e+00 7.092819830672558723e-03
1.660693641618497196e+00 7.188559212554082589e-03
1.662364779874213827e+00 7.013452398194073949e-03
1.664039284814907926e+00 6.944182662395631533e-03
1.665717166624653522e+00 7.123766582081932260e-03
1.667398435528640199e+00 7.142194748915500942e-03
1.669083101793382262e+00 6.888247992671449500e-03
1.670771175726928126e+00 6.804554909617022314e-03
1.672462667679068815e+00 6.975319949385214331e-03
1.674157588041550460e+00 6.940677324679886406e-03
1.675855947248288125e+00 6.662325899475744946e-03
1.677557755775577641e+00 6.628708418310781496e-03
1.679263024142312544e+00 6.837294192762802085e-03
1.680971762910201228e+00 6.776408785811973909e-03
1.682683982683983004e+00 6.491722096886471186e-03
1.684399694111649248e+00 6.511814637776609620e-03
1.686118907884664342e+00 6.738883686657959858e-03
1.687841634738186603e+00 6.624075889193425590e-03
1.689567885451291218e+00 6.316002373332579509e-03
1.691297670847197621e+00 6.378100672179400077e-03
1.693031001793492418e+00 6.604666627645312815e-03
1.694767889202359434e+00 6.415184130266786064e-03
1.696508344030808635e+00 6.067520304903074001e-03
1.698252377280904835e+00 6.146659462997351893e-03
1.699999999999999956e+00 6.329324129839020499e-03
