1.359999999999999876e+00 1.142719102300839302e-05
1.361034535219838748e+00 1.001692108514145102e-05
1.362070645554202208e+00 1.699144179213239299e-07
1.363108334603077898e+00 2.991710660362273074e-05
1.364147605977432232e+00 1.188663483384052634e-04
1.365188463299252364e+00 1.886893157968954921e-04
1.366230910201588378e+00 1.692908104502534577e-04
1.367274950328595251e+00 1.000097821929399328e-04
1.368320587335576599e+00 7.874762004121346488e-05
1.369367824889025087e+00 1.724001098516339634e-04
1.370416666666666838e+00 3.579625630080192464e-04
1.371467116357504290e+00 4.997864183441654094e-04
1.372519177661859491e+00 4.648447312396915840e-04
1.373572854291417400e+00 2.965039229363736380e-04
1.374628149969268520e+00 1.594354313950828580e-04
1.375685068429955527e+00 1.250028117925984278e-04
1.376743613419513679e+00 1.608639086886810713e-04
1.377803788695518117e+00 2.657263885503867266e-04
1.378865598027127159e+00 4.283174121795005449e-04
1.379929045195125825e+00 5.384077428493377849e-04
1.380994133991972683e+00 5.120023221139880518e-04
1.382060868221844485e+00 4.119107976912908206e-04
1.383129251700680351e+00 3.351207666990946776e-04
1.384199288256227955e+00 3.074873631160571935e-04
1.385270981728089490e+00 3.486070004964932187e-04
1.386344335967766961e+00 4.984652059672610609e-04
1.387419354838709706e+00 7.464715243931038802e-04
1.388496042216358806e+00 1.025489925565547687e-03
1.389574401988195040e+00 1.249926585758869956e-03
1.390654438053785302e+00 1.327850977999341445e-03
1.391736154324829000e+00 1.232652087392970778e-03
1.392819554725206244e+00 1.069092296423651903e-03
1.393904643191025361e+00 9.654404098057344039e-04
1.394991423670668862e+00 9.488566233471526327e-04
1.396079900124844064e+00 1.011853230637749408e-03
1.397170076526628391e+00 1.177334267616328336e-03
1.398261956861519106e+00 1.409605924644286891e-03
1.399355545127483502e+00 1.601304671045253010e-03
1.400450845335003081e+00 1.699424062837924477e-03
1.401547861507128179e+00 1.720146874761908180e-03
1.402646597679523488e+00 1.670186912868764240e-03
1.403747057900517792e+00 1.579354337877918396e-03
1.404849246231155924e+00 1.529926333812237429e-03
1.405953166745246063e+00 1.559264030306998757e-03
1.407058823529411695e+00 1.641726898822452266e-03
1.408166220683141789e+00 1.789269047965045580e-03
1.409275362318840541e+00 2.026486690933847982e-03
1.410386252561879328e+00 2.297301234705968927e-03
1.411498895550646893e+00 2.531529875136756709e-03
1.412613295436601746e+00 2.720293708271940593e-03
1.413729456384323679e+00 2.838345419158534635e-03
1.414847382571564172e+00 2.837174027598861163e-03
1.415967078189300565e+00 2.760357288539338431e-03
1.417088547441786694e+00 2.705768268231314652e-03
1.418211794546607285e+00 2.695555417752918282e-03
1.419336823734729469e+00 2.728510657798950256e-03
1.420463639250555632e+00 2.856483157919329895e-03
1.421592245351978478e+00 3.080566211308391651e-03
1.422722646310432770e+00 3.314566343797453307e-03
1.423854846410950170e+00 3.515283701624262718e-03
1.424988849952214087e+00 3.684824318460571020e-03
1.426124661246612302e+00 3.770281649853517679e-03
1.427262284620293586e+00 3.741323969769975218e-03
1.428401724413220553e+00 3.679756292184258731e-03
1.429542984979226716e+00 3.653300516621145553e-03
1.430686070686070677e+00 3.648228974254548451e-03
1.431830985915492960e+00 3.694041071730273535e-03
1.432977735063270863e+00 3.856335055202450915e-03
1.434126322539275300e+00 4.104159717913912798e-03
1.435276752767527642e+00 4.374302808555346860e-03
1.436429030186255451e+00 4.679830109835852493e-03
1.437583159247951103e+00 4.999345998219041805e-03
1.438739144419427518e+00 5.225092216975335893e-03
1.439896990181876779e+00 5.324270664246102437e-03
1.441056701030928089e+00 5.355329591818715380e-03
1.442218281476704833e+00 5.321386678688697254e-03
1.443381736043884978e+00 5.222862143053728576e-03
1.444547069271758577e+00 5.167618468046848365e-03
1.445714285714285730e+00 5.236188791831083468e-03
1.446883389940158526e+00 5.391437366188351135e-03
1.448054386532858784e+00 5.627462459393477862e-03
1.449227280090717773e+00 5.981187401253912697e-03
1.450402075226978171e+00 6.371908369461581900e-03
1.451578776569852458e+00 6.673397186570013094e-03
1.452757388762585311e+00 6.880907207143664543e-03
1.453937916463513558e+00 7.011758931493578331e-03
1.455120364346128792e+00 7.020135767760114429e-03
1.456304737099137325e+00 6.953811186938975430e-03
1.457491039426523249e+00 6.955941004849957449e-03
1.458679276047611273e+00 7.060357354739791105e-03
1.459869451697128007e+00 7.231895635415242461e-03
1.461061571125265468e+00 7.525702012976496179e-03
1.462255639097744586e+00 7.961254735175487401e-03
1.463451660395877818e+00 8.413452621631609119e-03
1.464649639816633986e+00 8.802275855177168692e-03
1.465849582172702004e+00 9.147820923599515527e-03
1.467051492292554604e+00 9.388105335845987193e-03
1.468255375020515396e+00 9.442048769514686107e-03
1.469461235216820150e+00 9.399211612862100676e-03
1.470669077757685184e+00 9.376732595687178873e-03
1.471878907535373315e+00 9.360446310034438791e-03
1.473090729458257808e+00 9.377648101718923795e-03
1.474304548450890096e+00 9.545778071772212728e-03
1.475520369454065728e+00 9.850370620339396824e-03
1.476738197424892762e+00 1.018308641616919377e-02
1.477958037336857711e+00 1.055514385744450549e-02
1.479179894179894150e+00 1.097808249702782527e-02
1.480403772960450226e+00 1.132168144479227777e-02
1.481629678701557040e+00 1.153196594775392041e-02
1.482857616442897264e+00 1.171360427463811332e-02
1.484087591240875970e+00 1.188704062071486121e-02
1.485319608168686800e+00 1.200444445375271896e-02
1.486553672316384356e+00 1.216631604710270362e-02
1.487789788790953249e+00 1.247568863385182213e-02
1.489027962716378273e+00 1.284936074411654507e-02
1.490268199233716340e+00 1.323242070262620543e-02
1.491510503501167095e+00 1.369365243495563461e-02
1.492754880694143083e+00 1.417211789801538398e-02
1.494001336005344127e+00 1.451276783613056169e-02
1.495249874644827059e+00 1.474401429873096331e-02
1.496500501840080322e+00 1.495343345672844708e-02
1.497753222836095910e+00 1.508108161278786351e-02
1.499008042895442205e+00 1.514148572184606176e-02
1.500264967298339691e+00 1.531810034549481274e-02
1.501524001342732673e+00 1.565877553561872623e-02
1.502785150344364107e+00 1.607808221487477471e-02
1.504048419636852651e+00 1.664191019284017720e-02
1.505313814571765274e+00 1.742215264348575404e-02
1.506581340518693413e+00 1.826770246815379722e-02
1.507851002865329582e+00 1.907342970635598350e-02
1.509122807017543977e+00 1.992485797177247220e-02
1.510396758399459749e+00 2.079012051353742313e-02
1.511672862453531829e+00 2.154519643888947247e-02
1.512951124640622425e+00 2.230607401236412227e-02
1.514231550440081397e+00 2.324741919118012909e-02
1.515514145349822428e+00 2.430610469002526114e-02
1.516798914886402283e+00 2.546336325063847106e-02
1.518085864585100975e+00 2.689138746274764152e-02
1.519374999999999920e+00 2.856675698715042261e-02
1.520666326704062543e+00 3.028576003127082458e-02
1.521959850289214211e+00 3.208260517547545376e-02
1.523255576366422614e+00 3.406021769751727685e-02
1.524553510565780590e+00 3.606807841744046061e-02
1.525853658536585389e+00 3.806945561664955985e-02
1.527156025947422169e+00 4.034466168690482857e-02
1.528460618486246370e+00 4.299928218995155427e-02
1.529767441860465205e+00 4.591971006922013904e-02
1.531076501797022038e+00 4.925380163668630767e-02
1.532387804042480539e+00 5.318626215108687716e-02
1.533701354363106617e+00 5.748612855756255607e-02
1.535017158544955684e+00 6.195338099007159649e-02
1.536335222393955036e+00 6.677044311741241189e-02
1.537655551735991999e+00 7.196037930217899503e-02
1.538978152416996537e+00 7.732406449722126207e-02
1.540303030303030285e+00 8.309130065246314589e-02
1.541630191280372486e+00 8.968378386216278864e-02
1.542959641255605474e+00 9.700682641987679045e-02
1.544291386155705270e+00 1.048558365889144667e-01
1.545625431928127291e+00 1.133949138879610380e-01
1.546961784540895835e+00 1.224775553576924331e-01
1.548300449982692895e+00 1.314543564754431515e-01
1.549641434262948314e+00 1.401293438502895228e-01
1.550984743411927935e+00 1.487826244209324578e-01
1.552330383480825970e+00 1.572568464023625379e-01
1.553678360541854930e+00 1.652514161400260029e-01
1.555028680688336662e+00 1.730217048887397191e-01
1.556381350034794719e+00 1.805957850416430865e-01
1.557736374717046957e+00 1.871756154376331416e-01
1.559093760892297231e+00 1.922012461861460630e-01
1.560453514739229108e+00 1.957996824240704759e-01
1.561815642458100672e+00 1.977554259779530921e-01
1.563180150270836899e+00 1.975016285966801344e-01
1.564547044421126243e+00 1.951065610849493925e-01
1.565916331174514342e+00 1.908189337002030861e-01
1.567288016818500607e+00 1.841891569746589019e-01
1.568662107662633698e+00 1.749469582459816652e-01
1.570038610038610116e+00 1.637964806700657749e-01
1.571417530300369014e+00 1.514099516890836938e-01
1.572798874824191451e+00 1.379087962758939745e-01
1.574182650008798090e+00 1.238124816960010782e-01
1.575568862275449122e+00 1.100604878549429760e-01
1.576957518068041741e+00 9.704190475157238593e-02
1.578348623853210952e+00 8.486752311727141507e-02
1.579742186120431047e+00 7.409331980392182271e-02
1.581138211382113967e+00 6.509748285441517568e-02
1.582536706173713226e+00 5.757156900773154756e-02
1.583937677053824267e+00 5.129217650546929325e-02
1.585341130604288828e+00 4.636389936807402967e-02
1.586747073430294419e+00 4.252622598135773202e-02
1.588155512160482896e+00 3.932454249287641035e-02
1.589566453447050609e+00 3.675233130448017638e-02
1.590979903965854758e+00 3.484420495955781183e-02
1.592395870416518644e+00 3.325720097108626067e-02
1.593814359522536916e+00 3.183954854318024608e-02
1.595235378031383933e+00 3.076545563806915365e-02
1.596658932714617452e+00 2.991833005166225079e-02
1.598085030367988546e+00 2.903681442704067472e-02
1.599513677811550405e+00 2.824562200585089417e-02
1.600944881889764027e+00 2.766628354688076621e-02
1.602378649471610350e+00 2.706881510047976294e-02
1.603814987450699281e+00 2.640750561614752315e-02
1.605253902745379602e+00 2.591264853235938567e-02
1.606695402298850883e+00 2.551159099153773105e-02
1.608139493079274063e+00 2.499662383925024128e-02
1.609586182079884908e+00 2.452100363431411120e-02
1.611035476319107040e+00 2.420685536894084944e-02
1.612487382840663397e+00 2.383251849631810165e-02
1.613941908713693030e+00 2.336885508372368511e-02
1.615399061032864125e+00 2.304980646081493736e-02
1.616858846918489245e+00 2.280545344002479075e-02
1.618321273516642789e+00 2.244771957055069836e-02
1.619786347999275788e+00 2.214934081813757158e-02
1.621254077564334928e+00 2.203486884800528317e-02
1.622724469435879113e+00 2.188191475948642745e-02
1.624197530864197603e+00 2.166453280722991509e-02
1.625673269125931464e+00 2.160465026669629654e-02
1.627151691524190813e+00 2.160266378193575337e-02
1.628632805388676497e+00 2.144800309334590066e-02
1.630116618075801771e+00 2.130304000643761658e-02
1.631603136968812873e+00 2.127706173465379602e-02
1.633092369477911587e+00 2.113564251024523805e-02
1.634584323040380260e+00 2.086517073212944273e-02
1.636079005120702368e+00 2.071179203836710433e-02
1.637576423210690191e+00 2.059143204696155596e-02
1.639076584829608052e+00 2.031179839903751727e-02
1.640579497524298658e+00 2.006277357741587108e-02
1.642085168869310108e+00 1.996772775608151446e-02
1.643593606467022017e+00 1.978928245263096575e-02
1.645104817947774967e+00 1.951498658431890382e-02
1.646618810969998181e+00 1.939142605065033442e-02
1.648135593220338979e+00 1.932015199577227088e-02
1.649655172413793336e+00 1.909916660928091120e-02
1.651177556293835558e+00 1.892526498553495293e-02
1.652702752632551286e+00 1.892176579141411144e-02
1.654230769230769615e+00 1.884300856251783576e-02
1.655761613918193653e+00 1.868426084183965469e-02
1.657295294553538412e+00 1.870095911676423334e-02
1.658831819024661813e+00 1.877880124375684578e-02
1.660371195248701026e+00 1.869953470957937125e-02
1.661913431172208799e+00 1.866086992404360212e-02
1.663458534771290687e+00 1.877242834082357495e-02
1.665006514051740272e+00 1.875910490767346284e-02
1.666557377049180610e+00 1.861289343745014396e-02
1.668111131829200122e+00 1.860410002603676144e-02
1.669667786487495587e+00 1.861531186384738148e-02
1.671227349150009811e+00 1.843074520848548420e-02
1.672789827973074184e+00 1.828139668951189040e-02
1.674355231143552336e+00 1.830134137930637325e-02
1.675923566878980919e+00 1.821428280913884104e-02
1.677494843427714377e+00 1.802434400205303947e-02
1.679069069069069275e+00 1.802084443377149209e-02
1.680646252113469963e+00 1.807264045653422455e-02
1.682226400902595120e+00 1.794317900015096959e-02
1.683809523809524089e+00 1.786884571919489240e-02
1.685395629238884752e+00 1.797868734448505521e-02
1.686984725627003856e+00 1.796894334078593530e-02
1.688576821442053788e+00 1.784322779500004813e-02
1.690171925184205781e+00 1.791019496429041569e-02
1.691770045385779353e+00 1.802718481387601338e-02
1.693371190611395294e+00 1.794159526523534873e-02
1.694975369458128434e+00 1.790824090890616449e-02
1.696582590555660852e+00 1.806131539817004347e-02
1.698192862566438865e+00 1.806496099898854263e-02
1.699806194185826014e+00 1.791369704590950462e-02
1.701422594142259603e+00 1.793467518134728850e-02
1.703042071197411023e+00 1.797217086503607661e-02
1.704664634146341617e+00 1.775207783475578338e-02
1.706290291817661675e+00 1.755460741911868752e-02
1.707919053073692517e+00 1.754381247404458374e-02
1.709550926810624816e+00 1.737770839365217201e-02
1.711185921958684242e+00 1.706105509953456320e-02
1.712824047482290224e+00 1.695974065666408515e-02
1.714465312380222484e+00 1.692284478443081830e-02
1.716109725685785570e+00 1.665579733882104410e-02
1.717757296466974060e+00 1.644690320465858058e-02
1.719408033826638649e+00 1.646498103812589486e-02
1.721061946902655126e+00 1.633417717460314972e-02
1.722719044868091798e+00 1.604045771466702450e-02
1.724379336931380458e+00 1.596370651374675459e-02
1.726042832336484922e+00 1.594219344497446733e-02
1.727709540363074892e+00 1.565589404305800861e-02
1.729379470326696477e+00 1.540849270097351294e-02
1.731052631578947176e+00 1.538977165471087927e-02
1.732729033507650840e+00 1.520494916243586223e-02
1.734408685537030204e+00 1.483160472062387998e-02
1.736091597127886743e+00 1.467531592543218702e-02
1.737777777777777866e+00 1.457371661811652022e-02
1.739467237021194324e+00 1.418005957267783751e-02
1.741159984429739183e+00 1.380649294007466749e-02
1.742856029612312563e+00 1.366654625377023737e-02
1.744555382215288830e+00 1.335545304323084229e-02
1.746258051922701782e+00 1.284443026409037153e-02
1.747964048456428499e+00 1.256743545298613651e-02
1.749673381576374087e+00 1.237730663144812580e-02
1.751386061080657974e+00 1.191542902527218707e-02
1.753102096805801091e+00 1.149881882115699576e-02
1.754821498626912835e+00 1.135464171581684716e-02
1.756544276457883802e+00 1.106460374564033865e-02
1.758270440251572309e+00 1.058219763433512067e-02
1.760000000000000231e+00 1.034283582198259124e-02
