1.239999999999999991e+00 3.565731395721075635e-04
1.241012327536941795e+00 4.931670942881823810e-04
1.242026309338998047e+00 5.679046238827728521e-04
1.243041949464388063e+00 5.541701120263194157e-04
1.244059251984613867e+00 4.823542450677880539e-04
1.245078220984519701e+00 3.997267127643412969e-04
1.246098860562341315e+00 3.369244860656383698e-04
1.247121174829764367e+00 3.061204920676590833e-04
1.248145167911979714e+00 3.158025997136772742e-04
1.249170843947736032e+00 3.731086703210858353e-04
1.250198207089398661e+00 4.678449360466681024e-04
1.251227261503004229e+00 5.614671275229678356e-04
1.252258011368316826e+00 6.037402779785988691e-04
1.253290460878885293e+00 5.693926246714548075e-04
1.254324614242099178e+00 4.813316186008894694e-04
1.255360475679246690e+00 3.958947889431614392e-04
1.256398049425572427e+00 3.613329184043929162e-04
1.257437339730333337e+00 3.861656917842462610e-04
1.258478350856858885e+00 4.430241164864022626e-04
1.259521087082608348e+00 4.985085579300176616e-04
1.260565552699228764e+00 5.372125737876106517e-04
1.261611752012615106e+00 5.598743378934750541e-04
1.262659689342968461e+00 5.660349069540814796e-04
1.263709369024856422e+00 5.466303132306949515e-04
1.264760795407271932e+00 4.966921976447233626e-04
1.265813972853692793e+00 4.319810715442859677e-04
1.266868905742144946e+00 3.865742652599467549e-04
1.267925598465259762e+00 3.889385696513525327e-04
1.268984055430336211e+00 4.386854718394977222e-04
1.270044281059403701e+00 5.072903932983735542e-04
1.271106279789279814e+00 5.620540069173553428e-04
1.272170056071637578e+00 5.895453307573319179e-04
1.273235614373063207e+00 5.972670504130110723e-04
1.274302959175119154e+00 5.965976064718325322e-04
1.275372094974410508e+00 5.889886265891320673e-04
1.276443026282643389e+00 5.707221914862414293e-04
1.277515757626691340e+00 5.480529666056245790e-04
1.278590293548658385e+00 5.415098447088145285e-04
1.279666638605943429e+00 5.703961119230773922e-04
1.280744797371303312e+00 6.321314934215055545e-04
1.281824774432920089e+00 6.991020615035144692e-04
1.282906574394463650e+00 7.385064856506269116e-04
1.283990201875158554e+00 7.367794872444444589e-04
1.285075661509848421e+00 7.055781781943043637e-04
1.286162957949065211e+00 6.658542219072515920e-04
1.287252095859090506e+00 6.287071148237703341e-04
1.288343079922027234e+00 5.926934126806526022e-04
1.289435914835863839e+00 5.570700881383462352e-04
1.290530605314542667e+00 5.323231596723759264e-04
1.291627156088027695e+00 5.334517284895103593e-04
1.292725571902372916e+00 5.625674226318804838e-04
1.293825857519788958e+00 6.010787087282432007e-04
1.294928017718715241e+00 6.222520373319814779e-04
1.296032057293887041e+00 6.127481623042632186e-04
1.297137981056404099e+00 5.816597916519279264e-04
1.298245793833802786e+00 5.488786555138061444e-04
1.299355500470125380e+00 5.264322654393374656e-04
1.300467105825990233e+00 5.126040172179222379e-04
1.301580614778662603e+00 5.028520549495024434e-04
1.302696032222127043e+00 5.021250122267456248e-04
1.303813363067158448e+00 5.222268492841306356e-04
1.304932612241394230e+00 5.662333066822439155e-04
1.306053784689406472e+00 6.183454491967836815e-04
1.307176885372774766e+00 6.528566543547952277e-04
1.308301919270160818e+00 6.549553324775980040e-04
1.309428891377379500e+00 6.323941671252441893e-04
1.310557806707474793e+00 6.062680874768718595e-04
1.311688670290793057e+00 5.912528155115827529e-04
1.312821487175058310e+00 5.861517482588464098e-04
1.313956262425447274e+00 5.830276465708827309e-04
1.315093001124664651e+00 5.820314646674684548e-04
1.316231708373019282e+00 5.932691277864096018e-04
1.317372389288499868e+00 6.229948887868006456e-04
1.318515049006852236e+00 6.606115183341201673e-04
1.319659692681656171e+00 6.831576211597115492e-04
1.320806325484403354e+00 6.745723440241198658e-04
1.321954952604574185e+00 6.399420779227686130e-04
1.323105579249717056e+00 5.997160432333168041e-04
1.324258210645526512e+00 5.704170676985046090e-04
1.325412852035922739e+00 5.525717140806869071e-04
1.326569508683131060e+00 5.375319799451222817e-04
1.327728185867761423e+00 5.231616016803881985e-04
1.328888888888888786e+00 5.188251585027163710e-04
1.330051623064135047e+00 5.335168428869045253e-04
1.331216393729748537e+00 5.615693239385667699e-04
1.332383206240687068e+00 5.840486465966305022e-04
1.333552065970699196e+00 5.860648728474956342e-04
1.334722978312406605e+00 5.713658784238491786e-04
1.335895948677388256e+00 5.578827776823040751e-04
1.337070982496261884e+00 5.592408196891778807e-04
1.338248085218769257e+00 5.731776948265375786e-04
1.339427262313860112e+00 5.896153286878121416e-04
1.340608519269776755e+00 6.079401739239153734e-04
1.341791861594138879e+00 6.418699709158453247e-04
1.342977294814029499e+00 7.047401295261350755e-04
1.344164824476080877e+00 7.918187200263415151e-04
1.345354456146561795e+00 8.812943440698042460e-04
1.346546195411462365e+00 9.548609638141641962e-04
1.347740047876584857e+00 1.015677003051114252e-03
1.348936019167628064e+00 1.083343793539404392e-03
1.350134114930277907e+00 1.171581969003474563e-03
1.351334340830296021e+00 1.274830694379444152e-03
1.352536702553607917e+00 1.380255606000726533e-03
1.353741205806394232e+00 1.491494862491700999e-03
1.354947856315179555e+00 1.634806786717476904e-03
1.356156659826924793e+00 1.837034019427283543e-03
1.357367622109116656e+00 2.098099832621906288e-03
1.358580748949861361e+00 2.389804738936313327e-03
1.359796046157974558e+00 2.684650662343077317e-03
1.361013519563076368e+00 2.983687521961952884e-03
1.362233175015682418e+00 3.311760269683000722e-03
1.363455018387299544e+00 3.685477239332210237e-03
1.364679055570518162e+00 4.092631488611756310e-03
1.365905292479108635e+00 4.511224893783387022e-03
1.367133735048116083e+00 4.950102324148967711e-03
1.368364389233954537e+00 5.463290756613619834e-03
1.369597261014505740e+00 6.114183352914669307e-03
1.370832356389214413e+00 6.921314779514274769e-03
1.372069681379185724e+00 7.842703654758295673e-03
1.373309242027283439e+00 8.818097136966192295e-03
1.374551044398227617e+00 9.825693843897980936e-03
1.375795094578694755e+00 1.089239665491942462e-02
1.377041398677416373e+00 1.204821905280818034e-02
1.378289962825278714e+00 1.328155013376693984e-02
1.379540793175424218e+00 1.455612144605826323e-02
1.380793895903351665e+00 1.588158777129478408e-02
1.382049277207018756e+00 1.736105990695537005e-02
1.383306943306943371e+00 1.915148598770090305e-02
1.384566900446306592e+00 2.136160770989487673e-02
1.385829154891056403e+00 2.398404798606415186e-02
1.387093712930012046e+00 2.692998211731987418e-02
1.388360580874965722e+00 3.012996483608367665e-02
1.389629765060791611e+00 3.359476209808145986e-02
1.390901271845548459e+00 3.737592199624314299e-02
1.392175107610587048e+00 4.148197950992504879e-02
1.393451278760656331e+00 4.586320409920531527e-02
1.394729791724011347e+00 5.050372533257452279e-02
1.396010652952520914e+00 5.552833522390002163e-02
1.397293868921775983e+00 6.119060284561243790e-02
1.398579446131198667e+00 6.771905007202995430e-02
1.399867391104153258e+00 7.515267885699716821e-02
1.401157710388054145e+00 8.332733608409505222e-02
1.402450410554479276e+00 9.203343643418995801e-02
1.403745498199279629e+00 1.011925763294398428e-01
1.405042979942693560e+00 1.108817058646588832e-01
1.406342862429456941e+00 1.211985864816409464e-01
1.407645152328919069e+00 1.321392261506934007e-01
1.408949856335156126e+00 1.436490875964690217e-01
1.410256981167083978e+00 1.558106291299339863e-01
1.411566533568576309e+00 1.689501302895876078e-01
1.412878520308578523e+00 1.834948807498360257e-01
1.414192948181226095e+00 1.996611360786664235e-01
1.415509824005959594e+00 2.172504377202638948e-01
1.416829154627644582e+00 2.357556908203528867e-01
1.418150946916689747e+00 2.546841817437635047e-01
1.419475207769165914e+00 2.737883128114508291e-01
1.420801944106925951e+00 2.929891260175445655e-01
1.422131162877724897e+00 3.120994754732165366e-01
1.423462871055342083e+00 3.306721282856597277e-01
1.424797075639703925e+00 3.481746387227496187e-01
1.426133783657003384e+00 3.643417526727907307e-01
1.427473002159826976e+00 3.793414834661017476e-01
1.428814738227277115e+00 3.935516338096671785e-01
1.430158998965095352e+00 4.071321000850461891e-01
1.431505791505791603e+00 4.197984228907633564e-01
1.432855123008766274e+00 4.310154916027116867e-01
1.434207000660439491e+00 4.404141136055127470e-01
1.435561431674378996e+00 4.480094759890804745e-01
1.436918423291426494e+00 4.540036727508401926e-01
1.438277982779827768e+00 4.583821123213745463e-01
1.439640117435363020e+00 4.607278412048376182e-01
1.441004834581476990e+00 4.604558041192599038e-01
1.442372141569409072e+00 4.572372132243526233e-01
1.443742045778326544e+00 4.511879493181056300e-01
1.445114554615457791e+00 4.426383793128782496e-01
1.446489675516224205e+00 4.317347490538712140e-01
1.447867415944375402e+00 4.182971028429539606e-01
1.449247783392124900e+00 4.020940242086529226e-01
1.450630785380284227e+00 3.832624552705314880e-01
1.452016429458401037e+00 3.624452800759898619e-01
1.453404723204895443e+00 3.404981593307478960e-01
1.454795674227198576e+00 3.180429369338753642e-01
1.456189290161892913e+00 2.952854975222106715e-01
1.457585578674849058e+00 2.722378677850367801e-01
1.458984547461368519e+00 2.490814669515910296e-01
1.460386204246325148e+00 2.262899116376254072e-01
1.461790556784306139e+00 2.044002389070934955e-01
1.463197612859755692e+00 1.836869739542383584e-01
1.464607380287118010e+00 1.640788775803086741e-01
1.466019866910984737e+00 1.453931569636883747e-01
1.467435080606236175e+00 1.276369041290476847e-01
1.468853029278191169e+00 1.110749380221586202e-01
1.470273720862752542e+00 9.602032652224311293e-02
1.471697163326556090e+00 8.258495034606838647e-02
1.473123364667118906e+00 7.064377950325327615e-02
1.474552332912988817e+00 6.002234599615760557e-02
1.475984076123895594e+00 5.068518824794058381e-02
1.477418602390902835e+00 4.272341419465025547e-02
1.478855919836560062e+00 3.617076962228006620e-02
1.480296036615055044e+00 3.086047474832002285e-02
1.481738960912369674e+00 2.647986463605641466e-02
1.483184700946433621e+00 2.276148808346622684e-02
1.484633264967281985e+00 1.961009431756526381e-02
1.486084661257209838e+00 1.704647879115006592e-02
1.487538898130932763e+00 1.504910917359710519e-02
1.488995983935742951e+00 1.347233635696833479e-02
1.490455927051671736e+00 1.212041524610846938e-02
1.491918735891647918e+00 1.088197327488517677e-02
1.493384418901660293e+00 9.773122974862382198e-03
1.494852984560920195e+00 8.850054616235334889e-03
1.496324441382025805e+00 8.097806676614638377e-03
1.497798797911124025e+00 7.419258240284991313e-03
1.499276062728079673e+00 6.727747269718681485e-03
1.500756244446638243e+00 6.030843119375180889e-03
1.502239351714595994e+00 5.409653596755228944e-03
1.503725393213967809e+00 4.920513620607771393e-03
1.505214377661154623e+00 4.531293472376660830e-03
1.506706313807116615e+00 4.159862932087231464e-03
1.508201210437543294e+00 3.764809745523333209e-03
1.509699076373026028e+00 3.383710104164237408e-03
1.511199920469231461e+00 3.079849102926413007e-03
1.512703751617076486e+00 2.863808797186952106e-03
1.514210578742902547e+00 2.680686124323824939e-03
1.515720410808654828e+00 2.473734343727267138e-03
1.517233256812057229e+00 2.247167073824989959e-03
1.518749125786791998e+00 2.055562481132409015e-03
1.520268026802680028e+00 1.935230789897343521e-03
1.521789968965862272e+00 1.859459936803285491e-03
1.523314961418979818e+00 1.768979170867611677e-03
1.524843013341357967e+00 1.639861531611248348e-03
1.526374133949191414e+00 1.508659825286224427e-03
1.527908332495728105e+00 1.426728758071387285e-03
1.529445618271455754e+00 1.399170205946220508e-03
1.530986000604290131e+00 1.380444408568904822e-03
1.532529488859763811e+00 1.330375573353651843e-03
1.534076092441214900e+00 1.262771127495248506e-03
1.535625820789978668e+00 1.228466291590388226e-03
1.537178683385579614e+00 1.253196647178712354e-03
1.538734689745925532e+00 1.304811452499098426e-03
1.540293849427500250e+00 1.329698482836056328e-03
1.541856172025560578e+00 1.315747181626469430e-03
1.543421667174332379e+00 1.306680100543153832e-03
1.544990344547209959e+00 1.349492375413919231e-03
1.546562213856953916e+00 1.436548604689800133e-03
1.548137284855891860e+00 1.511774221371533101e-03
1.549715567336119815e+00 1.535379902618904009e-03
1.551297071129706939e+00 1.531199493942852347e-03
1.552881806108897811e+00 1.559137728437118720e-03
1.554469782186317595e+00 1.643058775755338848e-03
1.556061009315180765e+00 1.739085675465134586e-03
1.557655497489496721e+00 1.784372156818147225e-03
1.559253256744281613e+00 1.771817503841187054e-03
1.560854297155765513e+00 1.762654389557679517e-03
1.562458628841607355e+00 1.818701447279316274e-03
1.564066261961107207e+00 1.930634569188898354e-03
1.565677206715418768e+00 2.026803995916922480e-03
1.567291473347767417e+00 2.055595951515104460e-03
1.568909072143668038e+00 2.047126831706004221e-03
1.570530013431139515e+00 2.080382815900749284e-03
1.572154307580928778e+00 2.190417159341000522e-03
1.573781965006729511e+00 2.322736615119793367e-03
1.575412996165405533e+00 2.391431577259002603e-03
1.577047411557215284e+00 2.377922788737676929e-03
1.578685221726036092e+00 2.356090040592118563e-03
1.580326437259590211e+00 2.410310137140692175e-03
1.581971068789676194e+00 2.536947938916181249e-03
1.583619126992394932e+00 2.643757169854826870e-03
1.585270622588382361e+00 2.652776487671222767e-03
1.586925566343041938e+00 2.591764984041288866e-03
1.588583969066778012e+00 2.567216910524252552e-03
1.590245841615231859e+00 2.645033372493109467e-03
1.591911194889517045e+00 2.773582846824482195e-03
1.593580039836461015e+00 2.840507005435402490e-03
1.595252387448840459e+00 2.802924261286744451e-03
1.596928248765626890e+00 2.742342778152502981e-03
1.598607634872226235e+00 2.776268843093923373e-03
1.600290556900726413e+00 2.922126367005362015e-03
1.601977026030140250e+00 3.069403554479272021e-03
1.603667053486654837e+00 3.098123628356017328e-03
1.605360650543879997e+00 3.014133549185709065e-03
1.607057828523099641e+00 2.946088497237755663e-03
1.608758598793523342e+00 3.001459655478439046e-03
1.610462972772539469e+00 3.141291184012172302e-03
1.612170961925972978e+00 3.218802913450960045e-03
1.613882577768340765e+00 3.144416968840325812e-03
1.615597831863109679e+00 2.992460814417900045e-03
1.617316735822959650e+00 2.923887264958450593e-03
1.619039301310043477e+00 3.005698323304495378e-03
1.620765540036251284e+00 3.130248048639252319e-03
1.622495463763475421e+00 3.131768581783191986e-03
1.624229084303878468e+00 2.975138095685885432e-03
1.625966413520162357e+00 2.803394092090854325e-03
1.627707463325838155e+00 2.783036214189030244e-03
1.629452245685497180e+00 2.915107309937469901e-03
1.631200772615087224e+00 3.026428132695875833e-03
1.632953056182189222e+00 2.958576521751341872e-03
1.634709108506290809e+00 2.747243142598172327e-03
1.636468941759070095e+00 2.587242631950646340e-03
1.638232568164672998e+00 2.614749672741716914e-03
1.639999999999999680e+00 2.747982018696924159e-03
