9.599999999999999645e-01 4.225954867357631600e-05
9.609452540370223561e-01 4.618197973905890821e-05
9.618923713778827489e-01 4.753804283342767309e-05
9.628413575374900057e-01 5.307799320153381380e-05
9.637922180525380078e-01 5.704609606414439387e-05
9.647449584816130130e-01 5.224702482025727561e-05
9.656995844053036793e-01 4.816608501669896163e-05
9.666561014263075347e-01 5.042157521439003947e-05
9.676145151695419999e-01 4.913512286793954667e-05
9.685748312822548556e-01 4.507730975778797791e-05
9.695370554341347091e-01 4.830687905334899373e-05
9.705011933174222394e-01 5.052552786857987625e-05
9.714672506470236613e-01 4.219257585839076273e-05
9.724352331606218591e-01 3.639061629748653690e-05
9.734051466187911839e-01 3.847136009886789084e-05
9.743769968051116948e-01 3.351727528146634808e-05
9.753507895262841787e-01 2.456060806398148257e-05
9.763265306122447251e-01 2.666888195293493159e-05
9.773042259162826317e-01 2.756383970341124548e-05
9.782838813151563118e-01 1.561977769006003526e-05
9.792655027092113107e-01 1.308867325041725424e-05
9.802490960224988781e-01 2.773635063051236002e-05
9.812346672028956496e-01 3.398872982796517989e-05
9.822222222222221077e-01 3.616545780494177976e-05
9.832117670763648176e-01 6.383707119282819537e-05
9.842033077853972189e-01 9.438272735636097819e-05
9.851968503937008625e-01 7.830002087174819686e-05
9.861924009700887561e-01 2.967334711164679737e-05
9.871899656079303753e-01 2.638823355237788997e-06
9.881895504252733442e-01 1.030927443785892533e-05
9.891911615649705558e-01 3.058363443568718111e-05
9.901948051948050722e-01 4.455644493507359875e-05
9.912004875076172450e-01 3.851349243137263772e-05
9.922082147214312808e-01 1.928136248566174695e-05
9.932179930795846934e-01 2.153301228879504124e-05
9.942298288508555348e-01 5.475618332189251280e-05
9.952437283295940684e-01 8.111744739210224983e-05
9.962596978358512212e-01 7.788277074328413404e-05
9.972777437155120328e-01 6.444825425437565440e-05
9.982978723404256627e-01 5.379488502149000636e-05
9.993200901085398380e-01 4.025625001294836838e-05
1.000344403444034524e+00 3.301628434249290065e-05
1.001370818797455264e+00 4.820125744259014228e-05
1.002399342645850400e+00 8.316129611848368207e-05
1.003429981492905743e+00 1.342996632129201794e-04
1.004462741869081688e+00 2.164110053145232478e-04
1.005497630331753323e+00 3.397201198603794952e-04
1.006534653465346318e+00 4.797432185133388566e-04
1.007573817881478373e+00 5.787060194077265230e-04
1.008615130219098655e+00 5.850824347720661204e-04
1.009658597144630576e+00 5.041074359218898973e-04
1.010704225352112573e+00 3.957562193021264092e-04
1.011752021563341986e+00 3.112051801004700729e-04
1.012801992528019612e+00 2.537803117980718987e-04
1.013854145023893372e+00 2.066940078578214052e-04
1.014908485856905074e+00 1.665433853256753464e-04
1.015965021861336526e+00 1.418016585674665582e-04
1.017023759899958302e+00 1.396034525028101768e-04
1.018084706864176958e+00 1.593255962668487858e-04
1.019147869674185580e+00 1.975855393901161357e-04
1.020213255279113662e+00 2.615570890529412260e-04
1.021280870657178763e+00 3.649473397765017079e-04
1.022350722815839053e+00 5.029032559908487099e-04
1.023422818791946076e+00 6.403306061656901691e-04
1.024497165651899966e+00 7.241825121038837935e-04
1.025573770491803094e+00 7.099577992722458201e-04
1.026652640437618391e+00 6.012775732312029527e-04
1.027733782645324112e+00 4.613471583291324377e-04
1.028817204301075261e+00 3.548030092555953113e-04
1.029902912621359246e+00 2.890243006916828460e-04
1.030990914853158635e+00 2.375374023785593316e-04
1.032081218274111922e+00 1.916061727951633316e-04
1.033173830192674281e+00 1.621338224174894034e-04
1.034268757948283213e+00 1.578297338395841069e-04
1.035366008911521307e+00 1.767259051625046822e-04
1.036465590484282107e+00 2.076393481274475730e-04
1.037567510099935975e+00 2.477492616463075549e-04
1.038671775223499294e+00 3.152458106721311168e-04
1.039778393351800556e+00 4.201555117595638894e-04
1.040887372013651779e+00 5.386457544008301391e-04
1.041998718770019261e+00 6.376403302698184115e-04
1.043112441214194108e+00 6.921742634275869716e-04
1.044228546971966320e+00 6.732737488032629423e-04
1.045347043701799317e+00 5.715925828017442544e-04
1.046467939095002908e+00 4.303256593937018152e-04
1.047591240875912266e+00 3.064573910053730956e-04
1.048716956802063338e+00 2.166496235633497104e-04
1.049845094664371814e+00 1.518161934508167920e-04
1.050975662287314094e+00 1.109182861586308327e-04
1.052108667529107144e+00 9.963471950038345522e-05
1.053244118281890795e+00 1.199406093275099235e-04
1.054382022471910041e+00 1.632130498959420846e-04
1.055522388059701333e+00 2.097044329601816328e-04
1.056665223040276880e+00 2.485124207177484492e-04
1.057810535443312272e+00 2.848495700126162057e-04
1.058958333333333224e+00 3.198355785167508107e-04
1.060108624809906308e+00 3.549222168344782439e-04
1.061261418007829249e+00 4.042253418452477196e-04
1.062416721097321659e+00 4.591940975944553663e-04
1.063574542284219326e+00 4.750769162775251024e-04
1.064734889810167839e+00 4.294089217458528138e-04
1.065897771952817763e+00 3.449146194278442882e-04
1.067063197026022037e+00 2.457246800072558071e-04
1.068231173380034926e+00 1.499712807252511415e-04
1.069401709401709422e+00 8.641987737609956196e-05
1.070574813514699297e+00 6.989468392989803172e-05
1.071750494179661617e+00 9.616779700124614421e-05
1.072928759894459017e+00 1.688529065252306570e-04
1.074109619194364873e+00 2.791884497482955015e-04
1.075293080652269584e+00 3.880027774610834436e-04
1.076479152878888179e+00 4.726045740800980787e-04
1.077667844522967933e+00 5.412124914369669752e-04
1.078859164271501303e+00 5.940817601652850950e-04
1.080053120849933546e+00 6.335464386088684313e-04
1.081249723022379650e+00 6.829285568621336257e-04
1.082448979591836613e+00 7.484674066240748535e-04
1.083650899400399714e+00 8.145503473084051652e-04
1.084855491329479671e+00 8.756375187310045131e-04
1.086062764300022243e+00 9.127021057850857053e-04
1.087272727272727169e+00 8.916091716381984670e-04
1.088485389248271096e+00 8.300207697095239806e-04
1.089700759267530072e+00 7.838480538951221642e-04
1.090918846411804033e+00 7.700491064977704270e-04
1.092139659803043950e+00 7.869419463804883932e-04
1.093363208604077874e+00 8.502128454192255493e-04
1.094589502018842309e+00 9.468417275116378703e-04
1.095818549292611577e+00 1.039992225005733446e-03
1.097050359712230083e+00 1.119148079921943343e-03
1.098284942606347014e+00 1.164435616918221925e-03
1.099522307345651040e+00 1.138418484460363084e-03
1.100762463343108566e+00 1.066389477259202696e-03
1.102005420054200435e+00 1.012180520431575984e-03
1.103251186977164844e+00 9.898452236054109277e-04
1.104499773653236483e+00 1.005124707241354491e-03
1.105751189666893008e+00 1.089254172816792347e-03
1.107005444646097958e+00 1.225471043956817682e-03
1.108262548262548330e+00 1.369458653714158156e-03
1.109522510231923498e+00 1.522322113004753556e-03
1.110785340314135894e+00 1.673397861932210580e-03
1.112051048313582369e+00 1.787196612438794567e-03
1.113319644079397541e+00 1.898129113363251864e-03
1.114591137505710261e+00 2.054581659891677962e-03
1.115865538531900070e+00 2.215370782099628042e-03
1.117142857142856993e+00 2.343320163859371249e-03
1.118423103369241112e+00 2.452670993555056914e-03
1.119706287287746571e+00 2.500450911258542130e-03
1.120992419021364261e+00 2.431528523719445490e-03
1.122281508739650491e+00 2.291000692734153962e-03
1.123573566658991441e+00 2.144636742084445654e-03
1.124868603042876725e+00 2.051485035901478866e-03
1.126166628202169395e+00 2.158744222456192990e-03
1.127467652495378836e+00 2.618392504288719492e-03
1.128771686328938095e+00 3.508767747220172331e-03
1.130078740157480111e+00 4.965837007979690548e-03
1.131388824484117706e+00 7.140523977649307179e-03
1.132701949860724033e+00 1.003055394528628956e-02
1.134018126888217237e+00 1.362596297072808833e-02
1.135337366216844890e+00 1.801880515587778869e-02
1.136659678546470875e+00 2.324236205890621576e-02
1.137985074626865600e+00 2.946242664135378594e-02
1.139313565257996652e+00 3.732198180044346558e-02
1.140645161290322340e+00 4.760839902228133219e-02
1.141979873625087682e+00 6.073475672550705806e-02
1.143317713214620168e+00 7.659845173322996081e-02
1.144658691062631739e+00 9.423495945252775841e-02
1.146002818224518549e+00 1.117920018070624050e-01
1.147350105807665166e+00 1.278867887866000363e-01
1.148700564971751215e+00 1.428033289075192336e-01
1.150054206929059575e+00 1.578601905648570058e-01
1.151411042944785246e+00 1.743547491498608215e-01
1.152771084337349539e+00 1.929387733185908560e-01
1.154134342478713382e+00 2.124141827507449731e-01
1.155500828794695733e+00 2.294701939278833702e-01
1.156870554765291326e+00 2.412058237891559764e-01
1.158243531924993963e+00 2.471932917287474329e-01
1.159619771863117821e+00 2.481115556455497639e-01
1.160999286224125626e+00 2.440815518298602160e-01
1.162382086707955953e+00 2.351848885782371334e-01
1.163768185070354955e+00 2.216647876002423301e-01
1.165157593123208990e+00 2.031890887842998095e-01
1.166550322734879463e+00 1.796951370194492248e-01
1.167946385830540779e+00 1.529012893945813079e-01
1.169345794392523397e+00 1.256846647251325388e-01
1.170748560460652454e+00 1.003520398094267796e-01
1.172154696132596596e+00 7.796150043322819245e-02
1.173564213564213476e+00 5.842696947913558758e-02
1.174977124969901032e+00 4.114470150350750532e-02
1.176393442622950536e+00 2.619132553159279897e-02
1.177813178855901199e+00 1.455669557625701924e-02
1.179236346060898999e+00 6.863607275148422143e-03
1.180662956690055498e+00 2.599761660685582110e-03
1.182093023255813780e+00 7.419410494316228339e-04
1.183526558331311929e+00 3.668404968428147245e-04
1.184963574550752519e+00 6.774184478757197449e-04
1.186404084609773646e+00 1.059872601928386155e-03
1.187848101265822631e+00 1.196374004869640113e-03
1.189295637338532829e+00 1.030700414376684070e-03
1.190746705710102216e+00 7.220197680417309765e-04
1.192201319325677744e+00 5.289555751830573313e-04
1.193659491193737709e+00 5.869128940806039125e-04
1.195121234386480324e+00 8.268236373538816620e-04
1.196586562040215629e+00 1.082885973656135545e-03
1.198055487355757398e+00 1.245302977692233377e-03
1.199528023598819937e+00 1.352320482673168315e-03
1.201004184100418426e+00 1.492094733788935663e-03
1.202483982257269268e+00 1.650236799287030463e-03
1.203967431532198207e+00 1.783482247624375728e-03
1.205454545454545334e+00 1.914976603030798565e-03
1.206945337620578762e+00 2.033687634162830923e-03
1.208439821693907623e+00 2.097509999571056140e-03
1.209938011405901070e+00 2.146780543301001886e-03
1.211439920556107275e+00 2.207045608800807003e-03
1.212945563012677086e+00 2.219549648527456912e-03
1.214454952712792135e+00 2.199678934099047294e-03
1.215968103663094713e+00 2.220601057859189660e-03
1.217485029940119645e+00 2.256381729863107897e-03
1.219005745690731946e+00 2.279672402383156691e-03
1.220530265132566239e+00 2.331767929377859174e-03
1.222058602554469964e+00 2.369725353619540377e-03
1.223590772316950570e+00 2.324728958900854851e-03
1.225126788852623605e+00 2.260569980832546726e-03
1.226666666666666572e+00 2.222646071713311067e-03
1.228210420337276787e+00 2.154729687157504701e-03
1.229758064516128790e+00 2.076479668902476376e-03
1.231309613928841529e+00 2.038838250484874010e-03
1.232865083375441762e+00 1.987795181507175275e-03
1.234424487730837239e+00 1.917080747963384414e-03
1.235987841945288768e+00 1.901139154066806012e-03
1.237555161044889607e+00 1.899659806841493513e-03
1.239126460132046637e+00 1.841293683120117037e-03
1.240701754385964861e+00 1.773620331740196135e-03
1.242281059063136350e+00 1.707090373374790804e-03
1.243864389497832956e+00 1.592232424653202208e-03
1.245451761102603028e+00 1.486333765548043633e-03
1.247043189368770566e+00 1.437186059395717747e-03
1.248638689866939266e+00 1.372722546865411510e-03
1.250238278247501889e+00 1.290587982346492503e-03
1.251841970241149182e+00 1.254054526498103467e-03
1.253449781659388362e+00 1.218589665379660614e-03
1.255061728395061582e+00 1.153337031510209094e-03
1.256677826422868627e+00 1.120433914003491271e-03
1.258298091799896712e+00 1.094011218323356124e-03
1.259922540666150281e+00 1.012921021770132315e-03
1.261551189245087912e+00 9.391882531395971548e-04
1.263184053844162547e+00 9.034516782395310463e-04
1.264821150855365506e+00 8.455793679068327687e-04
1.266462496755774714e+00 7.933483110816401916e-04
1.268108108108107812e+00 7.886087700801214110e-04
1.269758001561279936e+00 7.644137194164295603e-04
1.271412193850963712e+00 7.140700318081051124e-04
1.273070701800156579e+00 7.027753558429880977e-04
1.274733542319749002e+00 6.902995218455307757e-04
1.276400732409102678e+00 6.377738062662120051e-04
1.278072289156626296e+00 6.074911425933509062e-04
1.279748229740361509e+00 5.901614917586313911e-04
1.281428571428571139e+00 5.310350852762555805e-04
1.283113331580331140e+00 4.853923037485482496e-04
1.284802527646129455e+00 4.802812598748433157e-04
1.286496177168468202e+00 4.487616316355185148e-04
1.288194297782470965e+00 4.083730597187326867e-04
1.289896907216494748e+00 4.050176140334570845e-04
1.291604023292747261e+00 3.817692994926248835e-04
1.293315663927908643e+00 3.294540222216758006e-04
1.295031847133757630e+00 3.117334835770191044e-04
1.296752591017804823e+00 2.970053288689142854e-04
1.298477913783927518e+00 2.467437398030885871e-04
1.300207833733013407e+00 2.183314974633033189e-04
1.301942369263607180e+00 2.110977073473805537e-04
1.303681538872561996e+00 1.741546626774894476e-04
1.305425361155698072e+00 1.462218984923035429e-04
1.307173854808464819e+00 1.486120152938825404e-04
1.308927038626609196e+00 1.273912404692496023e-04
1.310684931506849171e+00 9.752652856225611192e-05
1.312447552447552290e+00 9.716764255752734117e-05
1.314214920549420906e+00 8.514405573910127872e-05
1.315987055016180962e+00 5.702536853825595343e-05
1.317763975155279432e+00 5.533144675430941197e-05
1.319545700378582875e+00 5.312945329462409843e-05
1.321332250203086645e+00 3.188666514230549087e-05
1.323123644251626763e+00 3.068213820455888315e-05
1.324919902253597348e+00 3.511442994113591883e-05
1.326721044045676923e+00 2.049094577980919760e-05
1.328527089572556275e+00 2.211100713941395040e-05
1.330338058887677199e+00 3.235364791721114137e-05
1.332153972153971910e+00 2.073000227187815381e-05
1.333974849644614213e+00 2.352896150335013648e-05
1.335800711743772240e+00 4.036329814831674450e-05
1.337631578947368061e+00 2.912033074538640344e-05
1.339467471863848624e+00 2.877385381918470337e-05
1.341308411214953145e+00 5.480460738552437564e-05
1.343154417836498693e+00 4.551760071401832815e-05
1.345005512679162019e+00 3.328359688071085866e-05
1.346861716809274023e+00 6.641018390717300145e-05
1.348723051409618234e+00 6.647964629224336719e-05
1.350589537780237936e+00 3.370798775359168869e-05
1.352461197339245969e+00 6.086793686171919641e-05
1.354338051623646733e+00 8.061566012244355097e-05
1.356220122290161090e+00 2.907377332277730244e-05
1.358107431116058805e+00 2.401150020031698882e-05
1.359999999999999876e+00 6.489023103605034125e-05
