1.320000000000000062e+00 9.563575670233920442e-05
1.321027477232038949e+00 1.027485227076170170e-04
1.322056555269923050e+00 1.173730571074974716e-04
1.323087237857644149e+00 1.392814016384756484e-04
1.324119528750877794e+00 1.651543986405002871e-04
1.325153431717029928e+00 1.896269493410286710e-04
1.326188950535281963e+00 2.071751781261200900e-04
1.327226088996637188e+00 2.141275760205497449e-04
1.328264850903968508e+00 2.100118946511014037e-04
1.329305240072060856e+00 1.976928725814459996e-04
1.330347260327663594e+00 1.822248690545314994e-04
1.331390915509531592e+00 1.688566696624305672e-04
1.332436209468477628e+00 1.609782103367540253e-04
1.333483146067415914e+00 1.588440484051629607e-04
1.334531729181410942e+00 1.596182493826943339e-04
1.335581962697725888e+00 1.587656905720828367e-04
1.336633850515869693e+00 1.522665852912106750e-04
1.337687396547647234e+00 1.387730355027792860e-04
1.338742604717204632e+00 1.208083776889811773e-04
1.339799478961080093e+00 1.044511355932428850e-04
1.340858023228253426e+00 9.752268820236101722e-05
1.341918241480192675e+00 1.068911249467067391e-04
1.342980137690907849e+00 1.358800059131036453e-04
1.344043715846994669e+00 1.827752300771678050e-04
1.345108979947689631e+00 2.410426425931023325e-04
1.346175934004917973e+00 3.012401289973136269e-04
1.347244582043343630e+00 3.539676086824087371e-04
1.348314928100420973e+00 3.927934215817542119e-04
1.349386976226444990e+00 4.160872335944889558e-04
1.350460730484602356e+00 4.270890492877577570e-04
1.351536194951023395e+00 4.322056105846330517e-04
1.352613373714832479e+00 4.382004590333640802e-04
1.353692270878200654e+00 4.493741885266095771e-04
1.354772890556398490e+00 4.658485489132213435e-04
1.355855236877846259e+00 4.836588658552746687e-04
1.356939313984169004e+00 4.966723707710274643e-04
1.358025126030247387e+00 4.996410982827817569e-04
1.359112677184271867e+00 4.912338227552350261e-04
1.360201971627795103e+00 4.758498644481776760e-04
1.361293013555787690e+00 4.634205370879644127e-04
1.362385807176687891e+00 4.671095597089934570e-04
1.363480356712460928e+00 4.995787633570265493e-04
1.364576666398649163e+00 5.690189772140665219e-04
1.365674740484429162e+00 6.762680154467375819e-04
1.366774583232665208e+00 8.140061711183902218e-04
1.367876198919964814e+00 9.683523891314027880e-04
1.368979591836734899e+00 1.122412945034394422e-03
1.370084766287236633e+00 1.260719358251724933e-03
1.371191726589642279e+00 1.373231120284408016e-03
1.372300477076089820e+00 1.457742168613059865e-03
1.373411022092740907e+00 1.520045145706772202e-03
1.374523365999838154e+00 1.571892872238150060e-03
1.375637513171759974e+00 1.627430744768689017e-03
1.376753467997079428e+00 1.699171230234865215e-03
1.377871234878623063e+00 1.794647332378277154e-03
1.378990818233525983e+00 1.914629580561610879e-03
1.380112222493291130e+00 2.053322976606130387e-03
1.381235452103849681e+00 2.200422289983806120e-03
1.382360511525617230e+00 2.344436385704236868e-03
1.383487405233553291e+00 2.476394183134547275e-03
1.384616137717223028e+00 2.592961775341643717e-03
1.385746713480852321e+00 2.698130447901748649e-03
1.386879137043393051e+00 2.802945417887968416e-03
1.388013412938578828e+00 2.923182271845122665e-03
1.389149545714987388e+00 3.075373175940761261e-03
1.390287539936102545e+00 3.272049364989593635e-03
1.391427400180372365e+00 3.517392894588459995e-03
1.392569131041273556e+00 3.804568302531345387e-03
1.393712737127371426e+00 4.115752169454729194e-03
1.394858223062382052e+00 4.425285933013367243e-03
1.396005593485235119e+00 4.705540396797469258e-03
1.397154853050135870e+00 4.934203430554814744e-03
1.398306006426629278e+00 5.101057461618720666e-03
1.399459058299661995e+00 5.212159201078796038e-03
1.400614013369646083e+00 5.289817261102238398e-03
1.401770876352523620e+00 5.367839591260354162e-03
1.402929651979829551e+00 5.482927661897522321e-03
1.404090344998759177e+00 5.664423670315644165e-03
1.405252960172228338e+00 5.925390526020471969e-03
1.406417502278942688e+00 6.257891151438851711e-03
1.407583976113461199e+00 6.634302330872045815e-03
1.408752386486262331e+00 7.014726398181084233e-03
1.409922738223810201e+00 7.358621864023235856e-03
1.411095036168620531e+00 7.637277810276851299e-03
1.412269285179329259e+00 7.843250574195168370e-03
1.413445490130757154e+00 7.993611818613799436e-03
1.414623655913978650e+00 8.125666603872561469e-03
1.415803787436389349e+00 8.286151058383827567e-03
1.416985889621775074e+00 8.517057059962101009e-03
1.418169967410378929e+00 8.842434026551652948e-03
1.419356025758969686e+00 9.260348241407508410e-03
1.420544069640914175e+00 9.742649092283978129e-03
1.421734104046242786e+00 1.024277041824983581e-02
1.422926133981722296e+00 1.070926569533542025e-02
1.424120164470924266e+00 1.110096785309508567e-02
1.425316200554295865e+00 1.139917139290484716e-02
1.426514247289232706e+00 1.161320829366917044e-02
1.427714309750147237e+00 1.177789021963098967e-02
1.428916393028542675e+00 1.194380841496143347e-02
1.430120502233083402e+00 1.216359107266945169e-02
1.431326642489668677e+00 1.247825639909482323e-02
1.432534818941504362e+00 1.290749752770861160e-02
1.433745036749176416e+00 1.344628552198874269e-02
1.434957301090724613e+00 1.406814037216265814e-02
1.436171617161716041e+00 1.473350534114643319e-02
1.437387990175319707e+00 1.540046086234200459e-02
1.438606425362380481e+00 1.603480909412157568e-02
1.439826927971493920e+00 1.661724671124897856e-02
1.441049503269083987e+00 1.714652347674619839e-02
1.442274156539474772e+00 1.763865728978061473e-02
1.443500893084970649e+00 1.812305533679498329e-02
1.444729718225929993e+00 1.863664600061406759e-02
1.445960637300843787e+00 1.921700090783285200e-02
1.447193655666411116e+00 1.989522313358407790e-02
1.448428778697618879e+00 2.068936966926386220e-02
1.449666011787819286e+00 2.159944013695233589e-02
1.450905360348807349e+00 2.260531375994503933e-02
1.452146829810901041e+00 2.366908355100657765e-02
1.453390425623019677e+00 2.474266271629549721e-02
1.454636153252764075e+00 2.578020309352185499e-02
1.455884018186497375e+00 2.675303384893958081e-02
1.457134025929423871e+00 2.766313309326401751e-02
1.458386182005671605e+00 2.855038198651234371e-02
1.459640491958372976e+00 2.948965221282798255e-02
1.460896961349746448e+00 3.057628425684133858e-02
1.462155595761178928e+00 3.190219610712504567e-02
1.463416400793308370e+00 3.352859126750933755e-02
1.464679382066108593e+00 3.546361849144252787e-02
1.465944545218968775e+00 3.765321920627247299e-02
1.467211895910780717e+00 3.999035935456905777e-02
1.468481439820022771e+00 4.234247408610172098e-02
1.469753182644842671e+00 4.459080244289528872e-02
1.471027130103146563e+00 4.667041737231388682e-02
1.472303287932679838e+00 4.859805434130229362e-02
1.473581661891117722e+00 5.047731559395444989e-02
1.474862257756148765e+00 5.247712689118819163e-02
1.476145081325563657e+00 5.478771331140852574e-02
1.477430138417341388e+00 5.756618593369908221e-02
1.478717434869739389e+00 6.088836396137205925e-02
1.480006976541379693e+00 6.472284672090566904e-02
1.481298769311337971e+00 6.893734964938297294e-02
1.482592819079235014e+00 7.333750533857871790e-02
1.483889131765323333e+00 7.772770726258249052e-02
1.485187713310580193e+00 8.197564061119946843e-02
1.486488569676797766e+00 8.605973620227715115e-02
1.487791706846673057e+00 9.008305723469237081e-02
1.489097130823901161e+00 9.424706878075515826e-02
1.490404847633266305e+00 9.879137680645244668e-02
1.491714863320734885e+00 1.039168319382225425e-01
1.493027183953549830e+00 1.097155937859750213e-01
1.494341815620322311e+00 1.161305416698443782e-01
1.495658764431127441e+00 1.229582024301660026e-01
1.496978036517597310e+00 1.298957378933896234e-01
1.498299638033018688e+00 1.366188006481348638e-01
1.499623575152425614e+00 1.428672833462545089e-01
1.500949854072698653e+00 1.485126175971319962e-01
1.502278481012658373e+00 1.535858148237594367e-01
1.503609462213165715e+00 1.582573575962715751e-01
1.504942803937217244e+00 1.627749066634852915e-01
1.506278512470045294e+00 1.673778143490811388e-01
1.507616594119214781e+00 1.722144710438487381e-01
1.508957055214724230e+00 1.772873326914216341e-01
1.510299902109103698e+00 1.824415195423886860e-01
1.511645141177518470e+00 1.873990879941073995e-01
1.512992778817865869e+00 1.918269387757361166e-01
1.514342821450879173e+00 1.954163693059285944e-01
1.515695275520228869e+00 1.979496055794872922e-01
1.517050147492625678e+00 1.993339296917158165e-01
1.518407443857922701e+00 1.995953148496301677e-01
1.519767171129219996e+00 1.988369322222436342e-01
1.521129335842968500e+00 1.971790391190079150e-01
1.522493944559074386e+00 1.947020162357983586e-01
1.523861003861003871e+00 1.914121630538495322e-01
1.525230520355891350e+00 1.872412593975511241e-01
1.526602500674642648e+00 1.820789435866945194e-01
1.527976951472044709e+00 1.758257506463613840e-01
1.529353879426872176e+00 1.684479216739828700e-01
1.530733291241995087e+00 1.600149416773027355e-01
1.532115193644488560e+00 1.507070156478552969e-01
1.533499593385741377e+00 1.407900334501889783e-01
1.534886497241566783e+00 1.305663913781127394e-01
1.536275912012311062e+00 1.203176883475594178e-01
1.537667844522968341e+00 1.102573541522779144e-01
1.539062301623288276e+00 1.005072355001390416e-01
1.540459290187891517e+00 9.110366674141268106e-02
1.541858817116380953e+00 8.202863073546240447e-02
1.543260889333454511e+00 7.325366402202282412e-02
1.544665513789023503e+00 6.478075201160751750e-02
1.546072697458321876e+00 5.666650590121200676e-02
1.547482447342026113e+00 4.902242814285012740e-02
1.548894770466368698e+00 4.199260209129850041e-02
1.550309673883256023e+00 3.571767329368361749e-02
1.551727164670385184e+00 3.029802401267639791e-02
1.553147249931362772e+00 2.576842583051703814e-02
1.554569936795823004e+00 2.209170924625105184e-02
1.555995232419547181e+00 1.917203533738420437e-02
1.557423143984583147e+00 1.688176038685024888e-02
1.558853678699366530e+00 1.509192127124365547e-02
1.560286843798841749e+00 1.369622516544787526e-02
1.561722646544584592e+00 1.262184785889772926e-02
1.563161094224923886e+00 1.182581466427461842e-02
1.564602194155065851e+00 1.128110489074977442e-02
1.566045953677217106e+00 1.095992228235845647e-02
1.567492380160709686e+00 1.082174675394626667e-02
1.568941481002126714e+00 1.081100551844205865e-02
1.570393263625427860e+00 1.086475572596921034e-02
1.571847735482078345e+00 1.092649572587304531e-02
1.573304904051172848e+00 1.095978629971282488e-02
1.574764776839565839e+00 1.095563209281332634e-02
1.576227361382000813e+00 1.093031212052173774e-02
1.577692665241238412e+00 1.091435929120259003e-02
1.579160696008188314e+00 1.093701738683639305e-02
1.580631461302039797e+00 1.101230248354571895e-02
1.582104968770392750e+00 1.113208770661583587e-02
1.583581226089390892e+00 1.126875453922077455e-02
1.585060240963855893e+00 1.138610498816237417e-02
1.586542021127419044e+00 1.145396312663101747e-02
1.588026574342659369e+00 1.146050511308945551e-02
1.589513908401236186e+00 1.141736546357035621e-02
1.591004031124027440e+00 1.135553119410884909e-02
1.592496950361264929e+00 1.131373977840385674e-02
1.593992673992673970e+00 1.132405177351024361e-02
1.595491209927611287e+00 1.140030781932795979e-02
1.596992566105204014e+00 1.153392024404281332e-02
1.598496750494490026e+00 1.169843543213601109e-02
1.600003771094560268e+00 1.186076973359471119e-02
1.601513635934698643e+00 1.199442715213149165e-02
1.603026353074525678e+00 1.208928505968380994e-02
1.604541930604141298e+00 1.215412903974124985e-02
1.606060376644269816e+00 1.221113362710519838e-02
1.607581699346405157e+00 1.228482296369623646e-02
1.609105906892955185e+00 1.239028358855399047e-02
1.610633007497390246e+00 1.252563811678365259e-02
1.612163009404389058e+00 1.267195291815036498e-02
1.613695920889987923e+00 1.280061795532799231e-02
1.615231750261730381e+00 1.288510637693116544e-02
1.616770505858816875e+00 1.291219051676319694e-02
1.618312196052255292e+00 1.288791329142873442e-02
1.619856829245013063e+00 1.283579200775557261e-02
1.621404413872169714e+00 1.278795758384624129e-02
1.622954958401071179e+00 1.277286399802625601e-02
1.624508471331482573e+00 1.280461982116836740e-02
1.626064961195746061e+00 1.287830416391149563e-02
1.627624436558933629e+00 1.297311848917117455e-02
1.629186906019007619e+00 1.306194054228165639e-02
1.630752378206976161e+00 1.312316290976335911e-02
1.632320861787054378e+00 1.314974768050467674e-02
1.633892365456821150e+00 1.315162128171002212e-02
1.635466897947383647e+00 1.315038154037200153e-02
1.637044468023536092e+00 1.316860088905887939e-02
1.638625084483923855e+00 1.321838389881689439e-02
1.640208756161206205e+00 1.329425027642165864e-02
1.641795491922221517e+00 1.337365748343183856e-02
1.643385300668151805e+00 1.342525777104854046e-02
1.644978191334690365e+00 1.342164349042813433e-02
1.646574172892209198e+00 1.335129151957223023e-02
1.648173254345926209e+00 1.322457264558063450e-02
1.649775444736074848e+00 1.307103452159291516e-02
1.651380753138075308e+00 1.292876138975691466e-02
1.652989188662706166e+00 1.282997255800077951e-02
1.654600760456273800e+00 1.278872009909334112e-02
1.656215477700790695e+00 1.279582469815945985e-02
1.657833349614144858e+00 1.282328792339696225e-02
1.659454385450278791e+00 1.283650370397955778e-02
1.661078594499364236e+00 1.280928187151997300e-02
1.662705986087979149e+00 1.273539886855033949e-02
1.664336569579287994e+00 1.263170187073620748e-02
1.665970354373220719e+00 1.253122901345932703e-02
1.667607349906652159e+00 1.246898253029176881e-02
1.669247565653585452e+00 1.246617129164078255e-02
1.670891011125332337e+00 1.251956518536961882e-02
1.672537695870700780e+00 1.260066781007331861e-02
1.674187629476176387e+00 1.266545286878961382e-02
1.675840821566110250e+00 1.267102482398239048e-02
1.677497281802906137e+00 1.259257336092870286e-02
1.679157019887206781e+00 1.243367421608320214e-02
1.680820045558086839e+00 1.222554263175960020e-02
1.682486368593239190e+00 1.201527704761422982e-02
1.684155998809169441e+00 1.184764447216536676e-02
1.685828946061388667e+00 1.174768809724026190e-02
1.687505220244605697e+00 1.171121794714189389e-02
1.689184831292923405e+00 1.170711328093278041e-02
1.690867789180034109e+00 1.169056594757926851e-02
1.692554103919417852e+00 1.162188483639421330e-02
1.694243785564540472e+00 1.148313303779849824e-02
1.695936844209053662e+00 1.128568522766793675e-02
1.697633289986996363e+00 1.106547976392899084e-02
1.699333133072995272e+00 1.086780914655192942e-02
1.701036383682469788e+00 1.072786025674723163e-02
1.702743052071837404e+00 1.065506139573553675e-02
1.704453148538716434e+00 1.062781933276379064e-02
1.706166683422137398e+00 1.060100784118492984e-02
1.707883667102747305e+00 1.052331961780694422e-02
1.709604110003022148e+00 1.035748305822516493e-02
1.711328022587476294e+00 1.009509131611912962e-02
1.713055415362874978e+00 9.759940813982488986e-03
1.714786298878448134e+00 9.398467140159863509e-03
1.716520683726104890e+00 9.061170640200033946e-03
1.718258580540649838e+00 8.782643550178961117e-03
1.719999999999999973e+00 8.568390523398902725e-03
