1.199999999999999956e+00 5.330917342966587109e-04
1.201004184100418426e+00 2.461416377465378306e-04
1.202010050251256068e+00 4.887839811331039322e-05
1.203017602682313614e+00 3.641196145385719007e-05
1.204026845637583776e+00 3.910586938975054496e-05
1.205037783375314753e+00 1.577039248013317914e-04
1.206050420168067072e+00 3.205265892782162979e-04
1.207064760302775541e+00 3.283751450728381277e-04
1.208080808080807866e+00 2.380652264195932846e-04
1.209098567818028602e+00 1.437023942612473211e-04
1.210118043844856661e+00 1.130941553819213307e-04
1.211139240506329040e+00 1.751864150480639509e-04
1.212162162162162105e+00 2.914889048529325025e-04
1.213186813186812874e+00 5.132230553198956257e-04
1.214213197969542968e+00 7.330722876660794108e-04
1.215241320914479228e+00 6.874261481537026182e-04
1.216271186440677887e+00 4.507115716785113483e-04
1.217302798982188294e+00 2.488999824526599868e-04
1.218336162988115312e+00 1.175537671601303207e-04
1.219371282922685040e+00 5.841894488844158033e-05
1.220408163265306323e+00 5.977499394574102066e-05
1.221446808510638249e+00 1.065139294606097162e-04
1.222487223168654324e+00 2.198602257652739064e-04
1.223529411764705976e+00 3.161417711121229201e-04
1.224573378839590276e+00 3.040831268425136201e-04
1.225619128949615666e+00 2.250233852144943396e-04
1.226666666666666572e+00 1.496383394679967963e-04
1.227715996578272017e+00 1.250042814369200584e-04
1.228767123287671348e+00 1.581139612718836891e-04
1.229820051413881732e+00 2.408978939594953858e-04
1.230874785591766774e+00 3.995348795785690511e-04
1.231931330472102903e+00 6.246612597439830375e-04
1.232989690721649323e+00 8.535796480921347892e-04
1.234049871023215728e+00 9.673855049449833635e-04
1.235111876075731363e+00 8.441314801157504596e-04
1.236175710594314969e+00 5.727106982321392451e-04
1.237241379310344724e+00 3.474953879650103435e-04
1.238308886971527301e+00 2.042534460309955555e-04
1.239378238341968697e+00 1.244833304856147527e-04
1.240449438202247290e+00 1.111529699808859180e-04
1.241522491349480894e+00 1.393793624330693910e-04
1.242597402597402700e+00 2.126479994013625284e-04
1.243674176776429663e+00 3.091915722737665164e-04
1.244752818733737998e+00 3.610481345590609860e-04
1.245833333333333126e+00 3.495320756051683393e-04
1.246915725456124946e+00 2.910432719896213077e-04
1.247999999999999776e+00 2.300581344262965630e-04
1.249086161879895629e+00 2.132547286591426417e-04
1.250174216027874596e+00 2.340533082772997279e-04
1.251264167393199900e+00 2.987700470476294242e-04
1.252356020942408499e+00 4.160980285152844800e-04
1.253449781659388362e+00 5.606482641049947806e-04
1.254545454545454630e+00 7.216557123973706698e-04
1.255643044619422666e+00 8.353122017480044256e-04
1.256742556917688214e+00 8.128540725082854072e-04
1.257843996494303118e+00 6.820544957869598525e-04
1.258947368421052371e+00 5.163465778874119609e-04
1.260052677787532938e+00 3.651524452877232419e-04
1.261159929701230142e+00 2.682980026587366055e-04
1.262269129287598934e+00 2.196156193966616909e-04
1.263380281690140716e+00 2.114232844342420268e-04
1.264493392070484390e+00 2.486420452470097342e-04
1.265608465608465849e+00 3.058492717670583663e-04
1.266725507502206582e+00 3.673384303018661728e-04
1.267844522968197829e+00 4.112682827552451687e-04
1.268965517241379404e+00 4.096893655716834668e-04
1.270088495575221410e+00 3.854197099904923597e-04
1.271213463241806840e+00 3.589931730983795936e-04
1.272340425531915065e+00 3.412285911527947993e-04
1.273469387755101989e+00 3.591349189793038897e-04
1.274600355239786875e+00 4.067419866288165295e-04
1.275733333333333386e+00 4.804582500702008884e-04
1.276868327402135517e+00 5.827439104544209891e-04
1.278005342831700863e+00 6.741379153147055402e-04
1.279144385026738107e+00 7.302762715816217467e-04
1.280285459411239835e+00 7.360073574561133225e-04
1.281428571428571361e+00 6.736678955375251850e-04
1.282573726541554882e+00 5.802751480182071712e-04
1.283720930232558066e+00 4.882221882286184715e-04
1.284870188003580882e+00 4.059149924500932475e-04
1.286021505376343965e+00 3.602094698820588873e-04
1.287174887892376773e+00 3.478861559555503362e-04
1.288330341113105959e+00 3.589826140919159759e-04
1.289487870619945964e+00 3.979707726269028178e-04
1.290647482014388503e+00 4.389863687817775642e-04
1.291809180918091826e+00 4.717822159084403407e-04
1.292972972972973089e+00 4.962558721406797957e-04
1.294138863841298503e+00 4.966070086571255102e-04
1.295306859205775929e+00 4.930192150370068952e-04
1.296476964769647466e+00 4.993580151590984624e-04
1.297649186256781162e+00 5.115231789889041576e-04
1.298823529411764710e+00 5.486511968071730323e-04
1.300000000000000044e+00 5.991860755212997502e-04
1.301178603807797041e+00 6.451065749270982249e-04
1.302359346642468330e+00 6.882984463775790535e-04
1.303542234332424998e+00 6.991314765840614658e-04
1.304727272727272736e+00 6.709704891285036589e-04
1.305914467697907311e+00 6.219768832814627241e-04
1.307103825136612052e+00 5.482881554776307355e-04
1.308295350957155767e+00 4.757207321900546316e-04
1.309489051094890444e+00 4.252918119297659379e-04
1.310684931506849393e+00 3.899961715302158508e-04
1.311882998171846282e+00 3.859451843801115531e-04
1.313083257090576383e+00 4.065212478120104069e-04
1.314285714285714279e+00 4.356818002024932888e-04
1.315490375802016221e+00 4.791795903879206677e-04
1.316697247706422047e+00 5.142011782040461837e-04
1.317906336088154440e+00 5.356845716636055889e-04
1.319117647058823728e+00 5.581993935845817011e-04
1.320331186752529806e+00 5.695224441148067111e-04
1.321546961325966718e+00 5.857607407196971155e-04
1.322764976958525240e+00 6.156303213492342634e-04
1.323985239852398577e+00 6.387558295057202623e-04
1.325207756232686940e+00 6.662299895476508048e-04
1.326432532347504800e+00 6.839851147021947008e-04
1.327659574468085246e+00 6.675301093479177111e-04
1.328888888888888786e+00 6.315943849813758504e-04
1.330120481927711040e+00 5.653264301277474398e-04
1.331354359925788655e+00 4.745900254589296096e-04
1.332590529247910993e+00 3.942181409898455570e-04
1.333828996282527823e+00 3.212902986823076824e-04
1.335069767441860344e+00 2.717949028103627167e-04
1.336312849162011096e+00 2.601918300371442176e-04
1.337558247903075426e+00 2.673408813489526123e-04
1.338805970149253621e+00 3.118386335522884767e-04
1.340056022408963488e+00 3.919255331792260836e-04
1.341308411214953145e+00 4.655897361778267921e-04
1.342563143124415159e+00 5.250930834019849934e-04
1.343820224719101120e+00 5.717664138597486909e-04
1.345079662605435766e+00 6.144967398433255667e-04
1.346341463414634232e+00 6.627475865993767007e-04
1.347605633802816838e+00 7.136990946505691056e-04
1.348872180451127889e+00 7.950995845741779759e-04
1.350141110065851358e+00 9.104494730767414331e-04
1.351412429378531233e+00 1.037703934176266570e-03
1.352686145146088537e+00 1.175672849940899781e-03
1.353962264150943451e+00 1.295986212757950853e-03
1.355240793201133220e+00 1.410572487303292030e-03
1.356521739130434945e+00 1.569363784427222448e-03
1.357805108798486371e+00 1.784889115133513841e-03
1.359090909090909349e+00 2.132010123905417765e-03
1.360379146919431514e+00 2.683932186325858806e-03
1.361669829222011519e+00 3.479479017443211104e-03
1.362962962962962932e+00 4.636850384824749843e-03
1.364258555133079698e+00 6.185158039004967287e-03
1.365556612749762033e+00 8.085626733912941108e-03
1.366857142857142771e+00 1.031712154775838060e-02
1.368160152526215256e+00 1.269442193397719507e-02
1.369465648854961692e+00 1.514515312329661571e-02
1.370773638968481256e+00 1.781751316314225675e-02
1.372084130019120440e+00 2.082874399297638193e-02
1.373397129186602728e+00 2.455749679280628053e-02
1.374712643678160928e+00 2.946109273430857350e-02
1.376030680728667299e+00 3.571247009185673366e-02
1.377351247600767881e+00 4.349893538708438784e-02
1.378674351585014390e+00 5.256529055734987521e-02
1.379999999999999893e+00 6.217180491859653629e-02
1.381328200192492694e+00 7.208338909639780412e-02
1.382658959537572230e+00 8.243077708059258490e-02
1.383992285438765624e+00 9.383589704555488076e-02
1.385328185328185358e+00 1.077213411457143832e-01
1.386666666666666492e+00 1.250186765125132216e-01
1.388007736943907222e+00 1.459800613297081440e-01
1.389351403678606101e+00 1.702046483606598770e-01
1.390697674418604590e+00 1.954545849733784479e-01
1.392046556741028063e+00 2.191541225056603814e-01
1.393398058252427019e+00 2.401876298667146303e-01
1.394752186588921194e+00 2.584770659831491235e-01
1.396108949416342337e+00 2.756047957300932771e-01
1.397468354430379422e+00 2.936222402973142631e-01
1.398830409356724980e+00 3.122414900934893378e-01
1.400195121951219424e+00 3.294253280149810337e-01
1.401562500000000266e+00 3.419194064245550391e-01
1.402932551319648224e+00 3.462162530398833482e-01
1.404305283757338652e+00 3.422280548717467896e-01
1.405680705190989421e+00 3.323219184368096379e-01
1.407058823529411695e+00 3.177753243863495336e-01
1.408439646712463134e+00 2.989917007395231363e-01
1.409823182711198442e+00 2.752445547664389980e-01
1.411209439528023690e+00 2.455678843531222955e-01
1.412598425196850194e+00 2.118793181621488053e-01
1.413990147783251272e+00 1.774048156615628258e-01
1.415384615384615463e+00 1.442333575161921788e-01
1.416781836130305949e+00 1.141552002289773077e-01
1.418181818181817988e+00 8.832360316506526754e-02
1.419584569732937673e+00 6.729958786718900909e-02
1.420990099009900920e+00 5.168283391149869344e-02
1.422398414271556222e+00 4.088986733374935789e-02
1.423809523809523858e+00 3.362596915164214884e-02
1.425223435948361317e+00 2.899024666317016538e-02
1.426640159045725609e+00 2.592575273262234109e-02
1.428059701492537359e+00 2.375203720614320335e-02
1.429482071713147118e+00 2.226942815564618081e-02
1.430907278165503227e+00 2.104795189817690315e-02
1.432335329341317465e+00 2.001113219875242169e-02
1.433766233766233800e+00 1.918905534800122506e-02
1.435200000000000031e+00 1.835464644365208606e-02
1.436636636636636766e+00 1.764075946689297805e-02
1.438076152304609279e+00 1.704436515786515033e-02
1.439518555667000932e+00 1.640535570493705311e-02
1.440963855421686812e+00 1.589365722191934949e-02
1.442412060301507593e+00 1.540884019192681302e-02
1.443863179074446501e+00 1.487411779305859542e-02
1.445317220543806513e+00 1.447213746344893498e-02
1.446774193548387100e+00 1.406205201611304342e-02
1.448234106962664081e+00 1.367850304132318430e-02
1.449696969696969706e+00 1.345823646664165082e-02
1.451162790697674509e+00 1.321423182111340112e-02
1.452631578947368496e+00 1.303463927323961040e-02
1.454103343465045661e+00 1.294234648468277349e-02
1.455578093306288068e+00 1.273614381931996442e-02
1.457055837563451695e+00 1.255780266206783097e-02
1.458536585365853622e+00 1.235905749705461243e-02
1.460020345879959214e+00 1.202658669888512569e-02
1.461507128309572190e+00 1.176546985262036903e-02
1.462996941896024472e+00 1.147595672738006833e-02
1.464489795918367365e+00 1.113130849012354540e-02
1.465985699693565181e+00 1.090565550999392751e-02
1.467484662576687082e+00 1.062521288459615000e-02
1.468986693961105372e+00 1.033601720423252268e-02
1.470491803278688669e+00 1.014887356106885206e-02
1.471999999999999975e+00 9.877927375925759160e-03
1.473511293634497177e+00 9.658292096462569448e-03
1.475025693730729781e+00 9.524663216563051399e-03
1.476543209876542972e+00 9.313732449176322786e-03
1.478063851699279008e+00 9.199866855836829477e-03
1.479587628865979276e+00 9.107436644934161635e-03
1.481114551083591468e+00 8.915934224638748934e-03
1.482644628099173634e+00 8.804216824682149084e-03
1.484177869700103569e+00 8.624118602023334024e-03
1.485714285714285765e+00 8.360120189575661123e-03
1.487253886010362569e+00 8.189339907750186123e-03
1.488796680497925129e+00 7.938459689325228982e-03
1.490342679127725889e+00 7.693110068296392379e-03
1.491891891891891975e+00 7.559687974623327186e-03
1.493444328824141243e+00 7.342332662630808755e-03
1.494999999999999885e+00 7.186817098498376848e-03
1.496558915537017587e+00 7.096686490271568622e-03
1.498121085594989355e+00 6.905251247417742815e-03
1.499686520376175558e+00 6.807448903087138722e-03
1.501255230125523088e+00 6.719323011062678687e-03
1.502827225130890065e+00 6.549932093827023037e-03
1.504402515723270550e+00 6.500131357554580699e-03
1.505981112277019918e+00 6.402283450331876756e-03
1.507563025210083785e+00 6.248086056326216178e-03
1.509148264984226939e+00 6.192983800474022131e-03
1.510736842105263156e+00 6.022407827411507819e-03
1.512328767123287454e+00 5.829391350565016859e-03
1.513924050632911245e+00 5.711606823758048034e-03
1.515522703273495253e+00 5.469445907888247950e-03
1.517124735729386886e+00 5.283428760193520715e-03
1.518730158730158708e+00 5.159449460719088727e-03
1.520338983050847581e+00 4.933001528716607180e-03
1.521951219512195141e+00 4.814236080110260822e-03
1.523566878980891826e+00 4.700748280058517428e-03
1.525185972369819121e+00 4.496171653759054899e-03
1.526808510638297811e+00 4.407591344058063056e-03
1.528434504792332005e+00 4.259219107435083251e-03
1.530063965884861377e+00 4.055850382391452437e-03
1.531696905016008525e+00 3.966893972588516649e-03
1.533333333333333437e+00 3.778312954407685512e-03
1.534973262032085506e+00 3.587628467344121993e-03
1.536616702355460662e+00 3.484832512971534381e-03
1.538263665594855389e+00 3.257120977198572995e-03
1.539914163090128740e+00 3.075741815601209291e-03
1.541568206229860349e+00 2.942064344347293178e-03
1.543225806451612891e+00 2.695087771947887213e-03
1.544886975242195870e+00 2.546380761394350344e-03
1.546551724137930961e+00 2.407939352659566479e-03
1.548220064724918910e+00 2.193434874580351031e-03
1.549892008639308649e+00 2.101047628334602214e-03
1.551567567567567529e+00 1.968110665780728203e-03
1.553246753246753320e+00 1.795629464126429972e-03
1.554929577464788881e+00 1.732583597686824075e-03
1.556616052060737498e+00 1.585391323137028434e-03
1.558306188925081548e+00 1.443274494341853943e-03
1.560000000000000053e+00 1.383502921441036315e-03
1.561697497279651792e+00 1.225995362395268864e-03
1.563398692810457513e+00 1.120893388113851797e-03
1.565103598691384823e+00 1.059474818256083035e-03
1.566812227074235730e+00 9.095899378038308294e-04
1.568524590163934196e+00 8.427321570474448267e-04
1.570240700218818342e+00 7.743341000575738832e-04
1.571960569550931108e+00 6.463809489207385369e-04
1.573684210526316019e+00 6.120903120052412260e-04
1.575411635565312940e+00 5.388799911704618157e-04
1.577142857142857180e+00 4.475990008826230982e-04
1.578877887788778800e+00 4.371958373600204925e-04
1.580616740088105709e+00 3.636120008386814202e-04
1.582359426681367198e+00 3.116195899468553231e-04
1.584105960264900581e+00 3.078186819110795909e-04
1.585856353591160062e+00 2.368003896390123621e-04
1.587610619469026707e+00 2.174594586074803668e-04
1.589368770764119310e+00 2.067295252629784631e-04
1.591130820399113022e+00 1.478962140251380069e-04
1.592896781354051106e+00 1.537419994981639119e-04
1.594666666666666677e+00 1.321378037974549184e-04
1.596440489432703114e+00 9.640673723820812906e-05
1.598218262806236245e+00 1.154159929875293525e-04
1.599999999999999867e+00 8.397130933728885651e-05
