1.080000000000000071e+00 3.950334827505596001e-06
1.080977110286799991e+00 4.715100300558711189e-06
1.081955990220049069e+00 3.936472460152953958e-05
1.082936644611619537e+00 9.046632906475155986e-05
1.083919078290846327e+00 1.147948236952818621e-04
1.084903296104603676e+00 8.768125994135712485e-05
1.085889302917385946e+00 3.450744993779871601e-05
1.086877103611388895e+00 9.439762111255458479e-06
1.087866703086588283e+00 3.870105861545058154e-05
1.088858106260822023e+00 8.997833610837233337e-05
1.089851318069871233e+00 1.063444592553476560e-04
1.090846343467543278e+00 7.210723706311556326e-05
1.091843187425751704e+00 3.749668754261664547e-05
1.092841854934601731e+00 6.905619248783441215e-05
1.093842351002471958e+00 1.740998543198281389e-04
1.094844680656098079e+00 2.811323724753077768e-04
1.095848848940658593e+00 3.027812844162022462e-04
1.096854860919856733e+00 2.202165424882359399e-04
1.097862721676008402e+00 1.029008955732055682e-04
1.098872436310126322e+00 4.332745618597578152e-05
1.099884009942005081e+00 7.315292290522859228e-05
1.100897447710310395e+00 1.429221755685623177e-04
1.101912754772664371e+00 1.787045224214413276e-04
1.102929936305732550e+00 1.521326759601267123e-04
1.103948997505312946e+00 9.567690052829541691e-05
1.104969943586423753e+00 5.967295805261976142e-05
1.105992779783393498e+00 6.559026897530913496e-05
1.107017511349948968e+00 1.013105624897964847e-04
1.108044143559306471e+00 1.489024356069232184e-04
1.109072681704260654e+00 2.024009588602500298e-04
1.110103131097277984e+00 2.565102677502904675e-04
1.111135497070585121e+00 2.905389195591946477e-04
1.112169784976263731e+00 2.784234040114485641e-04
1.113206000186341305e+00 2.187717366709378026e-04
1.114244148092884412e+00 1.475153714436074526e-04
1.115284234108093075e+00 1.116617011015869158e-04
1.116326263664393137e+00 1.279696101837620727e-04
1.117370242214533071e+00 1.700505212638287183e-04
1.118416175231676579e+00 1.968596175300330433e-04
1.119464068209500507e+00 1.905310868900238447e-04
1.120513926662290105e+00 1.644099670227636134e-04
1.121565756125034952e+00 1.391532982599213053e-04
1.122619562153528205e+00 1.201960435931622280e-04
1.123675350324461641e+00 1.026042851374113718e-04
1.124733126235526681e+00 9.164818205216473945e-05
1.125792895505512314e+00 1.074741747326541080e-04
1.126854663774403686e+00 1.639557009739492941e-04
1.127918436703483795e+00 2.466164766187532113e-04
1.128984219975432302e+00 3.183466609969399131e-04
1.130052019294429222e+00 3.495521697342991426e-04
1.131121840386253963e+00 3.407463745364468395e-04
1.132193688998389236e+00 3.147971226873456495e-04
1.133267570900123422e+00 2.908676769706764484e-04
1.134343491882654265e+00 2.702974482328509729e-04
1.135421457759194119e+00 2.463526680156777424e-04
1.136501474365071651e+00 2.201020872532562299e-04
1.137583547557840635e+00 2.004696031582305494e-04
1.138667683217382987e+00 1.904065284917230195e-04
1.139753887246017339e+00 1.804400720652055287e-04
1.140842165568604960e+00 1.606566704621626102e-04
1.141932524132657889e+00 1.366657623978778549e-04
1.143024968908447514e+00 1.281484571055848223e-04
1.144119505889112487e+00 1.496979150258521127e-04
1.145216141090769524e+00 1.958845366774199356e-04
1.146314880552624205e+00 2.474114447010905744e-04
1.147415730337078887e+00 2.894207141565556464e-04
1.148518696529847283e+00 3.193398778564308037e-04
1.149623785240065477e+00 3.370213723377794347e-04
1.150731002600404507e+00 3.337899122137048271e-04
1.151840354767184049e+00 2.981603197352794359e-04
1.152951847920486328e+00 2.329051253873768801e-04
1.154065488264271355e+00 1.610325268767928448e-04
1.155181282026491507e+00 1.100229451519914596e-04
1.156299235459208541e+00 9.020583294137626677e-05
1.157419354838709724e+00 9.092973907309845328e-05
1.158541646465625963e+00 9.710232951208929233e-05
1.159666116665049040e+00 1.050780919359881456e-04
1.160792771786651079e+00 1.199871623428839157e-04
1.161921618204803996e+00 1.414874728875614750e-04
1.163052662318699415e+00 1.592325874502810836e-04
1.164185910552470116e+00 1.651188401513635864e-04
1.165321369355310832e+00 1.658613988487878761e-04
1.166459045201601041e+00 1.778265472780015506e-04
1.167598944591029086e+00 2.087357188666059038e-04
1.168741074048713857e+00 2.483326363904491611e-04
1.169885440125330467e+00 2.793552363191228105e-04
1.171032049397236152e+00 2.948159731139824357e-04
1.172180908466594840e+00 3.003904824757580648e-04
1.173332023961504378e+00 3.008179324188698604e-04
1.174485402536125100e+00 2.901548353889950001e-04
1.175641050870805948e+00 2.599585878885492230e-04
1.176798975672215031e+00 2.146777680632580728e-04
1.177959183673469301e+00 1.727602025109572690e-04
1.179121681634264229e+00 1.501169865110254544e-04
1.180286476341005475e+00 1.460669579727594486e-04
1.181453574606941670e+00 1.493535020071184018e-04
1.182622983272295203e+00 1.558576970282303498e-04
1.183794709204398998e+00 1.743213088635863319e-04
1.184968759297828189e+00 2.125678072583076579e-04
1.186145140474535786e+00 2.634487578824620314e-04
1.187323859683990790e+00 3.110467821529418501e-04
1.188504923903312527e+00 3.505803229849709297e-04
1.189688340137409206e+00 3.956504393553656688e-04
1.190874115419117141e+00 4.616888303113785464e-04
1.192062256809338860e+00 5.461905537869022947e-04
1.193252771397183665e+00 6.321401835100355117e-04
1.194445666300110176e+00 7.110561747418751074e-04
1.195640948664064895e+00 7.947791560985028453e-04
1.196838625663628308e+00 8.983987555195882026e-04
1.198038704502155882e+00 1.015860145389080923e-03
1.199241192411923951e+00 1.123147091851104534e-03
1.200446096654275152e+00 1.210217840561712442e-03
1.201653424519762536e+00 1.303088656031354013e-03
1.202863183328299446e+00 1.445099076649381540e-03
1.204075380429305620e+00 1.656167803110299239e-03
1.205290023201856187e+00 1.918353909023507754e-03
1.206507119054831989e+00 2.204413551936809743e-03
1.207726675427069685e+00 2.510647081501220668e-03
1.208948699787514069e+00 2.848496907646762711e-03
1.210173199635369068e+00 3.204438235690791094e-03
1.211400182500253386e+00 3.525698258920463915e-03
1.212629655942352613e+00 3.763613661539486673e-03
1.213861627552575539e+00 3.932326097384981900e-03
1.215096104952710254e+00 4.111029638202867709e-03
1.216333095795581798e+00 4.377538651947473700e-03
1.217572607765209369e+00 4.742405181263245617e-03
1.218814648576966198e+00 5.155035353918942416e-03
1.220059225977739192e+00 5.568982699704638079e-03
1.221306347746090148e+00 5.984921069604805244e-03
1.222556021692417838e+00 6.423271415008180094e-03
1.223808255659121214e+00 6.872928926593775169e-03
1.225063057520762833e+00 7.296275757956442037e-03
1.226320435184235169e+00 7.696034147802164639e-03
1.227580396588924261e+00 8.159801505701183566e-03
1.228842949706880683e+00 8.813399859759856597e-03
1.230108102542983417e+00 9.724216490623200856e-03
1.231375863135113047e+00 1.086351229096715366e-02
1.232646239554317624e+00 1.216960141648943707e-02
1.233919239904988085e+00 1.362929427645037141e-02
1.235194872325028115e+00 1.527190980079504677e-02
1.236473144986029338e+00 1.708600726064647343e-02
1.237754066093442296e+00 1.898075041243123609e-02
1.239037643886757190e+00 2.087150600590516672e-02
1.240323886639676187e+00 2.281286296286547804e-02
1.241612802660293058e+00 2.502564953670064971e-02
1.242904400291272360e+00 2.777512850994826726e-02
1.244198687910028189e+00 3.122947120761830272e-02
1.245495673928906699e+00 3.544743871892400838e-02
1.246795366795366844e+00 4.048156530212071447e-02
1.248097774992165343e+00 4.644218147483109016e-02
1.249402907037540533e+00 5.343489005084973986e-02
1.250710771485397332e+00 6.147958586197033864e-02
1.252021376925495089e+00 7.057858135454748993e-02
1.253334731983635653e+00 8.091461615169855126e-02
1.254650845321852337e+00 9.294056732157300604e-02
1.255969725638599765e+00 1.071706550266607744e-01
1.257291381668946606e+00 1.237973486236164516e-01
1.258615822184767863e+00 1.424920180433643935e-01
1.259943055994938277e+00 1.626011222775437526e-01
1.261273091945529279e+00 1.835515211442798056e-01
1.262605938920004389e+00 2.050715360108578966e-01
1.263941605839416171e+00 2.270649049063493963e-01
1.265280101662607404e+00 2.493804065099777256e-01
1.266621435386409367e+00 2.718168044630454028e-01
1.267965616045845456e+00 2.943610620867759819e-01
1.269312652714331247e+00 3.172818247660303403e-01
1.270662554503881658e+00 3.407705474260117606e-01
1.272015330565314573e+00 3.643179276881715611e-01
1.273370990088457999e+00 3.863987379815911338e-01
1.274729542302357910e+00 4.048589096170662760e-01
1.276090996475488515e+00 4.178011880895280417e-01
1.277455361915962762e+00 4.243436971683158809e-01
1.278822647971743498e+00 4.247720457738756172e-01
1.280192864030858191e+00 4.201147207214213641e-01
1.281566019521613198e+00 4.115237627521681207e-01
1.282942123912810262e+00 3.997931902797082770e-01
1.284321186713963225e+00 3.851199590503699421e-01
1.285703217475519411e+00 3.671223964027525155e-01
1.287088225789077001e+00 3.451690551507870519e-01
1.288476221287609302e+00 3.189800678156657354e-01
1.289867213645687238e+00 2.891830011084849383e-01
1.291261212579704054e+00 2.573546467171913821e-01
1.292658227848101138e+00 2.253819225297614970e-01
1.294058269251597615e+00 1.945693579776692494e-01
1.295461346633416388e+00 1.652226596818626991e-01
1.296867469879517953e+00 1.370620812601075211e-01
1.298276648918830878e+00 1.100688451693161429e-01
1.299688893723485172e+00 8.497667888043515527e-02
1.301104214309049434e+00 6.298403598578715401e-02
1.302522620734765102e+00 4.500656781433835796e-02
1.303944123103786934e+00 3.116828105106618160e-02
1.305368731563421703e+00 2.091319190120765822e-02
1.306796456305370224e+00 1.350087603058731760e-02
1.308227307565969610e+00 8.371966327220968854e-03
1.309661295626438848e+00 5.137227762466319535e-03
1.311098430813124160e+00 3.377258058327204347e-03
1.312538723497747917e+00 2.566991638591552705e-03
1.313982184097657324e+00 2.205536869041308662e-03
1.315428823076076226e+00 1.975375851957311690e-03
1.316878650942356455e+00 1.759299388445820407e-03
1.318331678252234518e+00 1.537665588892018608e-03
1.319787915608085838e+00 1.304710463817895707e-03
1.321247373659183877e+00 1.067359048543657955e-03
1.322710063101959488e+00 8.643312051719598006e-04
1.324175994680261370e+00 7.376177159462643865e-04
1.325645179185620748e+00 6.830997975073181596e-04
1.327117627457514049e+00 6.516553893273318828e-04
1.328593350383631799e+00 6.051318365514878755e-04
1.330072358900144858e+00 5.547072147585684456e-04
1.331554663991975751e+00 5.331685304727339786e-04
1.333040276693071347e+00 5.428623701988880045e-04
1.334529208086674856e+00 5.515840864996732380e-04
1.336021469305602061e+00 5.392867643641513324e-04
1.337517071532519974e+00 5.275955825562128566e-04
1.339016026000224180e+00 5.497000616458938733e-04
1.340518343991921935e+00 6.029481957452999209e-04
1.342024036841514389e+00 6.515066254016287518e-04
1.343533115933880584e+00 6.766605380523153107e-04
1.345045592705166992e+00 7.047580102786312351e-04
1.346561478643074405e+00 7.722881630161783448e-04
1.348080785287148808e+00 8.748383821614378730e-04
1.349603524229074925e+00 9.709447400527199037e-04
1.351129707112970646e+00 1.037314159026829150e-03
1.352659345635684351e+00 1.099628620167482319e-03
1.354192451547092668e+00 1.194424438151111883e-03
1.355729036650402675e+00 1.312909733748609956e-03
1.357269112802453659e+00 1.406360755892934562e-03
1.358812691914022430e+00 1.450999433952779652e-03
1.360359785950130851e+00 1.485792037925378868e-03
1.361910406930354478e+00 1.567205710671967138e-03
1.363464566929133870e+00 1.695782947805759503e-03
1.365022278076088114e+00 1.812619769718131152e-03
1.366583552556330794e+00 1.875545587158063653e-03
1.368148402610786407e+00 1.917249166822525188e-03
1.369716840536512770e+00 2.005856528404282007e-03
1.371288878687019430e+00 2.155047430849266199e-03
1.372864529472595629e+00 2.300876600478820623e-03
1.374443805360635151e+00 2.379100151698039858e-03
1.376026718875964505e+00 2.404673925367326135e-03
1.377613282601175992e+00 2.448901785637908318e-03
1.379203509176959441e+00 2.542772502329902935e-03
1.380797411302438382e+00 2.634609204591742415e-03
1.382395001735508444e+00 2.661394725914843946e-03
1.383996293293177304e+00 2.641442276770004840e-03
1.385601298851907748e+00 2.661928664510012591e-03
1.387210031347962502e+00 2.769882699565255971e-03
1.388822503777751960e+00 2.906478683219354889e-03
1.390438729198184342e+00 2.975563242482871969e-03
1.392058720727018528e+00 2.964141138068968583e-03
1.393682491543217106e+00 2.959341555785200729e-03
1.395310054887305862e+00 3.035096437979778027e-03
1.396941424061732606e+00 3.151467907041017192e-03
1.398576612431230215e+00 3.198581018784829415e-03
1.400215633423180339e+00 3.133156146051961546e-03
1.401858500527983109e+00 3.033822405138948252e-03
1.403505227299424396e+00 3.002757095340469456e-03
1.405155827355051068e+00 3.039062771710389528e-03
1.406810314376545579e+00 3.047398784908022466e-03
1.408468702110102555e+00 2.970558405097975443e-03
1.410131004366812046e+00 2.871659014636611298e-03
1.411797235023041441e+00 2.854790124714299930e-03
1.413467408020820937e+00 2.924507021224609111e-03
1.415141537368233893e+00 2.969461512631567900e-03
1.416819637139807853e+00 2.898154717146791612e-03
1.418501721476908450e+00 2.755260912256258642e-03
1.420187804588137537e+00 2.666275837379047248e-03
1.421877900749732415e+00 2.677446694475264614e-03
1.423572024305969297e+00 2.695778677209409880e-03
1.425270189669569199e+00 2.608550582048327349e-03
1.426972411322106726e+00 2.430701090232633820e-03
1.428678703814420636e+00 2.290054215466655937e-03
1.430389081767029724e+00 2.267641818125637476e-03
1.432103559870550047e+00 2.297739796901617209e-03
1.433822152886115475e+00 2.256280912868324166e-03
1.435544875645800911e+00 2.122942687450010604e-03
1.437271743053049278e+00 2.006114088053437619e-03
1.439002770083102289e+00 1.997507103428177843e-03
1.440737971783431881e+00 2.045740680135751857e-03
1.442477363274176083e+00 2.016010382757682257e-03
1.444220959748579780e+00 1.862024192412721924e-03
1.445968776473435913e+00 1.688215991076084336e-03
1.447720828789531122e+00 1.619145405798779781e-03
1.449477132112094946e+00 1.641845342735346030e-03
1.451237701931252122e+00 1.623774325176428890e-03
1.453002553812477116e+00 1.484172035974659848e-03
1.454771703397053528e+00 1.299017142501602716e-03
1.456545166402535507e+00 1.204758596450186117e-03
1.458322958623214927e+00 1.224551908123502984e-03
1.460105095930588126e+00 1.239758629007959526e-03
1.461891594273828421e+00 1.141977473462149227e-03
1.463682469680264608e+00 9.694527389605172218e-04
1.465477738255856588e+00 8.540646605193814595e-04
1.467277416185680750e+00 8.500109980352395234e-04
1.469081519734415364e+00 8.655851151288080584e-04
1.470890065246829970e+00 7.835356964222851004e-04
1.472703069148280752e+00 6.124062359198969175e-04
1.474520547945205484e+00 4.748049671797723633e-04
1.476342518225627121e+00 4.512457013915198629e-04
1.478168996659656065e+00 4.817590406649861420e-04
1.479999999999999982e+00 4.477110237872729834e-04
