1.159999999999999698e+00 4.652015638911388679e-05
1.160995622693330898e+00 3.853023101977717980e-05
1.161992955931620886e+00 3.222022122633815162e-05
1.162992004126902179e+00 2.790625723478264535e-05
1.163992771706393370e+00 2.452071543929969414e-05
1.164995263112565516e+00 2.059531826938866284e-05
1.165999482803206533e+00 1.544075250688529334e-05
1.167005435251488032e+00 9.678376552913527594e-06
1.168013124946032377e+00 4.869400363667860982e-06
1.169022556390977297e+00 2.628138771324328084e-06
1.170033734106046053e+00 3.817447502752310754e-06
1.171046662626612278e+00 8.178120307603201563e-06
1.172061346503769030e+00 1.439253175074402530e-05
1.173077790304396739e+00 2.045700133700005765e-05
1.174095998611231595e+00 2.432500595326598182e-05
1.175115976022934605e+00 2.479695254780663440e-05
1.176137727154160206e+00 2.238155262857050023e-05
1.177161256635627762e+00 1.953057889423219346e-05
1.178186569114188398e+00 1.969975151085477940e-05
1.179213669252898500e+00 2.535152482053218160e-05
1.180242561731087880e+00 3.595278266367446800e-05
1.181273251244432609e+00 4.745729500138474652e-05
1.182305742505025847e+00 5.411040956568098675e-05
1.183340040241448676e+00 5.187977950864794023e-05
1.184376149198844264e+00 4.142975962399482231e-05
1.185414074138988694e+00 2.846655646769767739e-05
1.186453819840364687e+00 2.081254711730013757e-05
1.187495391098235320e+00 2.381374734407204456e-05
1.188538792724716409e+00 3.704351468561367888e-05
1.189584029548852229e+00 5.461677320269854325e-05
1.190631106416688567e+00 6.905647140608271880e-05
1.191680028191348439e+00 7.616333040525770110e-05
1.192730799753108029e+00 7.754359316795346197e-05
1.193783425999470404e+00 7.901495831008209915e-05
1.194837911845243239e+00 8.600126824287480378e-05
1.195894262222615190e+00 9.919873375810010503e-05
1.196952482081231839e+00 1.136736835881289268e-04
1.198012576388273631e+00 1.221827380748084953e-04
1.199074550128534700e+00 1.205433774109208216e-04
1.200138408304498139e+00 1.113943985380453771e-04
1.201204155936417717e+00 1.036855477128495695e-04
1.202271798062394481e+00 1.080048108418026683e-04
1.203341339738457139e+00 1.305092338612063945e-04
1.204412786038642880e+00 1.690704877075093664e-04
1.205486142055075316e+00 2.138729774872223373e-04
1.206561412898046415e+00 2.521247870580611947e-04
1.207638603696098434e+00 2.743674554892163017e-04
1.208717719596103857e+00 2.792195906909215614e-04
1.209798765763348438e+00 2.743389393148917658e-04
1.210881747381612916e+00 2.731991671598750916e-04
1.211966669653256723e+00 2.890423999689189214e-04
1.213053537799300363e+00 3.284919157528368248e-04
1.214142357059509791e+00 3.875566607188874260e-04
1.215233132692480345e+00 4.520599150862325273e-04
1.216325869975721563e+00 5.029161428778612967e-04
1.217420574205741790e+00 5.245177068730424736e-04
1.218517250698135213e+00 5.126357955760099108e-04
1.219615904787665572e+00 4.778128830339524761e-04
1.220716541828354540e+00 4.419055777497477066e-04
1.221819167193568756e+00 4.287485644137781476e-04
1.222923786276105096e+00 4.531804998000597590e-04
1.224030404488281709e+00 5.139232762421074279e-04
1.225139027262023284e+00 5.940697280226596476e-04
1.226249660048952972e+00 6.690442072518563424e-04
1.227362308320478990e+00 7.180739793274449386e-04
1.228476977567886541e+00 7.336334228085333300e-04
1.229593673302427081e+00 7.247251677397581297e-04
1.230712401055408911e+00 7.131235125571146671e-04
1.231833166378289546e+00 7.247771122440903411e-04
1.232955974842767422e+00 7.799505890608798928e-04
1.234080832040872044e+00 8.853084572110590670e-04
1.235207743585060580e+00 1.030022552899768733e-03
1.236336715108308004e+00 1.187055462375191314e-03
1.237467752264202359e+00 1.320030779717561165e-03
1.238600860727039343e+00 1.394815542707519319e-03
1.239736046191916241e+00 1.392758443345543237e-03
1.240873314374827840e+00 1.320381915387585422e-03
1.242012671012762803e+00 1.210099680567986152e-03
1.243154121863799144e+00 1.109529651383580912e-03
1.244297672707202596e+00 1.062557681996969313e-03
1.245443329343522532e+00 1.090367299664073792e-03
1.246591097594691444e+00 1.181901183544689822e-03
1.247740983304123308e+00 1.299129277901403924e-03
1.248892992336810837e+00 1.394983907102422286e-03
1.250047130579428734e+00 1.435176451872759726e-03
1.251203403940430947e+00 1.413277500732786074e-03
1.252361818350152589e+00 1.352384655415506684e-03
1.253522379760911853e+00 1.293810501048032980e-03
1.254685094147110602e+00 1.279199230428921131e-03
1.255849967505338283e+00 1.334262672168718160e-03
1.257017005854474512e+00 1.459894503848082606e-03
1.258186215235791883e+00 1.632255111009031819e-03
1.259357601713061880e+00 1.810261730247690300e-03
1.260531171372658354e+00 1.947762412731640115e-03
1.261706930323663656e+00 2.007555047166939034e-03
1.262884884697973886e+00 1.973962861778410897e-03
1.264065040650406369e+00 1.859842431328631238e-03
1.265247404358806227e+00 1.704167567991507915e-03
1.266431982024155189e+00 1.559174072126953041e-03
1.267618779870677503e+00 1.471001146090238207e-03
1.268807804145952511e+00 1.462040355978251821e-03
1.269999061121021455e+00 1.523509828715022101e-03
1.271192557090498942e+00 1.622020809386854039e-03
1.272388298372683746e+00 1.716540087229849552e-03
1.273586291309669383e+00 1.776761785475954643e-03
1.274786542267458245e+00 1.793957022149431698e-03
1.275989057636071955e+00 1.780603883491355338e-03
1.277193843829666609e+00 1.761675172123042471e-03
1.278400907286645793e+00 1.763898382501863371e-03
1.279610254469775832e+00 1.807884425280989081e-03
1.280821891866300577e+00 1.903924691070221862e-03
1.282035825988057764e+00 2.049483087716998976e-03
1.283252063371596474e+00 2.227259884327467687e-03
1.284470610578292815e+00 2.405780458840854358e-03
1.285691474194468276e+00 2.545974487454704099e-03
1.286914660831509627e+00 2.614531687892064724e-03
1.288140177125987940e+00 2.599221714338669897e-03
1.289368029739776933e+00 2.517417423770793722e-03
1.290598225360175322e+00 2.410925185208414971e-03
1.291830770700028497e+00 2.327843345624445309e-03
1.293065672497849095e+00 2.300657628087768650e-03
1.294302937517940677e+00 2.332876661011612420e-03
1.295542572550521854e+00 2.401494874803203079e-03
1.296784584411849295e+00 2.472688800734985926e-03
1.298028979944343186e+00 2.520368711815217273e-03
1.299275766016712907e+00 2.536898299846246894e-03
1.300524949524084040e+00 2.532099882790552793e-03
1.301776537388124044e+00 2.524885145853115759e-03
1.303030536557171493e+00 2.535157000240978800e-03
1.304286954006363741e+00 2.580196449276240655e-03
1.305545796737766606e+00 2.673582138759249185e-03
1.306807071780504037e+00 2.821943574043817189e-03
1.308070786190890678e+00 3.018270071550428323e-03
1.309336947052560207e+00 3.236806469857207887e-03
1.310605561476601011e+00 3.437211465597537433e-03
1.311876636601687629e+00 3.580769848174647843e-03
1.313150179594214206e+00 3.651871670179483199e-03
1.314426197648430605e+00 3.671523135518749321e-03
1.315704697986577187e+00 3.692711524153791114e-03
1.316985687859020482e+00 3.779054011718356761e-03
1.318269174544391076e+00 3.979955500611320925e-03
1.319555165349721948e+00 4.318084842246691472e-03
1.320843667610585026e+00 4.795797829543872043e-03
1.322134688691232629e+00 5.413180261768526201e-03
1.323428235984737134e+00 6.182923246561847219e-03
1.324724316913132860e+00 7.132455002917389639e-03
1.326022938927555961e+00 8.297039551657366466e-03
1.327324109508389638e+00 9.716813262680918176e-03
1.328627836165405807e+00 1.144660024112004876e-02
1.329934126437911646e+00 1.357209770615125204e-02
1.331242987894892149e+00 1.621309706771158557e-02
1.332554428135159119e+00 1.949780366200545151e-02
1.333868454787496161e+00 2.351377067402045037e-02
1.335185075510808339e+00 2.826593122327350494e-02
1.336504297994269397e+00 3.367914115938317604e-02
1.337826129957472077e+00 3.966045838175968896e-02
1.339150579150579112e+00 4.619557206356669082e-02
1.340477653354473997e+00 5.342214279580095870e-02
1.341807360380914638e+00 6.162618068606397909e-02
1.343139708072683902e+00 7.114948398865134083e-02
1.344474704303747048e+00 8.225194479243858048e-02
1.345812356979404933e+00 9.500441495595425556e-02
1.347152674036450337e+00 1.092713828938942505e-01
1.348495663443325610e+00 1.247858877013105494e-01
1.349841333200279436e+00 1.412589527019847691e-01
1.351189691339526489e+00 1.584438359504748428e-01
1.352540745925407517e+00 1.761081907946574487e-01
1.353894505054549002e+00 1.939337737865791667e-01
1.355250976856026579e+00 2.114185050445523961e-01
1.356610169491525353e+00 2.278611960589389251e-01
1.357972091155506433e+00 2.424602882618701882e-01
1.359336750075369249e+00 2.544865681459655971e-01
1.360704154511618524e+00 2.634429183842428301e-01
1.362074312758030370e+00 2.691315223004001611e-01
1.363447233141820369e+00 2.716039506027889683e-01
1.364822924023811668e+00 2.710353308759114177e-01
1.366201393798606167e+00 2.675992886877037735e-01
1.367582650894752616e+00 2.614074219035786850e-01
1.368966703774921356e+00 2.525299733440782290e-01
1.370353560936075521e+00 2.410666912479840496e-01
1.371743230909644007e+00 2.272171590059707535e-01
1.373135722261699332e+00 2.113138648923692797e-01
1.374531043593130830e+00 1.938120978362409541e-01
1.375929203539822954e+00 1.752544901325650273e-01
1.377330210772833796e+00 1.562314620408125077e-01
1.378734073998573173e+00 1.373463687793110843e-01
1.380140801958983587e+00 1.191807733744678355e-01
1.381550403431722973e+00 1.022529425025860694e-01
1.382962887230344551e+00 8.697160548383432721e-02
1.384378262204482679e+00 7.359762278650905376e-02
1.385796537240036930e+00 6.222844218094558677e-02
1.387217721259358161e+00 5.281188474413861522e-02
1.388641823221435034e+00 4.518328301794817536e-02
1.390068852122084087e+00 3.911200418825956648e-02
1.391498816994136245e+00 3.434388837817876905e-02
1.392931726907630452e+00 3.063229740159520778e-02
1.394367590970003290e+00 2.775656067515298517e-02
1.395806418326281939e+00 2.552936102147252903e-02
1.397248218159280908e+00 2.379517089267538243e-02
1.398692999689794103e+00 2.242305839955579042e-02
1.400140772176793114e+00 2.129952095675210696e-02
1.401591544917625054e+00 2.032766304091480208e-02
1.403045327248210850e+00 1.943509106506958323e-02
1.404502128543245520e+00 1.858538885939246474e-02
1.405961958216401797e+00 1.778247321521934932e-02
1.407424825720528627e+00 1.705922096411419120e-02
1.408890740547859455e+00 1.645182793274006100e-02
1.410359712230215612e+00 1.597271636620411703e-02
1.411831750339212821e+00 1.559832031618918306e-02
1.413306864486469472e+00 1.527968308566503113e-02
1.414785064323815345e+00 1.496863174087429554e-02
1.416266359543503439e+00 1.464145537738070595e-02
1.417750759878419586e+00 1.430404530005455546e-02
1.419238275102297830e+00 1.397626852132008608e-02
1.420728915029933814e+00 1.366862265684779670e-02
1.422222689517400829e+00 1.336931904883574551e-02
1.423719608462266972e+00 1.305111057900679682e-02
1.425219681803814087e+00 1.269158174971891061e-02
1.426722919523256916e+00 1.229058279003434305e-02
1.428229331643965816e+00 1.187162168870337965e-02
1.429738928231687911e+00 1.146722260348814228e-02
1.431251719394772914e+00 1.110050074224091035e-02
1.432767715284397836e+00 1.077676127737088249e-02
1.434286926094793468e+00 1.048927100974306886e-02
1.435809362063475092e+00 1.023123773708076341e-02
1.437335033471469625e+00 1.000185168386462896e-02
1.438863950643548328e+00 9.801149589050230787e-03
1.440396123948461060e+00 9.619879351675058449e-03
1.441931563799168758e+00 9.436016266042091330e-03
1.443470280653078586e+00 9.223988843116554676e-03
1.445012285012284847e+00 8.970814163517590659e-03
1.446557587423805025e+00 8.685797203471493436e-03
1.448106198479820028e+00 8.394405769635827907e-03
1.449658128817918668e+00 8.119677062233373460e-03
1.451213389121338793e+00 7.865421968272145667e-03
1.452771990119213763e+00 7.614972882337744768e-03
1.454333942586818695e+00 7.347047583081785758e-03
1.455899257345818709e+00 7.056192132963341052e-03
1.457467945264518727e+00 6.760967582403708265e-03
1.459040017258116606e+00 6.492478989490719707e-03
1.460615484288953603e+00 6.271607687448748324e-03
1.462194357366771058e+00 6.092608281662762783e-03
1.463776647548966636e+00 5.925920723486776016e-03
1.465362365940851674e+00 5.737976159769990307e-03
1.466951523695911641e+00 5.512651509833816146e-03
1.468544132016067705e+00 5.258362160879504962e-03
1.470140202151939857e+00 4.996789339865933752e-03
1.471739745403111810e+00 4.743828712007097659e-03
1.473342773118396565e+00 4.498627650663196767e-03
1.474949296696107082e+00 4.248689053355838782e-03
1.476559327584324732e+00 3.985084231871128917e-03
1.478172877281171305e+00 3.713689098998879026e-03
1.479789957335083672e+00 3.452572844185395305e-03
1.481410579345088019e+00 3.218130332493399602e-03
1.483034754961078949e+00 3.012317435646632516e-03
1.484662495884096156e+00 2.822123426860819861e-03
1.486293813866607971e+00 2.631550581867223969e-03
1.487928720712792918e+00 2.435486906874056046e-03
1.489567228278823707e+00 2.243393431502503643e-03
1.491209348473156338e+00 2.069806600273510575e-03
1.492855093256814980e+00 1.920245169615138235e-03
1.494504474643685521e+00 1.785095556926548279e-03
1.496157504700807550e+00 1.647024502991912415e-03
1.497814195548665683e+00 1.495621895145329752e-03
1.499474559361489989e+00 1.336636568350600511e-03
1.501138608367550642e+00 1.187805176724277901e-03
1.502806354849461012e+00 1.064799672885973891e-03
1.504477811144477872e+00 9.692124864306567167e-04
1.506152989644805817e+00 8.885538067589739044e-04
1.507831902797904355e+00 8.077802002785870305e-04
1.509514563106796103e+00 7.220784101680614289e-04
1.511200983130376541e+00 6.399435478749571212e-04
1.512891175483726647e+00 5.744025407782428309e-04
1.514585152838427984e+00 5.306421361473853638e-04
1.516282927922878887e+00 5.011574399149032379e-04
1.517984513522612211e+00 4.724995418082390385e-04
1.519689922480620181e+00 4.372094511305612738e-04
1.521399167697671917e+00 3.999952409903318514e-04
1.523112262132642725e+00 3.726215274216720464e-04
1.524829218802840503e+00 3.623575708763776375e-04
1.526550050784335921e+00 3.647337899392036277e-04
1.528274771212292382e+00 3.673981761260211652e-04
1.530003393281303081e+00 3.616063117266816247e-04
1.531735930245725408e+00 3.506785333446706121e-04
1.533472395420020229e+00 3.473138611669708770e-04
1.535212802179094282e+00 3.618298195627969488e-04
1.536957163958641459e+00 3.919909987942746558e-04
1.538705494255488526e+00 4.240742757577346052e-04
1.540457806627946624e+00 4.447677508619646649e-04
1.542214114696157656e+00 4.533536109779681775e-04
1.543974432142449560e+00 4.627848305870244441e-04
1.545738772711690023e+00 4.879661141009545384e-04
1.547507150211646199e+00 5.313592846859392302e-04
1.549279578513343303e+00 5.791515346197972968e-04
1.551056071551427662e+00 6.122854763329855978e-04
1.552836643324532195e+00 6.231928970560550408e-04
1.554621307895644122e+00 6.232138350975473858e-04
1.556410079392474888e+00 6.332636964763983757e-04
1.558202972007833198e+00 6.652073375226584930e-04
1.560000000000000053e+00 7.104190437251611898e-04
