1.120000000000000107e+00 1.009765304895621194e-05
1.120986610288935870e+00 2.174915946708552375e-05
1.121974960324457982e+00 2.926616598582598588e-05
1.122965054712319333e+00 3.170966191401328947e-05
1.123956898074545130e+00 3.359007019675665999e-05
1.124950495049505061e+00 3.780431099291356987e-05
1.125945850291983907e+00 4.089044047739491815e-05
1.126942968473255480e+00 3.736544077958676551e-05
1.127941854281155898e+00 2.952456450074750124e-05
1.128942512420155975e+00 3.116348266067055879e-05
1.129944947611436712e+00 5.789738573187186356e-05
1.130949164592961464e+00 1.104932039428386647e-04
1.131955168119551880e+00 1.672847584008950830e-04
1.132962962962963172e+00 1.960497080198794935e-04
1.133972553911958725e+00 1.781740758092952481e-04
1.134983945772386926e+00 1.248327499400494458e-04
1.135997143367255990e+00 6.991022959655335777e-05
1.137012151536811899e+00 4.431060382035422542e-05
1.138028975138615895e+00 5.311426907461725587e-05
1.139047619047619087e+00 7.479297195221308830e-05
1.140068088156244608e+00 8.217550844265315163e-05
1.141090387374462223e+00 6.612199792515303411e-05
1.142114521629869150e+00 4.189865679439740392e-05
1.143140495867768669e+00 3.484648745021076807e-05
1.144168315051249829e+00 5.971702482428384794e-05
1.145197984161267168e+00 1.110128575314696891e-04
1.146229508196721314e+00 1.693120402960129130e-04
1.147262892174540250e+00 2.146121240419060982e-04
1.148298141129760142e+00 2.351106209897436668e-04
1.149335260115607271e+00 2.281351974398604105e-04
1.150374254203579971e+00 1.980367415090030024e-04
1.151415128483532779e+00 1.553600427519585521e-04
1.152457888063756597e+00 1.155573161199803224e-04
1.153502538071066175e+00 9.329694442438554790e-05
1.154549083650880270e+00 9.370823801693845228e-05
1.155597529967308246e+00 1.080665368454450701e-04
1.156647882203235778e+00 1.197198360252073248e-04
1.157700145560407679e+00 1.167061165409582026e-04
1.158754325259515605e+00 1.003218110803220497e-04
1.159810426540284434e+00 8.229636739270237392e-05
1.160868454661558191e+00 7.420895979878406169e-05
1.161928414901388207e+00 7.975133325563852813e-05
1.162990312557119488e+00 9.606525765565626011e-05
1.164054152945481313e+00 1.199341923347924278e-04
1.165119941402673609e+00 1.500177005425983880e-04
1.166187683284457544e+00 1.825421160969353709e-04
1.167257383966245010e+00 2.071820651172523930e-04
1.168329048843187667e+00 2.108422654783399797e-04
1.169402683330270198e+00 1.879622433188532255e-04
1.170478292862398906e+00 1.471735814192919793e-04
1.171555882894494527e+00 1.063015334913882840e-04
1.172635458901585048e+00 7.927558180221308494e-05
1.173717026378896966e+00 6.702414429045280982e-05
1.174800590841949877e+00 6.040205593770784373e-05
1.175886157826649736e+00 5.093887601087024704e-05
1.176973732889382340e+00 3.801999287257359607e-05
1.178063321607110137e+00 2.640236532374722487e-05
1.179154929577464817e+00 1.909146898930812024e-05
1.180248562418846570e+00 1.485489618719849084e-05
1.181344225770516454e+00 1.283865522429169167e-05
1.182441925292696538e+00 1.760256218910745353e-05
1.183541666666666936e+00 3.735484161038767190e-05
1.184643455594861505e+00 7.652222427649522647e-05
1.185747297800969102e+00 1.307020325721373530e-04
1.186853199030031725e+00 1.892355324799905745e-04
1.187961165048543544e+00 2.418414693397895440e-04
1.189071201644552378e+00 2.818877720451392244e-04
1.190183314627759170e+00 3.044953121270896953e-04
1.191297509829620127e+00 3.052103905726400801e-04
1.192413793103448416e+00 2.842571619444893933e-04
1.193532170324516972e+00 2.526975199141921801e-04
1.194652647390161526e+00 2.313467277812517986e-04
1.195775230219883634e+00 2.393674160258949272e-04
1.196899924755455258e+00 2.813611824796994742e-04
1.198026736961024463e+00 3.453588861793117177e-04
1.199155672823219110e+00 4.137769961833066119e-04
1.200286738351254545e+00 4.760213015836461058e-04
1.201419939577039298e+00 5.305121798897961122e-04
1.202555282555282767e+00 5.770668478938492012e-04
1.203692773363602031e+00 6.123505054326831235e-04
1.204832418102632197e+00 6.368093096269644834e-04
1.205974222896133652e+00 6.652443682766233379e-04
1.207118193891102420e+00 7.246935335986692600e-04
1.208264337257880960e+00 8.348752519273972428e-04
1.209412659190268302e+00 9.870383179519293029e-04
1.210563165905631733e+00 1.143067304652864782e-03
1.211715863645020042e+00 1.259033331312243596e-03
1.212870758673274985e+00 1.313534802008945032e-03
1.214027857279145195e+00 1.316846650262061633e-03
1.215187165775401201e+00 1.296950902142925523e-03
1.216348690498948670e+00 1.280735589277039567e-03
1.217512437810945425e+00 1.288668860591798103e-03
1.218678414096916462e+00 1.340667626498359515e-03
1.219846625766871195e+00 1.455464749976596297e-03
1.221017079255421356e+00 1.635016483003391393e-03
1.222189781021898014e+00 1.848685924296379103e-03
1.223364737550471038e+00 2.039907243344442778e-03
1.224541955350269662e+00 2.157961164999186530e-03
1.225721440955499952e+00 2.190007777607498249e-03
1.226903200925568926e+00 2.165337209603146289e-03
1.228087241845204014e+00 2.130480490641860607e-03
1.229273570324574960e+00 2.121585398258394196e-03
1.230462192999420168e+00 2.158396149115917456e-03
1.231653116531165493e+00 2.255506321144428328e-03
1.232846347607053028e+00 2.425803763235240881e-03
1.234041892940263896e+00 2.663652643939435054e-03
1.235239759270044813e+00 2.926557949031797796e-03
1.236439953361834654e+00 3.144801073138065069e-03
1.237642482007391687e+00 3.262017403564785624e-03
1.238847352024922355e+00 3.273743465450029179e-03
1.240054570259208955e+00 3.227810740862238105e-03
1.241264143581740198e+00 3.186946478898630784e-03
1.242476078890841773e+00 3.190903031953887161e-03
1.243690383111806241e+00 3.251355351573112680e-03
1.244907063197026043e+00 3.372596821521259280e-03
1.246126126126126277e+00 3.562026011635458910e-03
1.247347578906096821e+00 3.811438375887866298e-03
1.248571428571428665e+00 4.073206386966058377e-03
1.249797682184246694e+00 4.271184194734337948e-03
1.251026346834447800e+00 4.351107783719689731e-03
1.252257429639834774e+00 4.326815226320992677e-03
1.253490937746257305e+00 4.274507991373917293e-03
1.254726878327745876e+00 4.277412291007679293e-03
1.255965258586656086e+00 4.374103887198108227e-03
1.257206085753803881e+00 4.557607835120673113e-03
1.258449367088607884e+00 4.814794262665363263e-03
1.259695109879231945e+00 5.152045798997699662e-03
1.260943321442727028e+00 5.574464648514826370e-03
1.262194009125173766e+00 6.047492271613595129e-03
1.263447180301827011e+00 6.497983304185545386e-03
1.264702842377261049e+00 6.869588469160318490e-03
1.265961002785515266e+00 7.181006207952526053e-03
1.267221668990240913e+00 7.523824748549722344e-03
1.268484848484848548e+00 7.997778504899955704e-03
1.269750548792656364e+00 8.648062941195888351e-03
1.271018777467039618e+00 9.464445738489955101e-03
1.272289542091581849e+00 1.042938533235539950e-02
1.273562850280224534e+00 1.154689606949768979e-02
1.274838709677419413e+00 1.281299754180877278e-02
1.276117127958283470e+00 1.417003704107470605e-02
1.277398112828749488e+00 1.552198209699782137e-02
1.278681672025723692e+00 1.682624695182027147e-02
1.279967813317239855e+00 1.818399696591949111e-02
1.281256544502618056e+00 1.983500642408407566e-02
1.282547873412618555e+00 2.205193264787778246e-02
1.283841807909604560e+00 2.502782645201876918e-02
1.285138355887699424e+00 2.884807622754997913e-02
1.286437525272947857e+00 3.353652888518086905e-02
1.287739324023477128e+00 3.908556713518775844e-02
1.289043760129659821e+00 4.542066629131893962e-02
1.290350841614277044e+00 5.236571637466921891e-02
1.291660576532683846e+00 5.971823146019603068e-02
1.292972972972973089e+00 6.743615013249464052e-02
1.294288039056143313e+00 7.578137977440169148e-02
1.295605782936265937e+00 8.524283408387330063e-02
1.296926212800652234e+00 9.623317694456616500e-02
1.298249336870026749e+00 1.087674965341951377e-01
1.299575163398692945e+00 1.223718738461410105e-01
1.300903700674708841e+00 1.362851535862079355e-01
1.302234957020057315e+00 1.497868198338859480e-01
1.303568940790821529e+00 1.624287555730718202e-01
1.304905660377358556e+00 1.740956131572135024e-01
1.306245124204475472e+00 1.849776546080711681e-01
1.307587340731607206e+00 1.955276599560954176e-01
1.308932318452993515e+00 2.063315720316808433e-01
1.310280065897858393e+00 2.177753849245816220e-01
1.311630591630591924e+00 2.295734615891712460e-01
1.312983904250928813e+00 2.404847758296546345e-01
1.314340012394133783e+00 2.485697676455005667e-01
1.315698924731182995e+00 2.519978173582174685e-01
1.317060649968950559e+00 2.499469463303483907e-01
1.318425196850393943e+00 2.429740166405942314e-01
1.319792574154739828e+00 2.325775621960279593e-01
1.321162790697674394e+00 2.202728103019103156e-01
1.322535855331531840e+00 2.068483242589969628e-01
1.323911776945484675e+00 1.922837970562079335e-01
1.325290564465736454e+00 1.762603232257033969e-01
1.326672226855713399e+00 1.587649931743089216e-01
1.328056773116260025e+00 1.403151308190153379e-01
1.329444212285833871e+00 1.217187690366248187e-01
1.330834553440702894e+00 1.036672692189130607e-01
1.332227805695142653e+00 8.651794341067554905e-02
1.333623978201635030e+00 7.038601139088779268e-02
1.335023080151070074e+00 5.538866771217124119e-02
1.336425120772946951e+00 4.180236614398111922e-02
1.337830109335576223e+00 3.002206221119602461e-02
1.339238055146285022e+00 2.038921160869917870e-02
1.340648967551622439e+00 1.303260283584952405e-02
1.342062855937566024e+00 7.819054734090313472e-03
1.343479729729729844e+00 4.416817539347177128e-03
1.344899598393574536e+00 2.411948775214215433e-03
1.346322471434617141e+00 1.410140209707398846e-03
1.347748358398644486e+00 1.085384884932926418e-03
1.349177268871925683e+00 1.177579790156664920e-03
1.350609212481426624e+00 1.472483288181142920e-03
1.352044198895027804e+00 1.800353285483819073e-03
1.353482237821739931e+00 2.059713437817452340e-03
1.354923339011925076e+00 2.235542292673680514e-03
1.356367512257514507e+00 2.376620183894537046e-03
1.357814767392232280e+00 2.535677995072828025e-03
1.359265114291817955e+00 2.719465222367604702e-03
1.360718562874251747e+00 2.892601927007889574e-03
1.362175123099978791e+00 3.026094441601164062e-03
1.363634804972139181e+00 3.134638551712633399e-03
1.365097618536794899e+00 3.260691007363355608e-03
1.366563573883161631e+00 3.425013499944751585e-03
1.368032681143840135e+00 3.602915167901464804e-03
1.369504950495049833e+00 3.755423648061259959e-03
1.370980392156863070e+00 3.878617717426016600e-03
1.372459016393442699e+00 4.010543306562197596e-03
1.373940833513280335e+00 4.184176015440979612e-03
1.375425853869433945e+00 4.380632494030116918e-03
1.376914087859770763e+00 4.540295617948458644e-03
1.378405545927209763e+00 4.623458107369859092e-03
1.379900238559965464e+00 4.652811326625984692e-03
1.381398176291793511e+00 4.688794114737790050e-03
1.382899369702238923e+00 4.765715487329427041e-03
1.384403829416884335e+00 4.861803610287437384e-03
1.385911566107602244e+00 4.935777072542150805e-03
1.387422590492804364e+00 4.983550352890437143e-03
1.388936913337699419e+00 5.045370294141804206e-03
1.390454545454545610e+00 5.154515932636304261e-03
1.391975497702909959e+00 5.290918523732215072e-03
1.393499780989925885e+00 5.398734962890557737e-03
1.395027406270554771e+00 5.449430931193537976e-03
1.396558384547849085e+00 5.474277241681963120e-03
1.398092726873214842e+00 5.524070884030432040e-03
1.399630444346678271e+00 5.601618958372652987e-03
1.401171548117154941e+00 5.648959621741152758e-03
1.402716049382716212e+00 5.609583668178471337e-03
1.404263959390863237e+00 5.496406969913879802e-03
1.405815289438798299e+00 5.385594092390619952e-03
1.407370050873700595e+00 5.340209798586403878e-03
1.408928255093002901e+00 5.349178398922367801e-03
1.410489913544668905e+00 5.349738237129997645e-03
1.412055037727474760e+00 5.304614300944434334e-03
1.413623639191290859e+00 5.242346466151457871e-03
1.415195729537366942e+00 5.214830594664644943e-03
1.416771320418615199e+00 5.225858467840540506e-03
1.418350423539902039e+00 5.219159032211988410e-03
1.419933050658335194e+00 5.142244176920139805e-03
1.421519213583556818e+00 5.009583512601228569e-03
1.423108924178036361e+00 4.887400972825999522e-03
1.424702194357366780e+00 4.815815540263318657e-03
1.426299036090562744e+00 4.760825423152606484e-03
1.427899461400359282e+00 4.655401518422758698e-03
1.429503482363513989e+00 4.483209420660499642e-03
1.431111111111111445e+00 4.305812346906578991e-03
1.432722359828867420e+00 4.198912713506788331e-03
1.434337240757439291e+00 4.170133848607861411e-03
1.435955766192733130e+00 4.153369465030440008e-03
1.437577948486218116e+00 4.085337915994566305e-03
1.439203800045238735e+00 3.974052084523406123e-03
1.440833333333333410e+00 3.880011497749688305e-03
1.442466560870550918e+00 3.835508892366733952e-03
1.444103495233772350e+00 3.800724836040084934e-03
1.445744149057032635e+00 3.709986936090677381e-03
1.447388535031847390e+00 3.552271752157818742e-03
1.449036665907538435e+00 3.388000161765836356e-03
1.450688554491564197e+00 3.280204028035138119e-03
1.452344213649851890e+00 3.221360150074074197e-03
1.454003656307129910e+00 3.143598638994022244e-03
1.455666895447266240e+00 3.001114409992421128e-03
1.457333944113605506e+00 2.827170343143659698e-03
1.459004815409310041e+00 2.697518130768287135e-03
1.460679522497704275e+00 2.642756899726573204e-03
1.462358078602620015e+00 2.612549519169077988e-03
1.464040497008743946e+00 2.533151783176323252e-03
1.465726791061967349e+00 2.389861643791333680e-03
1.467416974169741817e+00 2.238138460980895576e-03
1.469111059801431418e+00 2.133119747204502425e-03
1.470809061488673297e+00 2.063522759192581990e-03
1.472510992825735165e+00 1.968244695455058629e-03
1.474216867469879455e+00 1.813503798130512799e-03
1.475926699141730580e+00 1.636451987378801905e-03
1.477640501625638869e+00 1.503027594877785582e-03
1.479358288770053598e+00 1.431368831219306630e-03
1.481080074487895804e+00 1.372554368097478935e-03
1.482805872756933319e+00 1.270584979344895277e-03
1.484535697620158690e+00 1.128843259687475984e-03
1.486269563186171316e+00 1.004234938306649292e-03
1.488007483629560479e+00 9.380599775296506347e-04
1.489749473191290141e+00 9.074227448168897640e-04
1.491495546179090415e+00 8.539681375318903698e-04
1.493245716967847914e+00 7.531082678045468220e-04
1.495000000000000107e+00 6.403614777477916213e-04
1.496758409785932775e+00 5.658182170197410951e-04
1.498520960904380805e+00 5.344057410949213825e-04
1.500287668002829644e+00 5.036742797724882330e-04
1.502058545797922973e+00 4.384290485107201259e-04
1.503833609075868827e+00 3.533410687026876536e-04
1.505612872692853932e+00 2.926798442791679611e-04
1.507396351575456261e+00 2.749875487468942531e-04
1.509184060721062703e+00 2.717654032585087634e-04
1.510976015198290279e+00 2.444644881490560173e-04
1.512772230147408692e+00 1.916322726009104973e-04
1.514572720780766657e+00 1.479180307036889698e-04
1.516377502383222220e+00 1.386855397686576855e-04
1.518186590312574857e+00 1.486810650021855003e-04
1.520000000000000240e+00 1.430425633049106822e-04
