1.279999999999999805e+00 5.530364961165812158e-04
1.281020082881734190e+00 6.298768183329222841e-04
1.282041792949433656e+00 6.822585388698669540e-04
1.283065134099616866e+00 6.778686936896448790e-04
1.284090110241252303e+00 6.166732344408856325e-04
1.285116725295810669e+00 5.364711490144004899e-04
1.286144983197311520e+00 4.904187363900673656e-04
1.287174887892376773e+00 5.123710831913643512e-04
1.288206443340278673e+00 5.961616738902414609e-04
1.289239653512993300e+00 7.034951608912772426e-04
1.290274522395247869e+00 7.920870447172289643e-04
1.291311053984575574e+00 8.408447735784170237e-04
1.292349252291365103e+00 8.541487501312770760e-04
1.293389121338912151e+00 8.466781532654455962e-04
1.294430665163472272e+00 8.260184120785459602e-04
1.295473887814313496e+00 7.892040446765050642e-04
1.296518793353766519e+00 7.339609320604096199e-04
1.297565385857281317e+00 6.708545901283257881e-04
1.298613669413475558e+00 6.221908293824158316e-04
1.299663648124191440e+00 6.069356064851181643e-04
1.300715326104547653e+00 6.249791787676954244e-04
1.301768707482993337e+00 6.554964918930117693e-04
1.302823796401361367e+00 6.717684056415364159e-04
1.303880597014925202e+00 6.602323669679606476e-04
1.304939113492449954e+00 6.280795958130094185e-04
1.305999350016249450e+00 5.942275204038376590e-04
1.307061310782240859e+00 5.730156366958340372e-04
1.308124999999999982e+00 5.652946041770547797e-04
1.309190421892816314e+00 5.634203511005245451e-04
1.310257580697750113e+00 5.632370008957396064e-04
1.311326480665687910e+00 5.701029583519882189e-04
1.312397126061397579e+00 5.926502945343441924e-04
1.313469521163588727e+00 6.305134192184687217e-04
1.314543670264965769e+00 6.686166270220693809e-04
1.315619577672286766e+00 6.847800291212754456e-04
1.316697247706422047e+00 6.649777194455241784e-04
1.317776684702410162e+00 6.132698744040608217e-04
1.318857893009517390e+00 5.480145912545550694e-04
1.319940876991295919e+00 4.880783182303363135e-04
1.321025641025641129e+00 4.411750604660290786e-04
1.322112189504852653e+00 4.036496217593264898e-04
1.323200526835693003e+00 3.700266949586417651e-04
1.324290657439446184e+00 3.419512301931509511e-04
1.325382585751978981e+00 3.276749338403122280e-04
1.326476316223799357e+00 3.330675649320817880e-04
1.327571853320119066e+00 3.535889116609415659e-04
1.328669201520912724e+00 3.756987274067123857e-04
1.329768365320979306e+00 3.869521368176600975e-04
1.330869349230004994e+00 3.855605629162612538e-04
1.331972157772621790e+00 3.806364961500427685e-04
1.333076795488472355e+00 3.831635349813682914e-04
1.334183266932270850e+00 3.963816755362634418e-04
1.335291576673865999e+00 4.144714253614701369e-04
1.336401729298303920e+00 4.301164800984110317e-04
1.337513729405890972e+00 4.428816807686307075e-04
1.338627581612258366e+00 4.597721824423277944e-04
1.339743290548424559e+00 4.873424594789380082e-04
1.340860860860860759e+00 5.234044254391190384e-04
1.341980297211554651e+00 5.571287359892918055e-04
1.343101604278074790e+00 5.782422907762146003e-04
1.344224786753637657e+00 5.869027509833999639e-04
1.345349849347171167e+00 5.946823751736550782e-04
1.346476796783380836e+00 6.153114832062675380e-04
1.347605633802816838e+00 6.536487185363127521e-04
1.348736365161939954e+00 7.032060486851717277e-04
1.349868995633187962e+00 7.544218998669794535e-04
1.351003530005042697e+00 8.054280472927381534e-04
1.352139973082099766e+00 8.644691703475940832e-04
1.353278329685132064e+00 9.411975222068269965e-04
1.354418604651162816e+00 1.035210759538343194e-03
1.355560802833529976e+00 1.133549536140097567e-03
1.356704929101957946e+00 1.220758533147546033e-03
1.357850988342625520e+00 1.292957523056683430e-03
1.358998985458234943e+00 1.362870442995630163e-03
1.360148925368082518e+00 1.450669211314269168e-03
1.361300813008130106e+00 1.568683403702430179e-03
1.362454653331073295e+00 1.713954821369681860e-03
1.363610451306413340e+00 1.875260562562288975e-03
1.364768211920529772e+00 2.047239613754722135e-03
1.365927940176750566e+00 2.237092097003757878e-03
1.367089641095424524e+00 2.456239508158484294e-03
1.368253319713993887e+00 2.704339205209951077e-03
1.369418981087067611e+00 2.961742363463042930e-03
1.370586630286493968e+00 3.199881309928481656e-03
1.371756272401433829e+00 3.402535013081158487e-03
1.372927912538435491e+00 3.579801513231507717e-03
1.374101555821507947e+00 3.761953273576029190e-03
1.375277207392197276e+00 3.978029525549485988e-03
1.376454872409659025e+00 4.237878023140199436e-03
1.377634556050737258e+00 4.533114119337137808e-03
1.378816263510036055e+00 4.854574551982231145e-03
1.379999999999999893e+00 5.207904177672963326e-03
1.381185770750988251e+00 5.610408141330709177e-03
1.382373581011351771e+00 6.070639775778539568e-03
1.383563436047512418e+00 6.570424656633932180e-03
1.384755341144038532e+00 7.069249684055415282e-03
1.385949301603724759e+00 7.531517037630148723e-03
1.387145322747669995e+00 7.955247525738931916e-03
1.388343409915356652e+00 8.377143092576765787e-03
1.389543568464730150e+00 8.848234425813868501e-03
1.390745803772279077e+00 9.399993000862093967e-03
1.391950121233114013e+00 1.002929711025071086e-02
1.393156526261050354e+00 1.071348974052956440e-02
1.394365024288688470e+00 1.143912193844289632e-02
1.395575620767494307e+00 1.221546192070624079e-02
1.396788321167883096e+00 1.305880821592967332e-02
1.398003130979300623e+00 1.396284306500408280e-02
1.399220055710306498e+00 1.488623404698779205e-02
1.400439100888656530e+00 1.577512345865855412e-02
1.401660272061388213e+00 1.660598416119486720e-02
1.402883574794903332e+00 1.741291038821988005e-02
1.404109014675052336e+00 1.827376466980808883e-02
1.405336597307221602e+00 1.926413143545142176e-02
1.406566328316415815e+00 2.041615944578835384e-02
1.407798213347346117e+00 2.171502799929815250e-02
1.409032258064516041e+00 2.313193716124670174e-02
1.410268468152307664e+00 2.465971701665194832e-02
1.411506849315068424e+00 2.631598451382675258e-02
1.412747407277201717e+00 2.811120677285873504e-02
1.413990147783251494e+00 3.001527029385924611e-02
1.415235076597992636e+00 3.196135811887305944e-02
1.416482199506521100e+00 3.389297542689480996e-02
1.417731522314341186e+00 3.581774602039013849e-02
1.418983050847457461e+00 3.781981601991948883e-02
1.420236790952465356e+00 4.001498001663978538e-02
1.421492748496639535e+00 4.248214045167549718e-02
1.422750929368029826e+00 4.522682193598272921e-02
1.424011339475549365e+00 4.820543982016670809e-02
1.425273984749068967e+00 5.138545093963359928e-02
1.426538871139509945e+00 5.478461202653913537e-02
1.427806004618937585e+00 5.845264982399880904e-02
1.429075391180654409e+00 6.241400620436830804e-02
1.430347036839295427e+00 6.663041843496253502e-02
1.431620947630922736e+00 7.102793005957781791e-02
1.432897129613121878e+00 7.557413604561578901e-02
1.434175588865096440e+00 8.034020822985529775e-02
1.435456331487765747e+00 8.548725661103595552e-02
1.436739363603861230e+00 9.117776420684571559e-02
1.438024691358024798e+00 9.747838982174496236e-02
1.439312320916905641e+00 1.043314003290967129e-01
1.440602258469259489e+00 1.116157108735270354e-01
1.441894510226049642e+00 1.192424627293075801e-01
1.443189082420542446e+00 1.272015509068989136e-01
1.444485981308410993e+00 1.355214432396830981e-01
1.445785213167835925e+00 1.441854738884274789e-01
1.447086784299603801e+00 1.530908102144032945e-01
1.448390701027211902e+00 1.621003598171179283e-01
1.449696969696969706e+00 1.711522569630391510e-01
1.451005596678100584e+00 1.803323094257945347e-01
1.452316588362847716e+00 1.898377409231538637e-01
1.453629951166576451e+00 1.998498369224743498e-01
1.454945691527878227e+00 2.104123509963088112e-01
1.456263815908679149e+00 2.214107019552924160e-01
1.457584330794341687e+00 2.326633620041861916e-01
1.458907242693773698e+00 2.440419958391648048e-01
1.460232558139534786e+00 2.555144992604221343e-01
1.461560283687943329e+00 2.670759344917720823e-01
1.462890425919184612e+00 2.786348364310562986e-01
1.464222991437420296e+00 2.899653457523886368e-01
1.465557986870897222e+00 3.007788381081625273e-01
1.466895418872056878e+00 3.108602011796994247e-01
1.468235294117647083e+00 3.201496288832053061e-01
1.469577619308831684e+00 3.286905366030968834e-01
1.470922401171303129e+00 3.364773578940066234e-01
1.472269646455394820e+00 3.433270390980213138e-01
1.473619361936193695e+00 3.488857074405977143e-01
1.474971554413653907e+00 3.527748748765846543e-01
1.476326230712711407e+00 3.547690060028214631e-01
1.477683397683397626e+00 3.548729569649643478e-01
1.479043062200956937e+00 3.532520993910783225e-01
1.480405231165960789e+00 3.500865878657567487e-01
1.481769911504424941e+00 3.454732648688629282e-01
1.483137110167927597e+00 3.394430581283887638e-01
1.484506834133727304e+00 3.320517302930540704e-01
1.485879090404880865e+00 3.234368589405678951e-01
1.487253886010362569e+00 3.137711918285594481e-01
1.488631228005186102e+00 3.031468799477005649e-01
1.490011123470522669e+00 2.915007195840944032e-01
1.491393579513824452e+00 2.786664053767245464e-01
1.492778603268945181e+00 2.645333677145809137e-01
1.494166201896263368e+00 2.491947583635018282e-01
1.495556382582805988e+00 2.329657600459891509e-01
1.496949152542373040e+00 2.162527532410156716e-01
1.498344519015659904e+00 1.993725390986440249e-01
1.499742489270386336e+00 1.824599893620728608e-01
1.501143070601419716e+00 1.655298455058414331e-01
1.502546270330902933e+00 1.486346354736067799e-01
1.503952095808383405e+00 1.319872464146863156e-01
1.505360554410938523e+00 1.159506373909947596e-01
1.506771653543306888e+00 1.009059562820987938e-01
1.508185400638018425e+00 8.710282669407615197e-02
1.509601803155522060e+00 7.459989991204477033e-02
1.511020868584320276e+00 6.332441623409279519e-02
1.512442604441099236e+00 5.318759768056183918e-02
1.513867018270860676e+00 4.416205607386246984e-02
1.515294117647058902e+00 3.627413802709648916e-02
1.516723910171730694e+00 2.953970355971599279e-02
1.518156403475632743e+00 2.391072119014782740e-02
1.519591605218377994e+00 1.927640044352424767e-02
1.521029523088569313e+00 1.550680241856537689e-02
1.522470164803940262e+00 1.249225007156714619e-02
1.523913538111490329e+00 1.014532561331808053e-02
1.525359650787625920e+00 8.374095503002615057e-03
1.526808510638297811e+00 7.062633006101117460e-03
1.528260125499144362e+00 6.083705497127503241e-03
1.529714503235630074e+00 5.333426865148041367e-03
1.531171651743189033e+00 4.754882140535606795e-03
1.532631578947368567e+00 4.328698460198067768e-03
1.534094292803970250e+00 4.040711314602447174e-03
1.535559801299197558e+00 3.857916760459699414e-03
1.537028112449799311e+00 3.733907208775920882e-03
1.538499234303216223e+00 3.635039462800998111e-03
1.539973174937727451e+00 3.558626148469753048e-03
1.541449942462600475e+00 3.523547493569845288e-03
1.542929545018237647e+00 3.541949232757011113e-03
1.544411990776325849e+00 3.599786902851260986e-03
1.545897287939988374e+00 3.665213824108413086e-03
1.547385444743935468e+00 3.716181958861631846e-03
1.548876469454615767e+00 3.759545786566082220e-03
1.550370370370370621e+00 3.822232160438238709e-03
1.551867155821587074e+00 3.922541601991244055e-03
1.553366834170854194e+00 4.049408384157451510e-03
1.554869413813116941e+00 4.170041031383545267e-03
1.556374903175832713e+00 4.258874399793689640e-03
1.557883310719131886e+00 4.319930098771003132e-03
1.559394644935972130e+00 4.380911365979315783e-03
1.560908914352301391e+00 4.464804338103481145e-03
1.562426127527216213e+00 4.566815955805647413e-03
1.563946293053123160e+00 4.659549402066771179e-03
1.565469419555901798e+00 4.721795978002033510e-03
1.566995515695067231e+00 4.762795414110789285e-03
1.568524590163934418e+00 4.817370514970556288e-03
1.570056651689783145e+00 4.915145341233463465e-03
1.571591709034024342e+00 5.052593827634002319e-03
1.573129770992366394e+00 5.195019533764621417e-03
1.574670846394984114e+00 5.307601712983721874e-03
1.576214944106687721e+00 5.386721089551156118e-03
1.577762073027090706e+00 5.461843637001378808e-03
1.579312242090783913e+00 5.565833025588251201e-03
1.580865460267506073e+00 5.701783611445319921e-03
1.582421736562315440e+00 5.838313405157089658e-03
1.583981080015766540e+00 5.938454924226751683e-03
1.585543499704083592e+00 5.994935890586251294e-03
1.587109004739336360e+00 6.037764237586838376e-03
1.588677604269618460e+00 6.105880783825328589e-03
1.590249307479224328e+00 6.209186979236056177e-03
1.591824123588829520e+00 6.317480010940208258e-03
1.593402061855670127e+00 6.388184947959659431e-03
1.594983131573724844e+00 6.407873625053005576e-03
1.596567342073897500e+00 6.408391142819909805e-03
1.598154702724199572e+00 6.441204555556077557e-03
1.599745222929936483e+00 6.532678746015457838e-03
1.601338912133891235e+00 6.661612878902875741e-03
1.602935779816514028e+00 6.780297398227530178e-03
1.604535835496107010e+00 6.859683537312369177e-03
1.606139088729016784e+00 6.916123425235684921e-03
1.607745549109822036e+00 6.993927015203672999e-03
1.609355226271525829e+00 7.119675988159173199e-03
1.610968129885748779e+00 7.271767077027742852e-03
1.612584269662921566e+00 7.395431921084352073e-03
1.614203655352480560e+00 7.450953507120753987e-03
1.615826296743063883e+00 7.450585230468035301e-03
1.617452203662709032e+00 7.448703696129604576e-03
1.619081385979049381e+00 7.492680973575421496e-03
1.620713853599516030e+00 7.579206424111108870e-03
1.622349616471538303e+00 7.656988823195250669e-03
1.623988684582743813e+00 7.674383793572717855e-03
1.625631067961165188e+00 7.628405747523503595e-03
1.627276776675440573e+00 7.569362024311226261e-03
1.628925820835022353e+00 7.555994694266036926e-03
1.630578210590383437e+00 7.602300012250502032e-03
1.632233956133225083e+00 7.665751328451948961e-03
1.633893067696686296e+00 7.688621605281751453e-03
1.635555555555555651e+00 7.654237475421101292e-03
1.637221430026482238e+00 7.604965369951685594e-03
1.638890701468189048e+00 7.603520117863361329e-03
1.640563380281690353e+00 7.672295786487077704e-03
1.642239476910503093e+00 7.767362701058837596e-03
1.643919001840867145e+00 7.813109992773157458e-03
1.645601965601965810e+00 7.767602915055710211e-03
1.647288378766140982e+00 7.659240678450234679e-03
1.648978251949117846e+00 7.560429954621390204e-03
1.650671595810228043e+00 7.521562479138454473e-03
1.652368421052631930e+00 7.525688209031989630e-03
1.654068738423543961e+00 7.505970415292574464e-03
1.655772558714462495e+00 7.410271255834805122e-03
1.657479892761394513e+00 7.253052642706064868e-03
1.659190751445086764e+00 7.105566055213610385e-03
1.660905145691258689e+00 7.032039258207027285e-03
1.662623086470831568e+00 7.030278974371841939e-03
1.664344584800165894e+00 7.032413803703932778e-03
1.666069651741293844e+00 6.966777259824591048e-03
1.667798298402158208e+00 6.824979228318809286e-03
1.669530535936850857e+00 6.671933202207576755e-03
1.671266375545851668e+00 6.587942365298570316e-03
1.673005828476269663e+00 6.594565265200154520e-03
1.674748906022087924e+00 6.632173701413217326e-03
1.676495619524405623e+00 6.610981869016081466e-03
1.678245980371685375e+00 6.490224129228881235e-03
1.680000000000000160e+00 6.313530775026642179e-03
