1.040000000000000036e+00 1.366450045454792142e-05
1.040967082015993972e+00 7.880256591088404344e-06
1.041935964259121272e+00 2.900555067031034837e-06
1.042906651760760139e+00 4.101821598288691750e-06
1.043879149571055542e+00 4.201626204257716032e-06
1.044853462759006923e+00 9.597571427920629127e-07
1.045829596412555906e+00 1.046984216058967019e-05
1.046807555638675780e+00 4.424871428763018342e-05
1.047787345563459427e+00 8.320369587148590475e-05
1.048768971332209032e+00 9.416915363880225471e-05
1.049752438109527342e+00 6.905737384391684181e-05
1.050737751079406701e+00 3.184816628103693089e-05
1.051724915445321207e+00 7.906290576193574686e-06
1.052713936430317965e+00 7.468829051169424585e-07
1.053704819277108573e+00 2.000198090082713598e-06
1.054697569248162603e+00 1.215655753747265986e-05
1.055692191625801302e+00 4.091125331940784438e-05
1.056688691712289740e+00 8.740439782421404705e-05
1.057687074829931850e+00 1.283036677675710238e-04
1.058687346321165013e+00 1.344655730507194875e-04
1.059689511548655760e+00 1.010062827667578184e-04
1.060693575895394813e+00 5.347646204873433682e-05
1.061699544764795222e+00 2.031171639904020754e-05
1.062707423580785848e+00 7.259092206794909486e-06
1.063717217787913283e+00 4.909750420132637865e-06
1.064728932851436216e+00 1.015305385412241568e-05
1.065742574257425579e+00 2.619691507902649437e-05
1.066758147512864241e+00 4.748476652692330965e-05
1.067775658145745821e+00 6.159698121978910660e-05
1.068795111705174827e+00 6.812531470906248274e-05
1.069816513761467913e+00 8.412269268374649432e-05
1.070839869906256014e+00 1.268761433478417309e-04
1.071865185752585159e+00 1.956801688193854426e-04
1.072892466935019939e+00 2.686135764914714878e-04
1.073921719109746542e+00 3.124895939619901563e-04
1.074952947954676219e+00 3.025563049945810177e-04
1.075986159169550094e+00 2.432744412562391507e-04
1.077021358476043966e+00 1.683926148612829648e-04
1.078058551617873562e+00 1.136646350915607769e-04
1.079097744360902000e+00 9.213417370821488158e-05
1.080138942493245491e+00 9.907175896860149513e-05
1.081182151825381466e+00 1.286436035733060893e-04
1.082227378190255163e+00 1.723956063101183146e-04
1.083274627443390647e+00 2.105394200264853110e-04
1.084323905462998727e+00 2.243450611951191837e-04
1.085375218150087084e+00 2.182761688136771979e-04
1.086428571428571521e+00 2.170932101557505661e-04
1.087483971245385650e+00 2.408914433819579336e-04
1.088541423570595024e+00 2.932215571732377539e-04
1.089600934397508158e+00 3.690666362809269063e-04
1.090662509742790220e+00 4.563707496197690321e-04
1.091726155646576935e+00 5.271237884668719806e-04
1.092791878172588715e+00 5.456835076523523786e-04
1.093859683408247019e+00 4.988428540142571992e-04
1.094929577464788695e+00 4.113443064977257021e-04
1.096001566477383893e+00 3.246914050799143262e-04
1.097075656605252636e+00 2.660900264326533432e-04
1.098151854031783392e+00 2.414393902492907855e-04
1.099230164964650314e+00 2.467764997046964959e-04
1.100310595635934918e+00 2.730876445518642839e-04
1.101393152302243106e+00 3.032950830507330953e-04
1.102477841244829504e+00 3.185395564360424324e-04
1.103564668769715817e+00 3.131144101902869807e-04
1.104653641207814951e+00 2.986452011537007903e-04
1.105744764915053358e+00 2.922145542190712482e-04
1.106838046272493603e+00 3.055284060762604057e-04
1.107933491686460714e+00 3.456776504576509210e-04
1.109031107588666520e+00 4.163665389994794259e-04
1.110130900436334667e+00 5.100528286949048947e-04
1.111232876712328510e+00 6.023766250407703964e-04
1.112337042925278130e+00 6.626472969421191546e-04
1.113443405609707559e+00 6.724761853998490954e-04
1.114551971326164903e+00 6.339355004744035319e-04
1.115662746661351346e+00 5.635976107663801709e-04
1.116775738228251935e+00 4.828636687910428248e-04
1.117890952666267035e+00 4.104119901104677460e-04
1.119008396641343550e+00 3.559635927954724250e-04
1.120128076846107490e+00 3.179607931979422223e-04
1.121250000000000080e+00 2.881703537827066627e-04
1.122374172849408325e+00 2.585639974271034870e-04
1.123500602167804008e+00 2.248581768756370558e-04
1.124629294755876918e+00 1.884089073726660335e-04
1.125760257441673184e+00 1.577682072405631414e-04
1.126893497080732498e+00 1.452159167872371344e-04
1.128029020556227335e+00 1.588387183192075953e-04
1.129166834779100181e+00 1.996862290690598076e-04
1.130306946688206748e+00 2.658128371460953196e-04
1.131449363250454532e+00 3.525453790313041254e-04
1.132594091460946917e+00 4.465136776124235818e-04
1.133741138343123289e+00 5.259763282341971399e-04
1.134890510948904918e+00 5.719563283778037735e-04
1.136042216358839063e+00 5.773500862102994447e-04
1.137196261682242859e+00 5.463078368847998486e-04
1.138352654057351865e+00 4.912984838740338698e-04
1.139511400651465722e+00 4.309004449225922154e-04
1.140672508661096263e+00 3.819164865107424391e-04
1.141835985312117385e+00 3.499747587645659014e-04
1.143001837859914271e+00 3.317233188111500279e-04
1.144170073589533931e+00 3.249054291967785478e-04
1.145340699815837970e+00 3.297695175218938761e-04
1.146513723883654245e+00 3.432370513861426084e-04
1.147689153167930742e+00 3.613655295895475562e-04
1.148866995073891450e+00 3.871893137578331597e-04
1.150047257037189130e+00 4.277965835449395646e-04
1.151229946524064296e+00 4.848512121387899975e-04
1.152415071031500871e+00 5.553319905965742233e-04
1.153602638087386500e+00 6.373064411911376868e-04
1.154792655250670430e+00 7.247188586349146431e-04
1.155985130111523818e+00 7.999077360378372163e-04
1.157180070291502716e+00 8.420924863988479706e-04
1.158377483443708389e+00 8.417271409322407173e-04
1.159577377252952068e+00 8.000002564513089033e-04
1.160779759435918601e+00 7.213360410706113690e-04
1.161984637741332760e+00 6.164207797611281816e-04
1.163192019950124667e+00 5.057145711741902914e-04
1.164401913875597883e+00 4.083174314588678203e-04
1.165614327363598601e+00 3.310391174759457866e-04
1.166829268292683075e+00 2.749359245624206243e-04
1.168046744574290363e+00 2.443933990582548951e-04
1.169266764152914195e+00 2.421023241698616699e-04
1.170489335006273501e+00 2.639165225964030539e-04
1.171714465145488937e+00 3.060193419802645126e-04
1.172942162615255857e+00 3.685368434975981947e-04
1.174172435494021061e+00 4.471179828537348360e-04
1.175405291894161985e+00 5.310955345009794838e-04
1.176640739962161009e+00 6.133608032475517747e-04
1.177878787878787747e+00 6.911513109545463834e-04
1.179119443859279359e+00 7.565470598226591882e-04
1.180362716153521507e+00 7.995140507747513494e-04
1.181608613046231770e+00 8.203570112432266928e-04
1.182857142857142829e+00 8.273136447851915870e-04
1.184108313941188984e+00 8.275496374564135157e-04
1.185362134688691116e+00 8.359591404215715570e-04
1.186618613525545651e+00 8.854828425425496615e-04
1.187877758913412407e+00 1.012686804566103032e-03
1.189139579349904219e+00 1.242975071134696336e-03
1.190404083368779231e+00 1.603590031651218112e-03
1.191671279540132078e+00 2.132103084400478136e-03
1.192941176470588172e+00 2.852278124717735463e-03
1.194213782803498880e+00 3.760238905621502217e-03
1.195489107219136926e+00 4.850717909664697784e-03
1.196767158434894229e+00 6.133032267171397052e-03
1.198047945205479303e+00 7.612564914534188446e-03
1.199331476323119761e+00 9.300078181510925898e-03
1.200617760617760599e+00 1.125873106696704574e-02
1.201906806957268481e+00 1.359465723866434481e-02
1.203198624247635129e+00 1.638203330698182608e-02
1.204493221433182493e+00 1.965350816334002909e-02
1.205790607496768585e+00 2.347980000181130317e-02
1.207090791459995538e+00 2.798012108339332712e-02
1.208393782383419657e+00 3.322218332924690987e-02
1.209699589366760364e+00 3.919386158871442788e-02
1.211008221549113140e+00 4.591760164302223501e-02
1.212319688109161575e+00 5.353685534453654637e-02
1.213633998265394531e+00 6.231017435097972734e-02
1.214951161276318414e+00 7.265837514196719915e-02
1.216271186440677887e+00 8.521685653096595925e-02
1.217594083097672142e+00 1.006068985247120795e-01
1.218919860627177609e+00 1.189800321560197938e-01
1.220248528449967340e+00 1.398419532919468189e-01
1.221580096027935269e+00 1.623704529326492618e-01
1.222914572864321592e+00 1.858206707205491415e-01
1.224251968503937027e+00 2.096835256458054741e-01
1.225592292533391747e+00 2.337586387555617706e-01
1.226935554581324084e+00 2.582266850279721360e-01
1.228281764318630565e+00 2.834408456605415627e-01
1.229630931458699505e+00 3.094682066889059557e-01
1.230983065757642603e+00 3.359356563209160984e-01
1.232338177014530967e+00 3.623252188701867049e-01
1.233696275071633153e+00 3.880914174606116540e-01
1.235057369814651196e+00 4.122933569391926123e-01
1.236421471172961972e+00 4.333757817927634259e-01
1.237788589119858340e+00 4.496064938683940748e-01
1.239158733672791612e+00 4.597141641041497251e-01
1.240531914893617138e+00 4.631738829792184098e-01
1.241908142888839439e+00 4.602842951385018311e-01
1.243287427809862455e+00 4.521304955744471776e-01
1.244669779853235569e+00 4.399854077488811743e-01
1.246055209260908292e+00 4.242736849651472797e-01
1.247443726320481172e+00 4.043138726843589215e-01
1.248835341365461815e+00 3.794519472170502783e-01
1.250230064775519123e+00 3.503206719162244576e-01
1.251627906976744198e+00 3.187023825020978141e-01
1.253028878441907024e+00 2.863286731738801105e-01
1.254432989690721589e+00 2.540947400319145122e-01
1.255840251290105236e+00 2.222037716425781795e-01
1.257250673854447554e+00 1.906417727218636948e-01
1.258664268045873724e+00 1.595952537660263459e-01
1.260081044574516085e+00 1.298160279413267948e-01
1.261501014198783022e+00 1.026215807678674680e-01
1.262924187725631642e+00 7.925680473864887832e-02
1.264350576010842442e+00 6.017862935091718157e-02
1.265780189959294200e+00 4.505388006940957285e-02
1.267213040525243528e+00 3.331476933708113486e-02
1.268649138712601987e+00 2.449536823394246957e-02
1.270088495575221410e+00 1.815709345696621749e-02
1.271531122217173904e+00 1.382046738154594535e-02
1.272977029793040948e+00 1.103945921429913199e-02
1.274426229508196728e+00 9.395357013533174595e-03
1.275878732619101896e+00 8.429110115138039802e-03
1.277334550433592009e+00 7.723554599003170512e-03
1.278793694311171958e+00 7.052784293624478340e-03
1.280256175663311957e+00 6.366850877656839852e-03
1.281722005953744192e+00 5.675039111811023759e-03
1.283191196698762138e+00 5.018554325410252287e-03
1.284663759467523425e+00 4.476179662370522415e-03
1.286139705882352935e+00 4.085620692377612585e-03
1.287619047619047663e+00 3.792161494589921591e-03
1.289101796407185807e+00 3.529807754925860363e-03
1.290587964030435630e+00 3.293928843319577152e-03
1.292077562326869877e+00 3.090968030127633822e-03
1.293570603189276635e+00 2.891520114127626041e-03
1.295067098565479080e+00 2.678772491161027485e-03
1.296567060458651666e+00 2.474829499100859604e-03
1.298070500927643867e+00 2.285627501842031617e-03
1.299577432087299478e+00 2.086009205831559042e-03
1.301087866108786795e+00 1.879191636023662664e-03
1.302601815219920800e+00 1.703279528137971108e-03
1.304119291705498673e+00 1.567028809343180189e-03
1.305640307907627529e+00 1.442818755653117778e-03
1.307164876226062589e+00 1.323408985679673175e-03
1.308693009118541140e+00 1.223190916673671082e-03
1.310224719101123592e+00 1.131658317152565724e-03
1.311760018748535428e+00 1.026137400908720167e-03
1.313298920694509597e+00 9.172337792008725989e-04
1.314841437632135346e+00 8.283625532768269361e-04
1.316387582314205051e+00 7.513216650220422071e-04
1.317937367553567274e+00 6.687937928943654990e-04
1.319490806223479362e+00 5.920956256938264507e-04
1.321047911257965612e+00 5.355327717613714116e-04
1.322608695652174093e+00 4.869346950622553748e-04
1.324173172462739467e+00 4.372601416107858938e-04
1.325741354808147809e+00 4.015712536059971860e-04
1.327313255869101427e+00 3.851388764022471993e-04
1.328888888888888786e+00 3.698055534229761345e-04
1.330468267173758212e+00 3.506240688047592086e-04
1.332051404093289149e+00 3.428184389410221435e-04
1.333638313080771853e+00 3.455093320313349097e-04
1.335229007633587761e+00 3.436452719638892961e-04
1.336823501313589624e+00 3.436019609688719875e-04
1.338421807747489201e+00 3.614817522363276210e-04
1.340023940627244503e+00 3.877253874437389352e-04
1.341629913710450595e+00 4.072547830194386907e-04
1.343239740820734607e+00 4.330983145405253323e-04
1.344853435848149870e+00 4.784772271643478181e-04
1.346471012749578922e+00 5.270977563589885955e-04
1.348092485549132968e+00 5.690091339246354735e-04
1.349717868338558002e+00 6.241099230289247476e-04
1.351347175277643364e+00 6.963267783539744136e-04
1.352980420594633859e+00 7.556739648419334536e-04
1.354617618586640759e+00 7.943384346464620613e-04
1.356258783620063024e+00 8.414763706704581590e-04
1.357903930131004522e+00 9.018510079278439914e-04
1.359553072625698356e+00 9.478090566925773683e-04
1.361206225680933857e+00 9.842439046067051785e-04
1.362863403944484908e+00 1.044881572284331794e-03
1.364524622135543597e+00 1.120246133957343137e-03
1.366189895045155200e+00 1.172272839569487527e-03
1.367859237536656947e+00 1.213851922516537502e-03
1.369532664546122103e+00 1.284897045508684183e-03
1.371210191082802510e+00 1.367133170312466364e-03
1.372891832229580444e+00 1.416403896587125396e-03
1.374577603143418481e+00 1.449722902395455962e-03
1.376267519055814903e+00 1.503002396216360529e-03
1.377961595273264450e+00 1.546341663680718577e-03
1.379659847177717502e+00 1.543150256890787799e-03
1.381362290227048373e+00 1.537163640172297795e-03
1.383068939955522714e+00 1.576989673444729881e-03
1.384779811974270247e+00 1.622775996059602115e-03
1.386494921971761274e+00 1.629843251652374897e-03
1.388214285714285623e+00 1.640354431453941919e-03
1.389937919046436487e+00 1.689812404776841774e-03
1.391665837891596258e+00 1.722155442207312821e-03
1.393398058252427019e+00 1.699320149980174371e-03
1.395134596211365929e+00 1.682279001023927970e-03
1.396875467931120607e+00 1.705304519568548709e-03
1.398620689655172500e+00 1.697224753208630664e-03
1.400370277708281375e+00 1.621901110016864354e-03
1.402124248496994019e+00 1.556163032293582252e-03
1.403882618510158053e+00 1.539611886501547925e-03
1.405645404319437519e+00 1.501248897354164882e-03
1.407412622579834238e+00 1.416638573197306255e-03
1.409184290030211617e+00 1.368719516845797726e-03
1.410960423493824001e+00 1.376234991178577199e-03
1.412741039878848914e+00 1.342540424345234655e-03
1.414526156178923300e+00 1.243793538165021426e-03
1.416315789473684195e+00 1.176722966432804064e-03
1.418109956929313409e+00 1.160562638459382767e-03
1.419908675799086861e+00 1.095754720599539456e-03
1.421711963423926806e+00 9.704119268757782938e-04
1.423519837232960494e+00 8.919743445162262247e-04
1.425332314744079509e+00 8.699317765366182138e-04
1.427149413564507974e+00 7.929850910263342139e-04
1.428971151391370986e+00 6.582214641272799696e-04
1.430797546012269938e+00 5.864024137184382793e-04
1.432628615305861164e+00 5.792682158956462745e-04
1.434464377242439692e+00 5.083752423568647580e-04
1.436304849884526558e+00 3.708198645634015441e-04
1.438150051387461437e+00 2.986990504142763040e-04
1.439999999999999947e+00 2.917187721016624999e-04
