1.000000000000000000e+00 1.406483619491616409e-04
1.000956480153036843e+00 1.314456322405496539e-04
1.001914791766395307e+00 1.248847411474656301e-04
1.002874940105414669e+00 1.158944950865175032e-04
1.003836930455635379e+00 1.101700637454161152e-04
1.004800768122899646e+00 1.101915294788472708e-04
1.005766458433445365e+00 1.042753227695002009e-04
1.006734006734006703e+00 8.706002287887020874e-05
1.007703418391911576e+00 7.312938441665998697e-05
1.008674698795180902e+00 7.241200774378901922e-05
1.009647853352628966e+00 7.143890396768768085e-05
1.010622887493964228e+00 5.773034994622166334e-05
1.011599806669888579e+00 4.188859904336089186e-05
1.012578616352201477e+00 3.559314403494802728e-05
1.013559322033898313e+00 2.984622976565325900e-05
1.014541929229277883e+00 1.624897729246428161e-05
1.015526443474041640e+00 6.505789357024579912e-06
1.016512870325400719e+00 8.499596178311541486e-06
1.017501215362178080e+00 8.404748467986918666e-06
1.018491484184914864e+00 8.574556140277964198e-07
1.019483682415976755e+00 8.292499979100707814e-06
1.020477815699658564e+00 4.041275442954516073e-05
1.021473889702293691e+00 6.344910360035866076e-05
1.022471910112359605e+00 4.665880559621376735e-05
1.023471882640586861e+00 1.425206655569987220e-05
1.024473813020068569e+00 9.265911091497937828e-06
1.025477707006369421e+00 2.598120644878558838e-05
1.026483570377636045e+00 2.524255076842000009e-05
1.027491408934708028e+00 6.359376098951702456e-06
1.028501228501228493e+00 1.529227580117784716e-05
1.029513034923758008e+00 7.736577816655407756e-05
1.030526834071885833e+00 1.591401775101150301e-04
1.031542631838344048e+00 2.061055872461468852e-04
1.032560434139121908e+00 1.937728031527418912e-04
1.033580246913580414e+00 1.373484928790290403e-04
1.034602076124567560e+00 7.201736748337722279e-05
1.035625927758535125e+00 2.837834478544922306e-05
1.036651807825656135e+00 1.317980289572440166e-05
1.037679722359940548e+00 1.111568706804667176e-05
1.038709677419354716e+00 9.411296296750239221e-06
1.039741679085941284e+00 1.198473641184699806e-05
1.040775733465937103e+00 2.509857535189701443e-05
1.041811846689895349e+00 4.616932413947304572e-05
1.042850024912805207e+00 7.612869122783721639e-05
1.043890274314214439e+00 1.226505889007576940e-04
1.044932601098352398e+00 1.767652423912378652e-04
1.045977011494252817e+00 2.059705073575400221e-04
1.047023511755877712e+00 1.887190496604501840e-04
1.048072108162243499e+00 1.407040780709046266e-04
1.049122807017543790e+00 9.192555116678784025e-05
1.050175614651279288e+00 5.396673832181708008e-05
1.051230537418383015e+00 2.484700055898674001e-05
1.052287581699346442e+00 8.487502411808166004e-06
1.053346753900352484e+00 1.056702510721188309e-05
1.054408060453400520e+00 2.684538006304324682e-05
1.055471507816439836e+00 5.040059206869640287e-05
1.056537102473497969e+00 8.095570116678370536e-05
1.057604850934815710e+00 1.182628282537694434e-04
1.058674759736975224e+00 1.582338228927766257e-04
1.059746835443037938e+00 2.010903637597360517e-04
1.060821084642676215e+00 2.476785741869404894e-04
1.061897513952308580e+00 2.829016752531190526e-04
1.062976130015236276e+00 2.818014714880918222e-04
1.064056939501779375e+00 2.396338299091936954e-04
1.065139949109414896e+00 1.792538240532554148e-04
1.066225165562913801e+00 1.237532891152696676e-04
1.067312595614482440e+00 7.977254632170753979e-05
1.068402246043899995e+00 5.137872539163613041e-05
1.069494123658661255e+00 4.862257124470828430e-05
1.070588235294117840e+00 7.344523295284524525e-05
1.071684587813620082e+00 1.134137153108801015e-04
1.072783188108662467e+00 1.565538531174141725e-04
1.073884043099025076e+00 2.007578045120268241e-04
1.074987159732922581e+00 2.486953204357830543e-04
1.076092544987146571e+00 3.084861676951300403e-04
1.077200205867215654e+00 3.975085629475126375e-04
1.078310149407522012e+00 5.265327636578755622e-04
1.079422382671480385e+00 6.763399800538327702e-04
1.080536912751677958e+00 8.018095910843496587e-04
1.081653746770025792e+00 8.600999589107797931e-04
1.082772891877909816e+00 8.313789616305019203e-04
1.083894355256344033e+00 7.263320904868148702e-04
1.085018144116122407e+00 5.880216753547274234e-04
1.086144265697976286e+00 4.739658587002813653e-04
1.087272727272727169e+00 4.181365819158105643e-04
1.088403536141445471e+00 4.153416496435949476e-04
1.089536699635606398e+00 4.473938678000128157e-04
1.090672225117248706e+00 5.042606737097452994e-04
1.091810119979134130e+00 5.688097393432654109e-04
1.092950391644908592e+00 6.087816744427382819e-04
1.094093047569262733e+00 6.085626921327658059e-04
1.095238095238095122e+00 5.923976005849036818e-04
1.096385542168674787e+00 5.980882445957439245e-04
1.097535395909805978e+00 6.460040695547370143e-04
1.098687664041994694e+00 7.475827110911443000e-04
1.099842354177614334e+00 9.148221542275873294e-04
1.100999473961073116e+00 1.133337876689384819e-03
1.102159031068983719e+00 1.344138485703177260e-03
1.103321033210332036e+00 1.478049466423233746e-03
1.104485488126649040e+00 1.501215440340591435e-03
1.105652403592181532e+00 1.420807361726178584e-03
1.106821787414066671e+00 1.271197796012740484e-03
1.107993647432504059e+00 1.108835171968873025e-03
1.109167991520932706e+00 9.933778688295141247e-04
1.110344827586206895e+00 9.485439927118362790e-04
1.111524163568773149e+00 9.499120775642806496e-04
1.112706007442849421e+00 9.567736636081382307e-04
1.113890367216604727e+00 9.401613943552191745e-04
1.115077250932338782e+00 8.841125089158733590e-04
1.116266666666666518e+00 7.928630809696620612e-04
1.117458622530699497e+00 7.052952760757274803e-04
1.118653126670229758e+00 6.752598393877632830e-04
1.119850187265917674e+00 7.308391206292138122e-04
1.121049812533476242e+00 8.732467679255395037e-04
1.122252010723860494e+00 1.104772126310634220e-03
1.123456790123456894e+00 1.416157888379339846e-03
1.124664159054271861e+00 1.745338646308751667e-03
1.125874125874125831e+00 1.993531187608750359e-03
1.127086698976844437e+00 2.099284911633408392e-03
1.128301886792452802e+00 2.073682878305909208e-03
1.129519697787371824e+00 1.964349593212207437e-03
1.130740140464613575e+00 1.818120796366634422e-03
1.131963223363980475e+00 1.678389087688243134e-03
1.133188955062263137e+00 1.577845500496324318e-03
1.134417344173441755e+00 1.516298289067654053e-03
1.135648399348887727e+00 1.463767276215521091e-03
1.136882129277566600e+00 1.390685887275108648e-03
1.138118542686242574e+00 1.286009219286788881e-03
1.139357648339684337e+00 1.160361109703697026e-03
1.140599455040871790e+00 1.053142304088165422e-03
1.141843971631205434e+00 1.023613872181370135e-03
1.143091206990715536e+00 1.111621499744013452e-03
1.144341170038272404e+00 1.314656385097584014e-03
1.145593869731800885e+00 1.611452771656881385e-03
1.146849315068493302e+00 1.979527238102402401e-03
1.148107515085024621e+00 2.368761791468809805e-03
1.149368478857770492e+00 2.688534851383144342e-03
1.150632215503023525e+00 2.856268729005459646e-03
1.151898734177215111e+00 2.851563944767318299e-03
1.153168044077135024e+00 2.713355588321139395e-03
1.154440154440154354e+00 2.506762595052297420e-03
1.155715074544450660e+00 2.300730802320623096e-03
1.156992813709231349e+00 2.144583847336031454e-03
1.158273381294964155e+00 2.046138114478519409e-03
1.159556786703601183e+00 1.990404926761574905e-03
1.160843039378812946e+00 1.982551428805925161e-03
1.162132148806218845e+00 2.049927740534377308e-03
1.163424124513618763e+00 2.212048003875752029e-03
1.164718976071229761e+00 2.486584847875080492e-03
1.166016713091922341e+00 2.919847642543284359e-03
1.167317345231455583e+00 3.574449668952882180e-03
1.168620882188721399e+00 4.493436679362922646e-03
1.169927333705981010e+00 5.703674771925956039e-03
1.171236709569110079e+00 7.224300330511831784e-03
1.172549019607843190e+00 9.028414759151509247e-03
1.173864273696017868e+00 1.103386903539445470e-02
1.175182481751824826e+00 1.319500502966119808e-02
1.176503653738055100e+00 1.559102464307272722e-02
1.177827799662352071e+00 1.840949460605013910e-02
1.179154929577464817e+00 2.193517902413500906e-02
1.180485053581500354e+00 2.663543100790655149e-02
1.181818181818181879e+00 3.314837346213553304e-02
1.183154324477105668e+00 4.198883549568359352e-02
1.184493491794001097e+00 5.320528242410131614e-02
1.185835694050991318e+00 6.639132601953094681e-02
1.187180941576857718e+00 8.106788653226014441e-02
1.188529244747302593e+00 9.707524360595587432e-02
1.189880613985218938e+00 1.146875477280924899e-01
1.191235059760956227e+00 1.343886853698600947e-01
1.192592592592592649e+00 1.563722239724261442e-01
1.193953223046206435e+00 1.800385453920137768e-01
1.195316961736150763e+00 2.039609619583430677e-01
1.196683819325328857e+00 2.264968802128726477e-01
1.198053806525471998e+00 2.465634403929173046e-01
1.199426934097421293e+00 2.639013141428678821e-01
1.200803212851405677e+00 2.786686332012252021e-01
1.202182653647329236e+00 2.907717055434405617e-01
1.203565267395054761e+00 2.994546714121956166e-01
1.204951065054691961e+00 3.034694639497949042e-01
1.206340057636887675e+00 3.017528640170616394e-01
1.207732256203115861e+00 2.940533858529836841e-01
1.209127671865973586e+00 2.809374305372603353e-01
1.210526315789473895e+00 2.633347074314758007e-01
1.211928199189345579e+00 2.423268691717770651e-01
1.213333333333333375e+00 2.193353966578174552e-01
1.214741729541497506e+00 1.960588264996574459e-01
1.216153399186519657e+00 1.738392224072034253e-01
1.217568353694008287e+00 1.531251691355475508e-01
1.218986604542807273e+00 1.336972212589903064e-01
1.220408163265306323e+00 1.153231269971252138e-01
1.221833041447752732e+00 9.809961418085391682e-02
1.223261250730566907e+00 8.236237845260886703e-02
1.224692802808660108e+00 6.851034961645437182e-02
1.226127709431751533e+00 5.684978834875255987e-02
1.227565982404692280e+00 4.740526498472624056e-02
1.229007633587786197e+00 3.987625528042201828e-02
1.230452674897119181e+00 3.386991761643471516e-02
1.231901118304885134e+00 2.913414266926151255e-02
1.233352975839717036e+00 2.551200643052417907e-02
1.234808259587020451e+00 2.278845666127012407e-02
1.236266981689309041e+00 2.069977212265481509e-02
1.237729154346540295e+00 1.902129668637649387e-02
1.239194789816459252e+00 1.755994682699097906e-02
1.240663900414937793e+00 1.614657299305632954e-02
1.242136498516320575e+00 1.472859944081638880e-02
1.243612596553773209e+00 1.340025506674429566e-02
1.245092207019631303e+00 1.226236264932146700e-02
1.246575342465753522e+00 1.130679723504363424e-02
1.248062015503876188e+00 1.047810103416335105e-02
1.249552238805970106e+00 9.761285522571791148e-03
1.251046025104602499e+00 9.154926545607766294e-03
1.252543387193297386e+00 8.634321195122298884e-03
1.254044337926902397e+00 8.186439249837938748e-03
1.255548890221955594e+00 7.811610515691586737e-03
1.257057057057057170e+00 7.462534345846444199e-03
1.258568851473240935e+00 7.058080718644907901e-03
1.260084286574352674e+00 6.583864723861836826e-03
1.261603375527426074e+00 6.110328368814380885e-03
1.263126131563065746e+00 5.697646813753289366e-03
1.264652567975830699e+00 5.349691949578562651e-03
1.266182698124621808e+00 5.060862104422271350e-03
1.267716535433070835e+00 4.831517624155310352e-03
1.269254093389933225e+00 4.634097057119738843e-03
1.270795385549483791e+00 4.432866946779329131e-03
1.272340425531915065e+00 4.235643357590306197e-03
1.273889227023737192e+00 4.067295533413651208e-03
1.275441803778184058e+00 3.907104988772766574e-03
1.276998169615619183e+00 3.711774433356351821e-03
1.278558338423946061e+00 3.481541489661208605e-03
1.280122324159021163e+00 3.249515403164458978e-03
1.281690140845070491e+00 3.030548296744754299e-03
1.283261802575107247e+00 2.829264965810112612e-03
1.284837323511356599e+00 2.665835594421610971e-03
1.286416717885679128e+00 2.545160844741482797e-03
1.288000000000000256e+00 2.432273957496643157e-03
1.289587184226740790e+00 2.298438163433600290e-03
1.291178285009253468e+00 2.157371529909556281e-03
1.292773316862260824e+00 2.025851639216010372e-03
1.294372294372294174e+00 1.890675166360339431e-03
1.295975232198142590e+00 1.741915898295542681e-03
1.297582145071295878e+00 1.595331122082842713e-03
1.299193047796399769e+00 1.459608196848578929e-03
1.300807955251709336e+00 1.324343237054845983e-03
1.302426882389545737e+00 1.194552387375530074e-03
1.304049844236760292e+00 1.092493055049171755e-03
1.305676855895196553e+00 1.016634852116372239e-03
1.307307932542161266e+00 9.418473062152483586e-04
1.308943089430894657e+00 8.615998365845314692e-04
1.310582341891045832e+00 7.886218719076769010e-04
1.312225705329153724e+00 7.205195789440368937e-04
1.313873195229127377e+00 6.461306251738114506e-04
1.315524827152734222e+00 5.744932436349265001e-04
1.317180616740088350e+00 5.194466580004487377e-04
1.318840579710145011e+00 4.720574807738281485e-04
1.320504731861198655e+00 4.211239658318007397e-04
1.322173089071383423e+00 3.779619192452023731e-04
1.323845667299177631e+00 3.526147760990038654e-04
1.325522482583913808e+00 3.337096845287649562e-04
1.327203551046290286e+00 3.144831316698285277e-04
1.328888888888888786e+00 3.060378231259144313e-04
1.330578512396694002e+00 3.088050535909387024e-04
1.332272437937619403e+00 3.075577870932581065e-04
1.333970681963033700e+00 3.036911463583619295e-04
1.335673261008296198e+00 3.133204409189323486e-04
1.337380191693290810e+00 3.329555067258307965e-04
1.339091490722968736e+00 3.480916485043765267e-04
1.340807174887892250e+00 3.668269254860201780e-04
1.342527261064785149e+00 4.026108796647283436e-04
1.344251766217084088e+00 4.423511827987065175e-04
1.345980707395498355e+00 4.738486577685279257e-04
1.347714101738570314e+00 5.154943639674086425e-04
1.349451966473242948e+00 5.773289169557622958e-04
1.351194318915429404e+00 6.325716293357151179e-04
1.352941176470588314e+00 6.667094461438306764e-04
1.354692556634304212e+00 7.042605118475705767e-04
1.356448476992871077e+00 7.530848804454895202e-04
1.358208955223880743e+00 7.854133886751465347e-04
1.359974009096815983e+00 8.025176206315833309e-04
1.361743656473649811e+00 8.423935612748032018e-04
1.363517915309446327e+00 9.013440542621408910e-04
1.365296803652968016e+00 9.351977898357787282e-04
1.367080339647289700e+00 9.505216555392065380e-04
1.368868541530412042e+00 9.945196468387138000e-04
1.370661427635887275e+00 1.053168644837700323e-03
1.372459016393442699e+00 1.072190485878923025e-03
1.374261326329612620e+00 1.067618715472873001e-03
1.376068376068376065e+00 1.090771066641794441e-03
1.377880184331797375e+00 1.111398508647243018e-03
1.379696769940672585e+00 1.074307983041508261e-03
1.381518151815181561e+00 1.026923031193263799e-03
1.383344348975545257e+00 1.038537102424766986e-03
1.385175380542687185e+00 1.056861986941242575e-03
1.387011265738899990e+00 1.008314300336884007e-03
1.388852023888520471e+00 9.524983805775911160e-04
1.390697674418604590e+00 9.596619876582201817e-04
1.392548236859614041e+00 9.497638434189507352e-04
1.394403730846102585e+00 8.461799791730341760e-04
1.396264176117411493e+00 7.460410306901660337e-04
1.398129592518370101e+00 7.306819132618420790e-04
1.400000000000000133e+00 6.838398385745214506e-04
