5.600000000000000514e-08
5.880000000000000374e-08
5.880000000000001036e-08
5.600000000000000514e-08
5.320000000000000654e-08
5.600000000000000514e-08
5.709715200000002034e-08
5.752286668800001857e-08
5.419179855667201329e-08
5.621545800174800919e-08
5.621745812966373093e-08
6.047856507706450553e-08
5.770283411290835761e-08
5.778816430012978015e-08
5.731122667693559785e-08
6.224924301905998679e-08
5.862500576326087473e-08
5.633758154923784182e-08
6.059237053269949337e-08
5.701447845770637988e-08
5.757422093155481205e-08
5.846205750193472363e-08
5.278712098911341341e-08
5.100649819963597130e-08
5.335514967220513667e-08
5.423053793624183423e-08
5.354794452392570420e-08
5.186472487495747244e-08
5.079428047610106118e-08
5.065443115649279121e-08
5.532188227098332256e-08
4.834113567787185433e-08
4.653607934990996826e-08
4.854829930533308832e-08
4.955216052217772385e-08
4.766972707483988560e-08
4.649424390731627615e-08
4.287578078528940264e-08
4.550029708216176162e-08
4.620061351034705550e-08
4.220290614636546084e-08
4.048897268581278942e-08
3.928500338866636348e-08
4.071387989467716183e-08
3.811306488252858332e-08
4.276764492007766913e-08
4.108397198587963999e-08
4.668962913034753192e-08
3.959103063748787841e-08
4.044702452223271666e-08
3.992775866303443606e-08
3.491878416966486221e-08
4.436283761650787088e-08
4.121873636696363922e-08
4.120226000209114976e-08
4.387365195047421641e-08
3.860149838251040026e-08
4.333877580437841902e-08
4.256543522854641065e-08
4.143895844129493869e-08
4.502961211396130391e-08
4.051298961864538243e-08
4.158359861748786019e-08
3.913444866513331213e-08
4.302190142133612272e-08
3.946266580053988101e-08
4.054295603579688324e-08
4.035295385294555387e-08
4.146759624964648517e-08
4.164214571339841187e-08
3.841001432478008859e-08
3.920879937809433450e-08
3.887192696389004461e-08
4.110802537948554831e-08
4.166837991749935654e-08
4.127709051244220959e-08
4.094964830693839574e-08
4.103095900591615004e-08
4.006940396195670903e-08
4.059815359858147786e-08
4.254103037715345676e-08
4.067205064740607966e-08
4.133022674254059326e-08
4.104193016451441371e-08
4.099347287941746540e-08
4.074235068715318969e-08
4.123723882975099726e-08
3.907716551385115054e-08
4.192729909773067619e-08
4.226315754009578843e-08
4.053138814957304701e-08
4.182556018321644139e-08
4.161504956444872523e-08
4.081720832783585122e-08
4.096991903396476345e-08
4.147636296916314371e-08
4.139589076127233066e-08
4.143422073572505205e-08
4.102619593289440620e-08
4.155624385691145549e-08
4.107300069143562189e-08
4.109122385745282440e-08
4.072915200546325905e-08
4.111923076204745126e-08
4.211727128566405472e-08
4.106908620600640960e-08
4.006175728688106311e-08
3.964385095711599539e-08
4.072292188753706163e-08
4.078365415109444387e-08
4.091097804759541108e-08
4.115809491626672760e-08
4.060269696967859851e-08
4.088771232708511714e-08
4.086868206058092608e-08
4.093375062627520460e-08
4.098753038192725374e-08
4.069894232339657779e-08
4.065127820079808092e-08
4.025327889797120497e-08
4.099973766429744940e-08
4.047295040013163281e-08
4.034501838125176037e-08
4.129784833056921383e-08
4.045487491256870048e-08
4.033038292230537764e-08
4.026900803439852816e-08
4.087453751909422388e-08
4.040751698557442852e-08
4.078963165559207430e-08
4.101411499610261558e-08
4.113178507818988427e-08
4.140461410309381125e-08
4.052965474595648102e-08
4.014533880874580903e-08
4.052681123596848870e-08
4.064408285726915797e-08
4.056319206460355260e-08
4.034135608223100214e-08
4.071381384216161422e-08
4.077418324231878896e-08
4.051452817956424585e-08
4.067767941955333445e-08
4.022217076157899179e-08
4.055877230845964028e-08
4.101203905055306316e-08
4.047135069740253030e-08
4.072592342428732866e-08
4.006948324920474759e-08
4.084983052534696372e-08
4.046813798310914373e-08
4.062502501343191712e-08
4.058732064105216419e-08
4.049361303739585368e-08
4.085368048679686283e-08
4.059437174169376789e-08
4.051594178077463009e-08
4.041893175527583412e-08
4.054435953668128066e-08
4.051476600608298102e-08
4.072713220235743542e-08
4.044070723301438356e-08
4.012754053674258973e-08
4.028689290419154516e-08
4.065951484843866334e-08
4.022326586846622001e-08
4.027407058022124452e-08
4.037957137236267213e-08
4.045655109905856629e-08
4.047986122883685744e-08
4.014734488734430987e-08
4.057255812761788164e-08
4.022344002622604940e-08
4.023262883982432717e-08
4.035865524173689357e-08
4.042064938052505737e-08
4.043867134071112167e-08
4.017374871722967311e-08
4.051292999311191258e-08
4.045464977402169620e-08
4.023418232679714960e-08
4.016924940322996559e-08
4.017450895163617208e-08
4.027628389690969853e-08
4.024050393993972948e-08
4.026887982148855705e-08
4.038011395629549366e-08
4.020621866632593195e-08
4.022368964956368661e-08
4.030376673677379465e-08
4.027144315833274145e-08
4.029921348960794068e-08
4.021946652946289873e-08
4.026694509882911581e-08
4.029819781101995964e-08
4.031313097697250651e-08
4.040250994094390721e-08
4.025153531938755298e-08
4.026305126578536084e-08
4.032278513467645598e-08
4.033464691615709901e-08
4.032348771281388939e-08
4.025966286283582520e-08
4.030126355309595025e-08
4.030361387044982209e-08
4.031966672771150114e-08
4.030720541093305213e-08
4.031758594604871734e-08
