1.126000000000000112e+00 2.388024573071958768e-05
1.126987992296117014e+00 5.941821423849192278e-05
1.127977719913760390e+00 9.385365230077933382e-05
1.128969187428857879e+00 1.129166047170677490e-04
1.129962399433440456e+00 1.082672936366188435e-04
1.130957360535711942e+00 8.095895644402935668e-05
1.131954075360122047e+00 4.214208327979427222e-05
1.132952548547436100e+00 1.062774569322367468e-05
1.133952784754808318e+00 7.881046698681057905e-06
1.134954788655853974e+00 5.181845113714956017e-05
1.135958564940721782e+00 1.511854204861498021e-04
1.136964118316167838e+00 3.021647505531265421e-04
1.137971453505628228e+00 4.882443201705207749e-04
1.138980575249294080e+00 6.834409838951891738e-04
1.139991488304184397e+00 8.580160341689389110e-04
1.141004197444223101e+00 9.851168406885635418e-04
1.142018707460311200e+00 1.046548033604880173e-03
1.143035023160405395e+00 1.036177795198612141e-03
1.144053149369591793e+00 9.602199375216376913e-04
1.145073090930163184e+00 8.345677436337971527e-04
1.146094852701695865e+00 6.801995423378478459e-04
1.147118439561126468e+00 5.181700253443320822e-04
1.148143856402830121e+00 3.657005920712768786e-04
1.149171108138697273e+00 2.344003957956812014e-04
1.150200199698214076e+00 1.308543762819253955e-04
1.151231136028538549e+00 5.897167635221707977e-05
1.152263922094582727e+00 2.287725887340161867e-05
1.153298562879090827e+00 2.895449113544821263e-05
1.154335063382718740e+00 8.596765794114350097e-05
1.155373428624115739e+00 2.029083793465765741e-04
1.156413663640005973e+00 3.850847412857085449e-04
1.157455773485268402e+00 6.297150850683954542e-04
1.158499763233019175e+00 9.226441481718939417e-04
1.159545637974695120e+00 1.237630748457339705e-03
1.160593402820134123e+00 1.538991667323240473e-03
1.161643062897660617e+00 1.787413505958024892e-03
1.162694623354169066e+00 1.947754161440904807e-03
1.163748089355205462e+00 1.996953442623232433e-03
1.164803466085055916e+00 1.929983026237445292e-03
1.165860758746828818e+00 1.762163501494787071e-03
1.166919972562540542e+00 1.527059952282635224e-03
1.167981112773203378e+00 1.270291592643407004e-03
1.169044184638909245e+00 1.040638566162013084e-03
1.170109193438919171e+00 8.805073856578078716e-04
1.171176144471748781e+00 8.179435750128167789e-04
1.172245043055257785e+00 8.619360451229691588e-04
1.173315894526736125e+00 1.001886118417010365e-03
1.174388704242995241e+00 1.211073383094958327e-03
1.175463477580455329e+00 1.453032502375824903e-03
1.176540219935237941e+00 1.689196476955737722e-03
1.177618936723252130e+00 1.886077195968662631e-03
1.178699633380288825e+00 2.020610133521243048e-03
1.179782315362111200e+00 2.082928028292527992e-03
1.180866988144545493e+00 2.076525081097590521e-03
1.181953657223574483e+00 2.016318565290254727e-03
1.183042328115429642e+00 1.925379674577226826e-03
1.184133006356684392e+00 1.831077083694928991e-03
1.185225697504348696e+00 1.761150420679505509e-03
1.186320407135962984e+00 1.739963293761786350e-03
1.187417140849692743e+00 1.785026978862230959e-03
1.188515904264424883e+00 1.903917293820904435e-03
1.189616703019862110e+00 2.091905493075215880e-03
1.190719542776621509e+00 2.330869429493115721e-03
1.191824429216329584e+00 2.590174890296113083e-03
1.192931368041720619e+00 2.830072338383610511e-03
1.194040364976735713e+00 3.007685866089631829e-03
1.195151425766620035e+00 3.084954492536877164e-03
1.196264556178022742e+00 3.037120329941320716e-03
1.197379761999095793e+00 2.859811010105560783e-03
1.198497049039596751e+00 2.572681786195502203e-03
1.199616423130986265e+00 2.218098717920610925e-03
1.200737890126532648e+00 1.854412377223679104e-03
1.201861455901411802e+00 1.544755936709576961e-03
1.202987126352810021e+00 1.343629236598568259e-03
1.204114907400029022e+00 1.284395066076552891e-03
1.205244804984587415e+00 1.370889566139873181e-03
1.206376825070326175e+00 1.575595247163797622e-03
1.207510973643513230e+00 1.845290035882049149e-03
1.208647256712948925e+00 2.112902399539589183e-03
1.209785680310073053e+00 2.313103195288589067e-03
1.210926250489070988e+00 2.397595910987315292e-03
1.212068973326979604e+00 2.346222499390982798e-03
1.213213854923797186e+00 2.170971337329136684e-03
1.214360901402591786e+00 1.911822298262274991e-03
1.215510118909608916e+00 1.625553883991741853e-03
1.216661513614383239e+00 1.370555066827755866e-03
1.217815091709847364e+00 1.191775877736762782e-03
1.218970859412443097e+00 1.109887786626125505e-03
1.220128822962234905e+00 1.117509589337234216e-03
1.221288988623019378e+00 1.183326874929268527e-03
1.222451362682440701e+00 1.262677495024810232e-03
1.223615951452102335e+00 1.311350553971218913e-03
1.224782761267683151e+00 1.298489405058657949e-03
1.225951798489049782e+00 1.214852327078912771e-03
1.227123069500375196e+00 1.074156026691310125e-03
1.228296580710252384e+00 9.073607485183057819e-04
1.229472338551812483e+00 7.519037961437190394e-04
1.230650349482842243e+00 6.393971080190780478e-04
1.231830619985901931e+00 5.857147510310733605e-04
1.233013156568444346e+00 5.865848328629965800e-04
1.234197965762934945e+00 6.200210162975465424e-04
1.235385054126971083e+00 6.547359205900130054e-04
1.236574428243403911e+00 6.617576842046742677e-04
1.237766094720459620e+00 6.254264143713867026e-04
1.238960060191861778e+00 5.501138550594309980e-04
1.240156331316954574e+00 4.603451867262488544e-04
1.241354914780826935e+00 3.940966567532617213e-04
1.242555817294437093e+00 3.912434688959066345e-04
1.243759045594736268e+00 4.807440178366281878e-04
1.244964606444796784e+00 6.706498489231317106e-04
1.246172506633937749e+00 9.442476324157040614e-04
1.247382752977852505e+00 1.263794325871379519e-03
1.248595352318737195e+00 1.580962216154335308e-03
1.249810311525418882e+00 1.850996352966569319e-03
1.251027637493486333e+00 2.046372982554169398e-03
1.252247337145420136e+00 2.165832170784592545e-03
1.253469417430722599e+00 2.236036672830235376e-03
1.254693885326052527e+00 2.305369087496053192e-03
1.255920747835354900e+00 2.431820412845758783e-03
1.257150011989997207e+00 2.668773717118311066e-03
1.258381684848900894e+00 3.053146468204341255e-03
1.259615773498678593e+00 3.599589844488549229e-03
1.260852285053770450e+00 4.302468895161354161e-03
1.262091226656578691e+00 5.144773697330838960e-03
1.263332605477606396e+00 6.110760440208771148e-03
1.264576428715595835e+00 7.197770993278965190e-03
1.265822703597668353e+00 8.422814624876666725e-03
1.267071437379462040e+00 9.821140427073105084e-03
1.268322637345275172e+00 1.143671978102901027e-02
1.269576310808206099e+00 1.330746765463451838e-02
1.270832465110296461e+00 1.545021382625452917e-02
1.272091107622674411e+00 1.785111921975065380e-02
1.273352245745698719e+00 2.046607544431717357e-02
1.274615886909103546e+00 2.323284566452632136e-02
1.275882038572145216e+00 2.609304824144020873e-02
1.277150708223747877e+00 2.901862746196449960e-02
1.278421903382652269e+00 3.203529470802047446e-02
1.279695631597562944e+00 3.523534200509048642e-02
1.280971900447299028e+00 3.877444027295773310e-02
1.282250717540943441e+00 4.285107650635584797e-02
1.283532090517995217e+00 4.767211794750921688e-02
1.284816027048520271e+00 5.341226797823096090e-02
1.286102534833305722e+00 6.017761510695816135e-02
1.287391621604013325e+00 6.798323347833827579e-02
1.288683295123334016e+00 7.675174333543674510e-02
1.289977563185144005e+00 8.633454549813758538e-02
1.291274433614661987e+00 9.655141405492070894e-02
1.292573914268606350e+00 1.072388864393928609e-01
1.293876013035353711e+00 1.182949229517955975e-01
1.295180737835098794e+00 1.297075612066423966e-01
1.296488096620015629e+00 1.415587323279457743e-01
1.297798097374417203e+00 1.540011665738336422e-01
1.299110748114920444e+00 1.672123220125012188e-01
1.300426056890607862e+00 1.813358975204615586e-01
1.301744031783193201e+00 1.964261343775199897e-01
1.303064680907186412e+00 2.124088012454488916e-01
1.304388012410060194e+00 2.290696815693061827e-01
1.305714034472417628e+00 2.460746016176857953e-01
1.307042755308160942e+00 2.630171380000850823e-01
1.308374183164660698e+00 2.794830420919642844e-01
1.309708326322927663e+00 2.951159919816561672e-01
1.311045193097781558e+00 3.096687384811747656e-01
1.312384791838027587e+00 3.230272553600148644e-01
1.313727130926627851e+00 3.352022659715897523e-01
1.315072218780876323e+00 3.462907715633682382e-01
1.316420063852575595e+00 3.564178147717759759e-01
1.317770674628213401e+00 3.656736940849598105e-01
1.319124059629140922e+00 3.740629025152044651e-01
1.320480227411752194e+00 3.814779273118668046e-01
1.321839186567663527e+00 3.877045512495732593e-01
1.323200945723896238e+00 3.924571544333272377e-01
1.324565513543057849e+00 3.954348652214442761e-01
1.325932898723527265e+00 3.963842374254549772e-01
1.327303109999638409e+00 3.951527488950106193e-01
1.328676156141866516e+00 3.917201148195732507e-01
1.330052045957015094e+00 3.862003942900989473e-01
1.331430788288405109e+00 3.788154923417585973e-01
1.332812392016063274e+00 3.698478754424688320e-01
1.334196866056913677e+00 3.595852401709050961e-01
1.335584219364968961e+00 3.482712818243434150e-01
1.336974460931523057e+00 3.360743597622548595e-01
1.338367599785346362e+00 3.230805247744267250e-01
1.339763644992881142e+00 3.093106120546930682e-01
1.341162605658436702e+00 2.947547899168950769e-01
1.342564490924390119e+00 2.794137679568716170e-01
1.343969309971381643e+00 2.633348326787928739e-01
1.345377072018519193e+00 2.466331045694015456e-01
1.346787786323576430e+00 2.294931031807664334e-01
1.348201462183198140e+00 2.121514267373344753e-01
1.349618108933102745e+00 1.948664507230897236e-01
1.351037735948290130e+00 1.778840426718540646e-01
1.352460352643244823e+00 1.614086413427814337e-01
1.353885968472148260e+00 1.455867452793957739e-01
1.355314592929085071e+00 1.305057417018865573e-01
1.356746235548255131e+00 1.162063952864675620e-01
1.358180905904185831e+00 1.027035819760554330e-01
1.359618613611944804e+00 9.000802335456101200e-02
1.361059368327355079e+00 7.814224928268230508e-02
1.362503179747211357e+00 6.714647492271905160e-02
1.363950057609498057e+00 5.707363155080127232e-02
1.365400011693606253e+00 4.797627508926956968e-02
1.366853051820556830e+00 3.989044728078568885e-02
1.368309187853220088e+00 3.282213724576285574e-02
1.369768429696540002e+00 2.674073639705167038e-02
1.371230787297757381e+00 2.158132399075371119e-02
1.372696270646638572e+00 1.725466805761785571e-02
1.374164889775699727e+00 1.366145081637961528e-02
1.375636654760438393e+00 1.070615755074657248e-02
1.377111575719562442e+00 8.306565762117116072e-03
1.378589662815221883e+00 6.396572930896468091e-03
1.380070926253243568e+00 4.922528575353930097e-03
1.381555376283364778e+00 3.835441060291634729e-03
1.383043023199470367e+00 3.082681321847149936e-03
1.384533877339829910e+00 2.602729447462198611e-03
1.386027949087338174e+00 2.325196607125401896e-03
1.387525248869755812e+00 2.176310996955939121e-03
1.389025787159951619e+00 2.088017958013479048e-03
1.390529574476147223e+00 2.007518166720526076e-03
1.392036621382161998e+00 1.903892322594062702e-03
1.393546938487661091e+00 1.769465260291032882e-03
1.395060536448405220e+00 1.615368950838020788e-03
1.396577425966499586e+00 1.462728319339533928e-03
1.398097617790646341e+00 1.332333984153568750e-03
1.399621122716400601e+00 1.236096957943306389e-03
1.401147951586422913e+00 1.172876421249744502e-03
1.402678115290738603e+00 1.129677563462209555e-03
1.404211624766996236e+00 1.087470308107912984e-03
1.405748491000727851e+00 1.029085024353646816e-03
1.407288725025611198e+00 9.462591725125725538e-04
1.408832337923734634e+00 8.432112620840945131e-04
1.410379340825861805e+00 7.354342343913427942e-04
1.411929744911700313e+00 6.441752603331275372e-04
1.413483561410169731e+00 5.886086396162871397e-04
1.415040801599673825e+00 5.785154736704035050e-04
1.416601476808373228e+00 6.100827129905521959e-04
1.418165598414459661e+00 6.663152709235582250e-04
1.419733177846432826e+00 7.219289912927795688e-04
1.421304226583378183e+00 7.510405002151674834e-04
1.422878756155248059e+00 7.350360044851899982e-04
1.424456778143142976e+00 6.679998432299791809e-04
1.426038304179596539e+00 5.579939440622913496e-04
1.427623345948860090e+00 4.239576136516081317e-04
1.429211915187190263e+00 2.895051073554289769e-04
1.430804023683140525e+00 1.758991453944795278e-04
1.432399683277851388e+00 9.662891440646094758e-05
1.433998905865343287e+00 5.529281220558161808e-05
1.435601703392814343e+00 4.717151347987710689e-05
1.437208087860935457e+00 6.347794083701314408e-05
1.438818071324151404e+00 9.631263011565750949e-05
1.440431665890981705e+00 1.421895390836720469e-04
1.442048883724324604e+00 2.026796411039292643e-04
1.443669737041762158e+00 2.819767072314205880e-04
1.445294238115867769e+00 3.825289775168399142e-04
1.446922399274517490e+00 5.007721808183999892e-04
1.448554232901199557e+00 6.250774602252467255e-04
1.450189751435329688e+00 7.372327452925832823e-04
1.451828967372567725e+00 8.173859692169689519e-04
1.453471893265134263e+00 8.509132457072970815e-04
1.455118541722132175e+00 8.347074107638136585e-04
1.456768925409868798e+00 7.803223462633127961e-04
1.458423057052181004e+00 7.123416724567542503e-04
1.460080949430762276e+00 6.619802489737784982e-04
1.461742615385490884e+00 6.577041698045896093e-04
1.463408067814762958e+00 7.159149515245352745e-04
1.465077319675824219e+00 8.349838809248756599e-04
1.466750383985108819e+00 9.949848404000058519e-04
1.468427273818574630e+00 1.163619971629268430e-03
1.470108002312046080e+00 1.306670487599810365e-03
1.471792582661556104e+00 1.399588533794929920e-03
1.473481028123691416e+00 1.436212639808739271e-03
1.475173352015941353e+00 1.431328523925693786e-03
1.476869567717046916e+00 1.415732317884488105e-03
1.478569688667353610e+00 1.424982857912358110e-03
1.480273728369166264e+00 1.485316808884112015e-03
1.481981700387106970e+00 1.601451578642865223e-03
1.483693618348475241e+00 1.750738069514183419e-03
1.485409495943609492e+00 1.886357619488037004e-03
1.487129346926251872e+00 1.949493278262991267e-03
1.488853185113917732e+00 1.887496379229163055e-03
1.490581024388262232e+00 1.672937810212645230e-03
1.492312878695457590e+00 1.317775007921727489e-03
1.494048762046563450e+00 8.779243790718400855e-04
1.495788688517908360e+00 4.460197096291889339e-04
1.497532672251467467e+00 1.333405830869191554e-04
1.499280727455248874e+00 4.488739470377836127e-05
1.501032868403676668e+00 2.535218528371680066e-04
1.502789109437979942e+00 7.794777112692437976e-04
1.504549464966586036e+00 1.580333607877273646e-03
1.506313949465511781e+00 2.554126883764342403e-03
1.508082577478762509e+00 3.555355667092827219e-03
1.509855363618730850e+00 4.420902253133973843e-03
1.511632322566598186e+00 5.000988978301433401e-03
1.513413469072741879e+00 5.189432777121900583e-03
1.515198817957142063e+00 4.947679559188696181e-03
1.516988384109793087e+00 4.318149851281058958e-03
1.518782182491116739e+00 3.424022941463647149e-03
1.520580228132380585e+00 2.454493614067736196e-03
1.522382536136117182e+00 1.636618374038995797e-03
1.524189121676545966e+00 1.197042786604295746e-03
1.526000000000000023e+00 1.319027120484818913e-03
