1.400000000000000148e-06 1.600000000000000033e-01 7.249999999999999778e-01 5.000000000000000000e-01 1.699999999999999987e-05
1.470000000000000113e-06 1.600000000000000033e-01 7.249999999999999778e-01 5.000000000000000000e-01 1.699999999999999987e-05
1.400000000000000148e-06 1.680000000000000104e-01 7.249999999999999778e-01 5.000000000000000000e-01 1.699999999999999987e-05
1.400000000000000148e-06 1.600000000000000033e-01 7.612499999999999822e-01 5.000000000000000000e-01 1.699999999999999987e-05
1.400000000000000148e-06 1.600000000000000033e-01 7.249999999999999778e-01 5.250000000000000222e-01 1.699999999999999987e-05
1.400000000000000148e-06 1.600000000000000033e-01 7.249999999999999778e-01 5.000000000000000000e-01 1.785000000000000020e-05
1.428000000000000134e-06 1.632000000000000395e-01 7.394999999999999352e-01 5.100000000000000089e-01 1.614999999999999953e-05
1.439200000000000129e-06 1.644800000000000428e-01 7.452999999999999625e-01 5.140000000000000124e-01 1.666000000000000651e-05
1.454879999999999698e-06 1.550720000000000709e-01 7.534200000000000896e-01 5.196000000000000618e-01 1.652399999999999968e-05
1.476832000000000025e-06 1.611008000000000717e-01 7.140380000000001726e-01 5.274399999999999089e-01 1.633360000000000232e-05
1.492198399999999577e-06 1.613209600000001243e-01 7.045956000000002106e-01 5.329279999999998463e-01 1.620031999999999942e-05
1.513711360000000136e-06 1.616291840000001201e-01 7.421262400000002701e-01 5.056111999999998163e-01 1.601372800000000214e-05
1.519995903999999388e-06 1.578008576000001495e-01 7.286767360000002691e-01 5.188556799999999303e-01 1.680921920000000351e-05
1.538395084799998815e-06 1.567210291200001604e-01 7.265120832000002693e-01 5.206268159999998257e-01 1.694106304000000092e-05
1.548473937919999207e-06 1.534172692480001710e-01 7.153615692800004977e-01 5.175064063999996744e-01 1.641164441599999565e-05
1.570231513087999611e-06 1.621633769472001496e-01 6.920181969920004006e-01 5.110689689599996477e-01 1.650270218239999274e-05
1.595204118323198655e-06 1.581007277260802757e-01 7.072454757888008148e-01 5.350965565439995686e-01 1.582778305535999106e-05
1.584089861652478126e-06 1.550601612165122545e-01 6.761669301043206071e-01 5.412794991615997864e-01 1.673967707750399113e-05
1.642359406313470443e-06 1.528640657031171135e-01 7.023261021460487363e-01 5.173032988262393772e-01 1.676882790850559596e-05
1.518476576104857063e-06 1.598410034980455863e-01 7.041984378755586915e-01 5.301936772945917697e-01 1.629980888398847763e-05
1.508662671102934473e-06 1.567804082858230974e-01 6.984574111919513717e-01 5.131735905824768018e-01 1.733017518459699081e-05
1.580059365059652508e-06 1.578696718240352737e-01 7.057075644843522344e-01 5.312600375007330289e-01 1.609070167797646805e-05
1.537566417126795269e-06 1.510002770154372509e-01 7.191604369856926526e-01 5.452776055827699420e-01 1.649045585578757926e-05
1.531033397934554486e-06 1.487676570290846767e-01 7.245888849844311919e-01 5.521193329073239564e-01 1.648800659046510063e-05
1.508128178305102486e-06 1.516531762206218548e-01 7.130235976933723130e-01 5.334302552046730206e-01 1.706137832520655562e-05
1.520716135987148591e-06 1.527410629512191975e-01 7.117432918817936383e-01 5.330504671064835165e-01 1.689150991194128911e-05
1.570606791212814288e-06 1.468418683278809866e-01 7.175506659046598790e-01 5.356393313355710672e-01 1.708895153037567470e-05
1.549462570714798516e-06 1.506354422098787615e-01 7.072631731500816921e-01 5.555797722043915865e-01 1.724803884411442965e-05
1.549660297273758123e-06 1.500790768022544908e-01 7.056434939240978643e-01 5.631944453652699689e-01 1.741531772973731781e-05
1.500074821230832019e-06 1.470001164756635503e-01 7.582484378536725744e-01 5.405726579242594587e-01 1.719026244350376078e-05
1.569387229578690269e-06 1.536496533868637326e-01 6.905311939604572569e-01 5.411558019450652957e-01 1.681852951655395014e-05
1.558166455994787403e-06 1.441106982789211177e-01 6.935109290621757072e-01 5.694369354638857406e-01 1.693986307162933340e-05
1.562120730233744951e-06 1.415886321107052981e-01 6.869106982346109280e-01 5.791989593566629901e-01 1.693962307795519921e-05
1.592407242506276679e-06 1.436296921114964542e-01 6.983466829215090321e-01 5.754726812574739725e-01 1.700866146609360653e-05
1.579861298865429137e-06 1.452241820084479162e-01 7.006910894895587161e-01 5.680487937810505539e-01 1.698815994411694878e-05
1.546218390341657007e-06 1.488818122070614813e-01 6.857954783326024595e-01 5.858476020065780387e-01 1.677090321315573328e-05
1.541340710167425424e-06 1.492898009828975969e-01 6.794444408181909978e-01 5.958892561407793664e-01 1.670729354971174771e-05
1.536219344211274664e-06 1.403300861864922588e-01 7.083802490198987112e-01 6.022245130753693942e-01 1.699683084024057145e-05
1.508288493062873245e-06 1.467979192361258123e-01 7.012960173029331168e-01 5.890018089571116278e-01 1.683066877112702865e-05
1.520813734078320441e-06 1.465225152212821513e-01 7.011901549355925578e-01 5.853350313013008233e-01 1.685822972640026315e-05
1.553028528451255464e-06 1.423563874923680639e-01 6.680387297885254094e-01 6.182175491884289720e-01 1.747891137915294317e-05
1.557427554554595998e-06 1.410741335850247413e-01 6.567286987493443640e-01 6.314371924446500195e-01 1.767709233689051100e-05
1.535748921583050339e-06 1.379558919952436347e-01 6.719422151946294886e-01 6.291516782597466051e-01 1.657703769964696664e-05
1.570569559780380404e-06 1.380858042858005563e-01 6.646963782867494341e-01 6.245377511070941967e-01 1.702164889228270541e-05
1.532642095443609228e-06 1.416185562664155351e-01 6.700901070085867328e-01 6.488093397519044681e-01 1.697306586645877318e-05
1.509022280162265474e-06 1.465344848835662683e-01 6.944619184451832350e-01 6.131791834593973700e-01 1.687160684180169816e-05
1.559798785847210206e-06 1.395643233904095559e-01 6.699053478144753049e-01 6.225500017687471965e-01 1.699539153344852813e-05
1.557812420660477211e-06 1.421800397525489201e-01 6.889942860457014540e-01 5.784038596213240124e-01 1.692912013442152830e-05
1.537046902356561008e-06 1.417168158764888775e-01 6.733983383400817813e-01 6.364883807290528939e-01 1.696537536335225550e-05
1.554566195150926228e-06 1.440232017084708549e-01 6.367113797624623928e-01 6.386942333593326193e-01 1.689277296988440908e-05
1.558235565338856286e-06 1.447618248128665908e-01 6.223776059109752401e-01 6.459881774161252421e-01 1.687196139581317728e-05
1.554735023188175790e-06 1.329568472022948089e-01 6.485539635418786641e-01 6.621514811813440371e-01 1.725650202848229465e-05
1.543684714946056568e-06 1.464315340712921132e-01 6.740386072948363338e-01 6.074851455228782449e-01 1.680340503349659156e-05
1.529831319147929382e-06 1.454292090671358839e-01 6.597463603377390351e-01 6.294647930550284487e-01 1.689160944476473961e-05
1.535075625820303463e-06 1.444028540737087307e-01 6.615241831461677879e-01 6.282547045799292684e-01 1.690977131028440378e-05
1.553611865106990415e-06 1.496164252936877659e-01 6.535422801382000380e-01 6.225043270921022387e-01 1.744305672282127324e-05
1.549646931808358317e-06 1.424147397065976262e-01 6.432473571753385411e-01 6.501785324566602409e-01 1.747255006470152235e-05
1.544728102896959491e-06 1.457285950574705724e-01 6.686501385239241868e-01 6.149564882362901219e-01 1.692050541395745479e-05
1.562117011764773579e-06 1.449737160976857231e-01 6.586121634751098686e-01 6.240896868621533811e-01 1.737047742938293188e-05
1.539807868360585755e-06 1.445027549279047085e-01 6.610145797037326743e-01 6.275258264793185381e-01 1.699039488112664620e-05
1.561250121630126017e-06 1.487741299154718977e-01 6.417845048266560548e-01 6.122709890131361465e-01 1.732488118342483103e-05
1.541282465729434906e-06 1.429518458333109143e-01 6.678659174752322736e-01 6.322503371787674409e-01 1.702828888186495604e-05
1.540570070446702915e-06 1.483727416359698625e-01 6.470749884528953499e-01 6.361549357498952340e-01 1.663109616870894579e-05
1.534770015926853388e-06 1.406152303715630103e-01 6.589845214290988018e-01 6.373284013093394318e-01 1.634216660339569152e-05
1.550314541500466371e-06 1.480412161823159156e-01 6.544946723641072994e-01 6.250985400801187808e-01 1.725040095192179610e-05
1.545888353578286640e-06 1.454281090577183300e-01 6.382144765794478536e-01 6.489330609026828789e-01 1.699667612744524514e-05
1.553240782201740731e-06 1.470240908392096424e-01 6.367299941499254823e-01 6.449266164290002878e-01 1.692929915880348653e-05
1.555927364969971683e-06 1.475283580214706569e-01 6.318730770391639551e-01 6.484067744189365712e-01 1.691708001433885798e-05
1.556549511421814333e-06 1.502038979361628723e-01 6.174242870483029888e-01 6.452726174296444794e-01 1.685180926884059837e-05
1.559602920560290133e-06 1.516543083567332695e-01 6.073359609629170874e-01 6.478770734798200426e-01 1.681651334623572819e-05
1.550011423619321713e-06 1.459796002886966648e-01 6.159673780331064163e-01 6.604940454681034190e-01 1.647026052555127651e-05
1.550064469248521965e-06 1.463403830700800157e-01 6.227096545410314432e-01 6.542998320252060296e-01 1.660678510016611557e-05
1.563553654193813382e-06 1.448351314086868125e-01 6.136409283795728475e-01 6.566956083084514173e-01 1.707984088134699880e-05
1.544592197602447278e-06 1.477536598461953177e-01 6.412240279400639453e-01 6.397495534476425050e-01 1.670962649342060303e-05
1.557716908671893489e-06 1.487099843023291512e-01 6.237052607972667362e-01 6.402440801736475340e-01 1.659944106900083989e-05
1.555646911530511983e-06 1.481356561345222311e-01 6.262443735591484151e-01 6.417646518012285473e-01 1.666895720422861013e-05
1.549471353651088288e-06 1.517598734219971768e-01 6.210215551329265615e-01 6.517110750937560315e-01 1.661381792029935231e-05
1.548452385351120615e-06 1.533072077647024412e-01 6.178835902070195507e-01 6.543144434406408250e-01 1.655802691038233893e-05
1.545512826799745223e-06 1.497160396480178846e-01 6.281442479953890379e-01 6.536605733076250591e-01 1.679326156841663871e-05
1.544827773967719120e-06 1.519043844668537813e-01 6.142243289427974373e-01 6.539921914313032714e-01 1.647850457768703674e-05
1.545909408808616748e-06 1.548136927946929253e-01 6.248505383123977852e-01 6.444959195975363819e-01 1.674970642733277344e-05
1.535168325590045600e-06 1.527940958720220566e-01 6.331064063107639805e-01 6.532124550602548263e-01 1.646384112205515933e-05
1.552807803901254720e-06 1.506571825749382365e-01 6.201686579192335902e-01 6.466620890150012180e-01 1.678391484315314535e-05
1.550411881928935122e-06 1.564057430534868121e-01 6.008845174106708376e-01 6.615005332692001083e-01 1.663573923736817023e-05
1.551575818794232564e-06 1.581361596949451276e-01 5.928166153047921272e-01 6.658507292335115180e-01 1.662096178615768096e-05
1.541703481587318904e-06 1.564938111727466052e-01 6.109990703857246519e-01 6.622634537892455597e-01 1.649626966483743945e-05
1.550864547496316079e-06 1.516785925795547108e-01 6.185639801008695482e-01 6.493923278504939445e-01 1.673357693694789631e-05
1.550583932155036439e-06 1.510832608669366306e-01 6.038025667079492953e-01 6.663881865078935540e-01 1.652402628450386321e-05
1.546727450394240257e-06 1.541608672073355724e-01 6.211671432816192606e-01 6.483270663068488870e-01 1.671021240233771331e-05
1.551466363601705892e-06 1.579588450373387576e-01 5.977180151394499985e-01 6.550901299974942749e-01 1.644725147698842372e-05
1.552147305290197620e-06 1.550332086100223439e-01 5.953154685963522041e-01 6.631288624745287352e-01 1.642511627292763600e-05
1.556974794245709989e-06 1.585412210077715711e-01 5.946947387965958454e-01 6.611184057673643588e-01 1.663546877567455092e-05
1.554849065697061237e-06 1.573797746131109232e-01 5.981124170721809907e-01 6.598713182585534964e-01 1.660800004102673289e-05
1.546953502516367871e-06 1.530658308615144292e-01 6.108066506672122919e-01 6.552392789401141338e-01 1.650597331233485477e-05
1.549373602725133577e-06 1.593219082078545512e-01 5.872521558650609652e-01 6.680570497840218058e-01 1.628935496656847744e-05
1.554252687788588406e-06 1.604371008644308594e-01 5.855876873778576019e-01 6.673372070319646410e-01 1.643031125287497212e-05
1.555073925928822778e-06 1.630476812011341925e-01 5.655923867063855637e-01 6.734711479679674762e-01 1.632717139182453852e-05
1.556398234044363549e-06 1.649957758884205428e-01 5.551341460062587663e-01 6.773024888734328064e-01 1.628100028811298048e-05
1.550131841993664706e-06 1.577412581110016476e-01 5.857068729869081558e-01 6.644344971132311040e-01 1.639516266342710868e-05
1.555314222764532240e-06 1.582241907288368388e-01 5.834242913484435356e-01 6.622656332928574807e-01 1.657844202847705314e-05
1.550413211232028343e-06 1.591298076490264557e-01 5.865822795746529206e-01 6.670435518980679657e-01 1.633994520240247903e-05
1.552540301844258846e-06 1.595080829336402162e-01 5.852801214450854550e-01 6.681410811614957312e-01 1.655296948654873951e-05
1.552997491041030806e-06 1.570257220657019781e-01 5.872792040783335610e-01 6.659635877543095273e-01 1.639629307596470489e-05
1.551385120403804432e-06 1.591921616664854211e-01 5.795923275907782779e-01 6.670080954652714000e-01 1.637233018836428236e-05
1.552452737690237339e-06 1.593662312075551091e-01 5.892012413128117077e-01 6.595326017726820256e-01 1.641400123921333439e-05
1.550778528988979656e-06 1.604566817439677384e-01 5.808285538933005698e-01 6.699061376019039837e-01 1.628768403087737940e-05
1.553187132838737238e-06 1.611051385117312496e-01 5.660444998926908999e-01 6.797959545698833983e-01 1.634210958873390433e-05
1.553334011868437303e-06 1.614529199725664721e-01 5.614131516086667828e-01 6.838486251293236506e-01 1.632773125863801831e-05
1.555824783079898292e-06 1.602740706824240247e-01 5.685035657119582586e-01 6.733783455278532504e-01 1.649019702021246793e-05
1.554941688613987457e-06 1.603060276181941524e-01 5.706604386436930909e-01 6.727707091408121620e-01 1.645475724707882575e-05
1.551745522890790951e-06 1.595747570355345868e-01 5.768827620511608467e-01 6.695656672861938219e-01 1.636628606843820675e-05
1.555756013803238372e-06 1.642176484130826730e-01 5.573162167835451486e-01 6.778011820127228804e-01 1.629322214823716457e-05
1.553035419400572092e-06 1.578416053549078213e-01 5.830322632412050510e-01 6.687300611174242793e-01 1.638545637851854343e-05
1.552669668043154482e-06 1.598274940492584173e-01 5.814329971346064996e-01 6.704720558431732647e-01 1.651079750698577315e-05
1.551260249758931130e-06 1.605863730975204406e-01 5.778717430931786803e-01 6.718841009954998889e-01 1.629856914244868371e-05
1.552812015533368861e-06 1.642829590879431589e-01 5.607870243408676902e-01 6.790775231655650224e-01 1.633893740341894822e-05
1.552767334759928384e-06 1.655712298345502209e-01 5.563379765608003069e-01 6.811470155751933042e-01 1.632963360839902986e-05
1.553216833577496033e-06 1.645945647077092511e-01 5.523482822179438534e-01 6.816055123326240084e-01 1.614113071551701712e-05
1.553326266684364301e-06 1.655479788393994234e-01 5.465313392346113908e-01 6.838322036305141127e-01 1.606719735722326998e-05
1.549158588969862091e-06 1.607365425144116622e-01 5.721511115494316568e-01 6.766887948101908412e-01 1.626829615786007057e-05
1.554601464457397501e-06 1.636084548808152406e-01 5.599123233675752376e-01 6.776065142522798013e-01 1.628886009992117312e-05
1.554311456508951963e-06 1.669929130300720210e-01 5.457963908083817151e-01 6.881406483231544691e-01 1.616426185025222171e-05
1.556017212340820625e-06 1.685439129411068215e-01 5.319772688524452287e-01 6.923248335449101454e-01 1.617825585936315589e-05
1.555222361061847872e-06 1.710006572986462192e-01 5.301776196368345184e-01 6.894245315605372904e-01 1.606917392132963725e-05
1.554056388084967841e-06 1.714542218966946530e-01 5.244159146696539819e-01 6.963411788014437498e-01 1.603454893870575275e-05
1.553947372810481740e-06 1.730233752998705243e-01 5.173166329300696864e-01 6.999999999999999556e-01 1.598368670646266529e-05
1.556406139112452910e-06 1.718446437678174676e-01 5.152214367199703382e-01 6.988783427690306027e-01 1.587574156235058788e-05
1.553404125521620314e-06 1.666690772728720016e-01 5.491425820886550735e-01 6.842499978341147759e-01 1.625020250034055387e-05
1.555769348350760980e-06 1.707467963294956870e-01 5.224168311921155716e-01 6.957753605101091310e-01 1.595517267040906387e-05
1.555445174100152685e-06 1.719245138920650895e-01 5.164111986258826947e-01 6.949385948958513026e-01 1.595747764856012883e-05
1.553857612558100518e-06 1.686417176176692179e-01 5.373885052156555098e-01 6.869691764631933317e-01 1.616748881966371129e-05
1.553475265399568299e-06 1.682207018753039129e-01 5.403828400203635196e-01 6.852079396538103273e-01 1.620995204951464349e-05
1.552592969791539774e-06 1.707153165797369310e-01 5.311902960224931247e-01 6.875729458719526122e-01 1.595708410677021025e-05
1.555417969894696370e-06 1.689239085778670990e-01 5.318395486072036160e-01 6.914932532021426104e-01 1.613955080265939193e-05
1.553466064603651334e-06 1.674278727338858741e-01 5.336547168262514296e-01 6.913007365129674175e-01 1.609431679733563348e-05
1.555418078148850480e-06 1.736325087509272280e-01 5.121503482651306172e-01 6.998804775959720503e-01 1.610714113748695157e-05
1.553692333690649361e-06 1.669627715739167850e-01 5.405146658149522221e-01 6.866406515744691852e-01 1.607418751876941510e-05
1.555052011142565420e-06 1.722177160164098664e-01 5.181670216847897859e-01 6.970720296520169779e-01 1.610015097594080644e-05
1.553141905550027275e-06 1.673732545479994505e-01 5.429728180974221496e-01 6.896274602331011749e-01 1.627393017710236376e-05
1.555042102103880738e-06 1.711280435068535943e-01 5.210594820334021327e-01 6.940091463298699859e-01 1.601285684105501909e-05
1.554924977172776938e-06 1.677130751874334746e-01 5.336255289991501671e-01 6.872920633388792666e-01 1.618818204789644637e-05
1.554208391175334475e-06 1.707995212225739412e-01 5.260275971773158421e-01 6.947575835954949985e-01 1.606143473281412685e-05
1.555117275662043949e-06 1.706872165210562842e-01 5.232154953481624737e-01 6.935059677043244886e-01 1.603819563337589434e-05
1.553856445661860256e-06 1.677270799026821246e-01 5.332916831824419113e-01 6.913392398508024783e-01 1.610336359840038584e-05
1.555125202892991567e-06 1.715589545287013185e-01 5.209015270692725075e-01 6.959562743620421044e-01 1.610803094128452354e-05
1.553863806298593998e-06 1.683613432158165557e-01 5.386741817377315167e-01 6.864650023634767395e-01 1.619587180014359453e-05
1.554328704446913462e-06 1.709481592329291366e-01 5.259006414571638643e-01 6.953715936815835219e-01 1.605554931149648127e-05
1.555023575717160994e-06 1.679552418655202162e-01 5.332683329207608125e-01 6.881323013115318021e-01 1.617845579884903887e-05
1.555952381632907426e-06 1.703796173425142502e-01 5.183324531134051449e-01 6.977058122088605208e-01 1.603116690968410199e-05
1.554229306982098795e-06 1.687145411879886481e-01 5.351143792284743794e-01 6.884321440864189512e-01 1.616704844431318317e-05
1.555105665048129105e-06 1.686845428428301041e-01 5.321299755222512751e-01 6.914624505318746062e-01 1.613231336180758935e-05
1.554790149706100931e-06 1.679096094729526090e-01 5.332730029730969878e-01 6.887736890193859596e-01 1.616343735875930691e-05
1.554865109662007168e-06 1.700951891973814523e-01 5.252307329150183168e-01 6.930726221336200865e-01 1.605122922638079264e-05
1.554871451446765220e-06 1.707925796034974741e-01 5.233795582919064104e-01 6.950328674597942014e-01 1.610709747270769736e-05
1.553862334171247207e-06 1.682344905531896750e-01 5.375976820266735734e-01 6.874398498609418651e-01 1.617737015979495415e-05
1.554120430252971969e-06 1.662677851841168897e-01 5.412296723558863709e-01 6.858022730988556637e-01 1.614398800934951285e-05
1.554740022737851497e-06 1.700007405801058635e-01 5.265033282531028647e-01 6.934175134466299406e-01 1.611355331662001354e-05
1.554855821170875420e-06 1.684930502548005193e-01 5.323623170542893801e-01 6.914378083956601584e-01 1.612652340912614797e-05
1.554603408897252881e-06 1.678731035588985065e-01 5.332767390149659725e-01 6.892867991856692633e-01 1.615142260668752405e-05
1.554663376861977828e-06 1.696215673384415812e-01 5.268429229685029913e-01 6.927259456770565871e-01 1.606165610078471196e-05
1.553861156469369732e-06 1.681330084230881761e-01 5.367364822578272188e-01 6.882197278589139433e-01 1.616256884751603981e-05
1.554668450289784185e-06 1.701794796633344098e-01 5.253619832700134884e-01 6.942941419379958790e-01 1.610635069784623573e-05
1.555197844683330665e-06 1.694247038641746583e-01 5.237177759382581899e-01 6.954138461599597143e-01 1.605715771762196106e-05
1.554602308620334974e-06 1.670763223042645573e-01 5.344345919933698452e-01 6.897873137696634016e-01 1.609369867520205391e-05
1.553834699801589878e-06 1.668917454794602573e-01 5.403655257471701168e-01 6.864169965915811744e-01 1.615750803845836302e-05
1.554959294329026006e-06 1.689814361468496284e-01 5.266311321548178270e-01 6.938393974854935031e-01 1.607471902376832971e-05
1.554453136028640030e-06 1.672064738239480708e-01 5.342060102311843028e-01 6.900976989858912392e-01 1.609563165984171894e-05
1.554655946069072345e-06 1.683398561843768293e-01 5.325481902799198419e-01 6.914180946866885780e-01 1.612189144698099487e-05
1.554501990621954398e-06 1.692426698512896899e-01 5.281326750112907975e-01 6.924486045118057875e-01 1.606999760030784741e-05
1.554454016250174314e-06 1.678438988276552413e-01 5.332797278484611159e-01 6.896972873186959507e-01 1.614181080503009709e-05
1.554929564879036626e-06 1.690851790718761460e-01 5.256325573870949119e-01 6.945989248981282449e-01 1.606639889377764669e-05
1.553839048973643657e-06 1.670588123641046363e-01 5.389507572342243646e-01 6.874014452434250577e-01 1.614667915044677504e-05
1.554738724595592899e-06 1.687305648980161332e-01 5.279632423603425329e-01 6.933393659585551649e-01 1.608044793869474432e-05
1.553975783735216126e-06 1.676229586869353028e-01 5.334745485921903452e-01 6.910909316778202083e-01 1.610181721068865314e-05
1.554615384060985967e-06 1.681131797122910887e-01 5.328797542701727563e-01 6.911540155465291102e-01 1.611663948955313833e-05
1.554492219703291609e-06 1.688354306458213772e-01 5.293473420552694542e-01 6.919784234066228557e-01 1.607512441221462172e-05
1.554453840205867499e-06 1.677164138269137961e-01 5.334649843250057755e-01 6.897773696521349862e-01 1.613257497599242010e-05
1.554834279108957307e-06 1.687094380222905199e-01 5.273472479559128123e-01 6.936986797156808882e-01 1.607224544699046182e-05
1.553961866384643186e-06 1.670883446560733898e-01 5.380018078336162857e-01 6.879406959919184272e-01 1.613646965232576043e-05
1.554114538611397998e-06 1.673720359951613723e-01 5.361372598550180335e-01 6.889483431435767802e-01 1.612523041639208097e-05
1.554681606882202494e-06 1.684257466832025374e-01 5.292117959345110645e-01 6.926910325640225352e-01 1.608348468292414128e-05
1.554433411958267076e-06 1.683651019939655658e-01 5.301827961083255270e-01 6.930274712202193488e-01 1.605650400609648791e-05
1.554199079262061222e-06 1.680691050212580751e-01 5.296892428984195655e-01 6.924002075953014090e-01 1.604838529915310680e-05
1.554927997798568847e-06 1.687377845803429699e-01 5.275803262988936204e-01 6.929870018310027024e-01 1.604183481340338023e-05
1.554142421196302969e-06 1.678180532182816376e-01 5.324430596908633628e-01 6.914227439546271059e-01 1.609132029116373106e-05
1.554761360337482004e-06 1.685426900489966351e-01 5.286118152002206028e-01 6.926551895541958048e-01 1.605233173292830231e-05
1.554601548927204207e-06 1.680666764953251124e-01 5.302436864195164690e-01 6.909015496221941888e-01 1.608547910872827258e-05
1.554462835927831074e-06 1.683128775317034864e-01 5.301934519127839973e-01 6.926554349405649180e-01 1.606157464905705226e-05
1.554257707350307300e-06 1.682223701461707244e-01 5.296208627297895877e-01 6.923158507575657428e-01 1.605373312176540978e-05
1.554460952763570261e-06 1.675322651883227321e-01 5.332342765960013109e-01 6.904738438700375180e-01 1.609153021031630085e-05
1.554643729446420275e-06 1.685076834757263109e-01 5.292389051586627868e-01 6.925485107325426437e-01 1.608181262878223872e-05
1.554707532210643883e-06 1.686012381683615891e-01 5.287589205712304175e-01 6.925198363246811706e-01 1.605689026878556484e-05
1.554445173507271898e-06 1.684591677243367225e-01 5.300157052977143568e-01 6.928176616575000279e-01 1.606022808732011399e-05
1.554557592123604148e-06 1.695180908758439908e-01 5.255584177290654191e-01 6.943982692815273694e-01 1.603958519723088012e-05
1.554477864651576139e-06 1.678797846836389551e-01 5.318910012942875687e-01 6.911606183170482254e-01 1.608243983302634985e-05
1.554308469522816056e-06 1.682915130716053920e-01 5.306146276206538115e-01 6.917684454528247873e-01 1.604955366046258129e-05
1.554452343868182435e-06 1.682729669619024704e-01 5.300773964107781122e-01 6.910796080459972179e-01 1.606686843118170107e-05
1.554446428320431041e-06 1.684265825909107284e-01 5.300265012425005029e-01 6.925135022754870251e-01 1.606139014749589122e-05
1.554304609820904077e-06 1.683449822461008660e-01 5.295661585948855388e-01 6.922483652873772098e-01 1.605801137985525353e-05
1.554480735661919190e-06 1.680709138760754506e-01 5.313822694464839236e-01 6.913241793349631514e-01 1.608097674886400558e-05
1.554345219558911209e-06 1.684002965864485890e-01 5.303611705075769178e-01 6.918104410435843565e-01 1.605466781081298869e-05
1.554664469709173343e-06 1.686480766638535356e-01 5.288766048680382248e-01 6.924115537410695520e-01 1.606053709747137554e-05
1.554454582746475840e-06 1.685344203086336645e-01 5.298820326492253985e-01 6.926498140073246157e-01 1.606320735229901554e-05
1.554613427497794500e-06 1.685732329097453241e-01 5.292605925379841869e-01 6.924344932673585085e-01 1.608047498546871735e-05
1.554530988129136388e-06 1.691035432335864230e-01 5.273908228356772865e-01 6.933648805489378564e-01 1.605396534205958518e-05
1.554489529843682221e-06 1.682516240136398555e-01 5.306837662895926844e-01 6.916813020474087415e-01 1.607624975267323404e-05
1.554522193947373357e-06 1.689228330960220181e-01 5.280893259925685257e-01 6.930077578364922664e-01 1.605869233825035671e-05
1.554495246061828339e-06 1.683690856030567173e-01 5.302297392376134066e-01 6.919134318104983583e-01 1.607317720514922933e-05
1.554495246061828339e-06 1.683690856030567173e-01 5.302297392376134066e-01 6.919134318104983583e-01 1.607317720514922933e-05
