1.126000000000000112e+00 2.607818061577015997e-02
1.126987992296117014e+00 2.501142699899096267e-02
1.127977719913760390e+00 2.205062614930646675e-02
1.128969187428857879e+00 2.028560379890475759e-02
1.129962399433440456e+00 2.096575027178034303e-02
1.130957360535711942e+00 2.447540740957293570e-02
1.131954075360122047e+00 3.172099745301128204e-02
1.132952548547436100e+00 4.491940558298920805e-02
1.133952784754808318e+00 6.451965687586844189e-02
1.134954788655853974e+00 8.352704294070632807e-02
1.135958564940721782e+00 9.072957804048138730e-02
1.136964118316167838e+00 8.273117870224698522e-02
1.137971453505628228e+00 6.930615502473018441e-02
1.138980575249294080e+00 7.068732496523366660e-02
1.139991488304184397e+00 1.129096164608076047e-01
1.141004197444223101e+00 2.099860990830171026e-01
1.142018707460311200e+00 3.379504552452420874e-01
1.143035023160405395e+00 4.419294906979286952e-01
1.144053149369591793e+00 4.837573159302488990e-01
1.145073090930163184e+00 4.734839549654952795e-01
1.146094852701695865e+00 4.498825183909604397e-01
1.147118439561126468e+00 4.438463969269978437e-01
1.148143856402830121e+00 4.623892887950399322e-01
1.149171108138697273e+00 4.925886088836499144e-01
1.150200199698214076e+00 5.146914356444645122e-01
1.151231136028538549e+00 5.165059366891829873e-01
1.152263922094582727e+00 4.979863461182670870e-01
1.153298562879090827e+00 4.656403126315812879e-01
1.154335063382718740e+00 4.280986469650104875e-01
1.155373428624115739e+00 3.948480778528045687e-01
1.156413663640005973e+00 3.719245588425205695e-01
1.157455773485268402e+00 3.562562618324039976e-01
1.158499763233019175e+00 3.358959456122028175e-01
1.159545637974695120e+00 2.989652575896301623e-01
1.160593402820134123e+00 2.455452141121128862e-01
1.161643062897660617e+00 1.897343418236168699e-01
1.162694623354169066e+00 1.472081334827083643e-01
1.163748089355205462e+00 1.220634280144072548e-01
1.164803466085055916e+00 1.064353895674097772e-01
1.165860758746828818e+00 8.928694967330522148e-02
1.166919972562540542e+00 6.563623588332544168e-02
1.167981112773203378e+00 4.125066439333022195e-02
1.169044184638909245e+00 2.731553416432361617e-02
1.170109193438919171e+00 2.788494514795239812e-02
1.171176144471748781e+00 3.557492904094104735e-02
1.172245043055257785e+00 4.107139889251156667e-02
1.173315894526736125e+00 4.204343033709847383e-02
1.174388704242995241e+00 4.069361553283170480e-02
1.175463477580455329e+00 3.702128635909169435e-02
1.176540219935237941e+00 2.832048891445389932e-02
1.177618936723252130e+00 1.509510990428115061e-02
1.178699633380288825e+00 4.602164245566317015e-03
1.179782315362111200e+00 4.930637075011659078e-03
1.180866988144545493e+00 1.539378965695334042e-02
1.181953657223574483e+00 2.629313719222014720e-02
1.183042328115429642e+00 2.899721259277789065e-02
1.184133006356684392e+00 2.354079320891688462e-02
1.185225697504348696e+00 1.602509479557803068e-02
1.186320407135962984e+00 1.103387259862875433e-02
1.187417140849692743e+00 7.854341771825219115e-03
1.188515904264424883e+00 3.889217055900290407e-03
1.189616703019862110e+00 3.064640310629033874e-04
1.190719542776621509e+00 1.668863322888021038e-03
1.191824429216329584e+00 9.676574522250697835e-03
1.192931368041720619e+00 2.017562822088809701e-02
1.194040364976735713e+00 2.736550927811025324e-02
1.195151425766620035e+00 2.881102659255321830e-02
1.196264556178022742e+00 2.555300516133450842e-02
1.197379761999095793e+00 1.921709271651078285e-02
1.198497049039596751e+00 1.089887318545086463e-02
1.199616423130986265e+00 3.000904146400110335e-03
1.200737890126532648e+00 5.230516759974181888e-05
1.201861455901411802e+00 5.123150652836507002e-03
1.202987126352810021e+00 1.585331740513714130e-02
1.204114907400029022e+00 2.650679146264480271e-02
1.205244804984587415e+00 3.387273225764308310e-02
1.206376825070326175e+00 3.891736693605097469e-02
1.207510973643513230e+00 4.253546842871451517e-02
1.208647256712948925e+00 4.198119289512573099e-02
1.209785680310073053e+00 3.342213922960560191e-02
1.210926250489070988e+00 1.818738840152298031e-02
1.212068973326979604e+00 4.673861432323465730e-03
1.213213854923797186e+00 1.769762139131246048e-03
1.214360901402591786e+00 1.038321616690367731e-02
1.215510118909608916e+00 2.303059187186459397e-02
1.216661513614383239e+00 3.154913474632227433e-02
1.217815091709847364e+00 3.369069889075556462e-02
1.218970859412443097e+00 3.239039307776928750e-02
1.220128822962234905e+00 3.035299030161087153e-02
1.221288988623019378e+00 2.661701940257581861e-02
1.222451362682440701e+00 1.879802251977501226e-02
1.223615951452102335e+00 8.122000902506344711e-03
1.224782761267683151e+00 6.568324206771302722e-04
1.225951798489049782e+00 2.488517113899172198e-03
1.227123069500375196e+00 1.407187468757226459e-02
1.228296580710252384e+00 2.977927860752026604e-02
1.229472338551812483e+00 4.237788938406716888e-02
1.230650349482842243e+00 4.738986734344389357e-02
1.231830619985901931e+00 4.405339984507961049e-02
1.233013156568444346e+00 3.420507704899161672e-02
1.234197965762934945e+00 2.152079037845498061e-02
1.235385054126971083e+00 1.074425544535629294e-02
1.236574428243403911e+00 5.531382479558540934e-03
1.237766094720459620e+00 6.395504527538113659e-03
1.238960060191861778e+00 1.133740548391550494e-02
1.240156331316954574e+00 1.829560989244086167e-02
1.241354914780826935e+00 2.619210049731633336e-02
1.242555817294437093e+00 3.382500137944041002e-02
1.243759045594736268e+00 3.884425079618084031e-02
1.244964606444796784e+00 3.851701437437253517e-02
1.246172506633937749e+00 3.176508133602113509e-02
1.247382752977852505e+00 2.068475905280452165e-02
1.248595352318737195e+00 9.870479745852901721e-03
1.249810311525418882e+00 3.560049723169406329e-03
1.251027637493486333e+00 3.065871424289281621e-03
1.252247337145420136e+00 7.073429374144804549e-03
1.253469417430722599e+00 1.415195993411129394e-02
1.254693885326052527e+00 2.422762065530765369e-02
1.255920747835354900e+00 3.739156891892454065e-02
1.257150011989997207e+00 5.188066902781537232e-02
1.258381684848900894e+00 6.382842835781896151e-02
1.259615773498678593e+00 6.917776144800287519e-02
1.260852285053770450e+00 6.609310543852939257e-02
1.262091226656578691e+00 5.602463222307905305e-02
1.263332605477606396e+00 4.274984244742641160e-02
1.264576428715595835e+00 3.022689917337955182e-02
1.265822703597668353e+00 2.084854483641789685e-02
1.267071437379462040e+00 1.503773764506355880e-02
1.268322637345275172e+00 1.188769459918495065e-02
1.269576310808206099e+00 1.005997749490666893e-02
1.270832465110296461e+00 8.476238380220123270e-03
1.272091107622674411e+00 6.652511719464100984e-03
1.273352245745698719e+00 4.630776255451900594e-03
1.274615886909103546e+00 2.674411332927438458e-03
1.275882038572145216e+00 1.080048129829777256e-03
1.277150708223747877e+00 2.422964931897422184e-04
1.278421903382652269e+00 6.916955795487841636e-04
1.279695631597562944e+00 2.798504095923613072e-03
1.280971900447299028e+00 6.270632681110078870e-03
1.282250717540943441e+00 9.943007656997208607e-03
1.283532090517995217e+00 1.223958914102190633e-02
1.284816027048520271e+00 1.213370406788816247e-02
1.286102534833305722e+00 9.862213689454599197e-03
1.287391621604013325e+00 6.703484991981903743e-03
1.288683295123334016e+00 3.984054538491867310e-03
1.289977563185144005e+00 2.262683590489823846e-03
1.291274433614661987e+00 1.384089302149048642e-03
1.292573914268606350e+00 1.128068966006834069e-03
1.293876013035353711e+00 1.658876758727132437e-03
1.295180737835098794e+00 3.346961911364033145e-03
1.296488096620015629e+00 6.236046669473263582e-03
1.297798097374417203e+00 9.748295835396748876e-03
1.299110748114920444e+00 1.292056991901560127e-02
1.300426056890607862e+00 1.491868780544827744e-02
1.301744031783193201e+00 1.538383437800920107e-02
1.303064680907186412e+00 1.445168598716048240e-02
1.304388012410060194e+00 1.259750028890377523e-02
1.305714034472417628e+00 1.046700138904734997e-02
1.307042755308160942e+00 8.705094978742536696e-03
1.308374183164660698e+00 7.776177213913458564e-03
1.309708326322927663e+00 7.873688012318925608e-03
1.311045193097781558e+00 9.005713360646884144e-03
1.312384791838027587e+00 1.116036988115274436e-02
1.313727130926627851e+00 1.434211899866354688e-02
1.315072218780876323e+00 1.839162670428045460e-02
1.316420063852575595e+00 2.273722341276066677e-02
1.317770674628213401e+00 2.637424509774759576e-02
1.319124059629140922e+00 2.824651326902669068e-02
1.320480227411752194e+00 2.780539854128673272e-02
1.321839186567663527e+00 2.528427646281889915e-02
1.323200945723896238e+00 2.151866656203473352e-02
1.324565513543057849e+00 1.755393869328870232e-02
1.325932898723527265e+00 1.429354771268609610e-02
1.327303109999638409e+00 1.228184019484048449e-02
1.328676156141866516e+00 1.168232224218591388e-02
1.330052045957015094e+00 1.241113879353621281e-02
1.331430788288405109e+00 1.424413388386696483e-02
1.332812392016063274e+00 1.681759627788733877e-02
1.334196866056913677e+00 1.961669325022514718e-02
1.335584219364968961e+00 2.203218273170661282e-02
1.336974460931523057e+00 2.351282762179588912e-02
1.338367599785346362e+00 2.378990588807418718e-02
1.339763644992881142e+00 2.300554300360072718e-02
1.341162605658436702e+00 2.157961029492624222e-02
1.342564490924390119e+00 1.992321412027418803e-02
1.343969309971381643e+00 1.827624090571319457e-02
1.345377072018519193e+00 1.678053685127944492e-02
1.346787786323576430e+00 1.562171736577375181e-02
1.348201462183198140e+00 1.501222005459018453e-02
1.349618108933102745e+00 1.506094592068438036e-02
1.351037735948290130e+00 1.579505960519687544e-02
1.352460352643244823e+00 1.733943214671168978e-02
1.353885968472148260e+00 1.993257581721359639e-02
1.355314592929085071e+00 2.363586554037934440e-02
1.356746235548255131e+00 2.795705165109030679e-02
1.358180905904185831e+00 3.176260830916835531e-02
1.359618613611944804e+00 3.378068138186780811e-02
1.361059368327355079e+00 3.344464898896974681e-02
1.362503179747211357e+00 3.121927399064810052e-02
1.363950057609498057e+00 2.808638896506955238e-02
1.365400011693606253e+00 2.495171437171674750e-02
1.366853051820556830e+00 2.254940707405084926e-02
1.368309187853220088e+00 2.150282735121492733e-02
1.369768429696540002e+00 2.219428136120849340e-02
1.371230787297757381e+00 2.453127429570678072e-02
1.372696270646638572e+00 2.777554520046376582e-02
1.374164889775699727e+00 3.071151574858779765e-02
1.375636654760438393e+00 3.225094776190150225e-02
1.377111575719562442e+00 3.193819460653105763e-02
1.378589662815221883e+00 2.997708742171877744e-02
1.380070926253243568e+00 2.712598742446812802e-02
1.381555376283364778e+00 2.457218056896797939e-02
1.383043023199470367e+00 2.345335507814977349e-02
1.384533877339829910e+00 2.423943895423250408e-02
1.386027949087338174e+00 2.653748959205939548e-02
1.387525248869755812e+00 2.938046421577264825e-02
1.389025787159951619e+00 3.170071963839415224e-02
1.390529574476147223e+00 3.266083737332085846e-02
1.392036621382161998e+00 3.175463202247737898e-02
1.393546938487661091e+00 2.906728384366763507e-02
1.395060536448405220e+00 2.568182823363534054e-02
1.396577425966499586e+00 2.343039654035385805e-02
1.398097617790646341e+00 2.399130895645986555e-02
1.399621122716400601e+00 2.832750432051600251e-02
1.401147951586422913e+00 3.664130019401835164e-02
1.402678115290738603e+00 4.841635325536680634e-02
1.404211624766996236e+00 6.249100689549553361e-02
1.405748491000727851e+00 7.682358454034585171e-02
1.407288725025611198e+00 8.829031557146350961e-02
1.408832337923734634e+00 9.427920130722684811e-02
1.410379340825861805e+00 9.546483099830137264e-02
1.411929744911700313e+00 9.605040294468990270e-02
1.413483561410169731e+00 1.008598640387504686e-01
1.415040801599673825e+00 1.128126858522002646e-01
1.416601476808373228e+00 1.326614054737136617e-01
1.418165598414459661e+00 1.601689472502506595e-01
1.419733177846432826e+00 1.949944657173559581e-01
1.421304226583378183e+00 2.349476234427891330e-01
1.422878756155248059e+00 2.735070871000219728e-01
1.424456778143142976e+00 3.033362660232380992e-01
1.426038304179596539e+00 3.245752706500905638e-01
1.427623345948860090e+00 3.461020696566963206e-01
1.429211915187190263e+00 3.752048010188270832e-01
1.430804023683140525e+00 4.051191138274121695e-01
1.432399683277851388e+00 4.122733931103348404e-01
1.433998905865343287e+00 3.706815859794977963e-01
1.435601703392814343e+00 2.780713730314753884e-01
1.437208087860935457e+00 1.670772179169889293e-01
1.438818071324151404e+00 8.173679648384994667e-02
1.440431665890981705e+00 4.297530887746484063e-02
1.442048883724324604e+00 4.153191067925809943e-02
1.443669737041762158e+00 5.663267780077464730e-02
1.445294238115867769e+00 7.143150619022591019e-02
1.446922399274517490e+00 7.597415950787975158e-02
1.448554232901199557e+00 6.684548958193775592e-02
1.450189751435329688e+00 4.691004983900709524e-02
1.451828967372567725e+00 2.382804442415055110e-02
1.453471893265134263e+00 6.790441654805526132e-03
1.455118541722132175e+00 7.329416333096789790e-04
1.456768925409868798e+00 2.888956978925870736e-03
1.458423057052181004e+00 7.769408853631237094e-03
1.460080949430762276e+00 1.399785185165995822e-02
1.461742615385490884e+00 2.295780480244764832e-02
1.463408067814762958e+00 3.317950410565971564e-02
1.465077319675824219e+00 3.939381885080707468e-02
1.466750383985108819e+00 3.650740799160056421e-02
1.468427273818574630e+00 2.457198110346763345e-02
1.470108002312046080e+00 1.035597405016228274e-02
1.471792582661556104e+00 1.816552016148417379e-03
1.473481028123691416e+00 6.677251486572562990e-04
1.475173352015941353e+00 2.823610811755637804e-03
1.476869567717046916e+00 4.935172416101872399e-03
1.478569688667353610e+00 7.296027548091083871e-03
1.480273728369166264e+00 1.126237558924346981e-02
1.481981700387106970e+00 1.610036283796145370e-02
1.483693618348475241e+00 1.856895737811066829e-02
1.485409495943609492e+00 1.596287381062842445e-02
1.487129346926251872e+00 9.547900740713632581e-03
1.488853185113917732e+00 3.466563614787545287e-03
1.490581024388262232e+00 4.377519299712252484e-04
1.492312878695457590e+00 6.557163770334554630e-05
1.494048762046563450e+00 6.388131629271088813e-04
1.495788688517908360e+00 1.290778360401865707e-03
1.497532672251467467e+00 2.738139716878216189e-03
1.499280727455248874e+00 5.924198477011999656e-03
1.501032868403676668e+00 9.887821455337172244e-03
1.502789109437979942e+00 1.206515777929482829e-02
1.504549464966586036e+00 1.078593443636571315e-02
1.506313949465511781e+00 6.743150243215662726e-03
1.508082577478762509e+00 2.626451747133701827e-03
1.509855363618730850e+00 1.310278178534096585e-03
1.511632322566598186e+00 3.067795428372491889e-03
1.513413469072741879e+00 5.052390418019452739e-03
1.515198817957142063e+00 4.619558503953890942e-03
1.516988384109793087e+00 2.134440390735131352e-03
1.518782182491116739e+00 1.273217384934028870e-04
1.520580228132380585e+00 8.287230280724920987e-04
1.522382536136117182e+00 4.033887521847008203e-03
1.524189121676545966e+00 6.738379868420963682e-03
1.526000000000000023e+00 6.221483555274212769e-03
