1.248595352318737093e-06
1.287391621604013417e-06
1.249810311525418887e-06
1.249810311525418887e-06
1.248595352318737093e-06
1.126000000000000104e-06
1.265822703597668247e-06
1.272091107622674351e-06
1.280971900447299066e-06
1.291274433614661881e-06
1.299110748114920352e-06
1.304388012410060175e-06
1.309708326322927561e-06
1.317770674628213457e-06
1.323200945723896198e-06
1.334196866056913768e-06
1.349618108933102721e-06
1.341162605658436773e-06
1.134954788655854050e-06
1.312384791838027629e-06
1.303064680907186321e-06
1.341162605658436773e-06
1.323200945723896198e-06
1.320480227411752092e-06
1.307042755308160881e-06
1.313727130926627750e-06
1.335584219364968925e-06
1.327303109999638356e-06
1.328676156141866573e-06
1.304388012410060175e-06
1.334196866056913768e-06
1.332812392016063374e-06
1.334196866056913768e-06
1.348201462183198058e-06
1.341162605658436773e-06
1.327303109999638356e-06
1.324565513543057953e-06
1.323200945723896198e-06
1.307042755308160881e-06
1.313727130926627750e-06
1.328676156141866573e-06
1.330052045957015075e-06
1.320480227411752092e-06
1.339763644992881126e-06
1.319124059629140845e-06
1.307042755308160881e-06
1.332812392016063374e-06
1.332812392016063374e-06
1.321839186567663530e-06
1.328676156141866573e-06
1.330052045957015075e-06
1.330052045957015075e-06
1.324565513543057953e-06
1.316420063852575555e-06
1.319124059629140845e-06
1.328676156141866573e-06
1.325932898723527278e-06
1.325932898723527278e-06
1.334196866056913768e-06
1.321839186567663530e-06
1.331430788288405141e-06
1.323200945723896198e-06
1.321839186567663530e-06
1.320480227411752092e-06
1.327303109999638356e-06
1.324565513543057953e-06
1.328676156141866573e-06
1.330052045957015075e-06
1.328676156141866573e-06
1.330052045957015075e-06
1.325932898723527278e-06
1.325932898723527278e-06
1.332812392016063374e-06
1.324565513543057953e-06
1.330052045957015075e-06
1.328676156141866573e-06
1.325932898723527278e-06
1.325932898723527278e-06
1.324565513543057953e-06
1.323200945723896198e-06
1.324565513543057953e-06
1.319124059629140845e-06
1.327303109999638356e-06
1.325932898723527278e-06
1.325932898723527278e-06
1.321839186567663530e-06
1.325932898723527278e-06
1.325932898723527278e-06
1.324565513543057953e-06
1.325932898723527278e-06
1.325932898723527278e-06
1.328676156141866573e-06
1.327303109999638356e-06
1.324565513543057953e-06
1.324565513543057953e-06
1.327303109999638356e-06
1.327303109999638356e-06
1.327303109999638356e-06
1.324565513543057953e-06
1.327303109999638356e-06
1.324565513543057953e-06
1.325932898723527278e-06
1.325932898723527278e-06
1.325932898723527278e-06
1.325932898723527278e-06
1.324565513543057953e-06
1.325932898723527278e-06
1.325932898723527278e-06
1.327303109999638356e-06
1.327303109999638356e-06
1.325932898723527278e-06
1.327303109999638356e-06
1.325932898723527278e-06
1.325932898723527278e-06
1.325932898723527278e-06
1.325932898723527278e-06
1.325932898723527278e-06
1.325932898723527278e-06
1.325932898723527278e-06
1.324565513543057953e-06
1.325932898723527278e-06
1.325932898723527278e-06
1.325932898723527278e-06
1.325932898723527278e-06
1.325932898723527278e-06
1.325932898723527278e-06
1.327303109999638356e-06
1.325932898723527278e-06
1.325932898723527278e-06
1.325932898723527278e-06
1.325932898723527278e-06
1.325932898723527278e-06
1.324565513543057953e-06
1.325932898723527278e-06
1.325932898723527278e-06
1.325932898723527278e-06
1.325932898723527278e-06
1.325932898723527278e-06
1.324565513543057953e-06
1.325932898723527278e-06
1.325932898723527278e-06
1.325932898723527278e-06
1.325932898723527278e-06
1.325932898723527278e-06
1.325932898723527278e-06
1.325932898723527278e-06
1.325932898723527278e-06
1.325932898723527278e-06
1.325932898723527278e-06
1.325932898723527278e-06
1.325932898723527278e-06
1.325932898723527278e-06
1.325932898723527278e-06
1.325932898723527278e-06
1.325932898723527278e-06
1.325932898723527278e-06
1.325932898723527278e-06
1.325932898723527278e-06
1.325932898723527278e-06
1.325932898723527278e-06
1.325932898723527278e-06
1.325932898723527278e-06
1.325932898723527278e-06
1.325932898723527278e-06
1.325932898723527278e-06
1.325932898723527278e-06
1.325932898723527278e-06
1.325932898723527278e-06
1.325932898723527278e-06
1.325932898723527278e-06
1.325932898723527278e-06
1.325932898723527278e-06
1.325932898723527278e-06
1.325932898723527278e-06
1.325932898723527278e-06
1.325932898723527278e-06
1.325932898723527278e-06
1.325932898723527278e-06
1.325932898723527278e-06
1.325932898723527278e-06
1.325932898723527278e-06
1.325932898723527278e-06
1.325932898723527278e-06
1.325932898723527278e-06
1.325932898723527278e-06
1.325932898723527278e-06
1.325932898723527278e-06
1.325932898723527278e-06
1.325932898723527278e-06
1.325932898723527278e-06
1.325932898723527278e-06
1.325932898723527278e-06
1.325932898723527278e-06
1.325932898723527278e-06
1.325932898723527278e-06
1.325932898723527278e-06
1.325932898723527278e-06
1.325932898723527278e-06
1.325932898723527278e-06
1.325932898723527278e-06
1.325932898723527278e-06
1.325932898723527278e-06
1.325932898723527278e-06
1.325932898723527278e-06
1.325932898723527278e-06
1.325932898723527278e-06
1.325932898723527278e-06
1.325932898723527278e-06
