1.126000000000000112e+00 0.000000000000000000e+00
1.126987992296117014e+00 0.000000000000000000e+00
1.127977719913760390e+00 0.000000000000000000e+00
1.128969187428857879e+00 0.000000000000000000e+00
1.129962399433440456e+00 0.000000000000000000e+00
1.130957360535711942e+00 0.000000000000000000e+00
1.131954075360122047e+00 0.000000000000000000e+00
1.132952548547436100e+00 0.000000000000000000e+00
1.133952784754808318e+00 0.000000000000000000e+00
1.134954788655853974e+00 0.000000000000000000e+00
1.135958564940721782e+00 0.000000000000000000e+00
1.136964118316167838e+00 0.000000000000000000e+00
1.137971453505628228e+00 0.000000000000000000e+00
1.138980575249294080e+00 0.000000000000000000e+00
1.139991488304184397e+00 0.000000000000000000e+00
1.141004197444223101e+00 0.000000000000000000e+00
1.142018707460311200e+00 0.000000000000000000e+00
1.143035023160405395e+00 0.000000000000000000e+00
1.144053149369591793e+00 0.000000000000000000e+00
1.145073090930163184e+00 0.000000000000000000e+00
1.146094852701695865e+00 0.000000000000000000e+00
1.147118439561126468e+00 0.000000000000000000e+00
1.148143856402830121e+00 0.000000000000000000e+00
1.149171108138697273e+00 0.000000000000000000e+00
1.150200199698214076e+00 0.000000000000000000e+00
1.151231136028538549e+00 0.000000000000000000e+00
1.152263922094582727e+00 0.000000000000000000e+00
1.153298562879090827e+00 0.000000000000000000e+00
1.154335063382718740e+00 0.000000000000000000e+00
1.155373428624115739e+00 0.000000000000000000e+00
1.156413663640005973e+00 0.000000000000000000e+00
1.157455773485268402e+00 0.000000000000000000e+00
1.158499763233019175e+00 0.000000000000000000e+00
1.159545637974695120e+00 0.000000000000000000e+00
1.160593402820134123e+00 0.000000000000000000e+00
1.161643062897660617e+00 0.000000000000000000e+00
1.162694623354169066e+00 0.000000000000000000e+00
1.163748089355205462e+00 0.000000000000000000e+00
1.164803466085055916e+00 0.000000000000000000e+00
1.165860758746828818e+00 0.000000000000000000e+00
1.166919972562540542e+00 0.000000000000000000e+00
1.167981112773203378e+00 0.000000000000000000e+00
1.169044184638909245e+00 0.000000000000000000e+00
1.170109193438919171e+00 0.000000000000000000e+00
1.171176144471748781e+00 0.000000000000000000e+00
1.172245043055257785e+00 0.000000000000000000e+00
1.173315894526736125e+00 0.000000000000000000e+00
1.174388704242995241e+00 0.000000000000000000e+00
1.175463477580455329e+00 0.000000000000000000e+00
1.176540219935237941e+00 0.000000000000000000e+00
1.177618936723252130e+00 0.000000000000000000e+00
1.178699633380288825e+00 0.000000000000000000e+00
1.179782315362111200e+00 0.000000000000000000e+00
1.180866988144545493e+00 0.000000000000000000e+00
1.181953657223574483e+00 0.000000000000000000e+00
1.183042328115429642e+00 0.000000000000000000e+00
1.184133006356684392e+00 0.000000000000000000e+00
1.185225697504348696e+00 0.000000000000000000e+00
1.186320407135962984e+00 0.000000000000000000e+00
1.187417140849692743e+00 0.000000000000000000e+00
1.188515904264424883e+00 0.000000000000000000e+00
1.189616703019862110e+00 0.000000000000000000e+00
1.190719542776621509e+00 0.000000000000000000e+00
1.191824429216329584e+00 0.000000000000000000e+00
1.192931368041720619e+00 0.000000000000000000e+00
1.194040364976735713e+00 0.000000000000000000e+00
1.195151425766620035e+00 0.000000000000000000e+00
1.196264556178022742e+00 0.000000000000000000e+00
1.197379761999095793e+00 0.000000000000000000e+00
1.198497049039596751e+00 0.000000000000000000e+00
1.199616423130986265e+00 0.000000000000000000e+00
1.200737890126532648e+00 0.000000000000000000e+00
1.201861455901411802e+00 0.000000000000000000e+00
1.202987126352810021e+00 0.000000000000000000e+00
1.204114907400029022e+00 0.000000000000000000e+00
1.205244804984587415e+00 0.000000000000000000e+00
1.206376825070326175e+00 0.000000000000000000e+00
1.207510973643513230e+00 0.000000000000000000e+00
1.208647256712948925e+00 0.000000000000000000e+00
1.209785680310073053e+00 0.000000000000000000e+00
1.210926250489070988e+00 0.000000000000000000e+00
1.212068973326979604e+00 0.000000000000000000e+00
1.213213854923797186e+00 0.000000000000000000e+00
1.214360901402591786e+00 0.000000000000000000e+00
1.215510118909608916e+00 0.000000000000000000e+00
1.216661513614383239e+00 0.000000000000000000e+00
1.217815091709847364e+00 0.000000000000000000e+00
1.218970859412443097e+00 0.000000000000000000e+00
1.220128822962234905e+00 0.000000000000000000e+00
1.221288988623019378e+00 0.000000000000000000e+00
1.222451362682440701e+00 0.000000000000000000e+00
1.223615951452102335e+00 0.000000000000000000e+00
1.224782761267683151e+00 0.000000000000000000e+00
1.225951798489049782e+00 0.000000000000000000e+00
1.227123069500375196e+00 0.000000000000000000e+00
1.228296580710252384e+00 0.000000000000000000e+00
1.229472338551812483e+00 0.000000000000000000e+00
1.230650349482842243e+00 0.000000000000000000e+00
1.231830619985901931e+00 0.000000000000000000e+00
1.233013156568444346e+00 0.000000000000000000e+00
1.234197965762934945e+00 0.000000000000000000e+00
1.235385054126971083e+00 0.000000000000000000e+00
1.236574428243403911e+00 0.000000000000000000e+00
1.237766094720459620e+00 0.000000000000000000e+00
1.238960060191861778e+00 0.000000000000000000e+00
1.240156331316954574e+00 0.000000000000000000e+00
1.241354914780826935e+00 0.000000000000000000e+00
1.242555817294437093e+00 0.000000000000000000e+00
1.243759045594736268e+00 0.000000000000000000e+00
1.244964606444796784e+00 0.000000000000000000e+00
1.246172506633937749e+00 0.000000000000000000e+00
1.247382752977852505e+00 0.000000000000000000e+00
1.248595352318737195e+00 0.000000000000000000e+00
1.249810311525418882e+00 0.000000000000000000e+00
1.251027637493486333e+00 0.000000000000000000e+00
1.252247337145420136e+00 0.000000000000000000e+00
1.253469417430722599e+00 0.000000000000000000e+00
1.254693885326052527e+00 0.000000000000000000e+00
1.255920747835354900e+00 0.000000000000000000e+00
1.257150011989997207e+00 0.000000000000000000e+00
1.258381684848900894e+00 0.000000000000000000e+00
1.259615773498678593e+00 0.000000000000000000e+00
1.260852285053770450e+00 0.000000000000000000e+00
1.262091226656578691e+00 0.000000000000000000e+00
1.263332605477606396e+00 0.000000000000000000e+00
1.264576428715595835e+00 0.000000000000000000e+00
1.265822703597668353e+00 0.000000000000000000e+00
1.267071437379462040e+00 0.000000000000000000e+00
1.268322637345275172e+00 0.000000000000000000e+00
1.269576310808206099e+00 0.000000000000000000e+00
1.270832465110296461e+00 0.000000000000000000e+00
1.272091107622674411e+00 0.000000000000000000e+00
1.273352245745698719e+00 0.000000000000000000e+00
1.274615886909103546e+00 0.000000000000000000e+00
1.275882038572145216e+00 0.000000000000000000e+00
1.277150708223747877e+00 0.000000000000000000e+00
1.278421903382652269e+00 0.000000000000000000e+00
1.279695631597562944e+00 0.000000000000000000e+00
1.280971900447299028e+00 0.000000000000000000e+00
1.282250717540943441e+00 0.000000000000000000e+00
1.283532090517995217e+00 0.000000000000000000e+00
1.284816027048520271e+00 0.000000000000000000e+00
1.286102534833305722e+00 0.000000000000000000e+00
1.287391621604013325e+00 0.000000000000000000e+00
1.288683295123334016e+00 0.000000000000000000e+00
1.289977563185144005e+00 0.000000000000000000e+00
1.291274433614661987e+00 0.000000000000000000e+00
1.292573914268606350e+00 0.000000000000000000e+00
1.293876013035353711e+00 0.000000000000000000e+00
1.295180737835098794e+00 0.000000000000000000e+00
1.296488096620015629e+00 0.000000000000000000e+00
1.297798097374417203e+00 0.000000000000000000e+00
1.299110748114920444e+00 0.000000000000000000e+00
1.300426056890607862e+00 0.000000000000000000e+00
1.301744031783193201e+00 0.000000000000000000e+00
1.303064680907186412e+00 0.000000000000000000e+00
1.304388012410060194e+00 0.000000000000000000e+00
1.305714034472417628e+00 0.000000000000000000e+00
1.307042755308160942e+00 0.000000000000000000e+00
1.308374183164660698e+00 0.000000000000000000e+00
1.309708326322927663e+00 0.000000000000000000e+00
1.311045193097781558e+00 0.000000000000000000e+00
1.312384791838027587e+00 0.000000000000000000e+00
1.313727130926627851e+00 0.000000000000000000e+00
1.315072218780876323e+00 0.000000000000000000e+00
1.316420063852575595e+00 0.000000000000000000e+00
1.317770674628213401e+00 0.000000000000000000e+00
1.319124059629140922e+00 0.000000000000000000e+00
1.320480227411752194e+00 0.000000000000000000e+00
1.321839186567663527e+00 0.000000000000000000e+00
1.323200945723896238e+00 0.000000000000000000e+00
1.324565513543057849e+00 0.000000000000000000e+00
1.325932898723527265e+00 0.000000000000000000e+00
1.327303109999638409e+00 0.000000000000000000e+00
1.328676156141866516e+00 0.000000000000000000e+00
1.330052045957015094e+00 0.000000000000000000e+00
1.331430788288405109e+00 0.000000000000000000e+00
1.332812392016063274e+00 0.000000000000000000e+00
1.334196866056913677e+00 0.000000000000000000e+00
1.335584219364968961e+00 0.000000000000000000e+00
1.336974460931523057e+00 0.000000000000000000e+00
1.338367599785346362e+00 0.000000000000000000e+00
1.339763644992881142e+00 0.000000000000000000e+00
1.341162605658436702e+00 0.000000000000000000e+00
1.342564490924390119e+00 0.000000000000000000e+00
1.343969309971381643e+00 0.000000000000000000e+00
1.345377072018519193e+00 0.000000000000000000e+00
1.346787786323576430e+00 0.000000000000000000e+00
1.348201462183198140e+00 0.000000000000000000e+00
1.349618108933102745e+00 0.000000000000000000e+00
1.351037735948290130e+00 0.000000000000000000e+00
1.352460352643244823e+00 0.000000000000000000e+00
1.353885968472148260e+00 0.000000000000000000e+00
1.355314592929085071e+00 0.000000000000000000e+00
1.356746235548255131e+00 0.000000000000000000e+00
1.358180905904185831e+00 0.000000000000000000e+00
1.359618613611944804e+00 0.000000000000000000e+00
1.361059368327355079e+00 0.000000000000000000e+00
1.362503179747211357e+00 0.000000000000000000e+00
1.363950057609498057e+00 0.000000000000000000e+00
1.365400011693606253e+00 0.000000000000000000e+00
1.366853051820556830e+00 0.000000000000000000e+00
1.368309187853220088e+00 0.000000000000000000e+00
1.369768429696540002e+00 0.000000000000000000e+00
1.371230787297757381e+00 0.000000000000000000e+00
1.372696270646638572e+00 0.000000000000000000e+00
1.374164889775699727e+00 0.000000000000000000e+00
1.375636654760438393e+00 0.000000000000000000e+00
1.377111575719562442e+00 0.000000000000000000e+00
1.378589662815221883e+00 0.000000000000000000e+00
1.380070926253243568e+00 0.000000000000000000e+00
1.381555376283364778e+00 0.000000000000000000e+00
1.383043023199470367e+00 0.000000000000000000e+00
1.384533877339829910e+00 0.000000000000000000e+00
1.386027949087338174e+00 0.000000000000000000e+00
1.387525248869755812e+00 0.000000000000000000e+00
1.389025787159951619e+00 0.000000000000000000e+00
1.390529574476147223e+00 0.000000000000000000e+00
1.392036621382161998e+00 0.000000000000000000e+00
1.393546938487661091e+00 0.000000000000000000e+00
1.395060536448405220e+00 0.000000000000000000e+00
1.396577425966499586e+00 0.000000000000000000e+00
1.398097617790646341e+00 0.000000000000000000e+00
1.399621122716400601e+00 0.000000000000000000e+00
1.401147951586422913e+00 0.000000000000000000e+00
1.402678115290738603e+00 0.000000000000000000e+00
1.404211624766996236e+00 0.000000000000000000e+00
1.405748491000727851e+00 0.000000000000000000e+00
1.407288725025611198e+00 0.000000000000000000e+00
1.408832337923734634e+00 0.000000000000000000e+00
1.410379340825861805e+00 0.000000000000000000e+00
1.411929744911700313e+00 0.000000000000000000e+00
1.413483561410169731e+00 0.000000000000000000e+00
1.415040801599673825e+00 0.000000000000000000e+00
1.416601476808373228e+00 0.000000000000000000e+00
1.418165598414459661e+00 0.000000000000000000e+00
1.419733177846432826e+00 0.000000000000000000e+00
1.421304226583378183e+00 0.000000000000000000e+00
1.422878756155248059e+00 0.000000000000000000e+00
1.424456778143142976e+00 0.000000000000000000e+00
1.426038304179596539e+00 0.000000000000000000e+00
1.427623345948860090e+00 0.000000000000000000e+00
1.429211915187190263e+00 0.000000000000000000e+00
1.430804023683140525e+00 0.000000000000000000e+00
1.432399683277851388e+00 0.000000000000000000e+00
1.433998905865343287e+00 0.000000000000000000e+00
1.435601703392814343e+00 0.000000000000000000e+00
1.437208087860935457e+00 0.000000000000000000e+00
1.438818071324151404e+00 0.000000000000000000e+00
1.440431665890981705e+00 0.000000000000000000e+00
1.442048883724324604e+00 0.000000000000000000e+00
1.443669737041762158e+00 0.000000000000000000e+00
1.445294238115867769e+00 0.000000000000000000e+00
1.446922399274517490e+00 0.000000000000000000e+00
1.448554232901199557e+00 0.000000000000000000e+00
1.450189751435329688e+00 0.000000000000000000e+00
1.451828967372567725e+00 0.000000000000000000e+00
1.453471893265134263e+00 0.000000000000000000e+00
1.455118541722132175e+00 0.000000000000000000e+00
1.456768925409868798e+00 0.000000000000000000e+00
1.458423057052181004e+00 0.000000000000000000e+00
1.460080949430762276e+00 0.000000000000000000e+00
1.461742615385490884e+00 0.000000000000000000e+00
1.463408067814762958e+00 0.000000000000000000e+00
1.465077319675824219e+00 0.000000000000000000e+00
1.466750383985108819e+00 0.000000000000000000e+00
1.468427273818574630e+00 0.000000000000000000e+00
1.470108002312046080e+00 0.000000000000000000e+00
1.471792582661556104e+00 0.000000000000000000e+00
1.473481028123691416e+00 0.000000000000000000e+00
1.475173352015941353e+00 0.000000000000000000e+00
1.476869567717046916e+00 0.000000000000000000e+00
1.478569688667353610e+00 0.000000000000000000e+00
1.480273728369166264e+00 0.000000000000000000e+00
1.481981700387106970e+00 0.000000000000000000e+00
1.483693618348475241e+00 0.000000000000000000e+00
1.485409495943609492e+00 0.000000000000000000e+00
1.487129346926251872e+00 0.000000000000000000e+00
1.488853185113917732e+00 0.000000000000000000e+00
1.490581024388262232e+00 0.000000000000000000e+00
1.492312878695457590e+00 0.000000000000000000e+00
1.494048762046563450e+00 0.000000000000000000e+00
1.495788688517908360e+00 0.000000000000000000e+00
1.497532672251467467e+00 0.000000000000000000e+00
1.499280727455248874e+00 0.000000000000000000e+00
1.501032868403676668e+00 0.000000000000000000e+00
1.502789109437979942e+00 0.000000000000000000e+00
1.504549464966586036e+00 0.000000000000000000e+00
1.506313949465511781e+00 0.000000000000000000e+00
1.508082577478762509e+00 0.000000000000000000e+00
1.509855363618730850e+00 0.000000000000000000e+00
1.511632322566598186e+00 0.000000000000000000e+00
1.513413469072741879e+00 0.000000000000000000e+00
1.515198817957142063e+00 0.000000000000000000e+00
1.516988384109793087e+00 0.000000000000000000e+00
1.518782182491116739e+00 0.000000000000000000e+00
1.520580228132380585e+00 0.000000000000000000e+00
1.522382536136117182e+00 0.000000000000000000e+00
1.524189121676545966e+00 0.000000000000000000e+00
1.526000000000000023e+00 0.000000000000000000e+00
