1.126000000000000112e+00 2.388043328355554415e-05
1.126987992296117014e+00 5.941829659311488116e-05
1.127977719913760390e+00 9.385350329355422315e-05
1.128969187428857879e+00 1.129161863129783926e-04
1.129962399433440456e+00 1.082666548396738019e-04
1.130957360535711942e+00 8.095820498938696231e-05
1.131954075360122047e+00 4.214134105905027310e-05
1.132952548547436100e+00 1.062710352480005729e-05
1.133952784754808318e+00 7.880534023448182543e-06
1.134954788655853974e+00 5.181803157599975377e-05
1.135958564940721782e+00 1.511850162100348844e-04
1.136964118316167838e+00 3.021642892104754491e-04
1.137971453505628228e+00 4.882437901983803833e-04
1.138980575249294080e+00 6.834404797441169391e-04
1.139991488304184397e+00 8.580157738754314598e-04
1.141004197444223101e+00 9.851171446305867843e-04
1.142018707460311200e+00 1.046549263898369653e-03
1.143035023160405395e+00 1.036180267295026434e-03
1.144053149369591793e+00 9.602238255632223425e-04
1.145073090930163184e+00 8.345730056248517334e-04
1.146094852701695865e+00 6.802058881721892479e-04
1.147118439561126468e+00 5.181769404048368680e-04
1.148143856402830121e+00 3.657074141284257255e-04
1.149171108138697273e+00 2.344064276870613491e-04
1.150200199698214076e+00 1.308590061674785171e-04
1.151231136028538549e+00 5.897447481349517046e-05
1.152263922094582727e+00 2.287802885711092503e-05
1.153298562879090827e+00 2.895326084165062547e-05
1.154335063382718740e+00 8.596462387558090844e-05
1.155373428624115739e+00 2.029038214697316122e-04
1.156413663640005973e+00 3.850789397665711636e-04
1.157455773485268402e+00 6.297082661079364497e-04
1.158499763233019175e+00 9.226364753011183492e-04
1.159545637974695120e+00 1.237622359157873652e-03
1.160593402820134123e+00 1.538982738111876461e-03
1.161643062897660617e+00 1.787404317723803029e-03
1.162694623354169066e+00 1.947745134752931111e-03
1.163748089355205462e+00 1.996945121028153181e-03
1.164803466085055916e+00 1.929976002061676264e-03
1.165860758746828818e+00 1.762158298473251103e-03
1.166919972562540542e+00 1.527056896248757227e-03
1.167981112773203378e+00 1.270290709856230962e-03
1.169044184638909245e+00 1.040639545243021409e-03
1.170109193438919171e+00 8.805096236780398994e-04
1.171176144471748781e+00 8.179463048157162384e-04
1.172245043055257785e+00 8.619385160768281090e-04
1.173315894526736125e+00 1.001887784009544919e-03
1.174388704242995241e+00 1.211074042370940008e-03
1.175463477580455329e+00 1.453032351135266631e-03
1.176540219935237941e+00 1.689196047389800647e-03
1.177618936723252130e+00 1.886077194231019398e-03
1.178699633380288825e+00 2.020611215009420706e-03
1.179782315362111200e+00 2.082930571153642375e-03
1.180866988144545493e+00 2.076529022984619551e-03
1.181953657223574483e+00 2.016323354425223098e-03
1.183042328115429642e+00 1.925384356802438543e-03
1.184133006356684392e+00 1.831080510145089487e-03
1.185225697504348696e+00 1.761151526276225803e-03
1.186320407135962984e+00 1.739961374835269315e-03
1.187417140849692743e+00 1.785021895476447467e-03
1.188515904264424883e+00 1.903909540151869483e-03
1.189616703019862110e+00 2.091896112993045682e-03
1.190719542776621509e+00 2.330859795224231746e-03
1.191824429216329584e+00 2.590166398502183158e-03
1.192931368041720619e+00 2.830066100083626721e-03
1.194040364976735713e+00 3.007682468438030356e-03
1.195151425766620035e+00 3.084953891144875861e-03
1.196264556178022742e+00 3.037121895617906058e-03
1.197379761999095793e+00 2.859813713298943027e-03
1.198497049039596751e+00 2.572684467226379109e-03
1.199616423130986265e+00 2.218100370813102205e-03
1.200737890126532648e+00 1.854412374699427029e-03
1.201861455901411802e+00 1.544754143125865505e-03
1.202987126352810021e+00 1.343625988259644459e-03
1.204114907400029022e+00 1.284391034830871005e-03
1.205244804984587415e+00 1.370885552181482685e-03
1.206376825070326175e+00 1.575591962306557674e-03
1.207510973643513230e+00 1.845287936210772677e-03
1.208647256712948925e+00 2.112901607303620082e-03
1.209785680310073053e+00 2.313103520943111079e-03
1.210926250489070988e+00 2.397596957077911817e-03
1.212068973326979604e+00 2.346223806311615711e-03
1.213213854923797186e+00 2.170972523111283203e-03
1.214360901402591786e+00 1.911823151750714420e-03
1.215510118909608916e+00 1.625554389700047380e-03
1.216661513614383239e+00 1.370555363699894067e-03
1.217815091709847364e+00 1.191776175083385583e-03
1.218970859412443097e+00 1.109888272162047737e-03
1.220128822962234905e+00 1.117510363406957682e-03
1.221288988623019378e+00 1.183327932760554202e-03
1.222451362682440701e+00 1.262678759931823566e-03
1.223615951452102335e+00 1.311351945513787804e-03
1.224782761267683151e+00 1.298490913612006378e-03
1.225951798489049782e+00 1.214854064069650430e-03
1.227123069500375196e+00 1.074158228337100500e-03
1.228296580710252384e+00 9.073637271362464032e-04
1.229472338551812483e+00 7.519078514188836477e-04
1.230650349482842243e+00 6.394024249579143048e-04
1.231830619985901931e+00 5.857213169969511342e-04
1.233013156568444346e+00 5.865924013043767029e-04
1.234197965762934945e+00 6.200291311029310515e-04
1.235385054126971083e+00 6.547439968123395420e-04
1.236574428243403911e+00 6.617651239506984777e-04
1.237766094720459620e+00 6.254327262710516382e-04
1.238960060191861778e+00 5.501187451313275644e-04
1.240156331316954574e+00 4.603485977329411236e-04
1.241354914780826935e+00 3.940987492258977466e-04
1.242555817294437093e+00 3.912445546263866570e-04
1.243759045594736268e+00 4.807444699972503914e-04
1.244964606444796784e+00 6.706500176872613348e-04
1.246172506633937749e+00 9.442477895537492588e-04
1.247382752977852505e+00 1.263794648348971891e-03
1.248595352318737195e+00 1.580962802268127574e-03
1.249810311525418882e+00 1.850997251293784668e-03
1.251027637493486333e+00 2.046374209278179965e-03
1.252247337145420136e+00 2.165833697099300414e-03
1.253469417430722599e+00 2.236038379342776029e-03
1.254693885326052527e+00 2.305370701332041215e-03
1.255920747835354900e+00 2.431821458056872623e-03
1.257150011989997207e+00 2.668773513255845962e-03
1.258381684848900894e+00 3.053144202146666850e-03
1.259615773498678593e+00 3.599584718333575205e-03
1.260852285053770450e+00 4.302460324638357134e-03
1.262091226656578691e+00 5.144761510223530392e-03
1.263332605477606396e+00 6.110745012182039124e-03
1.264576428715595835e+00 7.197753265442777444e-03
1.265822703597668353e+00 8.422795973879017642e-03
1.267071437379462040e+00 9.821122398595508868e-03
1.268322637345275172e+00 1.143670374034694986e-02
1.269576310808206099e+00 1.330745444049639264e-02
1.270832465110296461e+00 1.545020350565601969e-02
1.272091107622674411e+00 1.785111102548973816e-02
1.273352245745698719e+00 2.046606793619327666e-02
1.274615886909103546e+00 2.323283709785996590e-02
1.275882038572145216e+00 2.609303706781131160e-02
1.277150708223747877e+00 2.901861284292337959e-02
1.278421903382652269e+00 3.203527690647653414e-02
1.279695631597562944e+00 3.523532253788404928e-02
1.280971900447299028e+00 3.877442175948956488e-02
1.282250717540943441e+00 4.285106222081699195e-02
1.283532090517995217e+00 4.767211115845806924e-02
1.284816027048520271e+00 5.341227121921728049e-02
1.286102534833305722e+00 6.017762954904547212e-02
1.287391621604013325e+00 6.798325856103219766e-02
1.288683295123334016e+00 7.675177675853515902e-02
1.289977563185144005e+00 8.633458359562892759e-02
1.291274433614661987e+00 9.655145248294431937e-02
1.292573914268606350e+00 1.072389210354830896e-01
1.293876013035353711e+00 1.182949505807893986e-01
1.295180737835098794e+00 1.297075804101052721e-01
1.296488096620015629e+00 1.415587436381513797e-01
1.297798097374417203e+00 1.540011724297999929e-01
1.299110748114920444e+00 1.672123263020920125e-01
1.300426056890607862e+00 1.813359048554829822e-01
1.301744031783193201e+00 1.964261492609270798e-01
1.303064680907186412e+00 2.124088273041992159e-01
1.304388012410060194e+00 2.290697210017554053e-01
1.305714034472417628e+00 2.460746549480025691e-01
1.307042755308160942e+00 2.630172041594280308e-01
1.308374183164660698e+00 2.794831187751514734e-01
1.309708326322927663e+00 2.951160761751482897e-01
1.311045193097781558e+00 3.096688270340326454e-01
1.312384791838027587e+00 3.230273454769832520e-01
1.313727130926627851e+00 3.352023555415563627e-01
1.315072218780876323e+00 3.462908592861242418e-01
1.316420063852575595e+00 3.564179000976317457e-01
1.317770674628213401e+00 3.656737770227080908e-01
1.319124059629140922e+00 3.740629833855874109e-01
1.320480227411752194e+00 3.814780065233980277e-01
1.321839186567663527e+00 3.877046291542719514e-01
1.323200945723896238e+00 3.924572312888872649e-01
1.324565513543057849e+00 3.954349412527604635e-01
1.325932898723527265e+00 3.963843129505942864e-01
1.327303109999638409e+00 3.951528244645415855e-01
1.328676156141866516e+00 3.917201913158826487e-01
1.330052045957015094e+00 3.862004729439154072e-01
1.331430788288405109e+00 3.788155746430076354e-01
1.332812392016063274e+00 3.698479629470511898e-01
1.334196866056913677e+00 3.595853342290794563e-01
1.335584219364968961e+00 3.482713832758203565e-01
1.336974460931523057e+00 3.360744686545487636e-01
1.338367599785346362e+00 3.230806401624016222e-01
1.339763644992881142e+00 3.093107319298432079e-01
1.341162605658436702e+00 2.947549112955963335e-01
1.342564490924390119e+00 2.794138871301681815e-01
1.343969309971381643e+00 2.633349455965486863e-01
1.345377072018519193e+00 2.466332073042403483e-01
1.346787786323576430e+00 2.294931923980863264e-01
1.348201462183198140e+00 2.121515000915465132e-01
1.349618108933102745e+00 1.948665071098388268e-01
1.351037735948290130e+00 1.778840822906797570e-01
1.352460352643244823e+00 1.614086655603137743e-01
1.353885968472148260e+00 1.455867563226318773e-01
1.355314592929085071e+00 1.305057422456510630e-01
1.356746235548255131e+00 1.162063880205719130e-01
1.358180905904185831e+00 1.027035692402492595e-01
1.359618613611944804e+00 9.000800691170250667e-02
1.361059368327355079e+00 7.814223026617650447e-02
1.362503179747211357e+00 6.714645395122216531e-02
1.363950057609498057e+00 5.707360896210052909e-02
1.365400011693606253e+00 4.797625121676543647e-02
1.366853051820556830e+00 3.989042268780550182e-02
1.368309187853220088e+00 3.282211284748719204e-02
1.369768429696540002e+00 2.674071343342650231e-02
1.371230787297757381e+00 2.158130385730607642e-02
1.372696270646638572e+00 1.725465204251690893e-02
1.374164889775699727e+00 1.366143981972108359e-02
1.375636654760438393e+00 1.070615186800125823e-02
1.377111575719562442e+00 8.306564996237905327e-03
1.378589662815221883e+00 6.396576061729033515e-03
1.380070926253243568e+00 4.922534171090659112e-03
1.381555376283364778e+00 3.835447576431253065e-03
1.383043023199470367e+00 3.082687409771239697e-03
1.384533877339829910e+00 2.602734193884031003e-03
1.386027949087338174e+00 2.325199647211934235e-03
1.387525248869755812e+00 2.176312481157209253e-03
1.389025787159951619e+00 2.088018394267125103e-03
1.390529574476147223e+00 2.007518193306675157e-03
1.392036621382161998e+00 1.903892482721787583e-03
1.393546938487661091e+00 1.769465843359873270e-03
1.395060536448405220e+00 1.615369939952126513e-03
1.396577425966499586e+00 1.462729448693296129e-03
1.398097617790646341e+00 1.332334875084740253e-03
1.399621122716400601e+00 1.236097279772942681e-03
1.401147951586422913e+00 1.172876019235770092e-03
1.402678115290738603e+00 1.129676511533987725e-03
1.404211624766996236e+00 1.087468873273282535e-03
1.405748491000727851e+00 1.029083560404202508e-03
1.407288725025611198e+00 9.462579854120081128e-04
1.408832337923734634e+00 8.432104975986095055e-04
1.410379340825861805e+00 7.354338287370220046e-04
1.411929744911700313e+00 6.441749709502757630e-04
1.413483561410169731e+00 5.886081440572518177e-04
1.415040801599673825e+00 5.785145002734428136e-04
1.416601476808373228e+00 6.100811558456567486e-04
1.418165598414459661e+00 6.663132472748125798e-04
1.419733177846432826e+00 7.219268198029153445e-04
1.421304226583378183e+00 7.510386062945086181e-04
1.422878756155248059e+00 7.350347845173451538e-04
1.424456778143142976e+00 6.679995341601397980e-04
1.426038304179596539e+00 5.579945433832595282e-04
1.427623345948860090e+00 4.239588777554270942e-04
1.429211915187190263e+00 2.895066293113779409e-04
1.430804023683140525e+00 1.759004857004345629e-04
1.432399683277851388e+00 9.662973969781498914e-05
1.433998905865343287e+00 5.529299390344106049e-05
1.435601703392814343e+00 4.717115224575039605e-05
1.437208087860935457e+00 6.347730893623152522e-05
1.438818071324151404e+00 9.631205338626178309e-05
1.440431665890981705e+00 1.421892627131214973e-04
1.442048883724324604e+00 2.026797305278033045e-04
1.443669737041762158e+00 2.819770240200736235e-04
1.445294238115867769e+00 3.825292434127995156e-04
1.446922399274517490e+00 5.007721100419939859e-04
1.448554232901199557e+00 6.250769124340589894e-04
1.450189751435329688e+00 7.372318395841726685e-04
1.451828967372567725e+00 8.173851087286379720e-04
1.453471893265134263e+00 8.509130308910403933e-04
1.455118541722132175e+00 8.347084584590784041e-04
1.456768925409868798e+00 7.803250680622212309e-04
1.458423057052181004e+00 7.123460864113361889e-04
1.460080949430762276e+00 6.619858949965222320e-04
1.461742615385490884e+00 6.577101707056871513e-04
1.463408067814762958e+00 7.159202166552194706e-04
1.465077319675824219e+00 8.349874021949474107e-04
1.466750383985108819e+00 9.949859968218786096e-04
1.468427273818574630e+00 1.163618750360903998e-03
1.470108002312046080e+00 1.306667550382902736e-03
1.471792582661556104e+00 1.399585101745545864e-03
1.473481028123691416e+00 1.436210222994488373e-03
1.475173352015941353e+00 1.431328568151773832e-03
1.476869567717046916e+00 1.415735865160474291e-03
1.478569688667353610e+00 1.424990311914981368e-03
1.480273728369166264e+00 1.485327864499894459e-03
1.481981700387106970e+00 1.601465325948938897e-03
1.483693618348475241e+00 1.750753232711826880e-03
1.485409495943609492e+00 1.886372855496907999e-03
1.487129346926251872e+00 1.949507448153274970e-03
1.488853185113917732e+00 1.887508720801001115e-03
1.490581024388262232e+00 1.672947975967015036e-03
1.492312878695457590e+00 1.317782977397824332e-03
1.494048762046563450e+00 8.779302937497698075e-04
1.495788688517908360e+00 4.460237001282749440e-04
1.497532672251467467e+00 1.333426558590718029e-04
1.499280727455248874e+00 4.488742019468788146e-05
1.501032868403676668e+00 2.535196578348583194e-04
1.502789109437979942e+00 7.794732381395939099e-04
1.504549464966586036e+00 1.580327076215078379e-03
1.506313949465511781e+00 2.554118885163018157e-03
1.508082577478762509e+00 3.555347143374158834e-03
1.509855363618730850e+00 4.420894346331156327e-03
1.511632322566598186e+00 5.000982784432918965e-03
1.513413469072741879e+00 5.189429070580764934e-03
1.515198817957142063e+00 4.947678568444428306e-03
1.516988384109793087e+00 4.318151154530227263e-03
1.518782182491116739e+00 3.424025516590185805e-03
1.520580228132380585e+00 2.454496032005191054e-03
1.522382536136117182e+00 1.636619083241879283e-03
1.524189121676545966e+00 1.197040412248523422e-03
1.526000000000000023e+00 1.319020702578293245e-03
