4.336200875431303229e-08
2.822888696794178279e-08
4.317958072684353012e-08
3.912959440535118035e-08
4.136224503344137567e-08
1.044121260800335518e-08
3.021992467585246323e-08
2.942120161606614436e-08
3.027368313855329375e-08
3.071574370258568181e-08
3.194986942852203417e-08
3.169143008854023530e-08
3.207702627992466080e-08
3.232623011076348917e-08
3.333721315987445892e-08
3.515391825703788384e-08
3.943241487398770444e-08
3.644941590537804006e-08
2.275125132655481252e-08
3.266682492748843207e-08
3.020654205540501405e-08
3.762717108721989077e-08
3.463217945169450974e-08
3.463579235076786422e-08
3.194727464947207067e-08
3.274135723034268212e-08
3.497181446864312403e-08
3.485916945783262277e-08
3.517730954180807290e-08
3.276856985330474190e-08
3.529935200728076137e-08
3.685570943686441502e-08
3.774237630410140690e-08
4.002627857948580502e-08
3.853950430080985497e-08
3.684969302959592725e-08
3.729823341161999418e-08
3.689458265901032684e-08
3.535571513031314785e-08
3.575362105991375588e-08
3.878242790522945423e-08
3.990955076108192024e-08
3.909717527330364629e-08
4.160133617446203048e-08
3.863880094809718152e-08
3.621122897497921849e-08
4.021588164794691828e-08
3.734404365929533784e-08
3.873584392232384956e-08
4.123114813076668144e-08
4.220663653907879836e-08
4.115930206438370404e-08
3.810167599858677377e-08
3.823925803733701248e-08
3.869401923248381454e-08
3.938103986806745830e-08
4.015036765931997078e-08
3.858103309254073882e-08
4.021911483218884139e-08
3.909123072920169399e-08
3.974593155597070004e-08
3.890649632810373477e-08
3.993081774791200025e-08
3.980086193497410371e-08
3.937350911336660979e-08
4.042238409981113938e-08
4.129627513600201179e-08
4.188453413346527208e-08
4.231388715457576182e-08
4.280790397662773162e-08
4.282509855661777459e-08
4.224058663736015311e-08
4.344008484971614664e-08
4.026058656436198498e-08
4.243550630306696410e-08
4.192874055968320153e-08
4.190223672644916092e-08
4.199804119016691015e-08
4.110640381733698166e-08
4.184538674505215152e-08
4.091288842744592020e-08
4.046723325851076212e-08
4.182255172054649910e-08
4.305300254831009162e-08
4.373131035607207989e-08
4.203048460192937441e-08
4.184744621515560060e-08
4.341765285133053467e-08
4.133937151873644300e-08
4.313776144962195508e-08
4.381052825434851200e-08
4.394272400963784843e-08
4.373543249162924464e-08
4.221393500539373290e-08
4.425340147941153399e-08
4.462179494396065587e-08
4.571373003231862967e-08
4.627301970195266389e-08
4.405344562077533649e-08
4.420525113987947260e-08
4.427162232768435009e-08
4.422747798536885885e-08
4.441494885587339138e-08
4.444267729325028663e-08
4.373420848647336196e-08
4.473155954377015954e-08
4.533744815903606212e-08
4.568860952484312491e-08
4.543230515897474415e-08
4.522851803691402614e-08
4.478086391789266813e-08
4.615883181967032114e-08
4.466319738569135138e-08
4.452567098335538782e-08
4.492127611221627912e-08
4.549625986435764207e-08
4.571347534732894010e-08
4.645304699411029955e-08
4.681183262387137912e-08
4.504477213895573925e-08
4.600136786935972722e-08
4.675978513344013199e-08
4.740761995685772153e-08
4.756422406071236387e-08
4.772166387496163908e-08
4.804316345253686579e-08
4.854966737116444199e-08
4.641365531781626490e-08
4.811047257615804791e-08
4.832677896242781438e-08
4.710829146309202095e-08
4.682993431151042372e-08
4.748377199789763478e-08
4.741255087433701256e-08
4.726846473210890579e-08
4.810746917411471872e-08
4.716546720112705924e-08
4.794333230644853424e-08
4.644361457579385150e-08
4.802759915566651023e-08
4.730871904200238200e-08
4.762257982253234437e-08
4.783838079102382997e-08
4.723487332044688574e-08
4.783476904152008634e-08
4.697409733814644695e-08
4.764696512881082338e-08
4.740569841786367763e-08
4.811941323959430529e-08
4.722562320002157402e-08
4.736760220677574076e-08
4.741945928416508149e-08
4.769578442881862496e-08
4.767049324119219931e-08
4.709042919536206247e-08
4.701871844944337307e-08
4.753892036650005289e-08
4.732939616562275464e-08
4.728797905046164000e-08
4.755771918801783015e-08
4.715304704657663169e-08
4.757489075574603487e-08
4.784966534265494720e-08
4.728413338981821524e-08
4.700095039493291246e-08
4.764503136359223518e-08
4.727569921957656196e-08
4.729045013790441485e-08
4.748258632881491726e-08
4.730187016671086795e-08
4.769281021417265257e-08
4.712098864403160012e-08
4.750117369492815904e-08
4.723779689372949349e-08
4.729373457270363332e-08
4.746481532280523469e-08
4.730677379129697342e-08
4.761423686131281219e-08
4.719232366664981373e-08
4.718686945664399725e-08
4.747106270104875302e-08
4.747440387470463837e-08
4.749473158121920492e-08
4.760709752721701524e-08
4.732049995301401381e-08
4.757141654083799786e-08
4.751856078256331971e-08
4.746616621623549710e-08
4.749741457221491874e-08
4.731023896595683086e-08
4.745862987072269112e-08
4.753836684408126519e-08
4.748395014187757612e-08
4.769555361687318322e-08
4.739546864239406092e-08
4.745424712038447022e-08
4.752003131167667648e-08
4.746150134828657555e-08
4.748115394224866128e-08
4.739118951810133546e-08
4.744879423369843899e-08
4.752161488118216215e-08
4.746318254860209523e-08
4.745905371601704950e-08
4.754719712888471403e-08
4.742661773618561544e-08
4.750144489535757208e-08
4.745558771530334508e-08
