1.080000000000000071e+00 3.273714049376175292e-04
1.080977110286799991e+00 2.981158088305534788e-04
1.081955990220049069e+00 2.091110681211048373e-04
1.082936644611619537e+00 2.063370064937081454e-04
1.083919078290846327e+00 5.852147296489532748e-05
1.084903296104603676e+00 1.039456888742991788e-04
1.085889302917385946e+00 2.451601519771056683e-04
1.086877103611388895e+00 2.150720096672023313e-04
1.087866703086588283e+00 6.575601285643701004e-05
1.088858106260822023e+00 3.272871842698056713e-05
1.089851318069871233e+00 1.432744271746576098e-04
1.090846343467543278e+00 1.202580486438589871e-04
1.091843187425751704e+00 7.539589548477674977e-05
1.092841854934601731e+00 3.939433682554517325e-05
1.093842351002471958e+00 1.792403586963176552e-04
1.094844680656098079e+00 3.760289009122208949e-04
1.095848848940658593e+00 3.088733818527318706e-04
1.096854860919856733e+00 2.691425033581827100e-04
1.097862721676008402e+00 2.672293680180348415e-04
1.098872436310126322e+00 2.076699254526787985e-04
1.099884009942005081e+00 1.050374688338817826e-04
1.100897447710310395e+00 1.231117543233109819e-05
1.101912754772664371e+00 3.388505925079442075e-05
1.102929936305732550e+00 4.140846726344831207e-05
1.103948997505312946e+00 3.116695108724479426e-05
1.104969943586423753e+00 2.211830618810333172e-05
1.105992779783393498e+00 6.824432208181863255e-06
1.107017511349948968e+00 9.473833158175319765e-05
1.108044143559306471e+00 2.765598890671356735e-04
1.109072681704260654e+00 3.418630251101426737e-04
1.110103131097277984e+00 2.687297447062291325e-04
1.111135497070585121e+00 2.424774959687194659e-04
1.112169784976263731e+00 2.184478823865281341e-04
1.113206000186341305e+00 1.829987063221337549e-04
1.114244148092884412e+00 1.813647341757458262e-04
1.115284234108093075e+00 1.416293452317092365e-04
1.116326263664393137e+00 6.460451176072504480e-05
1.117370242214533071e+00 1.243744915641918362e-05
1.118416175231676579e+00 3.291094782737077112e-06
1.119464068209500507e+00 4.014072077317813182e-06
1.120513926662290105e+00 6.806768559174616449e-06
1.121565756125034952e+00 5.799680603757393754e-06
1.122619562153528205e+00 6.739190470321856580e-06
1.123675350324461641e+00 1.434093917394991177e-05
1.124733126235526681e+00 3.762996665199544325e-05
1.125792895505512314e+00 8.118716361629670650e-05
1.126854663774403686e+00 9.726492534062966425e-05
1.127918436703483795e+00 9.223709524736979691e-05
1.128984219975432302e+00 7.810154400863363532e-05
1.130052019294429222e+00 6.053128336737662859e-05
1.131121840386253963e+00 5.253483941153592161e-05
1.132193688998389236e+00 4.046392203501043735e-05
1.133267570900123422e+00 3.216289583435298226e-05
1.134343491882654265e+00 2.695366017335495870e-05
1.135421457759194119e+00 2.045923768476929866e-05
1.136501474365071651e+00 1.954785494802654613e-05
1.137583547557840635e+00 2.248514617594114887e-05
1.138667683217382987e+00 2.378294084226467185e-05
1.139753887246017339e+00 2.955003693049501867e-05
1.140842165568604960e+00 3.518253793846842450e-05
1.141932524132657889e+00 3.926698526205689731e-05
1.143024968908447514e+00 4.591570313808459827e-05
1.144119505889112487e+00 4.245815825075831501e-05
1.145216141090769524e+00 3.544679831298454433e-05
1.146314880552624205e+00 2.649671548122745172e-05
1.147415730337078887e+00 1.656387479876902480e-05
1.148518696529847283e+00 1.363078715362191307e-05
1.149623785240065477e+00 1.528946703041114889e-05
1.150731002600404507e+00 2.165351343640460255e-05
1.151840354767184049e+00 3.946868213808069661e-05
1.152951847920486328e+00 6.238456959116704269e-05
1.154065488264271355e+00 8.280680048871877418e-05
1.155181282026491507e+00 9.619774391672929810e-05
1.156299235459208541e+00 8.450377586441722838e-05
1.157419354838709724e+00 7.574207162771305938e-05
1.158541646465625963e+00 7.456990106230479095e-05
1.159666116665049040e+00 6.459436700872108763e-05
1.160792771786651079e+00 6.624766842554311020e-05
1.161921618204803996e+00 8.282482387357407733e-05
1.163052662318699415e+00 1.150719936552580333e-04
1.164185910552470116e+00 1.533251182539218998e-04
1.165321369355310832e+00 1.798607202377186705e-04
1.166459045201601041e+00 1.614203749487980665e-04
1.167598944591029086e+00 1.109196032281596297e-04
1.168741074048713857e+00 6.481638491062882593e-05
1.169885440125330467e+00 3.400352268093456438e-05
1.171032049397236152e+00 3.379936125244930689e-05
1.172180908466594840e+00 6.245180957275355037e-05
1.173332023961504378e+00 1.375161971738172474e-04
1.174485402536125100e+00 2.605314531907452829e-04
1.175641050870805948e+00 4.447532932814237121e-04
1.176798975672215031e+00 6.254538997314903646e-04
1.177959183673469301e+00 6.961062836379599541e-04
1.179121681634264229e+00 6.568326099676773762e-04
1.180286476341005475e+00 5.603536462389560992e-04
1.181453574606941670e+00 4.991224428084504528e-04
1.182622983272295203e+00 4.817916098728424628e-04
1.183794709204398998e+00 5.267332195127873281e-04
1.184968759297828189e+00 6.372845423212320903e-04
1.186145140474535786e+00 7.969775019051442188e-04
1.187323859683990790e+00 1.005161913307949092e-03
1.188504923903312527e+00 1.162167933019440762e-03
1.189688340137409206e+00 1.204803995274000318e-03
1.190874115419117141e+00 1.082596970965257104e-03
1.192062256809338860e+00 9.049348987380366081e-04
1.193252771397183665e+00 7.848003324445654684e-04
1.194445666300110176e+00 7.352231033563676448e-04
1.195640948664064895e+00 7.871563342665009906e-04
1.196838625663628308e+00 8.978786794752752643e-04
1.198038704502155882e+00 1.094038748906214688e-03
1.199241192411923951e+00 1.327768382827355540e-03
1.200446096654275152e+00 1.574788143173229057e-03
1.201653424519762536e+00 1.759763032085333865e-03
1.202863183328299446e+00 1.811939686774022892e-03
1.204075380429305620e+00 1.808389539384892743e-03
1.205290023201856187e+00 1.780327993571886175e-03
1.206507119054831989e+00 1.846830949473581398e-03
1.207726675427069685e+00 2.003298068501266002e-03
1.208948699787514069e+00 2.285847553988102927e-03
1.210173199635369068e+00 2.670233638166770451e-03
1.211400182500253386e+00 3.049317770808624567e-03
1.212629655942352613e+00 3.356643235553639828e-03
1.213861627552575539e+00 3.439697707432652195e-03
1.215096104952710254e+00 3.383915231732037999e-03
1.216333095795581798e+00 3.222921944692104610e-03
1.217572607765209369e+00 3.088553239266951262e-03
1.218814648576966198e+00 3.065591833736430044e-03
1.220059225977739192e+00 3.151723717850208467e-03
1.221306347746090148e+00 3.412528942011024916e-03
1.222556021692417838e+00 3.753279568378934620e-03
1.223808255659121214e+00 4.213777397587076257e-03
1.225063057520762833e+00 4.652507800621204920e-03
1.226320435184235169e+00 5.044766017191889412e-03
1.227580396588924261e+00 5.380806000961723019e-03
1.228842949706880683e+00 5.704588013832179345e-03
1.230108102542983417e+00 6.176379272399876164e-03
1.231375863135113047e+00 6.727115520915348708e-03
1.232646239554317624e+00 7.473896235558953258e-03
1.233919239904988085e+00 8.323599174420184127e-03
1.235194872325028115e+00 9.366342362901156765e-03
1.236473144986029338e+00 1.054131674212190582e-02
1.237754066093442296e+00 1.168420431707580497e-02
1.239037643886757190e+00 1.276703405468643769e-02
1.240323886639676187e+00 1.364262353698409737e-02
1.241612802660293058e+00 1.463957532572224968e-02
1.242904400291272360e+00 1.582306653417768494e-02
1.244198687910028189e+00 1.750784892077494881e-02
1.245495673928906699e+00 1.980455636617805062e-02
1.246795366795366844e+00 2.270649867307043129e-02
1.248097774992165343e+00 2.629158336768232587e-02
1.249402907037540533e+00 3.023137150940728365e-02
1.250710771485397332e+00 3.472605702358651236e-02
1.252021376925495089e+00 3.954343866935566137e-02
1.253334731983635653e+00 4.503930444899470475e-02
1.254650845321852337e+00 5.163480268834067660e-02
1.255969725638599765e+00 5.997474735130456369e-02
1.257291381668946606e+00 7.101802057213996155e-02
1.258615822184767863e+00 8.463200558021923003e-02
1.259943055994938277e+00 1.009238137948450242e-01
1.261273091945529279e+00 1.188062062518520229e-01
1.262605938920004389e+00 1.380997337028353755e-01
1.263941605839416171e+00 1.591424832674573075e-01
1.265280101662607404e+00 1.826524992787609269e-01
1.266621435386409367e+00 2.103537289618419848e-01
1.267965616045845456e+00 2.417797455476676793e-01
1.269312652714331247e+00 2.766837413028234161e-01
1.270662554503881658e+00 3.127518928396397779e-01
1.272015330565314573e+00 3.477949390064243862e-01
1.273370990088457999e+00 3.805843043568994943e-01
1.274729542302357910e+00 4.100973532746963746e-01
1.276090996475488515e+00 4.389586462202645367e-01
1.277455361915962762e+00 4.667271234323921436e-01
1.278822647971743498e+00 4.910240135183303045e-01
1.280192864030858191e+00 5.068367872995416246e-01
1.281566019521613198e+00 5.097934056196928854e-01
1.282942123912810262e+00 5.014585654975854956e-01
1.284321186713963225e+00 4.825726652169405884e-01
1.285703217475519411e+00 4.554792892985280450e-01
1.287088225789077001e+00 4.191141230272248386e-01
1.288476221287609302e+00 3.710614837599682247e-01
1.289867213645687238e+00 3.147234951331882580e-01
1.291261212579704054e+00 2.543739628075074033e-01
1.292658227848101138e+00 1.958355149069495593e-01
1.294058269251597615e+00 1.426467432522565137e-01
1.295461346633416388e+00 9.757644611516555488e-02
1.296867469879517953e+00 6.404551759922284815e-02
1.298276648918830878e+00 4.202761412579873734e-02
1.299688893723485172e+00 2.943059547215826771e-02
1.301104214309049434e+00 2.246166661920913354e-02
1.302522620734765102e+00 1.836499015169805113e-02
1.303944123103786934e+00 1.552894879736483810e-02
1.305368731563421703e+00 1.323923529829042385e-02
1.306796456305370224e+00 1.147201437386655316e-02
1.308227307565969610e+00 9.919359171086303967e-03
1.309661295626438848e+00 8.710827771386649848e-03
1.311098430813124160e+00 7.594546232191271180e-03
1.312538723497747917e+00 6.664999245461173533e-03
1.313982184097657324e+00 5.848256960213868080e-03
1.315428823076076226e+00 5.129481361427989938e-03
1.316878650942356455e+00 4.581056357510754524e-03
1.318331678252234518e+00 4.063989944656927825e-03
1.319787915608085838e+00 3.699072952532662419e-03
1.321247373659183877e+00 3.315566757441814824e-03
1.322710063101959488e+00 3.012128840335391751e-03
1.324175994680261370e+00 2.699010628270841552e-03
1.325645179185620748e+00 2.403436156720023791e-03
1.327117627457514049e+00 2.154343240897801243e-03
1.328593350383631799e+00 1.890888636677665957e-03
1.330072358900144858e+00 1.708858050450400316e-03
1.331554663991975751e+00 1.499282001490851932e-03
1.333040276693071347e+00 1.360131911145110633e-03
1.334529208086674856e+00 1.207990171337966099e-03
1.336021469305602061e+00 1.096402784967178074e-03
1.337517071532519974e+00 1.006584813939148757e-03
1.339016026000224180e+00 9.245266039771649980e-04
1.340518343991921935e+00 8.906833546554373659e-04
1.342024036841514389e+00 8.356221124397030051e-04
1.343533115933880584e+00 8.342389497383228755e-04
1.345045592705166992e+00 7.998919024992547479e-04
1.346561478643074405e+00 8.091801858713077670e-04
1.348080785287148808e+00 8.021921489641132543e-04
1.349603524229074925e+00 8.192264190812517362e-04
1.351129707112970646e+00 8.538448039227270869e-04
1.352659345635684351e+00 8.830983862316166971e-04
1.354192451547092668e+00 9.605366874761666045e-04
1.355729036650402675e+00 1.003618310239781522e-03
1.357269112802453659e+00 1.109950496907890658e-03
1.358812691914022430e+00 1.176273879438415569e-03
1.360359785950130851e+00 1.296924946500631207e-03
1.361910406930354478e+00 1.406187491118616193e-03
1.363464566929133870e+00 1.526677149587971939e-03
1.365022278076088114e+00 1.678824454768991763e-03
1.366583552556330794e+00 1.775182501379746463e-03
1.368148402610786407e+00 1.934704131911289815e-03
1.369716840536512770e+00 2.005697562620365523e-03
1.371288878687019430e+00 2.147264741069928803e-03
1.372864529472595629e+00 2.242782805997985390e-03
1.374443805360635151e+00 2.371462964612126249e-03
1.376026718875964505e+00 2.534140244029694719e-03
1.377613282601175992e+00 2.650419090149398575e-03
1.379203509176959441e+00 2.862589407618057816e-03
1.380797411302438382e+00 2.966690345529216476e-03
1.382395001735508444e+00 3.176347044311601201e-03
1.383996293293177304e+00 3.299922174957643697e-03
1.385601298851907748e+00 3.464457662100514819e-03
1.387210031347962502e+00 3.630384662268408037e-03
1.388822503777751960e+00 3.710803721454026226e-03
1.390438729198184342e+00 3.875955964914157628e-03
1.392058720727018528e+00 3.870693115278502159e-03
1.393682491543217106e+00 3.987109778264889999e-03
1.395310054887305862e+00 3.986559892779766544e-03
1.396941424061732606e+00 4.061854964377457390e-03
1.398576612431230215e+00 4.158595781439446311e-03
1.400215633423180339e+00 4.200579438222284273e-03
1.401858500527983109e+00 4.376706878678407985e-03
1.403505227299424396e+00 4.374475721388386591e-03
1.405155827355051068e+00 4.529058731304244460e-03
1.406810314376545579e+00 4.514577589094447355e-03
1.408468702110102555e+00 4.575121401325637355e-03
1.410131004366812046e+00 4.612201662470047370e-03
1.411797235023041441e+00 4.562943541074644151e-03
1.413467408020820937e+00 4.646419963671659555e-03
1.415141537368233893e+00 4.513888054830498403e-03
1.416819637139807853e+00 4.579015493989049834e-03
1.418501721476908450e+00 4.460959888353903044e-03
1.420187804588137537e+00 4.476789635716942745e-03
1.421877900749732415e+00 4.486501989862529995e-03
1.423572024305969297e+00 4.455186997168303527e-03
1.425270189669569199e+00 4.598931517296615812e-03
1.426972411322106726e+00 4.518210554679942537e-03
1.428678703814420636e+00 4.674393282271429098e-03
1.430389081767029724e+00 4.573677925327684218e-03
1.432103559870550047e+00 4.613840294006842438e-03
1.433822152886115475e+00 4.578455930110723188e-03
1.435544875645800911e+00 4.473765149418653005e-03
1.437271743053049278e+00 4.541734099458119220e-03
1.439002770083102289e+00 4.340297361491745297e-03
1.440737971783431881e+00 4.434578045017292629e-03
1.442477363274176083e+00 4.238806869170573532e-03
1.444220959748579780e+00 4.255686944829900793e-03
1.445968776473435913e+00 4.191092848172221254e-03
1.447720828789531122e+00 4.089698706292391878e-03
1.449477132112094946e+00 4.192780149748790743e-03
1.451237701931252122e+00 3.987628016016607317e-03
1.453002553812477116e+00 4.133201957102831427e-03
1.454771703397053528e+00 3.891183592298353908e-03
1.456545166402535507e+00 3.889419569769679216e-03
1.458322958623214927e+00 3.735703269466002837e-03
1.460105095930588126e+00 3.515459147961529605e-03
1.461891594273828421e+00 3.524254173429232882e-03
1.463682469680264608e+00 3.163045006651983397e-03
1.465477738255856588e+00 3.246886878007472759e-03
1.467277416185680750e+00 2.897903513250678787e-03
1.469081519734415364e+00 2.876971034881414466e-03
1.470890065246829970e+00 2.697113820225683061e-03
1.472703069148280752e+00 2.458503926320561393e-03
1.474520547945205484e+00 2.495441159220171921e-03
1.476342518225627121e+00 2.074376416702273119e-03
1.478168996659656065e+00 2.185738443393841612e-03
1.479999999999999982e+00 1.749606512912038701e-03
