1.080000000000000071e+00 3.631247464704828265e-05
1.080977110286799991e+00 3.873355277926857673e-05
1.081955990220049069e+00 1.565273411208402751e-05
1.082936644611619537e+00 1.572792129351071921e-05
1.083919078290846327e+00 3.444884242623419185e-05
1.084903296104603676e+00 4.120973171091527336e-04
1.085889302917385946e+00 7.235069208293209509e-04
1.086877103611388895e+00 5.180527011395421157e-04
1.087866703086588283e+00 2.142686901368166070e-04
1.088858106260822023e+00 5.654547134735541465e-05
1.089851318069871233e+00 2.837137820280167039e-05
1.090846343467543278e+00 1.601397780655428615e-05
1.091843187425751704e+00 3.111626799462382904e-06
1.092841854934601731e+00 2.773155149688052461e-05
1.093842351002471958e+00 4.997545924760140229e-05
1.094844680656098079e+00 4.677000376848857409e-05
1.095848848940658593e+00 2.813850755088589958e-05
1.096854860919856733e+00 2.815456141731099480e-05
1.097862721676008402e+00 7.555715518334507814e-05
1.098872436310126322e+00 1.264957472305398823e-04
1.099884009942005081e+00 2.847283251812322987e-04
1.100897447710310395e+00 6.169922400858995296e-04
1.101912754772664371e+00 6.510560009737038738e-04
1.102929936305732550e+00 4.058977954405956681e-04
1.103948997505312946e+00 2.711956290130552462e-04
1.104969943586423753e+00 4.457946332343043559e-04
1.105992779783393498e+00 1.124761251906328426e-03
1.107017511349948968e+00 1.492556490538666245e-03
1.108044143559306471e+00 1.082706286048096571e-03
1.109072681704260654e+00 6.564118358155943351e-04
1.110103131097277984e+00 4.580302452839837748e-04
1.111135497070585121e+00 3.196049121549326662e-04
1.112169784976263731e+00 2.318639035493797243e-04
1.113206000186341305e+00 1.767945392546334347e-04
1.114244148092884412e+00 1.302738564969389693e-04
1.115284234108093075e+00 9.205820388479577041e-05
1.116326263664393137e+00 4.903192375570779646e-05
1.117370242214533071e+00 2.733969124693286614e-05
1.118416175231676579e+00 6.763123396662332762e-05
1.119464068209500507e+00 1.309545462626583647e-04
1.120513926662290105e+00 2.077540157145479525e-04
1.121565756125034952e+00 2.852053242935664108e-04
1.122619562153528205e+00 3.596435372873540786e-04
1.123675350324461641e+00 3.767581067480307573e-04
1.124733126235526681e+00 2.960539280189875087e-04
1.125792895505512314e+00 1.918958312938921806e-04
1.126854663774403686e+00 1.019881033970900571e-04
1.127918436703483795e+00 4.758960125167848484e-05
1.128984219975432302e+00 2.610433996309847722e-05
1.130052019294429222e+00 1.740327029720281190e-05
1.131121840386253963e+00 1.953329553030516089e-05
1.132193688998389236e+00 3.148012540850161396e-05
1.133267570900123422e+00 4.267184009585809154e-05
1.134343491882654265e+00 6.475482961486435189e-05
1.135421457759194119e+00 9.662913476132922448e-05
1.136501474365071651e+00 1.464880007581256425e-04
1.137583547557840635e+00 2.323619576851966280e-04
1.138667683217382987e+00 3.228119860793580292e-04
1.139753887246017339e+00 4.383112228780290599e-04
1.140842165568604960e+00 5.259575195059476658e-04
1.141932524132657889e+00 5.705876424496261626e-04
1.143024968908447514e+00 5.670166465674455732e-04
1.144119505889112487e+00 4.723085846039375840e-04
1.145216141090769524e+00 3.688191484412268605e-04
1.146314880552624205e+00 2.531510639561644909e-04
1.147415730337078887e+00 1.633737932405806659e-04
1.148518696529847283e+00 1.111572356106728783e-04
1.149623785240065477e+00 9.682457193418135023e-05
1.150731002600404507e+00 1.536875772488831954e-04
1.151840354767184049e+00 2.647658552928608714e-04
1.152951847920486328e+00 4.342381491248034197e-04
1.154065488264271355e+00 5.405053322114011186e-04
1.155181282026491507e+00 5.886738193937004126e-04
1.156299235459208541e+00 5.623180353516885012e-04
1.157419354838709724e+00 5.177650602093447803e-04
1.158541646465625963e+00 5.393320067706465493e-04
1.159666116665049040e+00 5.056212313045919515e-04
1.160792771786651079e+00 5.529187633318390430e-04
1.161921618204803996e+00 6.854537371018073642e-04
1.163052662318699415e+00 8.352119122911602416e-04
1.164185910552470116e+00 9.780121570250365284e-04
1.165321369355310832e+00 1.001507525120008462e-03
1.166459045201601041e+00 9.263342982911446175e-04
1.167598944591029086e+00 7.499373815751320593e-04
1.168741074048713857e+00 5.662146258710456332e-04
1.169885440125330467e+00 4.049590299741505860e-04
1.171032049397236152e+00 2.651339897705753653e-04
1.172180908466594840e+00 1.846797836635904392e-04
1.173332023961504378e+00 1.283327100675368500e-04
1.174485402536125100e+00 1.046122030142237661e-04
1.175641050870805948e+00 8.493324478712658502e-05
1.176798975672215031e+00 7.240749616952288023e-05
1.177959183673469301e+00 1.028141748291747597e-04
1.179121681634264229e+00 1.861940787031731966e-04
1.180286476341005475e+00 3.360526015670549458e-04
1.181453574606941670e+00 5.930860304186418280e-04
1.182622983272295203e+00 9.193896771467223233e-04
1.183794709204398998e+00 1.350958125755980259e-03
1.184968759297828189e+00 1.845732200565737080e-03
1.186145140474535786e+00 2.270333049508684725e-03
1.187323859683990790e+00 2.577205570501007060e-03
1.188504923903312527e+00 2.522456562302022830e-03
1.189688340137409206e+00 2.191130753081057484e-03
1.190874115419117141e+00 1.791941909279295541e-03
1.192062256809338860e+00 1.596946632269747538e-03
1.193252771397183665e+00 1.867709479864479915e-03
1.194445666300110176e+00 2.553924581808639412e-03
1.195640948664064895e+00 3.691706678291710887e-03
1.196838625663628308e+00 4.866340119407544865e-03
1.198038704502155882e+00 5.747592928826480291e-03
1.199241192411923951e+00 6.016823895767158502e-03
1.200446096654275152e+00 5.582187536100562120e-03
1.201653424519762536e+00 4.889954198774809288e-03
1.202863183328299446e+00 4.063103438463200844e-03
1.204075380429305620e+00 3.431994025681550046e-03
1.205290023201856187e+00 3.003111068629260843e-03
1.206507119054831989e+00 2.819857088847763180e-03
1.207726675427069685e+00 2.965971952053592618e-03
1.208948699787514069e+00 3.343328949638268641e-03
1.210173199635369068e+00 4.031745236272925477e-03
1.211400182500253386e+00 4.640386974728289218e-03
1.212629655942352613e+00 5.034807544159151417e-03
1.213861627552575539e+00 5.003722461024925211e-03
1.215096104952710254e+00 4.685090739993054074e-03
1.216333095795581798e+00 4.350722088676180557e-03
1.217572607765209369e+00 3.981564374406914263e-03
1.218814648576966198e+00 3.810265418573419594e-03
1.220059225977739192e+00 3.633220973368053199e-03
1.221306347746090148e+00 3.501764783215436175e-03
1.222556021692417838e+00 3.251674123273492513e-03
1.223808255659121214e+00 2.855597381977778484e-03
1.225063057520762833e+00 2.484127259506499225e-03
1.226320435184235169e+00 2.175587765061120452e-03
1.227580396588924261e+00 2.188727007387868215e-03
1.228842949706880683e+00 2.418313045783780906e-03
1.230108102542983417e+00 3.010743184036445124e-03
1.231375863135113047e+00 3.796570851308159796e-03
1.232646239554317624e+00 4.775055115059278349e-03
1.233919239904988085e+00 5.772046327821364967e-03
1.235194872325028115e+00 6.550746294660216018e-03
1.236473144986029338e+00 7.182151301472385584e-03
1.237754066093442296e+00 7.528201942384109106e-03
1.239037643886757190e+00 8.210920925774162216e-03
1.240323886639676187e+00 9.396599648657206344e-03
1.241612802660293058e+00 1.164923001584459820e-02
1.242904400291272360e+00 1.517353335037178487e-02
1.244198687910028189e+00 2.018313493768846348e-02
1.245495673928906699e+00 2.700695280018974159e-02
1.246795366795366844e+00 3.478867738181270347e-02
1.248097774992165343e+00 4.293460213162631628e-02
1.249402907037540533e+00 4.940543195621811129e-02
1.250710771485397332e+00 5.381624625284963520e-02
1.252021376925495089e+00 5.650361378549482311e-02
1.253334731983635653e+00 5.839992916634709208e-02
1.254650845321852337e+00 6.185362311616154213e-02
1.255969725638599765e+00 6.747836890141416244e-02
1.257291381668946606e+00 7.679797116751925501e-02
1.258615822184767863e+00 8.861143564123702410e-02
1.259943055994938277e+00 1.015764110581483248e-01
1.261273091945529279e+00 1.143887646409562919e-01
1.262605938920004389e+00 1.260401203438099860e-01
1.263941605839416171e+00 1.389813573808159619e-01
1.265280101662607404e+00 1.539273309161819647e-01
1.266621435386409367e+00 1.739475561962196271e-01
1.267965616045845456e+00 1.997832691637347058e-01
1.269312652714331247e+00 2.318268860903581474e-01
1.270662554503881658e+00 2.707944558465525953e-01
1.272015330565314573e+00 3.134920790912228417e-01
1.273370990088457999e+00 3.584306979531421966e-01
1.274729542302357910e+00 3.988085087098403037e-01
1.276090996475488515e+00 4.308969880511285266e-01
1.277455361915962762e+00 4.525056882121735735e-01
1.278822647971743498e+00 4.593009809555403944e-01
1.280192864030858191e+00 4.521793877741841494e-01
1.281566019521613198e+00 4.308274236602604446e-01
1.282942123912810262e+00 4.011973410397295381e-01
1.284321186713963225e+00 3.702099159660037775e-01
1.285703217475519411e+00 3.411200480597769702e-01
1.287088225789077001e+00 3.130648916221200895e-01
1.288476221287609302e+00 2.796676537821979891e-01
1.289867213645687238e+00 2.393413448225081286e-01
1.291261212579704054e+00 1.914046891458515143e-01
1.292658227848101138e+00 1.419023199910131872e-01
1.294058269251597615e+00 9.855164556778465978e-02
1.295461346633416388e+00 6.338783507658779515e-02
1.296867469879517953e+00 3.942774625315424025e-02
1.298276648918830878e+00 2.526579993406222538e-02
1.299688893723485172e+00 1.813388314541074936e-02
1.301104214309049434e+00 1.472343227086802230e-02
1.302522620734765102e+00 1.245584531081315657e-02
1.303944123103786934e+00 1.086963718904003159e-02
1.305368731563421703e+00 9.262244021548373535e-03
1.306796456305370224e+00 8.132738379952306196e-03
1.308227307565969610e+00 7.027723804730680139e-03
1.309661295626438848e+00 6.177436501556499149e-03
1.311098430813124160e+00 5.444081497024237659e-03
1.312538723497747917e+00 4.732477221662790244e-03
1.313982184097657324e+00 4.250608288472324491e-03
1.315428823076076226e+00 3.685693888375450762e-03
1.316878650942356455e+00 3.378153535403756545e-03
1.318331678252234518e+00 2.988452915737274587e-03
1.319787915608085838e+00 2.754693444971470593e-03
1.321247373659183877e+00 2.503031355981231217e-03
1.322710063101959488e+00 2.250757514929998312e-03
1.324175994680261370e+00 2.075222298873044633e-03
1.325645179185620748e+00 1.798464216838959167e-03
1.327117627457514049e+00 1.666530148374902910e-03
1.328593350383631799e+00 1.428964035991079490e-03
1.330072358900144858e+00 1.316327841642702529e-03
1.331554663991975751e+00 1.154817562935182666e-03
1.333040276693071347e+00 1.035950989352718565e-03
1.334529208086674856e+00 9.499067584127163450e-04
1.336021469305602061e+00 8.281425346121226109e-04
1.337517071532519974e+00 8.027853355661091666e-04
1.339016026000224180e+00 7.012232476734820428e-04
1.340518343991921935e+00 7.097836094128613920e-04
1.342024036841514389e+00 6.440657560716316066e-04
1.343533115933880584e+00 6.530220657747863979e-04
1.345045592705166992e+00 6.297724036964295977e-04
1.346561478643074405e+00 6.193333817963602751e-04
1.348080785287148808e+00 6.447896123819243539e-04
1.349603524229074925e+00 6.218205889935660841e-04
1.351129707112970646e+00 6.950728352997968080e-04
1.352659345635684351e+00 6.794484724587355768e-04
1.354192451547092668e+00 7.806510836145338526e-04
1.355729036650402675e+00 7.955144590195014319e-04
1.357269112802453659e+00 8.911579620977501609e-04
1.358812691914022430e+00 9.638036991654177826e-04
1.360359785950130851e+00 1.030348168643521614e-03
1.361910406930354478e+00 1.177699364733747912e-03
1.363464566929133870e+00 1.214316870963163576e-03
1.365022278076088114e+00 1.407800816799886041e-03
1.366583552556330794e+00 1.433577341678209712e-03
1.368148402610786407e+00 1.598178837854242595e-03
1.369716840536512770e+00 1.660220063047443797e-03
1.371288878687019430e+00 1.746968360836054180e-03
1.372864529472595629e+00 1.900478278330873690e-03
1.374443805360635151e+00 1.926131280619726872e-03
1.376026718875964505e+00 2.168253093946221656e-03
1.377613282601175992e+00 2.184853971867213064e-03
1.379203509176959441e+00 2.430463297345157939e-03
1.380797411302438382e+00 2.505367382676534221e-03
1.382395001735508444e+00 2.654385135366007457e-03
1.383996293293177304e+00 2.844770162958251865e-03
1.385601298851907748e+00 2.866596165642343059e-03
1.387210031347962502e+00 3.144921906424009376e-03
1.388822503777751960e+00 3.084368116664344076e-03
1.390438729198184342e+00 3.314502649541798806e-03
1.392058720727018528e+00 3.276741268678511846e-03
1.393682491543217106e+00 3.345826431640542848e-03
1.395310054887305862e+00 3.451536084062022374e-03
1.396941424061732606e+00 3.377862453600121578e-03
1.398576612431230215e+00 3.643342880235643424e-03
1.400215633423180339e+00 3.522678549988864788e-03
1.401858500527983109e+00 3.805557862005150196e-03
1.403505227299424396e+00 3.748912215732470594e-03
1.405155827355051068e+00 3.856977054306850398e-03
1.406810314376545579e+00 3.957277650215839000e-03
1.408468702110102555e+00 3.831783948568603937e-03
1.410131004366812046e+00 4.081614456772828664e-03
1.411797235023041441e+00 3.829954867586868664e-03
1.413467408020820937e+00 4.069845315122950190e-03
1.415141537368233893e+00 3.875434538643954610e-03
1.416819637139807853e+00 3.921217973724992409e-03
1.418501721476908450e+00 3.948943988587139999e-03
1.420187804588137537e+00 3.770311734094577375e-03
1.421877900749732415e+00 4.048798099916242968e-03
1.423572024305969297e+00 3.770393881745778743e-03
1.425270189669569199e+00 4.125653196309254402e-03
1.426972411322106726e+00 3.928250947531463332e-03
1.428678703814420636e+00 4.074877490448608995e-03
1.430389081767029724e+00 4.110855996727033439e-03
1.432103559870550047e+00 3.901915701686380165e-03
1.433822152886115475e+00 4.191908558240717807e-03
1.435544875645800911e+00 3.762092575483218671e-03
1.437271743053049278e+00 4.116359742297788331e-03
1.439002770083102289e+00 3.756375122160309811e-03
1.440737971783431881e+00 3.876725896008857523e-03
1.442477363274176083e+00 3.841465201176791442e-03
1.444220959748579780e+00 3.576308243488554237e-03
1.445968776473435913e+00 3.920239059821211194e-03
1.447720828789531122e+00 3.401210091542870937e-03
1.449477132112094946e+00 3.889671427505504448e-03
1.451237701931252122e+00 3.435579486891199470e-03
1.453002553812477116e+00 3.638505194237115752e-03
1.454771703397053528e+00 3.561701793499029954e-03
1.456545166402535507e+00 3.191843951306338589e-03
1.458322958623214927e+00 3.569540018148836553e-03
1.460105095930588126e+00 2.791441929001044903e-03
1.461891594273828421e+00 3.336958259171177252e-03
1.463682469680264608e+00 2.643428198315943278e-03
1.465477738255856588e+00 2.855414443343611518e-03
1.467277416185680750e+00 2.718373151809158617e-03
1.469081519734415364e+00 2.246825815873446097e-03
1.470890065246829970e+00 2.801261727055476790e-03
1.472703069148280752e+00 1.767841295870684320e-03
1.474520547945205484e+00 2.643801609202760163e-03
1.476342518225627121e+00 1.645146555837486389e-03
1.478168996659656065e+00 2.092534903633896069e-03
1.479999999999999982e+00 1.916356187304565440e-03
