1.080000000000000071e+00 1.019511720479199024e+00
1.080977110286799991e+00 9.543669652746120668e-01
1.081955990220049069e+00 1.106652714741406918e+00
1.082936644611619537e+00 1.061639925064064682e+00
1.083919078290846327e+00 7.747644630713190761e-01
1.084903296104603676e+00 6.997191890502374445e-01
1.085889302917385946e+00 3.256466371834546014e-01
1.086877103611388895e+00 3.339326034835061324e-02
1.087866703086588283e+00 6.168808415505955267e-01
1.088858106260822023e+00 1.068551808115777657e+00
1.089851318069871233e+00 8.768149571266292686e-01
1.090846343467543278e+00 9.887010997716496608e-01
1.091843187425751704e+00 1.030653340778324933e+00
1.092841854934601731e+00 7.779067290022678716e-01
1.093842351002471958e+00 7.856718157004383141e-01
1.094844680656098079e+00 8.139598849172636763e-01
1.095848848940658593e+00 8.428841872101865418e-01
1.096854860919856733e+00 9.291581921813917289e-01
1.097862721676008402e+00 8.522226285456721007e-01
1.098872436310126322e+00 8.181865427303119942e-01
1.099884009942005081e+00 6.819156716011446351e-01
1.100897447710310395e+00 2.092573678328592257e-01
1.101912754772664371e+00 7.194305795652830744e-03
1.102929936305732550e+00 2.409970207186802604e-01
1.103948997505312946e+00 4.335284416221424353e-01
1.104969943586423753e+00 3.623024702148238685e-01
1.105992779783393498e+00 1.356919034670015511e-01
1.107017511349948968e+00 1.652035285044717583e-01
1.108044143559306471e+00 5.288413957305452273e-01
1.109072681704260654e+00 7.438087616983312111e-01
1.110103131097277984e+00 7.552254847484904943e-01
1.111135497070585121e+00 7.666483915510284852e-01
1.112169784976263731e+00 7.418177471972249304e-01
1.113206000186341305e+00 6.977582859100375234e-01
1.114244148092884412e+00 6.730813460037788909e-01
1.115284234108093075e+00 5.459991268117784236e-01
1.116326263664393137e+00 2.397505335899704493e-01
1.117370242214533071e+00 8.390012490885489019e-03
1.118416175231676579e+00 1.043792789057048781e-01
1.119464068209500507e+00 2.799910384008179043e-01
1.120513926662290105e+00 2.966165310502402730e-01
1.121565756125034952e+00 2.351739370618127489e-01
1.122619562153528205e+00 1.283741836888699639e-01
1.123675350324461641e+00 1.694893708809801919e-02
1.124733126235526681e+00 2.119015789506367015e-02
1.125792895505512314e+00 1.467245028510786309e-01
1.126854663774403686e+00 3.089078457413910739e-01
1.127918436703483795e+00 4.282033870077721072e-01
1.128984219975432302e+00 4.681333491937422209e-01
1.130052019294429222e+00 4.728893132346920769e-01
1.131121840386253963e+00 4.457177922273861670e-01
1.132193688998389236e+00 3.719443488241205298e-01
1.133267570900123422e+00 2.712830137293647526e-01
1.134343491882654265e+00 1.477753999418775499e-01
1.135421457759194119e+00 5.757479907368481115e-02
1.136501474365071651e+00 4.712283292219272141e-02
1.137583547557840635e+00 6.423210883895924539e-02
1.138667683217382987e+00 6.773804392756387072e-02
1.139753887246017339e+00 5.100209273512727043e-02
1.140842165568604960e+00 2.278949688155940470e-02
1.141932524132657889e+00 2.511127845758975592e-03
1.143024968908447514e+00 6.861333760099626311e-03
1.144119505889112487e+00 5.596024965498800491e-02
1.145216141090769524e+00 1.421904885154106901e-01
1.146314880552624205e+00 2.263692562048816859e-01
1.147415730337078887e+00 2.858402477188306534e-01
1.148518696529847283e+00 2.953172616517045213e-01
1.149623785240065477e+00 2.623371992092968785e-01
1.150731002600404507e+00 2.171954585935874094e-01
1.151840354767184049e+00 1.731403542841428167e-01
1.152951847920486328e+00 1.665739941451616080e-01
1.154065488264271355e+00 2.188693246201725284e-01
1.155181282026491507e+00 3.003485930228174117e-01
1.156299235459208541e+00 3.783095669899750879e-01
1.157419354838709724e+00 4.185224685889947782e-01
1.158541646465625963e+00 4.122936125599186430e-01
1.159666116665049040e+00 3.826666985577985014e-01
1.160792771786651079e+00 3.225216555262869766e-01
1.161921618204803996e+00 2.269164464579089824e-01
1.163052662318699415e+00 1.146093017450302148e-01
1.164185910552470116e+00 2.193552740105742666e-02
1.165321369355310832e+00 4.496700849435500413e-03
1.166459045201601041e+00 6.232428158220735398e-02
1.167598944591029086e+00 1.417157300334830616e-01
1.168741074048713857e+00 2.014494137861830569e-01
1.169885440125330467e+00 2.216453106324915157e-01
1.171032049397236152e+00 2.080675469939122224e-01
1.172180908466594840e+00 1.654151259565022902e-01
1.173332023961504378e+00 9.721572304572446976e-02
1.174485402536125100e+00 5.246933416246413184e-02
1.175641050870805948e+00 8.534755744593647275e-02
1.176798975672215031e+00 1.858840642791961817e-01
1.177959183673469301e+00 2.931322918942774747e-01
1.179121681634264229e+00 3.584312469533318946e-01
1.180286476341005475e+00 3.850779688792364541e-01
1.181453574606941670e+00 3.864560854081756647e-01
1.182622983272295203e+00 3.674710337830799922e-01
1.183794709204398998e+00 3.340987399127596236e-01
1.184968759297828189e+00 2.744778894295720750e-01
1.186145140474535786e+00 1.806964100148875652e-01
1.187323859683990790e+00 7.975226411092194156e-02
1.188504923903312527e+00 1.183668854353193099e-02
1.189688340137409206e+00 4.600348844714811751e-03
1.190874115419117141e+00 4.298728067894901084e-02
1.192062256809338860e+00 8.523295596137524244e-02
1.193252771397183665e+00 1.066705334451132081e-01
1.194445666300110176e+00 9.587845481851746399e-02
1.195640948664064895e+00 5.846778916234952883e-02
1.196838625663628308e+00 2.105915397307620007e-02
1.198038704502155882e+00 1.495440642698788423e-02
1.199241192411923951e+00 5.805892796362716740e-02
1.200446096654275152e+00 1.336353086197984430e-01
1.201653424519762536e+00 2.154073997008190966e-01
1.202863183328299446e+00 2.912788508494452144e-01
1.204075380429305620e+00 3.495172463533012808e-01
1.205290023201856187e+00 3.855147647023819402e-01
1.206507119054831989e+00 3.936687685862907404e-01
1.207726675427069685e+00 3.612684463800020507e-01
1.208948699787514069e+00 2.947208569057737648e-01
1.210173199635369068e+00 2.090490619939328332e-01
1.211400182500253386e+00 1.333037699174126067e-01
1.212629655942352613e+00 1.039324240560242224e-01
1.213861627552575539e+00 1.192800998029383830e-01
1.215096104952710254e+00 1.557220489027928423e-01
1.216333095795581798e+00 1.901703242403251781e-01
1.217572607765209369e+00 2.022997801524272776e-01
1.218814648576966198e+00 1.864004388346889307e-01
1.220059225977739192e+00 1.417042679159110086e-01
1.221306347746090148e+00 7.849850918874588801e-02
1.222556021692417838e+00 2.936183771762274422e-02
1.223808255659121214e+00 2.325931533189541309e-02
1.225063057520762833e+00 6.745070157641235020e-02
1.226320435184235169e+00 1.391843039894231637e-01
1.227580396588924261e+00 2.083974515613477019e-01
1.228842949706880683e+00 2.625251843729835000e-01
1.230108102542983417e+00 2.916160680733400068e-01
1.231375863135113047e+00 2.936781154966117691e-01
1.232646239554317624e+00 2.747925856962297186e-01
1.233919239904988085e+00 2.398631569767966376e-01
1.235194872325028115e+00 2.069628469679455629e-01
1.236473144986029338e+00 1.935346815175234547e-01
1.237754066093442296e+00 2.041329125393655242e-01
1.239037643886757190e+00 2.357981508603199383e-01
1.240323886639676187e+00 2.676538077764927803e-01
1.241612802660293058e+00 2.803882307973866173e-01
1.242904400291272360e+00 2.680341269364131529e-01
1.244198687910028189e+00 2.265584695630202261e-01
1.245495673928906699e+00 1.664207483219508343e-01
1.246795366795366844e+00 1.030931160280392778e-01
1.248097774992165343e+00 5.218264973179988220e-02
1.249402907037540533e+00 3.284868650294582582e-02
1.250710771485397332e+00 4.950573549779142823e-02
1.252021376925495089e+00 9.349453306470408009e-02
1.253334731983635653e+00 1.475668236972112191e-01
1.254650845321852337e+00 1.921705752029591874e-01
1.255969725638599765e+00 2.233157387828060003e-01
1.257291381668946606e+00 2.424117266701092122e-01
1.258615822184767863e+00 2.573665788328606818e-01
1.259943055994938277e+00 2.802516672634135508e-01
1.261273091945529279e+00 3.075536500340478874e-01
1.262605938920004389e+00 3.341450475989577451e-01
1.263941605839416171e+00 3.520071269522943025e-01
1.265280101662607404e+00 3.514461752704094999e-01
1.266621435386409367e+00 3.355592906228120342e-01
1.267965616045845456e+00 3.033708959262281790e-01
1.269312652714331247e+00 2.553518832333512290e-01
1.270662554503881658e+00 1.998231532213262385e-01
1.272015330565314573e+00 1.411550085909532848e-01
1.273370990088457999e+00 9.011591389848501443e-02
1.274729542302357910e+00 5.660013466529676546e-02
1.276090996475488515e+00 4.019004619515712667e-02
1.277455361915962762e+00 4.043086918178608047e-02
1.278822647971743498e+00 5.525759826092480065e-02
1.280192864030858191e+00 8.680606903892290616e-02
1.281566019521613198e+00 1.321550672103850854e-01
1.282942123912810262e+00 1.795014097113157847e-01
1.284321186713963225e+00 2.216526143579908292e-01
1.285703217475519411e+00 2.496029661369167929e-01
1.287088225789077001e+00 2.606531742001859664e-01
1.288476221287609302e+00 2.613851930585090466e-01
1.289867213645687238e+00 2.582735049673137162e-01
1.291261212579704054e+00 2.636776282560565621e-01
1.292658227848101138e+00 2.790219479996938201e-01
1.294058269251597615e+00 3.010921061314255631e-01
1.295461346633416388e+00 3.428149096111046679e-01
1.296867469879517953e+00 4.072622192365884519e-01
1.298276648918830878e+00 4.872427857567134812e-01
1.299688893723485172e+00 5.705686164512425718e-01
1.301104214309049434e+00 6.401301620038954976e-01
1.302522620734765102e+00 6.943402287098703329e-01
1.303944123103786934e+00 7.301960606921945596e-01
1.305368731563421703e+00 7.501275010383539055e-01
1.306796456305370224e+00 7.698777569680187449e-01
1.308227307565969610e+00 7.903339611009397858e-01
1.309661295626438848e+00 8.149705923452309486e-01
1.311098430813124160e+00 8.441446031126749183e-01
1.312538723497747917e+00 8.646341030367999947e-01
1.313982184097657324e+00 8.788150859553931493e-01
1.315428823076076226e+00 8.839464992681386191e-01
1.316878650942356455e+00 8.794106493574771477e-01
1.318331678252234518e+00 8.775119556410982957e-01
1.319787915608085838e+00 8.749976842529940679e-01
1.321247373659183877e+00 8.776144234632879959e-01
1.322710063101959488e+00 8.882100452793093570e-01
1.324175994680261370e+00 8.972770554454352343e-01
1.325645179185620748e+00 9.096115780186925237e-01
1.327117627457514049e+00 9.186442236307299503e-01
1.328593350383631799e+00 9.199545495318179888e-01
1.330072358900144858e+00 9.207775880677622204e-01
1.331554663991975751e+00 9.138598704728501110e-01
1.333040276693071347e+00 9.068898405952747765e-01
1.334529208086674856e+00 9.055801632532388679e-01
1.336021469305602061e+00 9.058378462218611427e-01
1.337517071532519974e+00 9.173446385858408103e-01
1.339016026000224180e+00 9.317414412428663972e-01
1.340518343991921935e+00 9.426226943124712543e-01
1.342024036841514389e+00 9.508388101605714793e-01
1.343533115933880584e+00 9.433994630138033965e-01
1.345045592705166992e+00 9.294369917681851723e-01
1.346561478643074405e+00 9.161890681463460417e-01
1.348080785287148808e+00 9.058446866542221310e-01
1.349603524229074925e+00 9.131459501677299251e-01
1.351129707112970646e+00 9.292580092263177383e-01
1.352659345635684351e+00 9.483645499608276408e-01
1.354192451547092668e+00 9.672456509487936671e-01
1.355729036650402675e+00 9.680634120677827914e-01
1.357269112802453659e+00 9.585670342080815365e-01
1.358812691914022430e+00 9.405748263022030153e-01
1.360359785950130851e+00 9.188989284533969348e-01
1.361910406930354478e+00 9.125921155179262945e-01
1.363464566929133870e+00 9.158508231899725738e-01
1.365022278076088114e+00 9.314256392707122023e-01
1.366583552556330794e+00 9.547686804124013715e-01
1.368148402610786407e+00 9.662107577215841570e-01
1.369716840536512770e+00 9.710198004976472452e-01
1.371288878687019430e+00 9.622599058146982243e-01
1.372864529472595629e+00 9.430753696591133162e-01
1.374443805360635151e+00 9.302717055984096595e-01
1.376026718875964505e+00 9.179070275819519731e-01
1.377613282601175992e+00 9.185115222410830116e-01
1.379203509176959441e+00 9.312075607815224476e-01
1.380797411302438382e+00 9.433032480635917816e-01
1.382395001735508444e+00 9.615324866261121262e-01
1.383996293293177304e+00 9.689233533162319167e-01
1.385601298851907748e+00 9.644451863870371344e-01
1.387210031347962502e+00 9.558625523476330654e-01
1.388822503777751960e+00 9.340809938574285987e-01
1.390438729198184342e+00 9.193213430448583523e-01
1.392058720727018528e+00 9.142084164905662780e-01
1.393682491543217106e+00 9.162806352545269650e-01
1.395310054887305862e+00 9.376127394901613288e-01
1.396941424061732606e+00 9.573182250638566648e-01
1.398576612431230215e+00 9.733256448236016212e-01
1.400215633423180339e+00 9.821061904710232104e-01
1.401858500527983109e+00 9.661778974561633371e-01
1.403505227299424396e+00 9.462427796623614773e-01
1.405155827355051068e+00 9.216174220140065376e-01
1.406810314376545579e+00 9.030904476630496891e-01
1.408468702110102555e+00 9.110101172290929750e-01
1.410131004366812046e+00 9.272130871450217082e-01
1.411797235023041441e+00 9.559309097279857781e-01
1.413467408020820937e+00 9.834891134648292566e-01
1.415141537368233893e+00 9.861886352750359741e-01
1.416819637139807853e+00 9.805767536611943447e-01
1.418501721476908450e+00 9.543871184460348545e-01
1.420187804588137537e+00 9.245640692146672723e-01
1.421877900749732415e+00 9.123043981090099841e-01
1.423572024305969297e+00 9.053691428122462304e-01
1.425270189669569199e+00 9.248708199839624777e-01
1.426972411322106726e+00 9.536015865691610527e-01
1.428678703814420636e+00 9.731495077055697385e-01
1.430389081767029724e+00 9.930243287915341277e-01
1.432103559870550047e+00 9.830141102703561229e-01
1.433822152886115475e+00 9.621205837295738750e-01
1.435544875645800911e+00 9.413475774284265629e-01
1.437271743053049278e+00 9.125064471043561332e-01
1.439002770083102289e+00 9.117067726844446662e-01
1.440737971783431881e+00 9.208049942717291270e-01
1.442477363274176083e+00 9.383062180076588987e-01
1.444220959748579780e+00 9.737039620535142825e-01
1.445968776473435913e+00 9.853079706339572530e-01
1.447720828789531122e+00 9.938453524326571475e-01
1.449477132112094946e+00 9.861000393204120140e-01
1.451237701931252122e+00 9.519142709405555847e-01
1.453002553812477116e+00 9.345854736474490387e-01
1.454771703397053528e+00 9.108015987487866338e-01
1.456545166402535507e+00 9.083502700598616864e-01
1.458322958623214927e+00 9.380801824337512418e-01
1.460105095930588126e+00 9.569431888977404377e-01
1.461891594273828421e+00 9.957512526840327505e-01
1.463682469680264608e+00 1.012426803808873954e+00
1.465477738255856588e+00 9.971038423532764261e-01
1.467277416185680750e+00 9.884367447944906182e-01
1.469081519734415364e+00 9.408862105999533654e-01
1.470890065246829970e+00 9.190376414226327784e-01
1.472703069148280752e+00 9.186278688359362787e-01
1.474520547945205484e+00 9.165635316075234629e-01
1.476342518225627121e+00 9.730010079339190820e-01
1.478168996659656065e+00 9.955240494016667219e-01
1.479999999999999982e+00 1.020695160504919263e+00
