5.586182023701496901e-07
5.320173355906187525e-07
5.320173355906187525e-07
5.320173355906187525e-07
5.320173355906187525e-07
5.320173355906187525e-07
5.320173355906187525e-07
5.320173355906187525e-07
5.320173355906187525e-07
5.320173355906187525e-07
5.320173355906187525e-07
5.320173355906187525e-07
5.320173355906187525e-07
5.320173355906187525e-07
5.320173355906187525e-07
5.320173355906187525e-07
5.320173355906187525e-07
5.320173355906187525e-07
5.320173355906187525e-07
5.320173355906187525e-07
5.320173355906187525e-07
5.320173355906187525e-07
5.320173355906187525e-07
5.320173355906187525e-07
5.320173355906187525e-07
8.268263154033278495e-01
8.268263154033278495e-01
8.268263154033278495e-01
8.268263154033278495e-01
8.268263154033278495e-01
8.268263154033278495e-01
8.268263154033278495e-01
8.268263154033278495e-01
8.268263154033278495e-01
8.268263154033278495e-01
8.268263154033278495e-01
8.268263154033278495e-01
8.268263154033278495e-01
8.268263154033278495e-01
8.268263154033278495e-01
8.268263154033278495e-01
8.268263154033278495e-01
8.268263154033278495e-01
8.268263154033278495e-01
8.268263154033278495e-01
8.268263154033278495e-01
8.268263154033278495e-01
8.268263154033278495e-01
8.268263154033278495e-01
8.268263154033278495e-01
1.618086526539217715e-05
