9.213140227353169654e-08
9.213140227353169654e-08
9.213140227353169654e-08
9.213140227353169654e-08
9.213140227353169654e-08
9.213140227353169654e-08
9.213140227353169654e-08
9.213140227353169654e-08
9.213140227353169654e-08
9.213140227353169654e-08
9.213140227353169654e-08
9.213140227353169654e-08
9.213140227353169654e-08
9.213140227353169654e-08
9.213140227353169654e-08
9.213140227353169654e-08
9.213140227353169654e-08
9.213140227353169654e-08
9.213140227353169654e-08
9.213140227353169654e-08
9.213140227353169654e-08
9.213140227353169654e-08
9.213140227353169654e-08
9.213140227353169654e-08
9.213140227353169654e-08
9.213140227353169654e-08
9.213140227353169654e-08
7.013710560767732984e-08
7.013710560767732984e-08
7.013710560767732984e-08
7.013710560767732984e-08
7.013710560767732984e-08
7.013710560767732984e-08
7.013710560767732984e-08
7.013710560767732984e-08
7.013710560767732984e-08
7.013710560767732984e-08
7.013710560767732984e-08
7.013710560767732984e-08
7.013710560767732984e-08
7.013710560767732984e-08
7.013710560767732984e-08
7.013710560767732984e-08
7.013710560767732984e-08
7.013710560767732984e-08
7.013710560767732984e-08
7.013710560767732984e-08
7.013710560767732984e-08
7.013710560767732984e-08
7.013710560767732984e-08
7.013710560767732984e-08
9.213140227353169654e-08
9.144783942552861130e-08
9.142096411616388207e-08
8.839094765500330570e-08
8.836396134594800259e-08
9.133381188304622567e-08
8.824119720616892027e-08
8.653906262504029402e-08
9.201978569545315920e-08
9.126542773883946098e-08
7.584083843859815195e-08
8.653081117047633751e-08
9.122675749012010913e-08
9.119116070052992735e-08
8.643094287714651986e-08
8.813317441022031456e-08
9.069840831829345531e-08
9.103414735473371600e-08
9.179050096274117225e-08
8.950047533384460599e-08
9.099312255959568366e-08
8.805496718289555216e-08
8.793423945833300047e-08
8.614964771518265102e-08
8.772464420987057629e-08
9.182971325465046349e-08
8.609729970676049871e-08
7.054267147737142013e-08
9.137997457901271744e-08
9.036559012212909974e-08
9.069035550955182440e-08
8.594423853209067380e-08
9.057447048537602948e-08
9.051305901537968331e-08
8.744781957449539327e-08
8.570981468599528631e-08
9.069648241382417515e-08
9.038532916430685623e-08
8.995089117015954640e-08
8.725334791891415695e-08
9.016543734211248876e-08
9.008777578566739232e-08
9.012529872859363096e-08
8.703269160499720007e-08
8.984521575609050764e-08
8.680185179043775346e-08
7.711780227738286796e-08
8.499637946798762301e-08
8.952061063774083310e-08
8.480668151451233033e-08
8.930972605797470257e-08
7.570579618874908070e-08
9.027790381502489731e-08
8.920394220186646425e-08
8.618125098618542850e-08
8.438561221500140101e-08
9.030005961649504723e-08
8.848624952767549874e-08
8.872188446246635202e-08
8.578060705905779342e-08
8.389753253439943681e-08
8.829916363118254647e-08
8.814676138713725064e-08
8.825951207228231175e-08
8.784418291453220948e-08
8.848249379964915602e-08
7.117453524820685308e-08
8.825153990424279363e-08
7.916664320564545030e-08
9.015166542756149398e-08
8.821817496643245728e-08
8.847131855487996860e-08
8.815513717018638080e-08
7.363294009483788748e-08
6.949164076621275816e-08
7.509662122934109464e-08
7.290415382461877597e-08
8.853531245408342956e-08
8.703681256183592827e-08
8.759541143664857451e-08
7.519943139030866504e-08
7.257895091480206305e-08
9.058314384196791570e-08
8.741983421664697149e-08
8.755257917536051442e-08
8.777001552843136341e-08
7.348968440231626811e-08
7.911675044524560772e-08
9.026462019140167192e-08
8.723770704079395306e-08
8.972298461616798674e-08
7.212841707522270607e-08
8.242576072729347400e-08
7.105392436330265944e-08
9.027289949742056943e-08
8.720307901992455627e-08
8.895337067818381931e-08
7.918771427224483534e-08
8.785951678556964107e-08
8.126924015054421962e-08
9.168522620282938724e-08
9.008052922563685495e-08
8.747830395883142126e-08
8.696967400035477367e-08
7.219605299837384276e-08
8.932631653986747038e-08
8.839867934778392939e-08
7.840373597166862764e-08
8.307471140574077746e-08
8.705571010417306403e-08
8.874214691104648455e-08
8.921602801872177595e-08
7.767001571407328041e-08
8.984944217187071551e-08
8.707234773962558473e-08
8.807215037189251304e-08
9.047928174160914809e-08
8.224921290439133069e-08
8.959612235999287667e-08
8.817339013293434673e-08
8.780502981560532209e-08
8.826814182572975293e-08
