2.305748781947905713e-08
2.277730413559140336e-08
2.202924491217163704e-08
2.287345196844301420e-08
2.439623959313497580e-08
2.552762594710687731e-08
2.412793956499949019e-08
1.985490117685158520e-08
1.719424589141895963e-08
1.609009930652292863e-08
1.717512620408898915e-08
2.449248704582310430e-08
2.667387517368631707e-08
2.453158926522514243e-08
2.160070836435414276e-08
2.042016096813760689e-08
2.340151780784682904e-08
2.392943823471849692e-08
2.405877893937275283e-08
2.416923654992567752e-08
2.378700978025359041e-08
2.392906269387378842e-08
2.333539564313561992e-08
2.280631425079740306e-08
2.241366619950379837e-08
2.298420713063897574e-08
2.325630930649301138e-08
2.226191596572047483e-08
2.283577283880759584e-08
2.429468067083706851e-08
2.570144191936920156e-08
2.516834169272156716e-08
2.070486360855042899e-08
1.758647718041210769e-08
1.623432488549051519e-08
1.662959435557296353e-08
2.385420497115206842e-08
2.686940124289619965e-08
2.527778145946219223e-08
2.191694775775325590e-08
1.998000020702744952e-08
2.266689109157895439e-08
2.396242598198739099e-08
2.397171219749101108e-08
2.419909981615809899e-08
2.355796676400684460e-08
2.391434270581162539e-08
2.357655451512493651e-08
2.290405309080511974e-08
2.242502112523743508e-08
2.271460789277352616e-08
2.238565037504482828e-08
2.027691518063935762e-08
2.469576577430473248e-08
2.098601516942191704e-08
2.528744780005701642e-08
1.929016311149046521e-08
1.947292809697048440e-08
2.802212337250590678e-08
2.272499547389539439e-08
2.914202135345153007e-08
2.248862631235189971e-08
2.065347054336173992e-08
2.019158743846269800e-08
1.953851976630885714e-08
2.324391356955490135e-08
1.929155596951998498e-08
2.007354765022706159e-08
2.294838161383978114e-08
2.122770886413267249e-08
2.414821358007525805e-08
2.116576593459594459e-08
2.021491060484093952e-08
2.106756103785798816e-08
2.644137500282160117e-08
2.607928485605287141e-08
2.209160544982945291e-08
2.293465507458236846e-08
2.040612277256225727e-08
2.368239984762341330e-08
2.343086957063775306e-08
2.589296519322731097e-08
2.252420008767077667e-08
2.245737049437114297e-08
2.110096186415390738e-08
2.102870544401015570e-08
2.961636800125866795e-08
2.312834702171332744e-08
2.320997181665867141e-08
2.024237642395864232e-08
2.035017594756119288e-08
2.988687254423195026e-08
2.052690185814572238e-08
2.478816361995580760e-08
2.069618903635392571e-08
2.222485882543057951e-08
2.187813353635686462e-08
2.203383546642714386e-08
2.147289596460573870e-08
2.158841179674685422e-08
2.083321315002029864e-08
2.078846880500800734e-08
2.191328236276246272e-08
2.424916781683290528e-08
2.024628671588473164e-08
2.027244647159241038e-08
2.033239020082601759e-08
2.189775463419819404e-08
2.131833328685831831e-08
2.030957694359411931e-08
2.111538331682854511e-08
2.075283208227471891e-08
2.055307425718407370e-08
2.152192505775509205e-08
2.365601222267498344e-08
2.144887104589187874e-08
2.169004925379430822e-08
1.961971376747667883e-08
2.379318958915382344e-08
2.014953654695261578e-08
2.372777917866482316e-08
2.174075108194774365e-08
1.937735223372157129e-08
2.926713444204116656e-08
2.290659327977404334e-08
1.968383898510802695e-08
1.983353161486120004e-08
2.719138732815911515e-08
2.037203460433898565e-08
2.741313822582041941e-08
2.652580139485454780e-08
2.550282068912977560e-08
3.204849200013955679e-08
2.202486237207991090e-08
2.306912047410725498e-08
2.627249005256561000e-08
2.538378643807469571e-08
2.328115452335951410e-08
2.485631686823873722e-08
2.173553610561811434e-08
2.216210744762160315e-08
2.232009211063565200e-08
2.031748926055692615e-08
2.101721366176859137e-08
2.314953355017441422e-08
2.512294941370434437e-08
1.928319324971895802e-08
2.805485632547635647e-08
2.001085948858503943e-08
1.979779215527685189e-08
2.288990854859428095e-08
2.191666895584328640e-08
2.248082590093981981e-08
2.278546791431968471e-08
1.838766359394028419e-08
1.812826160668693397e-08
2.077665731341637949e-08
2.280801330859630652e-08
2.632162062605553802e-08
2.173400765776422946e-08
2.926022220553847049e-08
2.152262530285127327e-08
2.263112550845348602e-08
2.203968451533349119e-08
2.409763741240161652e-08
2.758246381766671246e-08
2.003654009479993569e-08
2.204321541813455198e-08
2.379094793811606509e-08
2.022904446760278109e-08
2.461546275911041854e-08
2.193299299642604011e-08
2.092786161782544714e-08
