1.328244514475144245e-01
2.560396558885510987e-01
1.811189882719058675e-01
6.674508907090220822e-02
2.059322226490698307e-02
1.837087042684911950e-02
6.003595581928836827e-02
1.000219041166485884e-01
1.148264610426542182e-01
1.052468340782347772e-01
9.045565792309161190e-02
8.780260957629652807e-02
9.377023870354918300e-02
1.000917485777500365e-01
1.071822178130749925e-01
1.095182017929492019e-01
1.125002332206709726e-01
1.184809839355293881e-01
1.239694707312012367e-01
1.274805545244781235e-01
1.285423864036427388e-01
1.286765051478077349e-01
1.296901968144623940e-01
1.311688832474237065e-01
1.323477829628687541e-01
1.327814342214098386e-01
2.483168834949285586e-01
2.204336076681103485e-01
8.526262148016641729e-02
1.567271417776614981e-02
1.330294808434697752e-02
4.907322990954063324e-02
9.194925024998484853e-02
1.183375526952979012e-01
1.105994870888689224e-01
9.478052755485714964e-02
8.810513919553727979e-02
9.096769112540813162e-02
1.011848642801579240e-01
1.074827868736670661e-01
1.098044073349118549e-01
1.122961951901432220e-01
1.171014126895366103e-01
1.230319893246751700e-01
1.272023905280993405e-01
1.285581724086728994e-01
1.288868812050797674e-01
1.294318012635115311e-01
1.308021877003500422e-01
1.322252254634218860e-01
1.328323384481805980e-01
1.325738222331131755e-01
1.583485036909781651e-01
1.073702937378277628e-01
1.490973274866214116e-01
9.932265463806191907e-02
1.534344127935379498e-01
1.505624863314331263e-01
4.040002074136493648e-02
1.072222042526731756e-01
3.990777051614425447e-02
1.232733908441889792e-01
1.593191525492360650e-01
1.570577897640097753e-01
1.606946205386190762e-01
1.552915107772755154e-01
1.600137284502460844e-01
1.494523507558085107e-01
1.620093136117838062e-01
3.380116243294813139e-02
1.146241106700333079e-01
1.687411750335683081e-01
1.521761271933306514e-01
1.701663849909146042e-01
1.648587604447797339e-01
9.116425821584525635e-02
1.352058982981897972e-01
1.814817571308522115e-01
4.960613420899322862e-02
1.270435562289396469e-01
1.842811850910290872e-01
1.751617700290466206e-01
1.961373142638029587e-01
2.029538953208435970e-01
2.065193454736156675e-01
2.063328602469152173e-01
1.570358125372742497e-01
9.596134332866945726e-02
1.377842481582810252e-01
2.097698583233606195e-01
2.095788483924737877e-01
1.580297072790589619e-01
2.071186100942941644e-01
1.332397534760472735e-01
2.101235017429139984e-01
2.103050331248042804e-01
2.112888089104376921e-01
1.307331499924342944e-01
2.086369142226934814e-01
2.089274151605697571e-01
2.086111040013534923e-01
2.115561256231244247e-01
1.216985602017451040e-01
1.523679377465887164e-01
2.069483261833041376e-01
2.066011453379350549e-01
2.008924579624743190e-01
1.645018098021080177e-01
1.994593718332907106e-01
1.982976680104575895e-01
1.984527440142009880e-01
1.966294999185890791e-01
1.931558444781822925e-01
1.916602970432392528e-01
1.871644436796442157e-01
1.800397825154163856e-01
1.676595356147227156e-01
2.008258852223467894e-01
2.086747400673782948e-01
1.465446435571521600e-01
1.734721582331709144e-01
2.128546174428818938e-01
1.914115211353393797e-01
1.696750440951294847e-01
2.126535205424415209e-01
1.556478118914633724e-01
1.789181322517834904e-01
1.915621399929747226e-01
1.583744892529529713e-01
1.776280459117817734e-01
1.963265853165379882e-01
2.202402573327381652e-01
1.524365298074932262e-01
1.870449236995549713e-01
2.059765443629865411e-01
1.600786807945343004e-01
1.845192417505406857e-01
1.979339710209128966e-01
1.624280576409482812e-01
1.876580517949077986e-01
1.895309886276084488e-01
1.954802098448510661e-01
2.110155431694921702e-01
1.892235892139647324e-01
1.580743969849975061e-01
1.925420677627705801e-01
2.107506018502413592e-01
1.692867576433646770e-01
1.993370400351736349e-01
1.900092974785807520e-01
1.800463127291873078e-01
2.010698300918169756e-01
2.063230160974702798e-01
1.925484446867155031e-01
2.067614089560845803e-01
2.020945651908755691e-01
1.846239852223505451e-01
2.069436661366285679e-01
1.905348294492795747e-01
1.951171456957545014e-01
1.669368363427393143e-01
2.098567061948890811e-01
2.063383775306562584e-01
1.769269620015466171e-01
2.082662895740905185e-01
1.833001485291171351e-01
2.129676878623182890e-01
1.861546842034927651e-01
2.103247357226681880e-01
2.030672130200333325e-01
1.932432249076956876e-01
2.107843261354896969e-01
1.944807586639052122e-01
