1.080000000000000071e+00 9.801414698247143953e-01
1.080977110286799991e+00 9.373291526509606175e-01
1.081955990220049069e+00 9.241053271403170122e-01
1.082936644611619537e+00 9.881623131279781980e-01
1.083919078290846327e+00 7.614166711842328406e-01
1.084903296104603676e+00 6.046234042124014607e-01
1.085889302917385946e+00 9.426195403676701501e-01
1.086877103611388895e+00 9.800821931298759893e-01
1.087866703086588283e+00 4.978281500049417940e-01
1.088858106260822023e+00 4.633038195469880161e-01
1.089851318069871233e+00 8.498159302229768564e-01
1.090846343467543278e+00 9.583085038468447392e-01
1.091843187425751704e+00 9.270086741148940712e-01
1.092841854934601731e+00 6.631341110696242769e-01
1.093842351002471958e+00 3.431440012550886487e-01
1.094844680656098079e+00 5.385546773477914995e-01
1.095848848940658593e+00 7.945009471010192614e-01
1.096854860919856733e+00 7.806833305027396364e-01
1.097862721676008402e+00 8.060913662555755366e-01
1.098872436310126322e+00 6.686857340540369732e-01
1.099884009942005081e+00 3.378241597784837902e-01
1.100897447710310395e+00 3.694690411153785936e-01
1.101912754772664371e+00 6.609038283862413987e-01
1.102929936305732550e+00 7.554858946625147009e-01
1.103948997505312946e+00 7.228692314494731264e-01
1.104969943586423753e+00 7.377323695291178041e-01
1.105992779783393498e+00 6.066130148798487554e-01
1.107017511349948968e+00 2.672942905210307085e-01
1.108044143559306471e+00 2.224347640783448377e-01
1.109072681704260654e+00 5.644264348934527886e-01
1.110103131097277984e+00 7.586774295878010443e-01
1.111135497070585121e+00 7.565528792935153346e-01
1.112169784976263731e+00 7.468000269164992710e-01
1.113206000186341305e+00 7.063938334212161996e-01
1.114244148092884412e+00 6.187734836645684133e-01
1.115284234108093075e+00 3.876170478421270271e-01
1.116326263664393137e+00 1.612328824581550635e-01
1.117370242214533071e+00 3.294600561379414372e-01
1.118416175231676579e+00 6.191064735777727090e-01
1.119464068209500507e+00 6.843835293534307196e-01
1.120513926662290105e+00 7.062638936849839899e-01
1.121565756125034952e+00 6.891820095101098831e-01
1.122619562153528205e+00 6.098104555280035033e-01
1.123675350324461641e+00 5.132965096703685504e-01
1.124733126235526681e+00 3.218478243869294375e-01
1.125792895505512314e+00 1.843412425227223816e-01
1.126854663774403686e+00 2.793150882139537328e-01
1.127918436703483795e+00 4.407568739103679967e-01
1.128984219975432302e+00 5.434667408045955606e-01
1.130052019294429222e+00 5.862915040717383564e-01
1.131121840386253963e+00 5.675952418309764269e-01
1.132193688998389236e+00 5.261743360063583230e-01
1.133267570900123422e+00 4.413020509909949540e-01
1.134343491882654265e+00 3.166797812818105129e-01
1.135421457759194119e+00 2.402829776156144570e-01
1.136501474365071651e+00 2.477864473694708358e-01
1.137583547557840635e+00 3.137895840200332631e-01
1.138667683217382987e+00 3.690430677101053658e-01
1.139753887246017339e+00 3.760108675262734401e-01
1.140842165568604960e+00 3.608022770128106460e-01
1.141932524132657889e+00 3.228357484719417969e-01
1.143024968908447514e+00 2.731981013798350788e-01
1.144119505889112487e+00 2.589089531279600842e-01
1.145216141090769524e+00 2.922579189818343415e-01
1.146314880552624205e+00 3.625562112396566450e-01
1.147415730337078887e+00 4.245868883532872284e-01
1.148518696529847283e+00 4.396760476589797739e-01
1.149623785240065477e+00 4.267740504079110542e-01
1.150731002600404507e+00 3.882755036934927295e-01
1.151840354767184049e+00 3.254433245281353471e-01
1.152951847920486328e+00 2.570981303599959578e-01
1.154065488264271355e+00 2.049533614509518320e-01
1.155181282026491507e+00 2.207440293614628124e-01
1.156299235459208541e+00 3.066204555247048491e-01
1.157419354838709724e+00 3.928045476209838793e-01
1.158541646465625963e+00 4.509096650402897311e-01
1.159666116665049040e+00 4.737585446431112346e-01
1.160792771786651079e+00 4.587634314241794131e-01
1.161921618204803996e+00 4.154781838438977859e-01
1.163052662318699415e+00 3.248751523302466637e-01
1.164185910552470116e+00 2.012116232589287734e-01
1.165321369355310832e+00 1.233306932891570507e-01
1.166459045201601041e+00 1.492341082267375496e-01
1.167598944591029086e+00 2.532540018276683291e-01
1.168741074048713857e+00 3.546703740716657394e-01
1.169885440125330467e+00 4.200241560052537793e-01
1.171032049397236152e+00 4.600140613427965985e-01
1.172180908466594840e+00 4.635626919181600192e-01
1.173332023961504378e+00 4.267745338634490460e-01
1.174485402536125100e+00 3.468888795933147140e-01
1.175641050870805948e+00 2.171867119782456002e-01
1.176798975672215031e+00 1.066827621705513235e-01
1.177959183673469301e+00 9.765527676354202047e-02
1.179121681634264229e+00 1.772919604444800901e-01
1.180286476341005475e+00 2.749101646002943822e-01
1.181453574606941670e+00 3.434265321683258043e-01
1.182622983272295203e+00 3.854161641904612079e-01
1.183794709204398998e+00 4.038425803389002477e-01
1.184968759297828189e+00 3.822738899802444745e-01
1.186145140474535786e+00 3.177359705386237909e-01
1.187323859683990790e+00 2.161638636232264543e-01
1.188504923903312527e+00 1.126013796297324621e-01
1.189688340137409206e+00 7.415699591817126457e-02
1.190874115419117141e+00 1.181087497217160470e-01
1.192062256809338860e+00 2.043278978164857485e-01
1.193252771397183665e+00 2.868777726028883812e-01
1.194445666300110176e+00 3.394158195310764126e-01
1.195640948664064895e+00 3.576847122241859633e-01
1.196838625663628308e+00 3.353940851182929950e-01
1.198038704502155882e+00 2.738555129257313481e-01
1.199241192411923951e+00 1.934386958495917241e-01
1.200446096654275152e+00 1.151934477372622695e-01
1.201653424519762536e+00 7.067119804802871053e-02
1.202863183328299446e+00 8.441907660057405838e-02
1.204075380429305620e+00 1.423298955556787371e-01
1.205290023201856187e+00 2.118695701365806983e-01
1.206507119054831989e+00 2.592594973738888697e-01
1.207726675427069685e+00 2.656379128232885800e-01
1.208948699787514069e+00 2.345393960225229113e-01
1.210173199635369068e+00 1.726530020333590099e-01
1.211400182500253386e+00 1.019169529490028675e-01
1.212629655942352613e+00 5.312770467558800697e-02
1.213861627552575539e+00 4.348908013242352988e-02
1.215096104952710254e+00 7.570577881045478796e-02
1.216333095795581798e+00 1.322826360238296417e-01
1.217572607765209369e+00 1.890600965227202390e-01
1.218814648576966198e+00 2.300545203686231999e-01
1.220059225977739192e+00 2.402713506750830674e-01
1.221306347746090148e+00 2.176033142882598526e-01
1.222556021692417838e+00 1.705953561287226750e-01
1.223808255659121214e+00 1.109789267080956848e-01
1.225063057520762833e+00 6.354406613432619921e-02
1.226320435184235169e+00 4.690410030803120189e-02
1.227580396588924261e+00 6.222672065532106750e-02
1.228842949706880683e+00 9.751191094658590020e-02
1.230108102542983417e+00 1.314256569672338504e-01
1.231375863135113047e+00 1.519914377162112917e-01
1.232646239554317624e+00 1.551532273630667202e-01
1.233919239904988085e+00 1.389196733640020442e-01
1.235194872325028115e+00 1.104143869517932447e-01
1.236473144986029338e+00 7.737997599000048798e-02
1.237754066093442296e+00 5.082085032020877691e-02
1.239037643886757190e+00 4.660876723044832248e-02
1.240323886639676187e+00 6.503701772006359461e-02
1.241612802660293058e+00 9.378853191841374226e-02
1.242904400291272360e+00 1.161793419735241556e-01
1.244198687910028189e+00 1.199868514303088912e-01
1.245495673928906699e+00 1.079929899066241622e-01
1.246795366795366844e+00 8.521006023375221616e-02
1.248097774992165343e+00 5.862873872664500774e-02
1.249402907037540533e+00 3.900387569998926829e-02
1.250710771485397332e+00 3.213004636409232812e-02
1.252021376925495089e+00 4.104389671369896436e-02
1.253334731983635653e+00 6.061599002765505340e-02
1.254650845321852337e+00 7.793691347439218875e-02
1.255969725638599765e+00 8.546799050434369938e-02
1.257291381668946606e+00 7.859610167627151256e-02
1.258615822184767863e+00 6.074698925159283808e-02
1.259943055994938277e+00 4.268572000054637883e-02
1.261273091945529279e+00 3.180394169699849588e-02
1.262605938920004389e+00 3.276083573023728934e-02
1.263941605839416171e+00 4.066321498957121278e-02
1.265280101662607404e+00 4.661010354115494719e-02
1.266621435386409367e+00 4.693421885228446500e-02
1.267965616045845456e+00 4.008384551470237783e-02
1.269312652714331247e+00 3.047428706889851804e-02
1.270662554503881658e+00 2.398258881834039111e-02
1.272015330565314573e+00 2.347844629633755870e-02
1.273370990088457999e+00 3.109141585671224006e-02
1.274729542302357910e+00 4.171362672476080363e-02
1.276090996475488515e+00 4.782979408841220997e-02
1.277455361915962762e+00 4.677918338049871783e-02
1.278822647971743498e+00 4.015754783689080842e-02
1.280192864030858191e+00 3.729772988287043123e-02
1.281566019521613198e+00 4.216459326897392668e-02
1.282942123912810262e+00 5.081877710957802274e-02
1.284321186713963225e+00 5.849708220682167670e-02
1.285703217475519411e+00 6.041097113841632088e-02
1.287088225789077001e+00 6.122486105570622283e-02
1.288476221287609302e+00 6.955673139092859170e-02
1.289867213645687238e+00 8.848387812803917840e-02
1.291261212579704054e+00 1.153345946040976872e-01
1.292658227848101138e+00 1.390107074423629074e-01
1.294058269251597615e+00 1.608033578699057109e-01
1.295461346633416388e+00 1.964013123194416899e-01
1.296867469879517953e+00 2.483373486577867828e-01
1.298276648918830878e+00 3.139375865368214669e-01
1.299688893723485172e+00 3.908009074508795311e-01
1.301104214309049434e+00 4.728446286256425823e-01
1.302522620734765102e+00 5.515775020156824526e-01
1.303944123103786934e+00 6.105677102369239106e-01
1.305368731563421703e+00 6.498735574006205828e-01
1.306796456305370224e+00 6.817115013127323930e-01
1.308227307565969610e+00 7.084800858252549016e-01
1.309661295626438848e+00 7.394851417014304262e-01
1.311098430813124160e+00 7.747496862130086592e-01
1.312538723497747917e+00 8.033087246696999362e-01
1.313982184097657324e+00 8.270553843266393867e-01
1.315428823076076226e+00 8.395897735453399235e-01
1.316878650942356455e+00 8.410813863905877152e-01
1.318331678252234518e+00 8.423523528666631011e-01
1.319787915608085838e+00 8.403264055753105755e-01
1.321247373659183877e+00 8.429777482746780848e-01
1.322710063101959488e+00 8.529439223282136995e-01
1.324175994680261370e+00 8.625067212064114752e-01
1.325645179185620748e+00 8.768435461604264791e-01
1.327117627457514049e+00 8.885124114960867292e-01
1.328593350383631799e+00 8.932333375654021301e-01
1.330072358900144858e+00 8.970377216086985461e-01
1.331554663991975751e+00 8.922341985613521098e-01
1.333040276693071347e+00 8.860446958768385395e-01
1.334529208086674856e+00 8.841914086392367311e-01
1.336021469305602061e+00 8.832534420382873730e-01
1.337517071532519974e+00 8.934221483868183267e-01
1.339016026000224180e+00 9.079656337149081269e-01
1.340518343991921935e+00 9.203092960570634640e-01
1.342024036841514389e+00 9.314174373535530904e-01
1.343533115933880584e+00 9.276881138164789764e-01
1.345045592705166992e+00 9.154349598867218551e-01
1.346561478643074405e+00 9.023431237135892680e-01
1.348080785287148808e+00 8.900776465005326710e-01
1.349603524229074925e+00 8.941695750128365594e-01
1.351129707112970646e+00 9.092008675303737686e-01
1.352659345635684351e+00 9.281621306913547809e-01
1.354192451547092668e+00 9.494054511216498682e-01
1.355729036650402675e+00 9.546391985171893690e-01
1.357269112802453659e+00 9.476418590537034614e-01
1.358812691914022430e+00 9.320943024766610296e-01
1.360359785950130851e+00 9.096769517569975871e-01
1.361910406930354478e+00 9.000604187256172617e-01
1.363464566929133870e+00 9.011903695683239901e-01
1.365022278076088114e+00 9.135735010948708990e-01
1.366583552556330794e+00 9.370356734843240387e-01
1.368148402610786407e+00 9.514558036195955859e-01
1.369716840536512770e+00 9.581661636185366815e-01
1.371288878687019430e+00 9.536883199229394537e-01
1.372864529472595629e+00 9.355765519605415692e-01
1.374443805360635151e+00 9.217757799743087066e-01
1.376026718875964505e+00 9.091690792171974733e-01
1.377613282601175992e+00 9.056418418052352148e-01
1.379203509176959441e+00 9.169166598628741838e-01
1.380797411302438382e+00 9.287092475124500979e-01
1.382395001735508444e+00 9.459154225168593388e-01
1.383996293293177304e+00 9.574767137845239251e-01
1.385601298851907748e+00 9.546165684335276014e-01
1.387210031347962502e+00 9.478813101049509138e-01
1.388822503777751960e+00 9.287202217117244141e-01
1.390438729198184342e+00 9.104708959876522956e-01
1.392058720727018528e+00 9.041713016458928776e-01
1.393682491543217106e+00 9.035919636157113688e-01
1.395310054887305862e+00 9.209407008586127930e-01
1.396941424061732606e+00 9.433599576861024794e-01
1.398576612431230215e+00 9.593655113450502148e-01
1.400215633423180339e+00 9.718111440352161789e-01
1.401858500527983109e+00 9.614870020861949751e-01
1.403505227299424396e+00 9.404643379403850867e-01
1.405155827355051068e+00 9.178931815355462209e-01
1.406810314376545579e+00 8.955451884964757969e-01
1.408468702110102555e+00 8.973485736827817583e-01
1.410131004366812046e+00 9.136512944539696424e-01
1.411797235023041441e+00 9.383836638625162596e-01
1.413467408020820937e+00 9.693996455625681907e-01
1.415141537368233893e+00 9.782706250240653656e-01
1.416819637139807853e+00 9.732322163931639292e-01
1.418501721476908450e+00 9.539085174556289903e-01
1.420187804588137537e+00 9.217269005689094907e-01
1.421877900749732415e+00 9.056948744202406587e-01
1.423572024305969297e+00 8.983995662612004329e-01
1.425270189669569199e+00 9.092681513653617653e-01
1.426972411322106726e+00 9.394194465880738587e-01
1.428678703814420636e+00 9.607331263050443715e-01
1.430389081767029724e+00 9.804123863027338626e-01
1.432103559870550047e+00 9.808903697802063837e-01
1.433822152886115475e+00 9.589380108315052054e-01
1.435544875645800911e+00 9.396307823777001467e-01
1.437271743053049278e+00 9.123290974340373394e-01
1.439002770083102289e+00 9.011678229167842114e-01
1.440737971783431881e+00 9.114790857364298837e-01
1.442477363274176083e+00 9.246522638774257175e-01
1.444220959748579780e+00 9.564561096431771769e-01
1.445968776473435913e+00 9.781771917806698635e-01
1.447720828789531122e+00 9.838060529059311499e-01
1.449477132112094946e+00 9.845994123804518994e-01
1.451237701931252122e+00 9.557009029508835019e-01
1.453002553812477116e+00 9.304804722715755982e-01
1.454771703397053528e+00 9.116779605419451649e-01
1.456545166402535507e+00 8.981103218875821081e-01
1.458322958623214927e+00 9.208708367169504694e-01
1.460105095930588126e+00 9.461962614622067003e-01
1.461891594273828421e+00 9.756117209819391567e-01
1.463682469680264608e+00 1.006209610102929863e+00
1.465477738255856588e+00 9.971943074747606772e-01
1.467277416185680750e+00 9.852939823095253624e-01
1.469081519734415364e+00 9.532510912899080369e-01
1.470890065246829970e+00 9.150055426883876297e-01
1.472703069148280752e+00 9.124398360363873417e-01
1.474520547945205484e+00 9.102711867410135937e-01
1.476342518225627121e+00 9.436360005335465706e-01
1.478168996659656065e+00 9.883065859059670943e-01
1.479999999999999982e+00 1.004817663771936820e+00
