1.279999999999999805e+00 5.109139500970580946e-04
1.281020082881734190e+00 5.102449966610598641e-04
1.282041792949433656e+00 4.868172308605546970e-04
1.283065134099616866e+00 4.607170682705701600e-04
1.284090110241252303e+00 4.298460902334384553e-04
1.285116725295810669e+00 4.049313175461226192e-04
1.286144983197311520e+00 3.995697177334318331e-04
1.287174887892376773e+00 4.009217894005919240e-04
1.288206443340278673e+00 3.944554297910001970e-04
1.289239653512993300e+00 3.877510463135506861e-04
1.290274522395247869e+00 3.818513009704565652e-04
1.291311053984575574e+00 3.615213501749184235e-04
1.292349252291365103e+00 3.285514649172712994e-04
1.293389121338912151e+00 3.004682484535147304e-04
1.294430665163472272e+00 2.784527045353368054e-04
1.295473887814313496e+00 2.576432087707092159e-04
1.296518793353766519e+00 2.506312185233303103e-04
1.297565385857281317e+00 2.656063148173424876e-04
1.298613669413475558e+00 2.898865657609547364e-04
1.299663648124191440e+00 3.167017145736884310e-04
1.300715326104547653e+00 3.508581647790084794e-04
1.301768707482993337e+00 3.808376729961550876e-04
1.302823796401361367e+00 3.873523450051168018e-04
1.303880597014925202e+00 3.744508506154598719e-04
1.304939113492449954e+00 3.549721965404506918e-04
1.305999350016249450e+00 3.255404225385181483e-04
1.307061310782240859e+00 2.866453378386475508e-04
1.308124999999999982e+00 2.558276972564222794e-04
1.309190421892816314e+00 2.394432685494722829e-04
1.310257580697750113e+00 2.272021242873239740e-04
1.311326480665687910e+00 2.206566476176046539e-04
1.312397126061397579e+00 2.282433814869074559e-04
1.313469521163588727e+00 2.400496019865404958e-04
1.314543670264965769e+00 2.437354050572507311e-04
1.315619577672286766e+00 2.456515243007290766e-04
1.316697247706422047e+00 2.494103721515909420e-04
1.317776684702410162e+00 2.452674263868098335e-04
1.318857893009517390e+00 2.368700604746173661e-04
1.319940876991295919e+00 2.405516530935205969e-04
1.321025641025641129e+00 2.552781002891807731e-04
1.322112189504852653e+00 2.713801113250915000e-04
1.323200526835693003e+00 2.953612424384621077e-04
1.324290657439446184e+00 3.298949367308363543e-04
1.325382585751978981e+00 3.558456439991737369e-04
1.326476316223799357e+00 3.626801948918023937e-04
1.327571853320119066e+00 3.614815809573846067e-04
1.328669201520912724e+00 3.541776973028299053e-04
1.329768365320979306e+00 3.335214516442724171e-04
1.330869349230004994e+00 3.130493850700531862e-04
1.331972157772621790e+00 3.116000872923646190e-04
1.333076795488472355e+00 3.225797554861880158e-04
1.334183266932270850e+00 3.369613930032496689e-04
1.335291576673865999e+00 3.650123223225690879e-04
1.336401729298303920e+00 4.050193532625622210e-04
1.337513729405890972e+00 4.339128646394012573e-04
1.338627581612258366e+00 4.463626631653208414e-04
1.339743290548424559e+00 4.550708830939089984e-04
1.340860860860860759e+00 4.546655835020820859e-04
1.341980297211554651e+00 4.367752804571370926e-04
1.343101604278074790e+00 4.212308690770283641e-04
1.344224786753637657e+00 4.254937004304677902e-04
1.345349849347171167e+00 4.383205149471268414e-04
1.346476796783380836e+00 4.568830577920498419e-04
1.347605633802816838e+00 4.985288518266614349e-04
1.348736365161939954e+00 5.574759265404752957e-04
1.349868995633187962e+00 6.092338121961088024e-04
1.351003530005042697e+00 6.560918378756021557e-04
1.352139973082099766e+00 7.081536148701944675e-04
1.353278329685132064e+00 7.454069507277901125e-04
1.354418604651162816e+00 7.557159350778087058e-04
1.355560802833529976e+00 7.651122635411680304e-04
1.356704929101957946e+00 7.872636651989732299e-04
1.357850988342625520e+00 8.057567206143231246e-04
1.358998985458234943e+00 8.287164717749609605e-04
1.360148925368082518e+00 8.842128692032072369e-04
1.361300813008130106e+00 9.613903266488997785e-04
1.362454653331073295e+00 1.034450358132246858e-03
1.363610451306413340e+00 1.116331509886516393e-03
1.364768211920529772e+00 1.215758238174710366e-03
1.365927940176750566e+00 1.298560834242389614e-03
1.367089641095424524e+00 1.352386857933177535e-03
1.368253319713993887e+00 1.411214820767776271e-03
1.369418981087067611e+00 1.480894567224595813e-03
1.370586630286493968e+00 1.537734391563549616e-03
1.371756272401433829e+00 1.604998701168845483e-03
1.372927912538435491e+00 1.723605560353891342e-03
1.374101555821507947e+00 1.875076532341494930e-03
1.375277207392197276e+00 2.033891109217242799e-03
1.376454872409659025e+00 2.227944150782945956e-03
1.377634556050737258e+00 2.459382753563983757e-03
1.378816263510036055e+00 2.667484490053013708e-03
1.379999999999999893e+00 2.833448766479262134e-03
1.381185770750988251e+00 2.997732075903990472e-03
1.382373581011351771e+00 3.153068703517666188e-03
1.383563436047512418e+00 3.266325006603209777e-03
1.384755341144038532e+00 3.384818886064700286e-03
1.385949301603724759e+00 3.571172560573263651e-03
1.387145322747669995e+00 3.798806412079400608e-03
1.388343409915356652e+00 4.042832237410430400e-03
1.389543568464730150e+00 4.353282031973988546e-03
1.390745803772279077e+00 4.729636975255046595e-03
1.391950121233114013e+00 5.083117965694028927e-03
1.393156526261050354e+00 5.390251304991819543e-03
1.394365024288688470e+00 5.698377131183607509e-03
1.395575620767494307e+00 5.976488732208949141e-03
1.396788321167883096e+00 6.171181676813687102e-03
1.398003130979300623e+00 6.357138691028734259e-03
1.399220055710306498e+00 6.629037435743045763e-03
1.400439100888656530e+00 6.962006011345747009e-03
1.401660272061388213e+00 7.349346252373704057e-03
1.402883574794903332e+00 7.885475862572958669e-03
1.404109014675052336e+00 8.575168833379196581e-03
1.405336597307221602e+00 9.295986796984793271e-03
1.406566328316415815e+00 1.001634888475930532e-02
1.407798213347346117e+00 1.078191041371448673e-02
1.409032258064516041e+00 1.151140534920188155e-02
1.410268468152307664e+00 1.210575957993498958e-02
1.411506849315068424e+00 1.266061845798346734e-02
1.412747407277201717e+00 1.329605031618191421e-02
1.413990147783251494e+00 1.397187673802961251e-02
1.415235076597992636e+00 1.470043348992747766e-02
1.416482199506521100e+00 1.564635013854281595e-02
1.417731522314341186e+00 1.683774257020854287e-02
1.418983050847457461e+00 1.812568279545812358e-02
1.420236790952465356e+00 1.949645699860319548e-02
1.421492748496639535e+00 2.102404627854349145e-02
1.422750929368029826e+00 2.257018235922307950e-02
1.424011339475549365e+00 2.396684885320344086e-02
1.425273984749068967e+00 2.533752453370299515e-02
1.426538871139509945e+00 2.685151461261100006e-02
1.427806004618937585e+00 2.847028579596847311e-02
1.429075391180654409e+00 3.026665975290749808e-02
1.430347036839295427e+00 3.254787682746106831e-02
1.431620947630922736e+00 3.540464022443624154e-02
1.432897129613121878e+00 3.864980098796792773e-02
1.434175588865096440e+00 4.228468026503205690e-02
1.435456331487765747e+00 4.641713359269371286e-02
1.436739363603861230e+00 5.080318692750952769e-02
1.438024691358024798e+00 5.513391669668999545e-02
1.439312320916905641e+00 5.954818365651228657e-02
1.440602258469259489e+00 6.427151743619052837e-02
1.441894510226049642e+00 6.922051735652987037e-02
1.443189082420542446e+00 7.450792748123044595e-02
1.444485981308410993e+00 8.067175654521870076e-02
1.445785213167835925e+00 8.795349975280968013e-02
1.447086784299603801e+00 9.612159770073676335e-02
1.448390701027211902e+00 1.052000944634317176e-01
1.449696969696969706e+00 1.153993398834555345e-01
1.451005596678100584e+00 1.263319808492595619e-01
1.452316588362847716e+00 1.373769296963121278e-01
1.453629951166576451e+00 1.486257641836994103e-01
1.454945691527878227e+00 1.604729327961584018e-01
1.456263815908679149e+00 1.728462657570218053e-01
1.457584330794341687e+00 1.858453000028567614e-01
1.458907242693773698e+00 2.002539794857789712e-01
1.460232558139534786e+00 2.164392191033049084e-01
1.461560283687943329e+00 2.337533366295383164e-01
1.462890425919184612e+00 2.516640279989865170e-01
1.464222991437420296e+00 2.701131865732628312e-01
1.465557986870897222e+00 2.883641696339043214e-01
1.466895418872056878e+00 3.051631684088238483e-01
1.468235294117647083e+00 3.203265442422933984e-01
1.469577619308831684e+00 3.345701223067318320e-01
1.470922401171303129e+00 3.479539556377038712e-01
1.472269646455394820e+00 3.601616557291298371e-01
1.473619361936193695e+00 3.716507453889779655e-01
1.474971554413653907e+00 3.826656089893035184e-01
1.476326230712711407e+00 3.919156839435105066e-01
1.477683397683397626e+00 3.978776753656240173e-01
1.479043062200956937e+00 4.003388776709929098e-01
1.480405231165960789e+00 3.994106586003430825e-01
1.481769911504424941e+00 3.946481119497021184e-01
1.483137110167927597e+00 3.863394329800264870e-01
1.484506834133727304e+00 3.758364907677889111e-01
1.485879090404880865e+00 3.635709478608957212e-01
1.487253886010362569e+00 3.484899513327220366e-01
1.488631228005186102e+00 3.299702821690533860e-01
1.490011123470522669e+00 3.084425208614040570e-01
1.491393579513824452e+00 2.840903656763099083e-01
1.492778603268945181e+00 2.569919809334808569e-01
1.494166201896263368e+00 2.284508221820016338e-01
1.495556382582805988e+00 2.003242320493265338e-01
1.496949152542373040e+00 1.733687565457982527e-01
1.498344519015659904e+00 1.477221689199554877e-01
1.499742489270386336e+00 1.241834837299007344e-01
1.501143070601419716e+00 1.035980266281039397e-01
1.502546270330902933e+00 8.589925255094911505e-02
1.503952095808383405e+00 7.083716513877565124e-02
1.505360554410938523e+00 5.861839168983920545e-02
1.506771653543306888e+00 4.911321276858697515e-02
1.508185400638018425e+00 4.155523224021124423e-02
1.509601803155522060e+00 3.545023176370742934e-02
1.511020868584320276e+00 3.075171544933053003e-02
1.512442604441099236e+00 2.711965480942638007e-02
1.513867018270860676e+00 2.402770815246110109e-02
1.515294117647058902e+00 2.140557329203711043e-02
1.516723910171730694e+00 1.933795350519762826e-02
1.518156403475632743e+00 1.755163384982211944e-02
1.519591605218377994e+00 1.582694328029532471e-02
1.521029523088569313e+00 1.432451951095835806e-02
1.522470164803940262e+00 1.309123157596787067e-02
1.523913538111490329e+00 1.190073538972385297e-02
1.525359650787625920e+00 1.074813887094792919e-02
1.526808510638297811e+00 9.826708185495657000e-03
1.528260125499144362e+00 9.063744845279077950e-03
1.529714503235630074e+00 8.286496994548756684e-03
1.531171651743189033e+00 7.599513656467011408e-03
1.532631578947368567e+00 7.104076622056377729e-03
1.534094292803970250e+00 6.639040143809056375e-03
1.535559801299197558e+00 6.136782896286273846e-03
1.537028112449799311e+00 5.750419123189537234e-03
1.538499234303216223e+00 5.472531300380670087e-03
1.539973174937727451e+00 5.145360485862346747e-03
1.541449942462600475e+00 4.821852175854468743e-03
1.542929545018237647e+00 4.627850629844490124e-03
1.544411990776325849e+00 4.459989122285639221e-03
1.545897287939988374e+00 4.224764897629047257e-03
1.547385444743935468e+00 4.047395033461876138e-03
1.548876469454615767e+00 3.964698038359766759e-03
1.550370370370370621e+00 3.831329393458387904e-03
1.551867155821587074e+00 3.656578719801357145e-03
1.553366834170854194e+00 3.577069523787222791e-03
1.554869413813116941e+00 3.533719588299070753e-03
1.556374903175832713e+00 3.414532165799947193e-03
1.557883310719131886e+00 3.323187607271138773e-03
1.559394644935972130e+00 3.337664263395375992e-03
1.560908914352301391e+00 3.327191133161923071e-03
1.562426127527216213e+00 3.260575728004431410e-03
1.563946293053123160e+00 3.278843950251053661e-03
1.565469419555901798e+00 3.356799552408419075e-03
1.566995515695067231e+00 3.352412256426537916e-03
1.568524590163934418e+00 3.335527096508902022e-03
1.570056651689783145e+00 3.420609043506740114e-03
1.571591709034024342e+00 3.490041314614322591e-03
1.573129770992366394e+00 3.464474343108934432e-03
1.574670846394984114e+00 3.492127276739785419e-03
1.576214944106687721e+00 3.602903037800929669e-03
1.577762073027090706e+00 3.632529312770857183e-03
1.579312242090783913e+00 3.605481472715972059e-03
1.580865460267506073e+00 3.681313964772342170e-03
1.582421736562315440e+00 3.777505165414037948e-03
1.583981080015766540e+00 3.754763811585887408e-03
1.585543499704083592e+00 3.745492934470859639e-03
1.587109004739336360e+00 3.851273312017356072e-03
1.588677604269618460e+00 3.904892562193497570e-03
1.590249307479224328e+00 3.863363988699833676e-03
1.591824123588829520e+00 3.921083130725768438e-03
1.593402061855670127e+00 4.062364066742854031e-03
1.594983131573724844e+00 4.092545575850599360e-03
1.596567342073897500e+00 4.092153704673400644e-03
1.598154702724199572e+00 4.233096181441799513e-03
1.599745222929936483e+00 4.367011978314279917e-03
1.601338912133891235e+00 4.354283878783153476e-03
1.602935779816514028e+00 4.387388686909039076e-03
1.604535835496107010e+00 4.543622844468330098e-03
1.606139088729016784e+00 4.593834098812361703e-03
1.607745549109822036e+00 4.530789142955298117e-03
1.609355226271525829e+00 4.597897912862813213e-03
1.610968129885748779e+00 4.728143665246031628e-03
1.612584269662921566e+00 4.692006071941852083e-03
1.614203655352480560e+00 4.633503663267131943e-03
1.615826296743063883e+00 4.745937820761009056e-03
1.617452203662709032e+00 4.818193218528519194e-03
1.619081385979049381e+00 4.716755898827552744e-03
1.620713853599516030e+00 4.705357266047235747e-03
1.622349616471538303e+00 4.843026306119222260e-03
1.623988684582743813e+00 4.842011524935078276e-03
1.625631067961165188e+00 4.737446978892369265e-03
1.627276776675440573e+00 4.821639976442838871e-03
1.628925820835022353e+00 4.966522195345832516e-03
1.630578210590383437e+00 4.905302324686259055e-03
1.632233956133225083e+00 4.849731154846637603e-03
1.633893067696686296e+00 5.003344952019890719e-03
1.635555555555555651e+00 5.072071647114205148e-03
1.637221430026482238e+00 4.926913784658869776e-03
1.638890701468189048e+00 4.909865231066632210e-03
1.640563380281690353e+00 5.049199414973622180e-03
1.642239476910503093e+00 4.983612176751048804e-03
1.643919001840867145e+00 4.801582005827598372e-03
1.645601965601965810e+00 4.858954464364540274e-03
1.647288378766140982e+00 4.960070989946399611e-03
1.648978251949117846e+00 4.799935465243831273e-03
1.650671595810228043e+00 4.679331059232755101e-03
1.652368421052631930e+00 4.823014148943691182e-03
1.654068738423543961e+00 4.847072923732081290e-03
1.655772558714462495e+00 4.636418945404638045e-03
1.657479892761394513e+00 4.628849743412358567e-03
1.659190751445086764e+00 4.809958584665575965e-03
1.660905145691258689e+00 4.727405752379909738e-03
1.662623086470831568e+00 4.538108600374127048e-03
1.664344584800165894e+00 4.668110534137804787e-03
1.666069651741293844e+00 4.817645554315082290e-03
1.667798298402158208e+00 4.624754146077286569e-03
1.669530535936850857e+00 4.508976468247411808e-03
1.671266375545851668e+00 4.716512188807694267e-03
1.673005828476269663e+00 4.723630186260463146e-03
1.674748906022087924e+00 4.424833046346579764e-03
1.676495619524405623e+00 4.404261829786789220e-03
1.678245980371685375e+00 4.601756842010121598e-03
1.680000000000000160e+00 4.425178709240535323e-03
