1.239999999999999991e+00 4.023018140199140116e-04
1.241012327536941795e+00 4.291018636684090716e-04
1.242026309338998047e+00 4.081259758002813570e-04
1.243041949464388063e+00 3.417292458171005418e-04
1.244059251984613867e+00 3.118856465277388703e-04
1.245078220984519701e+00 3.299857157915409272e-04
1.246098860562341315e+00 3.441333315484681435e-04
1.247121174829764367e+00 3.720006698531853873e-04
1.248145167911979714e+00 4.258054501836182142e-04
1.249170843947736032e+00 4.428190029420871698e-04
1.250198207089398661e+00 4.179698572102325612e-04
1.251227261503004229e+00 4.067702577935656660e-04
1.252258011368316826e+00 3.937325747594619114e-04
1.253290460878885293e+00 3.566197252540788203e-04
1.254324614242099178e+00 3.454353187601063115e-04
1.255360475679246690e+00 3.664969476351126422e-04
1.256398049425572427e+00 3.733523579772891681e-04
1.257437339730333337e+00 3.858496123443135050e-04
1.258478350856858885e+00 4.270923610236085333e-04
1.259521087082608348e+00 4.464657126187380012e-04
1.260565552699228764e+00 4.339507207882540110e-04
1.261611752012615106e+00 4.334573201957555373e-04
1.262659689342968461e+00 4.257949273836845582e-04
1.263709369024856422e+00 3.857380464764626512e-04
1.264760795407271932e+00 3.594430388915748368e-04
1.265813972853692793e+00 3.579854886253135593e-04
1.266868905742144946e+00 3.426883655763938736e-04
1.267925598465259762e+00 3.347325517941987321e-04
1.268984055430336211e+00 3.601794286627741900e-04
1.270044281059403701e+00 3.777301696932522921e-04
1.271106279789279814e+00 3.801023826269715029e-04
1.272170056071637578e+00 4.027402786000624092e-04
1.273235614373063207e+00 4.196867885148128580e-04
1.274302959175119154e+00 4.051531787594384059e-04
1.275372094974410508e+00 4.024513320088990648e-04
1.276443026282643389e+00 4.190006283029911707e-04
1.277515757626691340e+00 4.206917706771807651e-04
1.278590293548658385e+00 4.356800157827806028e-04
1.279666638605943429e+00 4.871013352082235754e-04
1.280744797371303312e+00 5.247889970432197864e-04
1.281824774432920089e+00 5.362283578270763762e-04
1.282906574394463650e+00 5.532504917360160862e-04
1.283990201875158554e+00 5.476491265697172595e-04
1.285075661509848421e+00 5.003951351752667547e-04
1.286162957949065211e+00 4.672800274113601674e-04
1.287252095859090506e+00 4.625067672618144192e-04
1.288343079922027234e+00 4.533456499259576333e-04
1.289435914835863839e+00 4.683674615717626057e-04
1.290530605314542667e+00 5.281689407700035409e-04
1.291627156088027695e+00 5.802227692870328682e-04
1.292725571902372916e+00 6.138874431980071832e-04
1.293825857519788958e+00 6.587617682199797126e-04
1.294928017718715241e+00 6.772043990602159055e-04
1.296032057293887041e+00 6.452101314994930547e-04
1.297137981056404099e+00 6.194671989571736087e-04
1.298245793833802786e+00 6.123631967886873336e-04
1.299355500470125380e+00 5.916818298474957761e-04
1.300467105825990233e+00 5.937347332039931294e-04
1.301580614778662603e+00 6.435940970973870337e-04
1.302696032222127043e+00 6.883102720644029360e-04
1.303813363067158448e+00 7.213265166707723535e-04
1.304932612241394230e+00 7.754434325966525193e-04
1.306053784689406472e+00 8.080306726018375617e-04
1.307176885372774766e+00 7.910287225326165716e-04
1.308301919270160818e+00 7.800781741242104059e-04
1.309428891377379500e+00 7.814055434461384493e-04
1.310557806707474793e+00 7.589615827633935854e-04
1.311688670290793057e+00 7.554074980990458819e-04
1.312821487175058310e+00 8.006592616248179532e-04
1.313956262425447274e+00 8.416860063900569048e-04
1.315093001124664651e+00 8.777295016763346416e-04
1.316231708373019282e+00 9.471148742698474749e-04
1.317372389288499868e+00 1.001357885375160368e-03
1.318515049006852236e+00 1.005472119069967521e-03
1.319659692681656171e+00 1.013906091584975680e-03
1.320806325484403354e+00 1.027541588300928677e-03
1.321954952604574185e+00 1.003805042055467807e-03
1.323105579249717056e+00 9.890665002682470005e-04
1.324258210645526512e+00 1.018796427200316336e-03
1.325412852035922739e+00 1.036995015039747416e-03
1.326569508683131060e+00 1.041456285893067098e-03
1.327728185867761423e+00 1.077057592307772245e-03
1.328888888888888786e+00 1.097835546826066329e-03
1.330051623064135047e+00 1.061732034096899476e-03
1.331216393729748537e+00 1.018347390850903467e-03
1.332383206240687068e+00 9.705117756021991839e-04
1.333552065970699196e+00 8.721913322455872959e-04
1.334722978312406605e+00 7.614669726438914573e-04
1.335895948677388256e+00 6.809165648997498590e-04
1.337070982496261884e+00 5.926542888587816964e-04
1.338248085218769257e+00 4.957849880739402483e-04
1.339427262313860112e+00 4.320722373417636261e-04
1.340608519269776755e+00 3.776992011947021238e-04
1.341791861594138879e+00 3.075386724981302037e-04
1.342977294814029499e+00 2.537118678960104275e-04
1.344164824476080877e+00 2.140161722094910575e-04
1.345354456146561795e+00 1.641343745670568934e-04
1.346546195411462365e+00 1.298739121706998898e-04
1.347740047876584857e+00 1.223433375051874168e-04
1.348936019167628064e+00 1.214422535726566944e-04
1.350134114930277907e+00 1.472666026746133762e-04
1.351334340830296021e+00 2.112549130649643417e-04
1.352536702553607917e+00 2.852256164084938624e-04
1.353741205806394232e+00 3.848983636235423552e-04
1.354947856315179555e+00 5.289460401031546031e-04
1.356156659826924793e+00 6.737478615207930042e-04
1.357367622109116656e+00 8.207289459665873498e-04
1.358580748949861361e+00 1.012917426774594728e-03
1.359796046157974558e+00 1.209973418421272495e-03
1.361013519563076368e+00 1.388943194454985005e-03
1.362233175015682418e+00 1.622600404532980765e-03
1.363455018387299544e+00 1.903911530523248914e-03
1.364679055570518162e+00 2.172617406850929633e-03
1.365905292479108635e+00 2.495202941831182672e-03
1.367133735048116083e+00 2.905220165766281368e-03
1.368364389233954537e+00 3.298188297348899917e-03
1.369597261014505740e+00 3.682722565247603316e-03
1.370832356389214413e+00 4.139589802020950463e-03
1.372069681379185724e+00 4.575007152540108875e-03
1.373309242027283439e+00 4.939146981379911525e-03
1.374551044398227617e+00 5.371128348731445817e-03
1.375795094578694755e+00 5.867272837182167973e-03
1.377041398677416373e+00 6.330507559279824684e-03
1.378289962825278714e+00 6.894122020452805172e-03
1.379540793175424218e+00 7.643323720922955491e-03
1.380793895903351665e+00 8.421669668797825831e-03
1.382049277207018756e+00 9.249363473671189106e-03
1.383306943306943371e+00 1.026261214682358189e-02
1.384566900446306592e+00 1.130296367373642349e-02
1.385829154891056403e+00 1.227416749851332686e-02
1.387093712930012046e+00 1.339613808990765959e-02
1.388360580874965722e+00 1.467318399895456600e-02
1.389629765060791611e+00 1.596454461618267151e-02
1.390901271845548459e+00 1.751431869016617515e-02
1.392175107610587048e+00 1.950508481347755160e-02
1.393451278760656331e+00 2.172132758917446130e-02
1.394729791724011347e+00 2.422265988328847069e-02
1.396010652952520914e+00 2.725969051265553569e-02
1.397293868921775983e+00 3.057246293059020029e-02
1.398579446131198667e+00 3.394880460245864456e-02
1.399867391104153258e+00 3.769778068704187496e-02
1.401157710388054145e+00 4.179542509216008922e-02
1.402450410554479276e+00 4.596590386396463834e-02
1.403745498199279629e+00 5.063993125794909178e-02
1.405042979942693560e+00 5.627689980129307185e-02
1.406342862429456941e+00 6.265268308131516362e-02
1.407645152328919069e+00 6.993263743589593628e-02
1.408949856335156126e+00 7.867077202628115773e-02
1.410256981167083978e+00 8.850325433259860486e-02
1.411566533568576309e+00 9.889608814317493724e-02
1.412878520308578523e+00 1.102016776489731648e-01
1.414192948181226095e+00 1.223372545095899322e-01
1.415509824005959594e+00 1.345948356858950590e-01
1.416829154627644582e+00 1.474234737935965212e-01
1.418150946916689747e+00 1.617043192538158147e-01
1.419475207769165914e+00 1.771226285247463894e-01
1.420801944106925951e+00 1.936711831491125801e-01
1.422131162877724897e+00 2.122894460545033113e-01
1.423462871055342083e+00 2.325598232254068309e-01
1.424797075639703925e+00 2.531051858127071896e-01
1.426133783657003384e+00 2.739305033189292637e-01
1.427473002159826976e+00 2.950707043063022783e-01
1.428814738227277115e+00 3.154006511462952855e-01
1.430158998965095352e+00 3.353078206060971511e-01
1.431505791505791603e+00 3.566377360724091172e-01
1.432855123008766274e+00 3.792323885854378962e-01
1.434207000660439491e+00 4.016988944695301100e-01
1.435561431674378996e+00 4.236565614745658737e-01
1.436918423291426494e+00 4.433191454102227702e-01
1.438277982779827768e+00 4.568320690538226758e-01
1.439640117435363020e+00 4.625749921667103859e-01
1.441004834581476990e+00 4.615979814132232240e-01
1.442372141569409072e+00 4.542853480755489337e-01
1.443742045778326544e+00 4.414584373648879900e-01
1.445114554615457791e+00 4.258073673574493956e-01
1.446489675516224205e+00 4.082140849371782010e-01
1.447867415944375402e+00 3.868451938823717073e-01
1.449247783392124900e+00 3.613113143911704239e-01
1.450630785380284227e+00 3.328552703750165542e-01
1.452016429458401037e+00 3.017036981343277913e-01
1.453404723204895443e+00 2.687186452178799700e-01
1.454795674227198576e+00 2.365000130921441901e-01
1.456189290161892913e+00 2.061031178362621452e-01
1.457585578674849058e+00 1.767639919326465248e-01
1.458984547461368519e+00 1.491278899966752836e-01
1.460386204246325148e+00 1.245694480380833968e-01
1.461790556784306139e+00 1.030441714234785339e-01
1.463197612859755692e+00 8.459480873731142769e-02
1.464607380287118010e+00 7.000937324260901595e-02
1.466019866910984737e+00 5.885777875673309928e-02
1.467435080606236175e+00 5.000720034345685489e-02
1.468853029278191169e+00 4.330449124988144938e-02
1.470273720862752542e+00 3.846743692258987324e-02
1.471697163326556090e+00 3.449512581829949909e-02
1.473123364667118906e+00 3.116175238130696259e-02
1.474552332912988817e+00 2.868606957814189354e-02
1.475984076123895594e+00 2.654839700026839777e-02
1.477418602390902835e+00 2.448037182113271121e-02
1.478855919836560062e+00 2.288834799959589203e-02
1.480296036615055044e+00 2.160868751537032423e-02
1.481738960912369674e+00 2.025139262961418718e-02
1.483184700946433621e+00 1.912927629716738506e-02
1.484633264967281985e+00 1.832286403095084379e-02
1.486084661257209838e+00 1.737937415185935794e-02
1.487538898130932763e+00 1.640692525272756733e-02
1.488995983935742951e+00 1.568605525743489021e-02
1.490455927051671736e+00 1.487574675293763631e-02
1.491918735891647918e+00 1.389698032802826749e-02
1.493384418901660293e+00 1.314027712324988655e-02
1.494852984560920195e+00 1.247061020615506007e-02
1.496324441382025805e+00 1.163598836064586722e-02
1.497798797911124025e+00 1.095477965692165899e-02
1.499276062728079673e+00 1.048061049320881191e-02
1.500756244446638243e+00 9.867177284777177079e-03
1.502239351714595994e+00 9.266034059234857720e-03
1.503725393213967809e+00 8.895618509274243538e-03
1.505214377661154623e+00 8.453237276833589636e-03
1.506706313807116615e+00 7.909901130040055545e-03
1.508201210437543294e+00 7.573085984280115979e-03
1.509699076373026028e+00 7.271882339388893203e-03
1.511199920469231461e+00 6.811792816449330559e-03
1.512703751617076486e+00 6.472897579265257315e-03
1.514210578742902547e+00 6.249516604195245149e-03
1.515720410808654828e+00 5.854968601895918848e-03
1.517233256812057229e+00 5.462482312704297627e-03
1.518749125786791998e+00 5.232133818596466576e-03
1.520268026802680028e+00 4.897254960220413789e-03
1.521789968965862272e+00 4.486408736998976493e-03
1.523314961418979818e+00 4.256180154808920924e-03
1.524843013341357967e+00 4.030766062489710318e-03
1.526374133949191414e+00 3.688898379689597821e-03
1.527908332495728105e+00 3.483851663230675723e-03
1.529445618271455754e+00 3.364233296406434447e-03
1.530986000604290131e+00 3.111605486801134052e-03
1.532529488859763811e+00 2.911578396059695626e-03
1.534076092441214900e+00 2.844993133063542477e-03
1.535625820789978668e+00 2.671560628356284880e-03
1.537178683385579614e+00 2.470659291688594768e-03
1.538734689745925532e+00 2.423073246658158288e-03
1.540293849427500250e+00 2.328669038143211037e-03
1.541856172025560578e+00 2.144315080275246022e-03
1.543421667174332379e+00 2.093716712513513274e-03
1.544990344547209959e+00 2.063200418837097660e-03
1.546562213856953916e+00 1.905914723853770632e-03
1.548137284855891860e+00 1.833344049978742054e-03
1.549715567336119815e+00 1.845650951405154640e-03
1.551297071129706939e+00 1.734370863880623339e-03
1.552881806108897811e+00 1.648262546999930325e-03
1.554469782186317595e+00 1.696415426421058132e-03
1.556061009315180765e+00 1.654767666239130835e-03
1.557655497489496721e+00 1.571381164361997703e-03
1.559253256744281613e+00 1.638917267626694829e-03
1.560854297155765513e+00 1.667484640839603282e-03
1.562458628841607355e+00 1.587504918859591494e-03
1.564066261961107207e+00 1.639110562517014785e-03
1.565677206715418768e+00 1.720152359033208511e-03
1.567291473347767417e+00 1.648603598914138556e-03
1.568909072143668038e+00 1.656966691691159161e-03
1.570530013431139515e+00 1.772572907096860769e-03
1.572154307580928778e+00 1.732447614348542114e-03
1.573781965006729511e+00 1.690170287051080992e-03
1.575412996165405533e+00 1.814302990087903866e-03
1.577047411557215284e+00 1.824969788547823680e-03
1.578685221726036092e+00 1.736307187265301441e-03
1.580326437259590211e+00 1.832927778620340765e-03
1.581971068789676194e+00 1.905552864118505944e-03
1.583619126992394932e+00 1.800635243355760973e-03
1.585270622588382361e+00 1.848562307903073038e-03
1.586925566343041938e+00 1.988961342391070818e-03
1.588583969066778012e+00 1.915130599406120572e-03
1.590245841615231859e+00 1.900690808134986465e-03
1.591911194889517045e+00 2.082361201209778460e-03
1.593580039836461015e+00 2.069730278174863446e-03
1.595252387448840459e+00 1.973978013088716673e-03
1.596928248765626890e+00 2.130392808957266675e-03
1.598607634872226235e+00 2.190823171863517937e-03
1.600290556900726413e+00 2.027915217275792770e-03
1.601977026030140250e+00 2.097655600141501084e-03
1.603667053486654837e+00 2.235429004916890828e-03
1.605360650543879997e+00 2.067924548703644217e-03
1.607057828523099641e+00 2.018484383333752404e-03
1.608758598793523342e+00 2.205053662592049591e-03
1.610462972772539469e+00 2.100250391230418408e-03
1.612170961925972978e+00 1.926112691075599530e-03
1.613882577768340765e+00 2.097673698513714304e-03
1.615597831863109679e+00 2.107764192539537517e-03
1.617316735822959650e+00 1.850560523264928791e-03
1.619039301310043477e+00 1.937734429155497365e-03
1.620765540036251284e+00 2.081406011065875701e-03
1.622495463763475421e+00 1.815186559301799635e-03
1.624229084303878468e+00 1.747303273767866197e-03
1.625966413520162357e+00 1.975041635086467653e-03
1.627707463325838155e+00 1.778231572885957982e-03
1.629452245685497180e+00 1.512309251734382347e-03
1.631200772615087224e+00 1.715485688908861481e-03
1.632953056182189222e+00 1.664628542655102522e-03
1.634709108506290809e+00 1.251010802175618782e-03
1.636468941759070095e+00 1.314845433489746302e-03
1.638232568164672998e+00 1.439683258035567934e-03
1.639999999999999680e+00 1.003856168574717572e-03
