9.599999999999999645e-01 7.008266986665117313e-05
9.609452540370223561e-01 1.699843629755437842e-05
9.618923713778827489e-01 5.131077738561023863e-05
9.628413575374900057e-01 6.028801300233131759e-05
9.637922180525380078e-01 3.353499827441682601e-05
9.647449584816130130e-01 2.312161718732170441e-05
9.656995844053036793e-01 3.199118731560731272e-05
9.666561014263075347e-01 3.798502201740056044e-05
9.676145151695419999e-01 2.409362591916257073e-05
9.685748312822548556e-01 1.537598859237642563e-05
9.695370554341347091e-01 6.099820374896984204e-06
9.705011933174222394e-01 1.331464336531373088e-06
9.714672506470236613e-01 8.029556792391949382e-06
9.724352331606218591e-01 5.025860342321843502e-05
9.734051466187911839e-01 3.219032173031127760e-06
9.743769968051116948e-01 1.680228991957700741e-04
9.753507895262841787e-01 7.559111257998472444e-05
9.763265306122447251e-01 5.524392478685106024e-05
9.773042259162826317e-01 1.670081192844843194e-04
9.782838813151563118e-01 8.393866479915494325e-05
9.792655027092113107e-01 6.918699705865631188e-05
9.802490960224988781e-01 1.663977614429245407e-04
9.812346672028956496e-01 1.376144410229163074e-04
9.822222222222221077e-01 6.881630927103410227e-05
9.832117670763648176e-01 1.109343630261106021e-04
9.842033077853972189e-01 1.875504194755971122e-04
9.851968503937008625e-01 1.233364296989302323e-04
9.861924009700887561e-01 7.662347615716137651e-05
9.871899656079303753e-01 1.346299889680797803e-04
9.881895504252733442e-01 2.675935153288598774e-04
9.891911615649705558e-01 2.386784018066145181e-04
9.901948051948050722e-01 1.095698830565873061e-04
9.912004875076172450e-01 7.362788438087951488e-05
9.922082147214312808e-01 1.617079402635499918e-04
9.932179930795846934e-01 3.002375544034368605e-04
9.942298288508555348e-01 2.528358705827389564e-04
9.952437283295940684e-01 1.077229348088660946e-04
9.962596978358512212e-01 9.125967317833545093e-05
9.972777437155120328e-01 1.808614350551657635e-04
9.982978723404256627e-01 3.582141426793598459e-04
9.993200901085398380e-01 3.660965973912018272e-04
1.000344403444034524e+00 2.033320785803939795e-04
1.001370818797455264e+00 1.007564048953519154e-04
1.002399342645850400e+00 1.187606436285356488e-04
1.003429981492905743e+00 2.489317667827668713e-04
1.004462741869081688e+00 3.654708387471961094e-04
1.005497630331753323e+00 2.790068747619153474e-04
1.006534653465346318e+00 1.484084672122352013e-04
1.007573817881478373e+00 1.183660647262937130e-04
1.008615130219098655e+00 1.895551045022472118e-04
1.009658597144630576e+00 3.479290108837856488e-04
1.010704225352112573e+00 4.309671073387281656e-04
1.011752021563341986e+00 3.229022069269774716e-04
1.012801992528019612e+00 1.661743612700916401e-04
1.013854145023893372e+00 1.123878183954398022e-04
1.014908485856905074e+00 1.493950916211267031e-04
1.015965021861336526e+00 2.645764919323365908e-04
1.017023759899958302e+00 3.264849000592304749e-04
1.018084706864176958e+00 2.577534098043270257e-04
1.019147869674185580e+00 1.582440665365308539e-04
1.020213255279113662e+00 1.307558359461094848e-04
1.021280870657178763e+00 1.808562198878725766e-04
1.022350722815839053e+00 2.894017411268675613e-04
1.023422818791946076e+00 3.672732829102575498e-04
1.024497165651899966e+00 3.085926628466792942e-04
1.025573770491803094e+00 2.115014847268893304e-04
1.026652640437618391e+00 1.827337629362750559e-04
1.027733782645324112e+00 2.418222329612304826e-04
1.028817204301075261e+00 3.508118393706556354e-04
1.029902912621359246e+00 4.349629407468417553e-04
1.030990914853158635e+00 3.978639894394779227e-04
1.032081218274111922e+00 3.195456513804148481e-04
1.033173830192674281e+00 2.802218424232240466e-04
1.034268757948283213e+00 3.225262537342501448e-04
1.035366008911521307e+00 4.026716093467910774e-04
1.036465590484282107e+00 4.873913138433743535e-04
1.037567510099935975e+00 4.904455275259284822e-04
1.038671775223499294e+00 4.675294479202902705e-04
1.039778393351800556e+00 4.550769761303778672e-04
1.040887372013651779e+00 4.700961870924957181e-04
1.041998718770019261e+00 4.631746739666953399e-04
1.043112441214194108e+00 4.425396428935952789e-04
1.044228546971966320e+00 3.815903326137453136e-04
1.045347043701799317e+00 3.024968878595909951e-04
1.046467939095002908e+00 1.972074002803479004e-04
1.047591240875912266e+00 1.029491283761632626e-04
1.048716956802063338e+00 3.321988316547794598e-05
1.049845094664371814e+00 8.038022102283378978e-06
1.050975662287314094e+00 1.966939608740354850e-05
1.052108667529107144e+00 4.472731272970552194e-05
1.053244118281890795e+00 5.966803958213885505e-05
1.054382022471910041e+00 5.108557325027202235e-05
1.055522388059701333e+00 4.813504089357497690e-05
1.056665223040276880e+00 5.966993249470657428e-05
1.057810535443312272e+00 9.742786510644694251e-05
1.058958333333333224e+00 1.431342873295387988e-04
1.060108624809906308e+00 1.789048493477671058e-04
1.061261418007829249e+00 1.738160446826846940e-04
1.062416721097321659e+00 1.600720375825493856e-04
1.063574542284219326e+00 1.685315722946708846e-04
1.064734889810167839e+00 2.195837890514125347e-04
1.065897771952817763e+00 3.123500856878297458e-04
1.067063197026022037e+00 4.120172913476689001e-04
1.068231173380034926e+00 4.732263270445757051e-04
1.069401709401709422e+00 4.583570824906930442e-04
1.070574813514699297e+00 4.440061074827328824e-04
1.071750494179661617e+00 4.832093687314290313e-04
1.072928759894459017e+00 6.386879944303370995e-04
1.074109619194364873e+00 8.636349886424518184e-04
1.075293080652269584e+00 1.086699388790352558e-03
1.076479152878888179e+00 1.144070621342675948e-03
1.077667844522967933e+00 1.104633666449978367e-03
1.078859164271501303e+00 1.050528083830280833e-03
1.080053120849933546e+00 1.147151752119429787e-03
1.081249723022379650e+00 1.398290716646700483e-03
1.082448979591836613e+00 1.775733524061531626e-03
1.083650899400399714e+00 2.015003404240140079e-03
1.084855491329479671e+00 2.000674674082922322e-03
1.086062764300022243e+00 1.816634018095177180e-03
1.087272727272727169e+00 1.744671034140164376e-03
1.088485389248271096e+00 1.893277111006333099e-03
1.089700759267530072e+00 2.258456004217254415e-03
1.090918846411804033e+00 2.645232080684051419e-03
1.092139659803043950e+00 2.808790391471745456e-03
1.093363208604077874e+00 2.665195629073251801e-03
1.094589502018842309e+00 2.392785689789728946e-03
1.095818549292611577e+00 2.300001163198249054e-03
1.097050359712230083e+00 2.485840140919309219e-03
1.098284942606347014e+00 2.925620298080560972e-03
1.099522307345651040e+00 3.307215420372215837e-03
1.100762463343108566e+00 3.463315598859673886e-03
1.102005420054200435e+00 3.335405521273849226e-03
1.103251186977164844e+00 3.253443961814717674e-03
1.104499773653236483e+00 3.325643574483874623e-03
1.105751189666893008e+00 3.685300224659515244e-03
1.107005444646097958e+00 4.114141199504177913e-03
1.108262548262548330e+00 4.464056303457672285e-03
1.109522510231923498e+00 4.457225119924673046e-03
1.110785340314135894e+00 4.358964298374454378e-03
1.112051048313582369e+00 4.400891124744541610e-03
1.113319644079397541e+00 4.800986036945328016e-03
1.114591137505710261e+00 5.413552767829615288e-03
1.115865538531900070e+00 6.030559976380741455e-03
1.117142857142856993e+00 6.341455153712877678e-03
1.118423103369241112e+00 6.330389117077304950e-03
1.119706287287746571e+00 6.297453005920779223e-03
1.120992419021364261e+00 6.537475264309045193e-03
1.122281508739650491e+00 7.233623189578846334e-03
1.123573566658991441e+00 8.144718355739955298e-03
1.124868603042876725e+00 8.971883159134538821e-03
1.126166628202169395e+00 9.378012663390304302e-03
1.127467652495378836e+00 9.835808885026761650e-03
1.128771686328938095e+00 1.061093075128190233e-02
1.130078740157480111e+00 1.212964255947560598e-02
1.131388824484117706e+00 1.411591429806493062e-02
1.132701949860724033e+00 1.635013355523192227e-02
1.134018126888217237e+00 1.814607344613031886e-02
1.135337366216844890e+00 2.003100311127379435e-02
1.136659678546470875e+00 2.275387418356840039e-02
1.137985074626865600e+00 2.749800525425129608e-02
1.139313565257996652e+00 3.430071271203122968e-02
1.140645161290322340e+00 4.234493017211128640e-02
1.141979873625087682e+00 5.037939407948490572e-02
1.143317713214620168e+00 5.907492418956572511e-02
1.144658691062631739e+00 7.018892193525581857e-02
1.146002818224518549e+00 8.540402226709990774e-02
1.147350105807665166e+00 1.045114803656992386e-01
1.148700564971751215e+00 1.240852707106291641e-01
1.150054206929059575e+00 1.419522203551967787e-01
1.151411042944785246e+00 1.608341289940465046e-01
1.152771084337349539e+00 1.858797007180338912e-01
1.154134342478713382e+00 2.168718000081773511e-01
1.155500828794695733e+00 2.468704226606844021e-01
1.156870554765291326e+00 2.682650838887853384e-01
1.158243531924993963e+00 2.838742732249080469e-01
1.159619771863117821e+00 2.969942613724864122e-01
1.160999286224125626e+00 3.045028529149575447e-01
1.162382086707955953e+00 2.961487527346989279e-01
1.163768185070354955e+00 2.728918807278261638e-01
1.165157593123208990e+00 2.450705531060296261e-01
1.166550322734879463e+00 2.147661252810580401e-01
1.167946385830540779e+00 1.757969210874818500e-01
1.169345794392523397e+00 1.343122221098294877e-01
1.170748560460652454e+00 9.851489605343444200e-02
1.172154696132596596e+00 6.869732739293538115e-02
1.173564213564213476e+00 4.487759987295197872e-02
1.174977124969901032e+00 2.889477605302991775e-02
1.176393442622950536e+00 1.848976096540377867e-02
1.177813178855901199e+00 1.195625821173613643e-02
1.179236346060898999e+00 7.779597717838057300e-03
1.180662956690055498e+00 5.614805382953338801e-03
1.182093023255813780e+00 4.473048700876993029e-03
1.183526558331311929e+00 3.945380406163731188e-03
1.184963574550752519e+00 3.556952585362771219e-03
1.186404084609773646e+00 3.340892095667482870e-03
1.187848101265822631e+00 3.158466615390054851e-03
1.189295637338532829e+00 3.052830499381717268e-03
1.190746705710102216e+00 2.981467859370091813e-03
1.192201319325677744e+00 2.901251706264905156e-03
1.193659491193737709e+00 2.885159243138687556e-03
1.195121234386480324e+00 2.860685955228498261e-03
1.196586562040215629e+00 2.991961766599579835e-03
1.198055487355757398e+00 3.122054417158559841e-03
1.199528023598819937e+00 3.410969447203041332e-03
1.201004184100418426e+00 3.613988638098009597e-03
1.202483982257269268e+00 3.902674924810456587e-03
1.203967431532198207e+00 4.069520236456364987e-03
1.205454545454545334e+00 4.326781592517345981e-03
1.206945337620578762e+00 4.502319643638005159e-03
1.208439821693907623e+00 4.733560514372024512e-03
1.209938011405901070e+00 4.893749149634319881e-03
1.211439920556107275e+00 5.083679978536641275e-03
1.212945563012677086e+00 5.311850071833616217e-03
1.214454952712792135e+00 5.591252238237861411e-03
1.215968103663094713e+00 5.968503349739653040e-03
1.217485029940119645e+00 6.250738133213872699e-03
1.219005745690731946e+00 6.529552832195457610e-03
1.220530265132566239e+00 6.564329434402565826e-03
1.222058602554469964e+00 6.665699251262529636e-03
1.223590772316950570e+00 6.591665810382723624e-03
1.225126788852623605e+00 6.696248414355535257e-03
1.226666666666666572e+00 6.607981177386658932e-03
1.228210420337276787e+00 6.694873591985969416e-03
1.229758064516128790e+00 6.594331985488209417e-03
1.231309613928841529e+00 6.723193398243156038e-03
1.232865083375441762e+00 6.710924984839260546e-03
1.234424487730837239e+00 6.857915244641220494e-03
1.235987841945288768e+00 6.755010845955674963e-03
1.237555161044889607e+00 6.650816645310639492e-03
1.239126460132046637e+00 6.343712346483998225e-03
1.240701754385964861e+00 6.110202294682560813e-03
1.242281059063136350e+00 5.877242599077675891e-03
1.243864389497832956e+00 5.709764080227697734e-03
1.245451761102603028e+00 5.589452437438836852e-03
1.247043189368770566e+00 5.416600107009453963e-03
1.248638689866939266e+00 5.346521821078304218e-03
1.250238278247501889e+00 5.173928088080903195e-03
1.251841970241149182e+00 5.170294774334315176e-03
1.253449781659388362e+00 4.960915965754954943e-03
1.255061728395061582e+00 4.893033734014232833e-03
1.256677826422868627e+00 4.549507359839115479e-03
1.258298091799896712e+00 4.422956649719983133e-03
1.259922540666150281e+00 4.109137361289245602e-03
1.261551189245087912e+00 4.085088007434671542e-03
1.263184053844162547e+00 3.894204387715563282e-03
1.264821150855365506e+00 3.924780291869838303e-03
1.266462496755774714e+00 3.768737202212637995e-03
1.268108108108107812e+00 3.760759983394650237e-03
1.269758001561279936e+00 3.625754343976338862e-03
1.271412193850963712e+00 3.576558186594462618e-03
1.273070701800156579e+00 3.453032650984041822e-03
1.274733542319749002e+00 3.306840019138568461e-03
1.276400732409102678e+00 3.164656621181496064e-03
1.278072289156626296e+00 2.959895220717961416e-03
1.279748229740361509e+00 2.901758337279511553e-03
1.281428571428571139e+00 2.733926590829824539e-03
1.283113331580331140e+00 2.777124211294076592e-03
1.284802527646129455e+00 2.595895994549738545e-03
1.286496177168468202e+00 2.637012654428630420e-03
1.288194297782470965e+00 2.391664909203159318e-03
1.289896907216494748e+00 2.411418307033376830e-03
1.291604023292747261e+00 2.148599342600482874e-03
1.293315663927908643e+00 2.154530494698432379e-03
1.295031847133757630e+00 1.892231638568806634e-03
1.296752591017804823e+00 1.872753082765177312e-03
1.298477913783927518e+00 1.656623133304875898e-03
1.300207833733013407e+00 1.642600389954221828e-03
1.301942369263607180e+00 1.513928325776769598e-03
1.303681538872561996e+00 1.485122585375867098e-03
1.305425361155698072e+00 1.403680244449752789e-03
1.307173854808464819e+00 1.303635859704998417e-03
1.308927038626609196e+00 1.246252365050557268e-03
1.310684931506849171e+00 1.087876638863228586e-03
1.312447552447552290e+00 1.082684379744901964e-03
1.314214920549420906e+00 8.906658363443736501e-04
1.315987055016180962e+00 9.326452823468442139e-04
1.317763975155279432e+00 7.145966832319539368e-04
1.319545700378582875e+00 7.941191136475095119e-04
1.321332250203086645e+00 5.724672520390909928e-04
1.323123644251626763e+00 6.773925677725040019e-04
1.324919902253597348e+00 4.572866687696730483e-04
1.326721044045676923e+00 5.514964844805401653e-04
1.328527089572556275e+00 3.361651773375259346e-04
1.330338058887677199e+00 4.025807714267798073e-04
1.332153972153971910e+00 2.240058412812417400e-04
1.333974849644614213e+00 2.629670236198296349e-04
1.335800711743772240e+00 1.369894433611379902e-04
1.337631578947368061e+00 1.421055229965102848e-04
1.339467471863848624e+00 6.633513498677342157e-05
1.341308411214953145e+00 5.261220848428326718e-05
1.343154417836498693e+00 1.279799099853989798e-04
1.345005512679162019e+00 2.877063583189490422e-05
1.346861716809274023e+00 2.041213404820183994e-04
1.348723051409618234e+00 3.350480636911687751e-04
1.350589537780237936e+00 4.458147580388440953e-04
1.352461197339245969e+00 4.179925080961695814e-03
1.354338051623646733e+00 8.820758994778306328e-03
1.356220122290161090e+00 5.457538486231809649e-03
1.358107431116058805e+00 4.481935950432637365e-03
1.359999999999999876e+00 1.970339288829542693e-02
