1.080000000000000071e+00 8.015809311643885626e-06
1.080977110286799991e+00 9.344048395405540877e-06
1.081955990220049069e+00 4.656031426236319910e-06
1.082936644611619537e+00 1.046621556864379119e-05
1.083919078290846327e+00 3.380526597287083579e-05
1.084903296104603676e+00 7.829019449444894546e-05
1.085889302917385946e+00 3.331633233392623149e-05
1.086877103611388895e+00 4.371155376630402072e-05
1.087866703086588283e+00 1.787487533325701837e-04
1.088858106260822023e+00 8.288382345470929921e-05
1.089851318069871233e+00 2.559899099947006442e-05
1.090846343467543278e+00 1.812288272462359159e-04
1.091843187425751704e+00 1.739787828378361204e-04
1.092841854934601731e+00 6.448278708411268553e-05
1.093842351002471958e+00 3.388071958740751082e-05
1.094844680656098079e+00 1.491698060053541148e-04
1.095848848940658593e+00 2.510944948385036607e-04
1.096854860919856733e+00 1.496577557251714682e-04
1.097862721676008402e+00 5.438493385411839677e-05
1.098872436310126322e+00 7.402098891343570426e-05
1.099884009942005081e+00 1.898025890399868002e-04
1.100897447710310395e+00 3.305587396803687152e-04
1.101912754772664371e+00 2.836742330871353489e-04
1.102929936305732550e+00 1.474488339492300139e-04
1.103948997505312946e+00 1.092598391594692942e-04
1.104969943586423753e+00 1.499581146902348515e-04
1.105992779783393498e+00 2.642001378717738101e-04
1.107017511349948968e+00 3.191799519305200342e-04
1.108044143559306471e+00 2.300105609517466164e-04
1.109072681704260654e+00 1.400067935520205367e-04
1.110103131097277984e+00 1.358674508235988216e-04
1.111135497070585121e+00 2.259205913059634814e-04
1.112169784976263731e+00 3.890769725653478906e-04
1.113206000186341305e+00 5.463079284002123927e-04
1.114244148092884412e+00 5.703303173166861337e-04
1.115284234108093075e+00 4.581408099884284359e-04
1.116326263664393137e+00 3.438609961330547091e-04
1.117370242214533071e+00 2.985060297594877119e-04
1.118416175231676579e+00 3.376791487688445914e-04
1.119464068209500507e+00 4.142075975766627274e-04
1.120513926662290105e+00 4.554055584276233510e-04
1.121565756125034952e+00 4.285098756403529644e-04
1.122619562153528205e+00 3.765607501714563258e-04
1.123675350324461641e+00 3.611883524401867610e-04
1.124733126235526681e+00 3.861133983618371640e-04
1.125792895505512314e+00 4.459733296928000321e-04
1.126854663774403686e+00 4.947401829619431455e-04
1.127918436703483795e+00 5.085640469558227799e-04
1.128984219975432302e+00 4.951296896676673446e-04
1.130052019294429222e+00 4.813215812082486788e-04
1.131121840386253963e+00 4.985258274031977022e-04
1.132193688998389236e+00 5.273413180889082591e-04
1.133267570900123422e+00 5.602251236531189098e-04
1.134343491882654265e+00 5.733539726051386501e-04
1.135421457759194119e+00 5.677698389282995282e-04
1.136501474365071651e+00 5.490006815486311257e-04
1.137583547557840635e+00 5.114101734215886243e-04
1.138667683217382987e+00 4.698024393105024849e-04
1.139753887246017339e+00 4.129153547758881646e-04
1.140842165568604960e+00 3.532626644828379685e-04
1.141932524132657889e+00 2.894529000972219011e-04
1.143024968908447514e+00 2.261133521644249358e-04
1.144119505889112487e+00 1.738151357648279978e-04
1.145216141090769524e+00 1.304241243081534214e-04
1.146314880552624205e+00 1.061603760542756099e-04
1.147415730337078887e+00 9.224391640143576464e-05
1.148518696529847283e+00 8.967492978385874680e-05
1.149623785240065477e+00 9.109439081192243458e-05
1.150731002600404507e+00 1.014793094840736582e-04
1.151840354767184049e+00 1.217420370856577065e-04
1.152951847920486328e+00 1.440876900523090673e-04
1.154065488264271355e+00 1.613821049554715675e-04
1.155181282026491507e+00 1.600891745634905664e-04
1.156299235459208541e+00 1.540130777143931796e-04
1.157419354838709724e+00 1.470663556124922843e-04
1.158541646465625963e+00 1.542058505979515895e-04
1.159666116665049040e+00 1.742773330054194891e-04
1.160792771786651079e+00 2.020603258815085459e-04
1.161921618204803996e+00 2.304165889113472300e-04
1.163052662318699415e+00 2.406104385098086667e-04
1.164185910552470116e+00 2.399811883488929922e-04
1.165321369355310832e+00 2.268225469909938721e-04
1.166459045201601041e+00 2.223547072677398639e-04
1.167598944591029086e+00 2.296330987673336689e-04
1.168741074048713857e+00 2.508367582314620413e-04
1.169885440125330467e+00 2.830281962414748402e-04
1.171032049397236152e+00 3.073781015102072193e-04
1.172180908466594840e+00 3.250337514307469070e-04
1.173332023961504378e+00 3.208373112014862704e-04
1.174485402536125100e+00 3.116281241802025710e-04
1.175641050870805948e+00 2.991796409502761470e-04
1.176798975672215031e+00 2.925763298765609211e-04
1.177959183673469301e+00 2.966680642833366692e-04
1.179121681634264229e+00 2.991968513917320715e-04
1.180286476341005475e+00 3.044373444150259714e-04
1.181453574606941670e+00 2.945083872199233551e-04
1.182622983272295203e+00 2.826060157152575163e-04
1.183794709204398998e+00 2.663506709883179638e-04
1.184968759297828189e+00 2.571839449070626089e-04
1.186145140474535786e+00 2.601775446185647638e-04
1.187323859683990790e+00 2.700917613896137103e-04
1.188504923903312527e+00 2.923723404295861038e-04
1.189688340137409206e+00 3.093944156022944403e-04
1.190874115419117141e+00 3.315885662750784344e-04
1.192062256809338860e+00 3.477353597538690054e-04
1.193252771397183665e+00 3.747321000263602580e-04
1.194445666300110176e+00 4.155564364219728100e-04
1.195640948664064895e+00 4.772389157706057234e-04
1.196838625663628308e+00 5.677796087098928475e-04
1.198038704502155882e+00 6.685902301328918492e-04
1.199241192411923951e+00 7.874158553758067204e-04
1.200446096654275152e+00 8.935099667760665505e-04
1.201653424519762536e+00 1.009064423329132003e-03
1.202863183328299446e+00 1.131642395504017535e-03
1.204075380429305620e+00 1.289331562957352940e-03
1.205290023201856187e+00 1.506361375591095016e-03
1.206507119054831989e+00 1.772344830464916369e-03
1.207726675427069685e+00 2.104876486327889300e-03
1.208948699787514069e+00 2.439321884358955795e-03
1.210173199635369068e+00 2.781701330467636468e-03
1.211400182500253386e+00 3.088914906088576027e-03
1.212629655942352613e+00 3.392155712509540080e-03
1.213861627552575539e+00 3.742322412492257982e-03
1.215096104952710254e+00 4.149064844586742608e-03
1.216333095795581798e+00 4.669578804608806415e-03
1.217572607765209369e+00 5.214556694551633620e-03
1.218814648576966198e+00 5.780780656949995391e-03
1.220059225977739192e+00 6.273665697203750780e-03
1.221306347746090148e+00 6.688130421462894562e-03
1.222556021692417838e+00 7.075898241618370881e-03
1.223808255659121214e+00 7.455883878501568321e-03
1.225063057520762833e+00 7.965583062433364073e-03
1.226320435184235169e+00 8.555113534516772464e-03
1.227580396588924261e+00 9.274975235258010528e-03
1.228842949706880683e+00 1.001872075891179804e-02
1.230108102542983417e+00 1.073517346603799182e-02
1.231375863135113047e+00 1.143908596486276075e-02
1.232646239554317624e+00 1.211135483411530760e-02
1.233919239904988085e+00 1.293377460641254896e-02
1.235194872325028115e+00 1.386171462229439377e-02
1.236473144986029338e+00 1.498901216257574227e-02
1.237754066093442296e+00 1.620701974690293493e-02
1.239037643886757190e+00 1.744796161079705671e-02
1.240323886639676187e+00 1.869592869686844891e-02
1.241612802660293058e+00 1.986544501198741347e-02
1.242904400291272360e+00 2.121084854982382972e-02
1.244198687910028189e+00 2.279471817204388462e-02
1.245495673928906699e+00 2.494223279575205968e-02
1.246795366795366844e+00 2.771201652406133503e-02
1.248097774992165343e+00 3.114348577120788428e-02
1.249402907037540533e+00 3.523049775953147889e-02
1.250710771485397332e+00 3.974421026155099124e-02
1.252021376925495089e+00 4.488917195665086818e-02
1.253334731983635653e+00 5.062048066081338560e-02
1.254650845321852337e+00 5.736369992535924472e-02
1.255969725638599765e+00 6.522367121976235804e-02
1.257291381668946606e+00 7.428758395737837528e-02
1.258615822184767863e+00 8.458972802863599927e-02
1.259943055994938277e+00 9.565519208609464530e-02
1.261273091945529279e+00 1.077589714958010342e-01
1.262605938920004389e+00 1.210270505113769657e-01
1.263941605839416171e+00 1.365470583724167630e-01
1.265280101662607404e+00 1.550121512203205543e-01
1.266621435386409367e+00 1.764878283429722472e-01
1.267965616045845456e+00 2.006078877791043769e-01
1.269312652714331247e+00 2.255742304063648174e-01
1.270662554503881658e+00 2.507025172333695040e-01
1.272015330565314573e+00 2.751954215653979463e-01
1.273370990088457999e+00 2.992304533900807528e-01
1.274729542302357910e+00 3.224567792587841319e-01
1.276090996475488515e+00 3.428032602245484894e-01
1.277455361915962762e+00 3.585845540165252254e-01
1.278822647971743498e+00 3.674053583786392463e-01
1.280192864030858191e+00 3.698150070554152014e-01
1.281566019521613198e+00 3.671062362096850218e-01
1.282942123912810262e+00 3.594115147633260565e-01
1.284321186713963225e+00 3.457007849136889965e-01
1.285703217475519411e+00 3.231796098817995566e-01
1.287088225789077001e+00 2.925338945592498296e-01
1.288476221287609302e+00 2.562061860304787331e-01
1.289867213645687238e+00 2.174599211949481414e-01
1.291261212579704054e+00 1.789884403000862600e-01
1.292658227848101138e+00 1.418811176533747720e-01
1.294058269251597615e+00 1.084274573923862534e-01
1.295461346633416388e+00 8.001177179598653599e-02
1.296867469879517953e+00 5.764781102699535753e-02
1.298276648918830878e+00 4.134528344257816512e-02
1.299688893723485172e+00 3.007461644349553043e-02
1.301104214309049434e+00 2.282352200466165881e-02
1.302522620734765102e+00 1.807498091872912147e-02
1.303944123103786934e+00 1.500376509449258614e-02
1.305368731563421703e+00 1.280784253631585962e-02
1.306796456305370224e+00 1.114996199734133442e-02
1.308227307565969610e+00 9.835217931508230191e-03
1.309661295626438848e+00 8.697618214577396492e-03
1.311098430813124160e+00 7.799263633540911428e-03
1.312538723497747917e+00 6.969020181978105577e-03
1.313982184097657324e+00 6.306124159230707370e-03
1.315428823076076226e+00 5.673600127574459674e-03
1.316878650942356455e+00 5.134281621516132918e-03
1.318331678252234518e+00 4.660431952525803494e-03
1.319787915608085838e+00 4.237969022068674430e-03
1.321247373659183877e+00 3.924565793985162858e-03
1.322710063101959488e+00 3.621838202756737235e-03
1.324175994680261370e+00 3.412277067153636403e-03
1.325645179185620748e+00 3.175347765481722085e-03
1.327117627457514049e+00 2.976679618895649009e-03
1.328593350383631799e+00 2.759807012361113407e-03
1.330072358900144858e+00 2.546127952149913626e-03
1.331554663991975751e+00 2.368082216911036961e-03
1.333040276693071347e+00 2.179771546110203118e-03
1.334529208086674856e+00 2.058610768074598928e-03
1.336021469305602061e+00 1.917720882044129721e-03
1.337517071532519974e+00 1.835950003541801656e-03
1.339016026000224180e+00 1.745715893796922656e-03
1.340518343991921935e+00 1.692115785805480693e-03
1.342024036841514389e+00 1.663432042806527265e-03
1.343533115933880584e+00 1.643868801155684263e-03
1.345045592705166992e+00 1.675793991342377836e-03
1.346561478643074405e+00 1.684011149925623363e-03
1.348080785287148808e+00 1.742417429020462396e-03
1.349603524229074925e+00 1.758823611759803476e-03
1.351129707112970646e+00 1.806491945487699331e-03
1.352659345635684351e+00 1.837254631625305197e-03
1.354192451547092668e+00 1.877413607973588009e-03
1.355729036650402675e+00 1.949070239819595618e-03
1.357269112802453659e+00 1.999942963389583165e-03
1.358812691914022430e+00 2.111663175701707692e-03
1.360359785950130851e+00 2.178693386226351024e-03
1.361910406930354478e+00 2.305016001114394610e-03
1.363464566929133870e+00 2.400921245936668471e-03
1.365022278076088114e+00 2.528796307000973510e-03
1.366583552556330794e+00 2.674117613964477509e-03
1.368148402610786407e+00 2.796307820448207249e-03
1.369716840536512770e+00 2.970321967541710972e-03
1.371288878687019430e+00 3.060462703588427008e-03
1.372864529472595629e+00 3.200703594065038970e-03
1.374443805360635151e+00 3.259869101753645314e-03
1.376026718875964505e+00 3.349313101587391740e-03
1.377613282601175992e+00 3.437791408371464186e-03
1.379203509176959441e+00 3.513519207982511092e-03
1.380797411302438382e+00 3.665813388861191048e-03
1.382395001735508444e+00 3.746180745485087286e-03
1.383996293293177304e+00 3.919349045054728101e-03
1.385601298851907748e+00 4.002371781111907154e-03
1.387210031347962502e+00 4.135518288913210549e-03
1.388822503777751960e+00 4.239549657004402713e-03
1.390438729198184342e+00 4.311994602235203096e-03
1.392058720727018528e+00 4.436900123395464551e-03
1.393682491543217106e+00 4.439063069002655189e-03
1.395310054887305862e+00 4.521522668304841196e-03
1.396941424061732606e+00 4.465679480766315823e-03
1.398576612431230215e+00 4.466828870150635518e-03
1.400215633423180339e+00 4.433793429187248350e-03
1.401858500527983109e+00 4.396846400872781412e-03
1.403505227299424396e+00 4.452307238556504378e-03
1.405155827355051068e+00 4.417856585482545645e-03
1.406810314376545579e+00 4.519379321454509296e-03
1.408468702110102555e+00 4.485495972010251735e-03
1.410131004366812046e+00 4.532697863325409020e-03
1.411797235023041441e+00 4.508913605924790187e-03
1.413467408020820937e+00 4.461115412450250908e-03
1.415141537368233893e+00 4.473829763002291904e-03
1.416819637139807853e+00 4.357680246285053176e-03
1.418501721476908450e+00 4.378902119598990922e-03
1.420187804588137537e+00 4.237176841600404434e-03
1.421877900749732415e+00 4.207574081286875184e-03
1.423572024305969297e+00 4.108046395688725455e-03
1.425270189669569199e+00 4.025416387933162567e-03
1.426972411322106726e+00 4.030629903597223070e-03
1.428678703814420636e+00 3.935188306651304230e-03
1.430389081767029724e+00 4.021329066934294615e-03
1.432103559870550047e+00 3.934978516549621219e-03
1.433822152886115475e+00 3.990603987922968811e-03
1.435544875645800911e+00 3.924756306380119790e-03
1.437271743053049278e+00 3.863013567539877718e-03
1.439002770083102289e+00 3.846603551584924958e-03
1.440737971783431881e+00 3.687674184188823642e-03
1.442477363274176083e+00 3.715902195561288177e-03
1.444220959748579780e+00 3.533146660805297663e-03
1.445968776473435913e+00 3.534265285645000251e-03
1.447720828789531122e+00 3.401660663753556385e-03
1.449477132112094946e+00 3.314663437462944152e-03
1.451237701931252122e+00 3.287545654255559242e-03
1.453002553812477116e+00 3.125857308850698169e-03
1.454771703397053528e+00 3.188115435167545274e-03
1.456545166402535507e+00 3.005100645514784986e-03
1.458322958623214927e+00 3.043444074928453383e-03
1.460105095930588126e+00 2.892360798621274216e-03
1.461891594273828421e+00 2.785654729091437218e-03
1.463682469680264608e+00 2.712799796790877748e-03
1.465477738255856588e+00 2.462775234219775032e-03
1.467277416185680750e+00 2.465850392057874780e-03
1.469081519734415364e+00 2.180647634071771184e-03
1.470890065246829970e+00 2.172909315141865940e-03
1.472703069148280752e+00 1.967693717228501810e-03
1.474520547945205484e+00 1.845367811017921108e-03
1.476342518225627121e+00 1.781964229508953756e-03
1.478168996659656065e+00 1.527259828078829460e-03
1.479999999999999982e+00 1.571737093394855352e-03
