9.200000000000000400e-01 8.404257689868066094e-05
9.209333468600995332e-01 7.606276145624016132e-05
9.218685894180970175e-01 6.481204033835250640e-05
9.228057334553217972e-01 6.169124348467099961e-05
9.237447847766359077e-01 6.116209982223363084e-05
9.246857492105533538e-01 5.660097569542508209e-05
9.256286326093607908e-01 5.508771182428245667e-05
9.265734408492397600e-01 4.468578247693995537e-05
9.275201798303872591e-01 4.242346385675068192e-05
9.284688554771404201e-01 3.293427875802301235e-05
9.294194737380976346e-01 2.934902182561365292e-05
9.303720405862458964e-01 2.346852101182433749e-05
9.313265620190829264e-01 1.910915235494199603e-05
9.322830440587449585e-01 1.804379101196259920e-05
9.332414927521333059e-01 1.132664027398358650e-05
9.342019141710404817e-01 1.025994145243061443e-05
9.351643144122798734e-01 3.122605412727830967e-06
9.361286995978137515e-01 1.634633893300945943e-06
9.370950758748839426e-01 1.479097310397835172e-05
9.380634494161415038e-01 8.584503734359486633e-06
9.390338264197787277e-01 4.190393655772401489e-05
9.400062131096613705e-01 1.926350980645813861e-04
9.409806157354618783e-01 1.616445393948176968e-04
9.419570405727923923e-01 4.726241015464389348e-05
9.429354939233406396e-01 2.069232298580532699e-04
9.439159821150048257e-01 1.217096138968361263e-04
9.448985115020298586e-01 3.619089101774082871e-05
9.458830884651455717e-01 1.257091083675967958e-04
9.468697194117036142e-01 1.717124338816132263e-04
9.478584107758172284e-01 2.358775422505123871e-05
9.488491690185012484e-01 1.309330371434466341e-06
9.498420006278119887e-01 6.640170550523290510e-05
9.508369121189904627e-01 1.295954507285226832e-04
9.518339100346020487e-01 9.613851915915372977e-05
9.528330009446837057e-01 6.776954328844242653e-05
9.538341914468845273e-01 9.384822872177045938e-05
9.548374881666140679e-01 1.076879330734330941e-04
9.558428977571865603e-01 4.908095380909951652e-05
9.568504268999683537e-01 1.615188868251934271e-05
9.578600823045267942e-01 3.069927827965882288e-05
9.588718707087779958e-01 1.098815303512629609e-04
9.598857988791372753e-01 1.259810903596028284e-04
9.609018736106702541e-01 6.046473518760091785e-05
9.619201017272438481e-01 3.141383389052980783e-05
9.629404900816802559e-01 7.050124004177350800e-05
9.639630455559095035e-01 1.895602874561253849e-04
9.649877750611247640e-01 2.281622014186857820e-04
9.660146855379376785e-01 1.181069159279821514e-04
9.670437839565357852e-01 6.134373647032882553e-05
9.680750773168392831e-01 1.109432919763504575e-04
9.691085726486603491e-01 2.825550509331215248e-04
9.701442770118628989e-01 4.097161272423292138e-04
9.711821974965229032e-01 2.837500987353686619e-04
9.722223412230911466e-01 1.631923370507763055e-04
9.732647153425537656e-01 1.578363130884870053e-04
9.743093270366001146e-01 2.884127880875866066e-04
9.753561835177823047e-01 4.716075872765586275e-04
9.764052920296870663e-01 4.499691417518298796e-04
9.774566598470981749e-01 2.930297886980282084e-04
9.785102942761669809e-01 2.011664115433371605e-04
9.795662026545808310e-01 2.517964822918544428e-04
9.806243923517338201e-01 4.010399231451915896e-04
9.816848707688979880e-01 5.434399279035264209e-04
9.827476453393959588e-01 4.946191592704115994e-04
9.838127235287743577e-01 3.524843621610739388e-04
9.848801128349790046e-01 2.802622473396580130e-04
9.859498207885305510e-01 3.305487581184809228e-04
9.870218549527021157e-01 4.668075630475510386e-04
9.880962229236965877e-01 5.311866278338758232e-04
9.891729323308271482e-01 4.728969245192581267e-04
9.902519908366970158e-01 3.396711077390163788e-04
9.913334061373813011e-01 2.850905109491603650e-04
9.924171859626107484e-01 3.256243209146407794e-04
9.935033380759550337e-01 4.368136397983636825e-04
9.945918702750083940e-01 5.259363634183427966e-04
9.956827903915762557e-01 4.979808717744110954e-04
9.967761062918635284e-01 4.316358133592889204e-04
9.978718258766625659e-01 4.025009906086318245e-04
9.989699570815454566e-01 4.657828456001270631e-04
1.000070507877051762e+00 5.510900374419827391e-04
1.001173486268887247e+00 6.079102195914701419e-04
1.002278900298112063e+00 5.549875394759282892e-04
1.003386758041339588e+00 4.623954123607746432e-04
1.004497067610932826e+00 4.216352629793519561e-04
1.005609837155201136e+00 4.557970698518465564e-04
1.006725074858600522e+00 5.592412103839135588e-04
1.007842788941934131e+00 6.185501792257092979e-04
1.008962987662554323e+00 6.327411095923356731e-04
1.010085679314565610e+00 6.165634740482988643e-04
1.011210872229029833e+00 6.548310483889380716e-04
1.012338574774171995e+00 7.146068019785942194e-04
1.013468795355587870e+00 7.523058219595766703e-04
1.014601542416452507e+00 7.568066139439798062e-04
1.015736824437730945e+00 7.111367719852840913e-04
1.016874649938389163e+00 6.490084818813514084e-04
1.018015027475608569e+00 5.419213935585664912e-04
1.019157965644998498e+00 4.394607391605182445e-04
1.020303473080813816e+00 3.181955000895933376e-04
1.021451558456171860e+00 2.251588267175128760e-04
1.022602230483271368e+00 1.619925792605835272e-04
1.023755497913612089e+00 1.447386515762232831e-04
1.024911369538218375e+00 1.570709022875729300e-04
1.026069854187860342e+00 1.648522932116265008e-04
1.027230960733280574e+00 1.939114368927847339e-04
1.028394698085419945e+00 2.311630557659593644e-04
1.029561075195644992e+00 2.874992437170811638e-04
1.030730101055978176e+00 3.291655985910765239e-04
1.031901784699329472e+00 3.396615955070273157e-04
1.033076135199727075e+00 3.363598817526549365e-04
1.034253161672553212e+00 3.240357219771239426e-04
1.035432873274780396e+00 3.473696495612006588e-04
1.036615279205207241e+00 3.744913042980364923e-04
1.037800388704698928e+00 4.197367487389208336e-04
1.038988211056426803e+00 4.366098529952766464e-04
1.040178755586112169e+00 4.386451576782555289e-04
1.041372031662269215e+00 4.347761830879169512e-04
1.042568048696451255e+00 4.291418007589754206e-04
1.043766816143497866e+00 4.484273938508129059e-04
1.044968343501784469e+00 4.489320531272954543e-04
1.046172640313472568e+00 4.547371629668700674e-04
1.047379716164763108e+00 4.271333690509114176e-04
1.048589580686150047e+00 4.115957779936363164e-04
1.049802243552677483e+00 4.112911818290524552e-04
1.051017714484195897e+00 4.340502931762946627e-04
1.052236003245624163e+00 4.842666910924508052e-04
1.053457119647209117e+00 5.117207860007995076e-04
1.054681073544789349e+00 5.442225023031784566e-04
1.055907874840060545e+00 5.422260930956990460e-04
1.057137533480843050e+00 5.604195268902182388e-04
1.058370059461350321e+00 5.916192751140068136e-04
1.059605462822458266e+00 6.499411319359120823e-04
1.060843753651980803e+00 7.454301438319662449e-04
1.062084942084942085e+00 8.309965015920753534e-04
1.063329038303853835e+00 9.581373744454281874e-04
1.064576052538993789e+00 1.090979930708151123e-03
1.065825995068686360e+00 1.311717290233705129e-03
1.067078876219583972e+00 1.592675861838101312e-03
1.068334706366953268e+00 1.940948983900915885e-03
1.069593495934959337e+00 2.347459943946934597e-03
1.070855255396956585e+00 2.737087778766239456e-03
1.072119995275776727e+00 3.215255628179662130e-03
1.073387726144022558e+00 3.729585293566205738e-03
1.074658458624363710e+00 4.463585291438694307e-03
1.075932203389830644e+00 5.300855250487331548e-03
1.077208971164115292e+00 6.228501913450961575e-03
1.078488772721872380e+00 7.072413936320905842e-03
1.079771618889021179e+00 7.785635027421816505e-03
1.081057520543051265e+00 8.566452588649938263e-03
1.082346488613330271e+00 9.468888734251312486e-03
1.083638534081413640e+00 1.075156724230728715e-02
1.084933667981355487e+00 1.204075367604914328e-02
1.086231901400023903e+00 1.336759434705850694e-02
1.087533245477417143e+00 1.453180503928727489e-02
1.088837711406981157e+00 1.589114918505087071e-02
1.090145310435931325e+00 1.760937073295985519e-02
1.091456053865576648e+00 1.960246129023883108e-02
1.092769953051643261e+00 2.188781358380323047e-02
1.094087019404604177e+00 2.415592401486997901e-02
1.095407264390008573e+00 2.708029516480776194e-02
1.096730699528815078e+00 3.094604986586269729e-02
1.098057336397725958e+00 3.669750802311845528e-02
1.099387186629526392e+00 4.417247619258718450e-02
1.100720261913423093e+00 5.327078706565761129e-02
1.102056573995386701e+00 6.405136748789559686e-02
1.103396134678497509e+00 7.680070896482034393e-02
1.104738955823293400e+00 9.270873469690704693e-02
1.106085049348117577e+00 1.113074208458447595e-01
1.107434427229474272e+00 1.330242500206504086e-01
1.108787101502382022e+00 1.566200488344041131e-01
1.110143084260731605e+00 1.838615434423599981e-01
1.111502387657646418e+00 2.159421551501722047e-01
1.112865023905847739e+00 2.533133465186755973e-01
1.114231005278016218e+00 2.914307067025090903e-01
1.115600344107164910e+00 3.247665352333665156e-01
1.116973052787006315e+00 3.518221520349510967e-01
1.118349143772329635e+00 3.723747496854957206e-01
1.119728629579375800e+00 3.858754503993301332e-01
1.121111522786217174e+00 3.856670484037871827e-01
1.122497836033139684e+00 3.717035364093754235e-01
1.123887582023028298e+00 3.471075755756651282e-01
1.125280773521755373e+00 3.178979297146760086e-01
1.126677423358570351e+00 2.802102358400810900e-01
1.128077544426494550e+00 2.336637685717556645e-01
1.129481149682717511e+00 1.823039396933225365e-01
1.130888252148997131e+00 1.344119731134197360e-01
1.132298864912061998e+00 9.489500666486690161e-02
1.133713001124016406e+00 6.563000356837721261e-02
1.135130674002751139e+00 4.559192986001694980e-02
1.136551896832352693e+00 3.192322601081091366e-02
1.137976682963520281e+00 2.320460621877895244e-02
1.139405045813982831e+00 1.758670923438499650e-02
1.140836998868920649e+00 1.442399018924032245e-02
1.142272555681389523e+00 1.234111941951457521e-02
1.143711729872748162e+00 1.073755194022645888e-02
1.145154535133089402e+00 9.384600326262286171e-03
1.146600985221674973e+00 8.162345862308304292e-03
1.148051093967370706e+00 7.366508409050749780e-03
1.149504875269089510e+00 6.629493802391864081e-03
1.150962343096234353e+00 6.142914973401719658e-03
1.152423511489145902e+00 5.644324566715435906e-03
1.153888394559552610e+00 5.265096671604358423e-03
1.155357006491027239e+00 4.987005268304492422e-03
1.156829361539442047e+00 4.639099050858075390e-03
1.158305474033431315e+00 4.335825314951391972e-03
1.159785358374856301e+00 3.840654155975722992e-03
1.161269029039273537e+00 3.483564185778055457e-03
1.162756500576405783e+00 3.120761140108162593e-03
1.164247787610619422e+00 2.897312825140885284e-03
1.165742904841402305e+00 2.725861518258781372e-03
1.167241867043847359e+00 2.524589086388153401e-03
1.168744689069138865e+00 2.412728657065897186e-03
1.170251385845043179e+00 2.213365324928359083e-03
1.171761972376403893e+00 2.127315030378126512e-03
1.173276463745637876e+00 1.945403374621889345e-03
1.174794875113239545e+00 1.797360019555739640e-03
1.176317221718284234e+00 1.636871884091535253e-03
1.177843518878941120e+00 1.479507918073454413e-03
1.179373781992984593e+00 1.433088972845273637e-03
1.180908026538311395e+00 1.339343967582853684e-03
1.182446268073466422e+00 1.352390536416870747e-03
1.183988522238163421e+00 1.290811340698072183e-03
1.185534804753820115e+00 1.277048105109159252e-03
1.187085131424088003e+00 1.267020575525980601e-03
1.188639518135393702e+00 1.233996458810684331e-03
1.190197980857480076e+00 1.278034399916042931e-03
1.191760535643954233e+00 1.235124725795053386e-03
1.193327198632838426e+00 1.308099500758551446e-03
1.194897986047124050e+00 1.340041308523923572e-03
1.196472914195333859e+00 1.464046641538043489e-03
1.198051999472086626e+00 1.627919378645836497e-03
1.199635258358662471e+00 1.745543805450002492e-03
1.201222707423580838e+00 1.950236165833417685e-03
1.202814363323174929e+00 2.010060795914617778e-03
1.204410242802175901e+00 2.214489024032184269e-03
1.206010362694300619e+00 2.298405159556304259e-03
1.207614739922841629e+00 2.465205021192468180e-03
1.209223391501265565e+00 2.601470001652239801e-03
1.210836334533813785e+00 2.708099459794330918e-03
1.212453586216107659e+00 2.971381201094460030e-03
1.214075163835763194e+00 3.101513479487310720e-03
1.215701084773001428e+00 3.437362090912937564e-03
1.217331366501274159e+00 3.498303748853476974e-03
1.218966026587887663e+00 3.653955218384007022e-03
1.220605082694635080e+00 3.644982731755752950e-03
1.222248552578430125e+00 3.661943643344371668e-03
1.223896454091951025e+00 3.757809557994262317e-03
1.225548805184285328e+00 3.686482975590947911e-03
1.227205623901581832e+00 3.840894894996303710e-03
1.228866928387708279e+00 3.727257588975663258e-03
1.230532736884912604e+00 3.911394497096373941e-03
1.232203067734491730e+00 3.868530918381905478e-03
1.233877939377463706e+00 3.918623406914879814e-03
1.235557370355247153e+00 3.834491386999255326e-03
1.237241379310345168e+00 3.600264603233496296e-03
1.238929984987034327e+00 3.555873172436615527e-03
1.240623206232062348e+00 3.271854857671690434e-03
1.242321061995346865e+00 3.350906185359838873e-03
1.244023571330684197e+00 3.120840452117068769e-03
1.245730753396459445e+00 3.153449435837100794e-03
1.247442627456369468e+00 3.024342538578520066e-03
1.249159212880143199e+00 2.936725643078616672e-03
1.250880529144274611e+00 2.951517479805296912e-03
1.252606595832758352e+00 2.691174878784470710e-03
1.254337432637833372e+00 2.724819334171316339e-03
1.256073059360730770e+00 2.365917973065819694e-03
1.257813495912428969e+00 2.401525293316271285e-03
1.259558762314416658e+00 2.188186407030749334e-03
1.261308878699458402e+00 2.172677741607198423e-03
1.263063865312369805e+00 2.149747782432754033e-03
1.264823742510798654e+00 1.958535843517709638e-03
1.266588530766010967e+00 2.059066605893820814e-03
1.268358250663686126e+00 1.739763640024467092e-03
1.270132922904715356e+00 1.872415314261602305e-03
1.271912568306010849e+00 1.540932729010196676e-03
1.273697207801318898e+00 1.548654162321890090e-03
1.275486862442040348e+00 1.348545410155236853e-03
1.277281553398058156e+00 1.189823917312993152e-03
1.279081301958574279e+00 1.221460375783011429e-03
1.280886129532947892e+00 9.029204533293420367e-04
1.282696057651547372e+00 1.059088215460319421e-03
1.284511107966605392e+00 6.382309881534880104e-04
1.286331302253082454e+00 7.638475685105478898e-04
1.288156662409536191e+00 4.054416706633903115e-04
1.289987210459002664e+00 4.016544782878887733e-04
1.291822968549879214e+00 2.071986847722690709e-04
1.293663958956819071e+00 9.001043107103500135e-05
1.295510204081632644e+00 2.131928904437038936e-04
1.297361726454194786e+00 1.087969878179782702e-05
1.299218548733361844e+00 4.177458071592633835e-04
1.301080693707897584e+00 2.842763430302109261e-04
1.302948184297402001e+00 2.866790131164056316e-03
1.304821043553255899e+00 1.502210838617109440e-02
1.306699294659565691e+00 1.510025188202634462e-02
1.308582960934121520e+00 6.359216702086127951e-03
1.310472065829363153e+00 1.954212614715852836e-02
1.312366632933352539e+00 5.037675178620074079e-02
1.314266685970754134e+00 3.997905979943262855e-02
1.316172248803827882e+00 1.776597304040991240e-02
1.318083345433425535e+00 2.119791841184009984e-02
1.320000000000000062e+00 3.612160533769005061e-02
