1.199999999999999956e+00 2.843053830693675300e-05
1.201004184100418426e+00 4.204877879730145026e-05
1.202010050251256068e+00 6.604467898873770488e-05
1.203017602682313614e+00 8.974374551262241770e-05
1.204026845637583776e+00 9.343154864048596831e-05
1.205037783375314753e+00 8.083290809403462143e-05
1.206050420168067072e+00 7.382191417280671900e-05
1.207064760302775541e+00 7.709927422162259731e-05
1.208080808080807866e+00 8.759428389322372339e-05
1.209098567818028602e+00 1.151641223722444827e-04
1.210118043844856661e+00 1.546672020302432174e-04
1.211139240506329040e+00 1.756995635831053138e-04
1.212162162162162105e+00 1.659574856601838322e-04
1.213186813186812874e+00 1.406636983048049764e-04
1.214213197969542968e+00 1.097752407215101743e-04
1.215241320914479228e+00 8.195543423259456738e-05
1.216271186440677887e+00 7.694197932750507099e-05
1.217302798982188294e+00 9.908196891859299114e-05
1.218336162988115312e+00 1.355964622496185542e-04
1.219371282922685040e+00 1.848552890957333189e-04
1.220408163265306323e+00 2.387916876537716777e-04
1.221446808510638249e+00 2.650035925421048840e-04
1.222487223168654324e+00 2.522684550566004652e-04
1.223529411764705976e+00 2.265183356274971642e-04
1.224573378839590276e+00 2.017380252439270375e-04
1.225619128949615666e+00 1.778267382520001014e-04
1.226666666666666572e+00 1.744756449594887825e-04
1.227715996578272017e+00 2.033221084377823291e-04
1.228767123287671348e+00 2.452753845378496814e-04
1.229820051413881732e+00 2.924373732373818568e-04
1.230874785591766774e+00 3.481013561372286146e-04
1.231931330472102903e+00 3.853886685929838914e-04
1.232989690721649323e+00 3.819439736331988974e-04
1.234049871023215728e+00 3.613726178892893710e-04
1.235111876075731363e+00 3.430476539454993382e-04
1.236175710594314969e+00 3.205413269606586677e-04
1.237241379310344724e+00 3.129537979844613702e-04
1.238308886971527301e+00 3.480792897959899385e-04
1.239378238341968697e+00 4.107227754992797309e-04
1.240449438202247290e+00 4.836244122261135854e-04
1.241522491349480894e+00 5.735854406575367640e-04
1.242597402597402700e+00 6.503225341721854871e-04
1.243674176776429663e+00 6.619296392969283406e-04
1.244752818733737998e+00 6.200586662868773878e-04
1.245833333333333126e+00 5.683902312384652225e-04
1.246915725456124946e+00 5.142637384187476353e-04
1.247999999999999776e+00 4.730151237153761836e-04
1.249086161879895629e+00 4.856551676633039604e-04
1.250174216027874596e+00 5.470699033310095659e-04
1.251264167393199900e+00 6.208655025459132622e-04
1.252356020942408499e+00 7.040826668060101191e-04
1.253449781659388362e+00 7.798905347759673128e-04
1.254545454545454630e+00 7.907508292890017302e-04
1.255643044619422666e+00 7.311841459202373305e-04
1.256742556917688214e+00 6.559838270560072954e-04
1.257843996494303118e+00 5.869106281640114244e-04
1.258947368421052371e+00 5.302811267515892190e-04
1.260052677787532938e+00 5.293190042569153415e-04
1.261159929701230142e+00 5.971848892726928709e-04
1.262269129287598934e+00 6.940385392385444536e-04
1.263380281690140716e+00 8.061276363042917158e-04
1.264493392070484390e+00 9.240823590733788931e-04
1.265608465608465849e+00 9.833678906824377085e-04
1.266725507502206582e+00 9.520376070227646063e-04
1.267844522968197829e+00 8.852725246083409166e-04
1.268965517241379404e+00 8.206831304469486017e-04
1.270088495575221410e+00 7.557359364924239736e-04
1.271213463241806840e+00 7.293483606107849368e-04
1.272340425531915065e+00 7.755832736103087169e-04
1.273469387755101989e+00 8.572049575899502337e-04
1.274600355239786875e+00 9.487618275732616607e-04
1.275733333333333386e+00 1.059773542888468954e-03
1.276868327402135517e+00 1.140996488701786962e-03
1.278005342831700863e+00 1.130772173714618151e-03
1.279144385026738107e+00 1.062469925205603233e-03
1.280285459411239835e+00 9.893366179516787078e-04
1.281428571428571361e+00 9.119518822081251665e-04
1.282573726541554882e+00 8.602566723890362659e-04
1.283720930232558066e+00 8.872162118220269572e-04
1.284870188003580882e+00 9.704854493506429470e-04
1.286021505376343965e+00 1.069693990300425897e-03
1.287174887892376773e+00 1.197431471943214646e-03
1.288330341113105959e+00 1.324527330563806619e-03
1.289487870619945964e+00 1.371628554690507672e-03
1.290647482014388503e+00 1.341448985337537984e-03
1.291809180918091826e+00 1.289727630629911850e-03
1.292972972972973089e+00 1.215382691981592780e-03
1.294138863841298503e+00 1.128808595600334485e-03
1.295306859205775929e+00 1.096548596156790090e-03
1.296476964769647466e+00 1.124763110545121646e-03
1.297649186256781162e+00 1.163337386919538474e-03
1.298823529411764710e+00 1.216557175186342918e-03
1.300000000000000044e+00 1.280770469012957897e-03
1.301178603807797041e+00 1.276545650986469398e-03
1.302359346642468330e+00 1.176185151361345280e-03
1.303542234332424998e+00 1.043923253557374952e-03
1.304727272727272736e+00 9.069479274812420515e-04
1.305914467697907311e+00 7.626908593729339299e-04
1.307103825136612052e+00 6.615384312814587145e-04
1.308295350957155767e+00 6.300329275144661524e-04
1.309489051094890444e+00 6.280078229784683387e-04
1.310684931506849393e+00 6.491798881143415623e-04
1.311882998171846282e+00 7.068742625649767275e-04
1.313083257090576383e+00 7.479733236532527200e-04
1.314285714285714279e+00 7.316426733719021960e-04
1.315490375802016221e+00 6.923558922748289683e-04
1.316697247706422047e+00 6.448109691307668491e-04
1.317906336088154440e+00 5.792103429074228673e-04
1.319117647058823728e+00 5.410918453325089077e-04
1.320331186752529806e+00 5.640048506427386508e-04
1.321546961325966718e+00 6.141374674613485525e-04
1.322764976958525240e+00 6.866010334095471639e-04
1.323985239852398577e+00 7.994153922235348354e-04
1.325207756232686940e+00 8.976524050312578587e-04
1.326432532347504800e+00 9.317716985725733436e-04
1.327659574468085246e+00 9.369377523884250998e-04
1.328888888888888786e+00 9.281884785852512199e-04
1.330120481927711040e+00 8.875041047049165091e-04
1.331354359925788655e+00 8.667362861634456996e-04
1.332590529247910993e+00 9.148296833662676857e-04
1.333828996282527823e+00 9.947609068548155485e-04
1.335069767441860344e+00 1.100325957553791771e-03
1.336312849162011096e+00 1.265846332601637146e-03
1.337558247903075426e+00 1.432969198320072253e-03
1.338805970149253621e+00 1.530577611369500360e-03
1.340056022408963488e+00 1.593918157501708881e-03
1.341308411214953145e+00 1.639956146680019182e-03
1.342563143124415159e+00 1.639181653497644208e-03
1.343820224719101120e+00 1.664890952424488268e-03
1.345079662605435766e+00 1.805858801009115402e-03
1.346341463414634232e+00 2.026586612958008495e-03
1.347605633802816838e+00 2.325079654473502164e-03
1.348872180451127889e+00 2.770450036360978287e-03
1.350141110065851358e+00 3.294679570359611547e-03
1.351412429378531233e+00 3.788571832888748114e-03
1.352686145146088537e+00 4.308100825596656615e-03
1.353962264150943451e+00 4.887976047919550746e-03
1.355240793201133220e+00 5.473959411892856224e-03
1.356521739130434945e+00 6.208169346829161238e-03
1.357805108798486371e+00 7.323696748940587697e-03
1.359090909090909349e+00 8.833815021485020430e-03
1.360379146919431514e+00 1.077512023745275278e-02
1.361669829222011519e+00 1.333723440382042838e-02
1.362962962962962932e+00 1.639374088863328888e-02
1.364258555133079698e+00 1.955558282244943338e-02
1.365556612749762033e+00 2.277217666281977637e-02
1.366857142857142771e+00 2.618627115783371540e-02
1.368160152526215256e+00 2.981800329675327391e-02
1.369465648854961692e+00 3.408074496187625535e-02
1.370773638968481256e+00 3.979662849821513637e-02
1.372084130019120440e+00 4.729299128330144431e-02
1.373397129186602728e+00 5.647542224904130576e-02
1.374712643678160928e+00 6.746727791939267915e-02
1.376030680728667299e+00 7.989981790693012620e-02
1.377351247600767881e+00 9.249533208285440344e-02
1.378674351585014390e+00 1.045966541245381132e-01
1.379999999999999893e+00 1.168862394226799911e-01
1.381328200192492694e+00 1.301859856136803051e-01
1.382658959537572230e+00 1.453827484677643889e-01
1.383992285438765624e+00 1.641175805127385867e-01
1.385328185328185358e+00 1.872613911034227974e-01
1.386666666666666492e+00 2.134887111629218681e-01
1.388007736943907222e+00 2.408687045017110229e-01
1.389351403678606101e+00 2.681344842032115094e-01
1.390697674418604590e+00 2.939311718223991399e-01
1.392046556741028063e+00 3.177222206808953398e-01
1.393398058252427019e+00 3.412975987091813046e-01
1.394752186588921194e+00 3.663174989652617786e-01
1.396108949416342337e+00 3.912837050672304806e-01
1.397468354430379422e+00 4.130533494724561994e-01
1.398830409356724980e+00 4.288160596215985776e-01
1.400195121951219424e+00 4.353338599671495723e-01
1.401562500000000266e+00 4.303658810199854634e-01
1.402932551319648224e+00 4.160307343993788209e-01
1.404305283757338652e+00 3.970656280211581346e-01
1.405680705190989421e+00 3.759986345810731878e-01
1.407058823529411695e+00 3.529617771851745744e-01
1.408439646712463134e+00 3.279097776983413426e-01
1.409823182711198442e+00 3.001061157604279495e-01
1.411209439528023690e+00 2.684210634477054436e-01
1.412598425196850194e+00 2.340800374826373653e-01
1.413990147783251272e+00 2.001309991024451673e-01
1.415384615384615463e+00 1.680844841533773448e-01
1.416781836130305949e+00 1.381875182521452583e-01
1.418181818181817988e+00 1.116640212184175224e-01
1.419584569732937673e+00 8.968950740184152004e-02
1.420990099009900920e+00 7.195585866471482239e-02
1.422398414271556222e+00 5.801880484192013104e-02
1.423809523809523858e+00 4.784602499481008936e-02
1.425223435948361317e+00 4.057934981556957088e-02
1.426640159045725609e+00 3.503698096653685284e-02
1.428059701492537359e+00 3.095309500359194263e-02
1.429482071713147118e+00 2.815338961454057209e-02
1.430907278165503227e+00 2.593215290985392135e-02
1.432335329341317465e+00 2.407945548305555697e-02
1.433766233766233800e+00 2.281982660908325744e-02
1.435200000000000031e+00 2.181408172041364793e-02
1.436636636636636766e+00 2.071699746041915854e-02
1.438076152304609279e+00 1.981061828587721285e-02
1.439518555667000932e+00 1.912207793626777633e-02
1.440963855421686812e+00 1.828134174568053077e-02
1.442412060301507593e+00 1.743346435154764437e-02
1.443863179074446501e+00 1.685979765575880071e-02
1.445317220543806513e+00 1.626787418100236401e-02
1.446774193548387100e+00 1.552864909265655458e-02
1.448234106962664081e+00 1.497823213517881537e-02
1.449696969696969706e+00 1.454497427396730068e-02
1.451162790697674509e+00 1.393132828584158281e-02
1.452631578947368496e+00 1.338024859463494975e-02
1.454103343465045661e+00 1.308235576401839233e-02
1.455578093306288068e+00 1.272370193887051130e-02
1.457055837563451695e+00 1.229762382615586999e-02
1.458536585365853622e+00 1.210805659786312431e-02
1.460020345879959214e+00 1.196033902483579874e-02
1.461507128309572190e+00 1.159637590227266361e-02
1.462996941896024472e+00 1.128446227294132263e-02
1.464489795918367365e+00 1.109267373822651198e-02
1.465985699693565181e+00 1.069818242124040940e-02
1.467484662576687082e+00 1.021258478075673902e-02
1.468986693961105372e+00 9.929744760597821601e-03
1.470491803278688669e+00 9.622834646166584030e-03
1.471999999999999975e+00 9.147823089347601605e-03
1.473511293634497177e+00 8.818101376494479754e-03
1.475025693730729781e+00 8.613338445432661139e-03
1.476543209876542972e+00 8.230544924036551496e-03
1.478063851699279008e+00 7.847900318267025249e-03
1.479587628865979276e+00 7.676703652788452632e-03
1.481114551083591468e+00 7.438566244947211574e-03
1.482644628099173634e+00 7.078636550375351326e-03
1.484177869700103569e+00 6.901966737353095946e-03
1.485714285714285765e+00 6.790301940655859951e-03
1.487253886010362569e+00 6.479863734793880892e-03
1.488796680497925129e+00 6.199149281127502506e-03
1.490342679127725889e+00 6.067785382968327208e-03
1.491891891891891975e+00 5.786859303620477818e-03
1.493444328824141243e+00 5.399731316075259344e-03
1.494999999999999885e+00 5.197894848612609649e-03
1.496558915537017587e+00 5.010984691332033732e-03
1.498121085594989355e+00 4.662595774465740084e-03
1.499686520376175558e+00 4.425241365721131227e-03
1.501255230125523088e+00 4.330959066733052788e-03
1.502827225130890065e+00 4.089407540835666814e-03
1.504402515723270550e+00 3.814912969431586386e-03
1.505981112277019918e+00 3.726094139638969766e-03
1.507563025210083785e+00 3.590369076611173074e-03
1.509148264984226939e+00 3.315033158916408894e-03
1.510736842105263156e+00 3.178890907362993956e-03
1.512328767123287454e+00 3.123198476152565066e-03
1.513924050632911245e+00 2.899210191939472284e-03
1.515522703273495253e+00 2.689674781037501572e-03
1.517124735729386886e+00 2.634980776280842433e-03
1.518730158730158708e+00 2.476899217787985417e-03
1.520338983050847581e+00 2.216778029804575452e-03
1.521951219512195141e+00 2.113691191370845827e-03
1.523566878980891826e+00 2.037811872852567183e-03
1.525185972369819121e+00 1.816806075759228988e-03
1.526808510638297811e+00 1.678263770832110965e-03
1.528434504792332005e+00 1.668276787719629979e-03
1.530063965884861377e+00 1.537124439868169838e-03
1.531696905016008525e+00 1.374376100396872960e-03
1.533333333333333437e+00 1.370590564209349035e-03
1.534973262032085506e+00 1.326333894816877565e-03
1.536616702355460662e+00 1.163808668515646169e-03
1.538263665594855389e+00 1.124058589087099675e-03
1.539914163090128740e+00 1.146813294831317779e-03
1.541568206229860349e+00 1.026395122296879913e-03
1.543225806451612891e+00 9.405120432221863655e-04
1.544886975242195870e+00 9.906946369253096657e-04
1.546551724137930961e+00 9.374788220285851193e-04
1.548220064724918910e+00 8.171758455249053619e-04
1.549892008639308649e+00 8.510871523194806420e-04
1.551567567567567529e+00 8.732317184095781662e-04
1.553246753246753320e+00 7.579130447913107757e-04
1.554929577464788881e+00 7.522545422192535979e-04
1.556616052060737498e+00 8.392909371657711164e-04
1.558306188925081548e+00 7.712813600859345572e-04
1.560000000000000053e+00 7.121643855462338754e-04
1.561697497279651792e+00 8.219133966857434604e-04
1.563398692810457513e+00 8.278186562714043208e-04
1.565103598691384823e+00 7.173921539469919461e-04
1.566812227074235730e+00 7.868799139688035117e-04
1.568524590163934196e+00 8.754658186810290775e-04
1.570240700218818342e+00 7.577304946785690196e-04
1.571960569550931108e+00 7.360020494475348575e-04
1.573684210526316019e+00 8.795690065495770371e-04
1.575411635565312940e+00 8.220286998995584866e-04
1.577142857142857180e+00 6.942059413103594508e-04
1.578877887788778800e+00 8.177908967060083714e-04
1.580616740088105709e+00 8.718397672181860212e-04
1.582359426681367198e+00 6.866527097739134151e-04
1.584105960264900581e+00 7.048246463331728001e-04
1.585856353591160062e+00 8.691032184475588462e-04
1.587610619469026707e+00 7.286674015351031356e-04
1.589368770764119310e+00 5.863484457936912319e-04
1.591130820399113022e+00 7.692087142597343235e-04
1.592896781354051106e+00 7.712159520573029026e-04
1.594666666666666677e+00 4.928240755037793320e-04
1.596440489432703114e+00 5.298037264534698849e-04
1.598218262806236245e+00 6.918602843207663456e-04
1.599999999999999867e+00 4.349587796104552860e-04
