1.400000000000000133e+00 4.186942240179993544e-04
1.401041279285979879e+00 4.629191139673093894e-04
1.402084108671380891e+00 5.394052273273605659e-04
1.403128491620111662e+00 6.479861504482851498e-04
1.404174431606410645e+00 7.658127700859481812e-04
1.405221932114882444e+00 8.554828744632037452e-04
1.406270996640537563e+00 8.921598401015057300e-04
1.407321628688830595e+00 8.792332230002200587e-04
1.408373831775701079e+00 8.373256783890350346e-04
1.409427609427609474e+00 7.837590968597915380e-04
1.410482965181579784e+00 7.274119065641663660e-04
1.411539902585237982e+00 6.798079727127066514e-04
1.412598425196850194e+00 6.613738895526255013e-04
1.413658536585365999e+00 6.906345165611134113e-04
1.414720240330454182e+00 7.693222343727284911e-04
1.415783540022548026e+00 8.822955138572150880e-04
1.416848439262880621e+00 1.010416211318223428e-03
1.417914941663530382e+00 1.137418581265811158e-03
1.418983050847457461e+00 1.243155151900228201e-03
1.420052770448548607e+00 1.299189674915423318e-03
1.421124104111655795e+00 1.283223251315459548e-03
1.422197055492638862e+00 1.202189127159383709e-03
1.423271628258405919e+00 1.095750058950854334e-03
1.424347826086956426e+00 1.010369537717805289e-03
1.425425652667423382e+00 9.689739531098401099e-04
1.426505111700113737e+00 9.677117263901173320e-04
1.427586206896551912e+00 9.990095453481925240e-04
1.428668941979522211e+00 1.068926052926311978e-03
1.429753320683111895e+00 1.186363994991213510e-03
1.430839346752753594e+00 1.339491120554708739e-03
1.431927023945268163e+00 1.491792956695700773e-03
1.433016356028908200e+00 1.604972086380212527e-03
1.434107346783403125e+00 1.662140956722891550e-03
1.435200000000000031e+00 1.666438394360884780e-03
1.436294319481509651e+00 1.623504138094674374e-03
1.437390309042350323e+00 1.535618930589245732e-03
1.438487972508591062e+00 1.415301018646380115e-03
1.439587313717997308e+00 1.295537507874404241e-03
1.440688336520076440e+00 1.215971926162814345e-03
1.441791044776119302e+00 1.197330496260041229e-03
1.442895442359249270e+00 1.234647478343825879e-03
1.444001533154465111e+00 1.316483736463686929e-03
1.445109321058688057e+00 1.442386964067213792e-03
1.446218809980805986e+00 1.612433399478001598e-03
1.447330003841721169e+00 1.801303332430882276e-03
1.448442906574394451e+00 1.954464876929597455e-03
1.449557522123893438e+00 2.020241398396938580e-03
1.450673854447439348e+00 1.987020640035130729e-03
1.451791907514450974e+00 1.886471501111478075e-03
1.452911685306594647e+00 1.762794536558325150e-03
1.454033191817830861e+00 1.645320547473207856e-03
1.455156431054461130e+00 1.551167722902784289e-03
1.456281407035175723e+00 1.502912219333011300e-03
1.457408123791102739e+00 1.529078079995313880e-03
1.458536585365853622e+00 1.643070881269505885e-03
1.459666795815575346e+00 1.828453902816472255e-03
1.460798759208995712e+00 2.050466853275569913e-03
1.461932479627473969e+00 2.277633088179717696e-03
1.463067961165048336e+00 2.484724250095179162e-03
1.464205207928488184e+00 2.637906930058374691e-03
1.465344224037339327e+00 2.693040225406110287e-03
1.466485013623978206e+00 2.623732101526787992e-03
1.467627580833658074e+00 2.452535945855092644e-03
1.468771929824561395e+00 2.245340523046003393e-03
1.469918064767850474e+00 2.068383278104452688e-03
1.471065989847715638e+00 1.951907227732246376e-03
1.472215709261430305e+00 1.896344714736754918e-03
1.473367227219397835e+00 1.904676369206177678e-03
1.474520547945205484e+00 1.994462186265218758e-03
1.475675675675675702e+00 2.173062632606073338e-03
1.476832614660916976e+00 2.409822416668002450e-03
1.477991369164378233e+00 2.643977576385490597e-03
1.479151943462897689e+00 2.821638597898219660e-03
1.480314341846758364e+00 2.920181047223981662e-03
1.481478568619740477e+00 2.938724014054400636e-03
1.482644628099173634e+00 2.878996253803621334e-03
1.483812524615990558e+00 2.748978878601360948e-03
1.484982262514781270e+00 2.582754934675265176e-03
1.486153846153846381e+00 2.440294150092106682e-03
1.487327279905250377e+00 2.374708298935795936e-03
1.488502568154879580e+00 2.400635573932368566e-03
1.489679715302490992e+00 2.501182922294804996e-03
1.490858725761772918e+00 2.662696728893237420e-03
1.492039603960396033e+00 2.889451588744312762e-03
1.493222354340071334e+00 3.176235630088365940e-03
1.494406981356604547e+00 3.474748561623504373e-03
1.495593489479952298e+00 3.703399430218102910e-03
1.496781883194278739e+00 3.798764201049562896e-03
1.497972166998011945e+00 3.755166136429330826e-03
1.499164345403899645e+00 3.612990055277084944e-03
1.500358422939068070e+00 3.417568096863222039e-03
1.501554404145077903e+00 3.199737319060318337e-03
1.502752293577981568e+00 2.991655733042501014e-03
1.503952095808383405e+00 2.841108632876914678e-03
1.505153815421494068e+00 2.792661689937543396e-03
1.506357457017192925e+00 2.855007331808562514e-03
1.507563025210083785e+00 2.997834652067030148e-03
1.508770524629555521e+00 3.183660196205912677e-03
1.509979959919839576e+00 3.392458218880810283e-03
1.511191335740071917e+00 3.607326616755847891e-03
1.512404656764351873e+00 3.786018623519397074e-03
1.513619927681799870e+00 3.867834430467251804e-03
1.514837153196622488e+00 3.820299070891345836e-03
1.516056338028169082e+00 3.672994834584892253e-03
1.517277486910994844e+00 3.495165749063494989e-03
1.518500604594921422e+00 3.341228128352148694e-03
1.519725695845098867e+00 3.226787457259503323e-03
1.520952765442066923e+00 3.156049675320174094e-03
1.522181818181818080e+00 3.154449998182192860e-03
1.523412858875859310e+00 3.256676666443346271e-03
1.524645892351274679e+00 3.463769425082240030e-03
1.525880923450789961e+00 3.727097260973877453e-03
1.527117957032833262e+00 3.982135771399559175e-03
1.528356997971602516e+00 4.189495185868562406e-03
1.529598051157125438e+00 4.334722299026243925e-03
1.530841121495327251e+00 4.399423888360022225e-03
1.532086213908092853e+00 4.357734855382031959e-03
1.533333333333333437e+00 4.213690187608853770e-03
1.534582484725050655e+00 4.029134476298695984e-03
1.535833673053403903e+00 3.893928589202421287e-03
1.537086903304773600e+00 3.864378409103384326e-03
1.538342180481829358e+00 3.942405954876222751e-03
1.539599509603596372e+00 4.118231733084442084e-03
1.540858895705521592e+00 4.415063223624992976e-03
1.542120343839541885e+00 4.870201807742810356e-03
1.543383859074149989e+00 5.473638751345459227e-03
1.544649446494465117e+00 6.147828786525356276e-03
1.545917111202298022e+00 6.803187766155321947e-03
1.547186858316221603e+00 7.405487658378288179e-03
1.548458692971639961e+00 7.976990098135223681e-03
1.549732620320855681e+00 8.544694358075794957e-03
1.551008645533141106e+00 9.121292952554550457e-03
1.552286773794808505e+00 9.754237996759602611e-03
1.553567010309278684e+00 1.057215978456946780e-02
1.554849360297152039e+00 1.174732082352420923e-02
1.556133828996282276e+00 1.340229238132862981e-02
1.557420421661843690e+00 1.556957531008862534e-02
1.558709143566404665e+00 1.824255063303022867e-02
1.560000000000000053e+00 2.142224818923129173e-02
1.561292996270203126e+00 2.506142497764666036e-02
1.562588137702198399e+00 2.896471058420228492e-02
1.563885429638854241e+00 3.281502988282065242e-02
1.565184877440797706e+00 3.638163672427792428e-02
1.566486486486486474e+00 3.973481830303733642e-02
1.567790262172284566e+00 4.324267565233774757e-02
1.569096209912536288e+00 4.735464357770045180e-02
1.570404335139641505e+00 5.241992912600518251e-02
1.571714643304130243e+00 5.872851540089189804e-02
1.573027139874738856e+00 6.664818939644172324e-02
1.574341830338487291e+00 7.655980475463060320e-02
1.575658720200752816e+00 8.851928279396351074e-02
1.576977814985349502e+00 1.019572340841541913e-01
1.578299120234603947e+00 1.157894345390301089e-01
1.579622641509433656e+00 1.289337518009646688e-01
1.580948384389424977e+00 1.408276374434896394e-01
1.582276354472910596e+00 1.515775102391486440e-01
1.583606557377049251e+00 1.617832318244117884e-01
1.584938998737904781e+00 1.723518424075386746e-01
1.586273684210526280e+00 1.844265485963455242e-01
1.587610619469026707e+00 1.991998145653393892e-01
1.588949810206663926e+00 2.173850378072249012e-01
1.590291262135922201e+00 2.385629445693057404e-01
1.591634980988593240e+00 2.609720955937870901e-01
1.592980972515856131e+00 2.820854299692369671e-01
1.594329242488362386e+00 2.996743123035719991e-01
1.595679796696314989e+00 3.126676342639287398e-01
1.597032640949554549e+00 3.213467397219836874e-01
1.598387781077641234e+00 3.269572312510887202e-01
1.599745222929936039e+00 3.310823950642692304e-01
1.601104972375690716e+00 3.349806368418110636e-01
1.602467035304125931e+00 3.389448465970050783e-01
1.603831417624521194e+00 3.418997722588963950e-01
1.605198125266297238e+00 3.416454171656636563e-01
1.606567164179104612e+00 3.358918466185357721e-01
1.607938540332906507e+00 3.235522658507621330e-01
1.609312259718069127e+00 3.053560859141982720e-01
1.610688328345446507e+00 2.832843527263970707e-01
1.612066752246469781e+00 2.593109862644225605e-01
1.613447537473233551e+00 2.344999236807106535e-01
1.614830690098585375e+00 2.090876635864986344e-01
1.616216216216216361e+00 1.832277731075863392e-01
1.617604121940746875e+00 1.575646380098083277e-01
1.618994413407821131e+00 1.331659412272309106e-01
1.620387096774193347e+00 1.110589001299435857e-01
1.621782178217821446e+00 9.189598170178792103e-02
1.623179663937957651e+00 7.595144020228690451e-02
1.624579560155239077e+00 6.323858520985130294e-02
1.625981873111782550e+00 5.352521778084000370e-02
1.627386609071274304e+00 4.630647509657748878e-02
1.628793774319066134e+00 4.091930594260873022e-02
1.630203375162267321e+00 3.678773289306434824e-02
1.631615417929839884e+00 3.357563835477965497e-02
1.633029908972691846e+00 3.110822924634236084e-02
1.634446854663774262e+00 2.919746503682065647e-02
1.635866261398176480e+00 2.760302822804167749e-02
1.637288135593220284e+00 2.615639049450369305e-02
1.638712483688560262e+00 2.485177555501028382e-02
1.640139312146277506e+00 2.376091198929087753e-02
1.641568627450980422e+00 2.287502179152921256e-02
1.643000436109899542e+00 2.207820832813444864e-02
1.644434744652990110e+00 2.127830324127257325e-02
1.645871559633027559e+00 2.051047626099540208e-02
1.647310887625710318e+00 1.987074140368699782e-02
1.648752735229759292e+00 1.937031359144241946e-02
1.650197109067016887e+00 1.890890694422391397e-02
1.651644015782551378e+00 1.840234940076937789e-02
1.653093462044756379e+00 1.789036748957649817e-02
1.654545454545454541e+00 1.747808614295285820e-02
1.655999999999999917e+00 1.719064760994040361e-02
1.657457105147382315e+00 1.693765318521440674e-02
1.658916776750330113e+00 1.663461498722362472e-02
1.660379021595416615e+00 1.631556794690770459e-02
1.661843846493162635e+00 1.608308693071883178e-02
1.663311258278145521e+00 1.596269847762402105e-02
1.664781263809103073e+00 1.585914050494740407e-02
1.666253869969040124e+00 1.567508046319863318e-02
1.667729083665338674e+00 1.543322123672949756e-02
1.669206911829862472e+00 1.523737023017906513e-02
1.670687361419068706e+00 1.512524310568743278e-02
1.672170439414114584e+00 1.501260379585239550e-02
1.673656152820968579e+00 1.480560706350676249e-02
1.675144508670520116e+00 1.453034935512521539e-02
1.676635514018691708e+00 1.430346154243246175e-02
1.678129175946547758e+00 1.418089926279560327e-02
1.679625501560410017e+00 1.408729908638890055e-02
1.681124497991967948e+00 1.392139244473320804e-02
1.682626172398391740e+00 1.369598813110252042e-02
1.684130531962449551e+00 1.352318685122118336e-02
1.685637583892617419e+00 1.346326679887025618e-02
1.687147335423197614e+00 1.344072733280153933e-02
1.688659793814432986e+00 1.334267199539469935e-02
1.690174966352624653e+00 1.316932952171506743e-02
1.691692860350247019e+00 1.303403434227076545e-02
1.693213483146067233e+00 1.301063399020110055e-02
1.694736842105263097e+00 1.303238471419941764e-02
1.696262944619540525e+00 1.297949271471692326e-02
1.697791798107255445e+00 1.283930151397528856e-02
1.699323410013531710e+00 1.272319733904187303e-02
1.700857787810383659e+00 1.271477935913930060e-02
1.702394938996836915e+00 1.275169485981539862e-02
1.703934871099050508e+00 1.270166934590815505e-02
1.705477591670438997e+00 1.253406485874597465e-02
1.707023108291798819e+00 1.235805589140526531e-02
1.708571428571428408e+00 1.227468625507505996e-02
1.710122560145256543e+00 1.223977857826446559e-02
1.711676510676964913e+00 1.212266010305426342e-02
1.713233287858117349e+00 1.188438794181768607e-02
1.714792899408284166e+00 1.163681676016693929e-02
1.716355353075170731e+00 1.150040476675027665e-02
1.717920656634747134e+00 1.144806495853353118e-02
1.719488817891373644e+00 1.134392078113683096e-02
1.721059844677934825e+00 1.112707826512027327e-02
1.722633744855966986e+00 1.089533917650298972e-02
1.724210526315789416e+00 1.077519564658809513e-02
1.725790196976637825e+00 1.075022669201459828e-02
1.727372764786794690e+00 1.067835128334370005e-02
1.728958237723726477e+00 1.047795040764261214e-02
1.730546623794211980e+00 1.023582500964000629e-02
1.732137931034482881e+00 1.009134008399178301e-02
1.733732167510354305e+00 1.004914943112325543e-02
1.735329341317365381e+00 9.970419031632588372e-03
1.736929460580912910e+00 9.756301413181052082e-03
1.738532533456391249e+00 9.480051564310766274e-03
1.740138568129329988e+00 9.290128942068631365e-03
1.741747572815533829e+00 9.211239034629194883e-03
1.743359555761221591e+00 9.108382703472259548e-03
1.744974525243168095e+00 8.863991805211701019e-03
1.746592489568845830e+00 8.534056046612833318e-03
1.748213457076566169e+00 8.275007705741443606e-03
1.749837436135624813e+00 8.137263830146106852e-03
1.751464435146443455e+00 7.999813381957666600e-03
1.753094462540716325e+00 7.733776394357827141e-03
1.754727526781555857e+00 7.377818461801410876e-03
1.756363636363636127e+00 7.091126363462933041e-03
1.758002799813345840e+00 6.945053923761085497e-03
1.759645025688930220e+00 6.830069012371180713e-03
1.761290322580645329e+00 6.602251990573524201e-03
1.762938699110903062e+00 6.274879376725617415e-03
1.764590163934426137e+00 6.000063000774508853e-03
1.766244725738396637e+00 5.864727609878116893e-03
1.767902393242608783e+00 5.772856981344835076e-03
1.769563175199624139e+00 5.571447788897908142e-03
1.771227080394922160e+00 5.252877534000611505e-03
1.772894117647058732e+00 4.964253284527173592e-03
1.774564295807818937e+00 4.811357826874107860e-03
1.776237623762376261e+00 4.718469349560542279e-03
1.777914110429447803e+00 4.530535832641353032e-03
1.779593764761455033e+00 4.220818786492104395e-03
1.781276595744680780e+00 3.926865250130188133e-03
1.782962612399432212e+00 3.767444364733991274e-03
1.784651823780198932e+00 3.685443790830618491e-03
1.786344238975817733e+00 3.526104034265148401e-03
1.788039867109634473e+00 3.244891060458435315e-03
1.789738717339667273e+00 2.966767347613277501e-03
1.791440798858773054e+00 2.818789895615582929e-03
1.793146120894811846e+00 2.761513844984741194e-03
1.794854692710814659e+00 2.644749176874889359e-03
1.796566523605150012e+00 2.411085331359701708e-03
1.798281622911694688e+00 2.172883389823847700e-03
1.799999999999999822e+00 2.060152123244449792e-03
