9.707701956785749764e-02
4.033902376921108708e-03
8.362088905739398573e-03
8.886489928784185865e-02
6.459488395840899677e-02
2.723950928196119513e-03
3.821174980998973819e-02
2.520988541337885677e-02
7.347768607399986218e-02
1.949746406556169057e-02
1.025455361426721168e-01
8.812842244297720840e-02
1.000655892855412954e-01
1.008909482721887518e-01
5.312655913306693622e-02
1.086047663345362790e-01
9.442855954286034914e-02
1.043416965215712006e-01
1.131969344419262447e-01
1.135177755471118294e-01
1.137394224398996928e-01
1.112955303830184123e-01
1.058692825212389499e-01
1.110386018038980599e-01
1.191974154627960525e-01
1.154282601200202624e-01
1.154815977638036228e-01
1.165580635601826121e-01
1.083358683677766859e-01
1.157452697179839896e-01
1.121762600015888262e-01
1.164816116057996731e-01
1.139098386506926242e-01
1.149504775470445717e-01
1.169981455247346008e-01
1.167609425658513583e-01
1.154715067086825864e-01
1.161351868170231727e-01
1.147132250083293670e-01
1.166144434186599382e-01
1.152920661858941598e-01
1.169770349535121240e-01
1.164312510623538438e-01
1.150374583451548305e-01
1.191201616139568042e-01
1.160232637420157975e-01
1.158995097619967413e-01
1.169091427895804641e-01
1.158575172762842526e-01
1.163721054155261864e-01
1.171326346354516906e-01
1.188229923859970977e-01
1.159652730940022441e-01
1.196866849241055991e-01
1.171073688065385893e-01
1.157691704280914002e-01
1.201778111024638246e-01
1.182496133463907112e-01
1.161522203334993120e-01
1.177099177395631163e-01
1.171877115895553212e-01
1.188288538150476664e-01
1.193838574795373642e-01
1.163217408425396698e-01
1.175452693081859984e-01
1.199473402516455095e-01
1.167839149602541149e-01
1.189511124834301409e-01
1.188745822009246861e-01
1.193418412385202354e-01
1.187607531177625325e-01
1.171094517376913419e-01
1.180016061248827519e-01
1.181034386503310857e-01
1.190169835093055212e-01
1.184694355364823842e-01
1.181863403923060912e-01
1.187984754188759901e-01
1.191877320515355165e-01
1.194915013125617403e-01
1.188863019830638523e-01
1.191641978862211793e-01
1.194023924966504946e-01
1.182203308047229812e-01
1.185771010005640946e-01
1.192046292647689493e-01
1.190933294914611473e-01
1.185763516428422343e-01
1.186225615015928520e-01
1.183309725205977103e-01
1.196224341323462170e-01
1.188989380612014424e-01
1.192867794663302061e-01
1.189446401008232290e-01
1.194769352797222239e-01
1.192188177796925097e-01
1.191384571374067836e-01
1.198300322995078382e-01
1.197094723161891971e-01
1.189582730535630462e-01
1.194778851147550169e-01
1.196189014215971458e-01
1.194659389987685477e-01
1.195351378254585623e-01
1.193257671957851929e-01
1.195748453566310987e-01
1.194736746597382243e-01
1.196186350139201160e-01
1.195758843828521184e-01
1.196911604136082219e-01
1.196201645991980811e-01
1.196560147066906693e-01
1.198307195250243734e-01
1.198311319486592558e-01
1.196187894680733610e-01
1.196449079867152876e-01
1.195816429044596757e-01
1.198308469523647612e-01
1.198304254835627775e-01
1.195835734118435023e-01
1.196371840124388214e-01
1.196940862636528685e-01
1.196912515703401625e-01
1.196942614110205194e-01
1.196910802466047696e-01
1.196183007097872120e-01
1.198309308477107510e-01
1.198306635541771664e-01
1.196183817349818074e-01
1.197960747331896225e-01
1.197959931986451454e-01
1.198310025789962041e-01
1.198308181585154841e-01
1.196901417588126237e-01
1.197960901256605870e-01
1.197960267512520327e-01
1.198310514430477730e-01
1.198309106436281912e-01
1.196902162755744542e-01
1.197960945008370442e-01
1.197960586105395048e-01
1.198310862629806822e-01
1.198309735003012660e-01
1.198310076853821432e-01
