1.126000000000000112e+00 2.081951205421670901e-04
1.126987992296117014e+00 1.805750541041336742e-04
1.127977719913760390e+00 1.409876073246542415e-04
1.128969187428857879e+00 1.136008015278333459e-04
1.129962399433440456e+00 1.086808154942425244e-04
1.130957360535711942e+00 1.103756122486993971e-04
1.131954075360122047e+00 9.460861977617092248e-05
1.132952548547436100e+00 5.731723519202527254e-05
1.133952784754808318e+00 2.071225546365215587e-05
1.134954788655853974e+00 9.211280866502731052e-06
1.135958564940721782e+00 2.148224434891862360e-05
1.136964118316167838e+00 3.148091600740021771e-05
1.137971453505628228e+00 2.031128713811402542e-05
1.138980575249294080e+00 4.791950392464214360e-06
1.139991488304184397e+00 2.807050196925597405e-05
1.141004197444223101e+00 1.161932816181330597e-04
1.142018707460311200e+00 2.430244947277265550e-04
1.143035023160405395e+00 3.424106880508729733e-04
1.144053149369591793e+00 3.614066801203497299e-04
1.145073090930163184e+00 3.061505079227319647e-04
1.146094852701695865e+00 2.362168780267742826e-04
1.147118439561126468e+00 2.114653790160799505e-04
1.148143856402830121e+00 2.404592524796785177e-04
1.149171108138697273e+00 2.772337750708396423e-04
1.150200199698214076e+00 2.666180492630010009e-04
1.151231136028538549e+00 1.939053265736196492e-04
1.152263922094582727e+00 9.475168194418637018e-05
1.153298562879090827e+00 2.229189263486962261e-05
1.154335063382718740e+00 7.444989209637538836e-06
1.155373428624115739e+00 4.797152437006449205e-05
1.156413663640005973e+00 1.273719190792878112e-04
1.157455773485268402e+00 2.351046801888463590e-04
1.158499763233019175e+00 3.646968024444978591e-04
1.159545637974695120e+00 4.967005413532524661e-04
1.160593402820134123e+00 5.933745215328875425e-04
1.161643062897660617e+00 6.192679556646449182e-04
1.162694623354169066e+00 5.712590870447882205e-04
1.163748089355205462e+00 4.873502256919756887e-04
1.164803466085055916e+00 4.219428756289180806e-04
1.165860758746828818e+00 4.075519113766113062e-04
1.166919972562540542e+00 4.357439037536753497e-04
1.167981112773203378e+00 4.711107241939239661e-04
1.169044184638909245e+00 4.816818835166117850e-04
1.170109193438919171e+00 4.577391735708327583e-04
1.171176144471748781e+00 4.072844234117463098e-04
1.172245043055257785e+00 3.405590244452062114e-04
1.173315894526736125e+00 2.627882687922703615e-04
1.174388704242995241e+00 1.798522125252416393e-04
1.175463477580455329e+00 1.049778141433472292e-04
1.176540219935237941e+00 5.473940402517799746e-05
1.177618936723252130e+00 3.753319881638852469e-05
1.178699633380288825e+00 4.826098096536870450e-05
1.179782315362111200e+00 7.628869468160366250e-05
1.180866988144545493e+00 1.178487584588924802e-04
1.181953657223574483e+00 1.780703376422260078e-04
1.183042328115429642e+00 2.594290468513619683e-04
1.184133006356684392e+00 3.496456874423268493e-04
1.185225697504348696e+00 4.240639390154206183e-04
1.186320407135962984e+00 4.622674932153502726e-04
1.187417140849692743e+00 4.628336785109299009e-04
1.188515904264424883e+00 4.414687378026188949e-04
1.189616703019862110e+00 4.151574270555625536e-04
1.190719542776621509e+00 3.893489276865408398e-04
1.191824429216329584e+00 3.608813407814118949e-04
1.192931368041720619e+00 3.314226912537253204e-04
1.194040364976735713e+00 3.147508905147305123e-04
1.195151425766620035e+00 3.287117369334762416e-04
1.196264556178022742e+00 3.802842315573268543e-04
1.197379761999095793e+00 4.598989915339205957e-04
1.198497049039596751e+00 5.506428022892468147e-04
1.199616423130986265e+00 6.416785499265746737e-04
1.200737890126532648e+00 7.317891094748533868e-04
1.201861455901411802e+00 8.218211250024339996e-04
1.202987126352810021e+00 9.083712551456165967e-04
1.204114907400029022e+00 9.890708589627989888e-04
1.205244804984587415e+00 1.074521871086866424e-03
1.206376825070326175e+00 1.191644149332622173e-03
1.207510973643513230e+00 1.370848938817027622e-03
1.208647256712948925e+00 1.626914018161557032e-03
1.209785680310073053e+00 1.950675515532259482e-03
1.210926250489070988e+00 2.316789227383244266e-03
1.212068973326979604e+00 2.695704445655158332e-03
1.213213854923797186e+00 3.055981618003396870e-03
1.214360901402591786e+00 3.358886378736651145e-03
1.215510118909608916e+00 3.561307080577305346e-03
1.216661513614383239e+00 3.636211197071556860e-03
1.217815091709847364e+00 3.597214653446818410e-03
1.218970859412443097e+00 3.501602260947003515e-03
1.220128822962234905e+00 3.422102187044601812e-03
1.221288988623019378e+00 3.408385078699945753e-03
1.222451362682440701e+00 3.471646706683850434e-03
1.223615951452102335e+00 3.603484698035759951e-03
1.224782761267683151e+00 3.804755944542593388e-03
1.225951798489049782e+00 4.089438434678081651e-03
1.227123069500375196e+00 4.456334253444552834e-03
1.228296580710252384e+00 4.859461225063105121e-03
1.229472338551812483e+00 5.214572121833813655e-03
1.230650349482842243e+00 5.444803150097803773e-03
1.231830619985901931e+00 5.527788115386251394e-03
1.233013156568444346e+00 5.502836679984413060e-03
1.234197965762934945e+00 5.434824905026182894e-03
1.235385054126971083e+00 5.371762229464133002e-03
1.236574428243403911e+00 5.333913562144832442e-03
1.237766094720459620e+00 5.334958541510302632e-03
1.238960060191861778e+00 5.401926533137529386e-03
1.240156331316954574e+00 5.566662281058652045e-03
1.241354914780826935e+00 5.838008071870240227e-03
1.242555817294437093e+00 6.187716086108422699e-03
1.243759045594736268e+00 6.567238632054439584e-03
1.244964606444796784e+00 6.936665249126228172e-03
1.246172506633937749e+00 7.274255686154112999e-03
1.247382752977852505e+00 7.560848196496812966e-03
1.248595352318737195e+00 7.766826515128322055e-03
1.249810311525418882e+00 7.868530904008170720e-03
1.251027637493486333e+00 7.883881031483257543e-03
1.252247337145420136e+00 7.886393728681625678e-03
1.253469417430722599e+00 7.971996224865088645e-03
1.254693885326052527e+00 8.201941079985300420e-03
1.255920747835354900e+00 8.574087894048437047e-03
1.257150011989997207e+00 9.048452362908257496e-03
1.258381684848900894e+00 9.596838281560262848e-03
1.259615773498678593e+00 1.022175065299069270e-02
1.260852285053770450e+00 1.092532565247385755e-02
1.262091226656578691e+00 1.166655416937192880e-02
1.263332605477606396e+00 1.236031747836294215e-02
1.264576428715595835e+00 1.292650738778482536e-02
1.265822703597668353e+00 1.334175809538064479e-02
1.267071437379462040e+00 1.364293029700634069e-02
1.268322637345275172e+00 1.388457718539324801e-02
1.269576310808206099e+00 1.410171906570808348e-02
1.270832465110296461e+00 1.431795640642199823e-02
1.272091107622674411e+00 1.458062246643777350e-02
1.273352245745698719e+00 1.496848905818175604e-02
1.274615886909103546e+00 1.554844955245198584e-02
1.275882038572145216e+00 1.632182873157447811e-02
1.277150708223747877e+00 1.722240826852684120e-02
1.278421903382652269e+00 1.817707602448456403e-02
1.279695631597562944e+00 1.917112577536923129e-02
1.280971900447299028e+00 2.025337264478322546e-02
1.282250717540943441e+00 2.148299178707649415e-02
1.283532090517995217e+00 2.288596630874579346e-02
1.284816027048520271e+00 2.447675422963082117e-02
1.286102534833305722e+00 2.632113833431503486e-02
1.287391621604013325e+00 2.856086861740451954e-02
1.288683295123334016e+00 3.135813947553112851e-02
1.289977563185144005e+00 3.481012125816322633e-02
1.291274433614661987e+00 3.892366042879762122e-02
1.292573914268606350e+00 4.367453534254980146e-02
1.293876013035353711e+00 4.907341088775198784e-02
1.295180737835098794e+00 5.514247455582125396e-02
1.296488096620015629e+00 6.180625089530509403e-02
1.297798097374417203e+00 6.881467837664365095e-02
1.299110748114920444e+00 7.581331672044099024e-02
1.300426056890607862e+00 8.254051394236444628e-02
1.301744031783193201e+00 8.899738207785438948e-02
1.303064680907186412e+00 9.544617816896397433e-02
1.304388012410060194e+00 1.022425817179158508e-01
1.305714034472417628e+00 1.096470704302642263e-01
1.307042755308160942e+00 1.177511632523177421e-01
1.308374183164660698e+00 1.265173664667335052e-01
1.309708326322927663e+00 1.358227084277916219e-01
1.311045193097781558e+00 1.454304168407495601e-01
1.312384791838027587e+00 1.549408587701967543e-01
1.313727130926627851e+00 1.638343707198733901e-01
1.315072218780876323e+00 1.716349006469956306e-01
1.316420063852575595e+00 1.780858537374446771e-01
1.317770674628213401e+00 1.831980459004621808e-01
1.319124059629140922e+00 1.871469263521832183e-01
1.320480227411752194e+00 1.901334533311740960e-01
1.321839186567663527e+00 1.923249912976771336e-01
1.323200945723896238e+00 1.938602477831967708e-01
1.324565513543057849e+00 1.947996124212487412e-01
1.325932898723527265e+00 1.949693358102811691e-01
1.327303109999638409e+00 1.938269809048108472e-01
1.328676156141866516e+00 1.905558865974668337e-01
1.330052045957015094e+00 1.844450577129656543e-01
1.331430788288405109e+00 1.753397284577742077e-01
1.332812392016063274e+00 1.638223448002937011e-01
1.334196866056913677e+00 1.509545444135390879e-01
1.335584219364968961e+00 1.377471495579929983e-01
1.336974460931523057e+00 1.247312777900878439e-01
1.338367599785346362e+00 1.119027314246887617e-01
1.339763644992881142e+00 9.900959356179425686e-02
1.341162605658436702e+00 8.592071835870795926e-02
1.342564490924390119e+00 7.282319520477747998e-02
1.343969309971381643e+00 6.018427492162885944e-02
1.345377072018519193e+00 4.857973113357431927e-02
1.346787786323576430e+00 3.851657618543400524e-02
1.348201462183198140e+00 3.030966323714198718e-02
1.349618108933102745e+00 2.402077113485538012e-02
1.351037735948290130e+00 1.947085890791076454e-02
1.352460352643244823e+00 1.633468800816455235e-02
1.353885968472148260e+00 1.427869310451557183e-02
1.355314592929085071e+00 1.305335667785649002e-02
1.356746235548255131e+00 1.247850174132142387e-02
1.358180905904185831e+00 1.236062860913465788e-02
1.359618613611944804e+00 1.245283076311915101e-02
1.361059368327355079e+00 1.252164268123298445e-02
1.362503179747211357e+00 1.246129434759458803e-02
1.363950057609498057e+00 1.233056554120251329e-02
1.365400011693606253e+00 1.226063303771183360e-02
1.366853051820556830e+00 1.231894473462867394e-02
1.368309187853220088e+00 1.246208637540348330e-02
1.369768429696540002e+00 1.261306434687209550e-02
1.371230787297757381e+00 1.276296413591665284e-02
1.372696270646638572e+00 1.297609123222543542e-02
1.374164889775699727e+00 1.329450694844398588e-02
1.375636654760438393e+00 1.365778066018704349e-02
1.377111575719562442e+00 1.393837474313832682e-02
1.378589662815221883e+00 1.405993074408091840e-02
1.380070926253243568e+00 1.406875914903028130e-02
1.381555376283364778e+00 1.408037367706138632e-02
1.383043023199470367e+00 1.416332988203184567e-02
1.384533877339829910e+00 1.428969069119467167e-02
1.386027949087338174e+00 1.439919430450375265e-02
1.387525248869755812e+00 1.449101416019035922e-02
1.389025787159951619e+00 1.462945544015826702e-02
1.390529574476147223e+00 1.485848004178201218e-02
1.392036621382161998e+00 1.513332766557608233e-02
1.393546938487661091e+00 1.535865415692612597e-02
1.395060536448405220e+00 1.549260416621953476e-02
1.396577425966499586e+00 1.559117911399554579e-02
1.398097617790646341e+00 1.573305332784591393e-02
1.399621122716400601e+00 1.590826211301425014e-02
1.401147951586422913e+00 1.600492044529204516e-02
1.402678115290738603e+00 1.592042426904864694e-02
1.404211624766996236e+00 1.567806513043377634e-02
1.405748491000727851e+00 1.541689134430802334e-02
1.407288725025611198e+00 1.526177013641923444e-02
1.408832337923734634e+00 1.521449731297668494e-02
1.410379340825861805e+00 1.518118239846867439e-02
1.411929744911700313e+00 1.509524316749872794e-02
1.413483561410169731e+00 1.498957943762960036e-02
1.415040801599673825e+00 1.493758578160770192e-02
1.416601476808373228e+00 1.494112739727267505e-02
1.418165598414459661e+00 1.490671736474998184e-02
1.419733177846432826e+00 1.474400953499877681e-02
1.421304226583378183e+00 1.447067989040332243e-02
1.422878756155248059e+00 1.419489701857927499e-02
1.424456778143142976e+00 1.398975060586698724e-02
1.426038304179596539e+00 1.380544253059207312e-02
1.427623345948860090e+00 1.352662433406550194e-02
1.429211915187190263e+00 1.311417046048483220e-02
1.430804023683140525e+00 1.266831493810202311e-02
1.432399683277851388e+00 1.233606672181219131e-02
1.433998905865343287e+00 1.216366151268234719e-02
1.435601703392814343e+00 1.205859484506069390e-02
1.437208087860935457e+00 1.190038131964457277e-02
1.438818071324151404e+00 1.166965352466945230e-02
1.440431665890981705e+00 1.144844770809735381e-02
1.442048883724324604e+00 1.129882764846346435e-02
1.443669737041762158e+00 1.117026659339173666e-02
1.445294238115867769e+00 1.094977505018968761e-02
1.446922399274517490e+00 1.059626343134008504e-02
1.448554232901199557e+00 1.019707893027331502e-02
1.450189751435329688e+00 9.874382298097906727e-03
1.451828967372567725e+00 9.647503715714555311e-03
1.453471893265134263e+00 9.413152511631703301e-03
1.455118541722132175e+00 9.069785346676143001e-03
1.456768925409868798e+00 8.642940281180551063e-03
1.458423057052181004e+00 8.264579520000590526e-03
1.460080949430762276e+00 8.027944589635911676e-03
1.461742615385490884e+00 7.884085678382371856e-03
1.463408067814762958e+00 7.697914175042624638e-03
1.465077319675824219e+00 7.396892605625658527e-03
1.466750383985108819e+00 7.040380620423593305e-03
1.468427273818574630e+00 6.733941273304815643e-03
1.470108002312046080e+00 6.495498101628007816e-03
1.471792582661556104e+00 6.233868143157662856e-03
1.473481028123691416e+00 5.863508566592260003e-03
1.475173352015941353e+00 5.416068447841314824e-03
1.476869567717046916e+00 5.013353213431601292e-03
1.478569688667353610e+00 4.731836709491239745e-03
1.480273728369166264e+00 4.518454464725721320e-03
1.481981700387106970e+00 4.257102017332174346e-03
1.483693618348475241e+00 3.907122903627112225e-03
1.485409495943609492e+00 3.550712656980487946e-03
1.487129346926251872e+00 3.294911769513196847e-03
1.488853185113917732e+00 3.145554881416532268e-03
1.490581024388262232e+00 3.001596962126228986e-03
1.492312878695457590e+00 2.773807598421827378e-03
1.494048762046563450e+00 2.485448746676536917e-03
1.495788688517908360e+00 2.237572985817318141e-03
1.497532672251467467e+00 2.084983425803933234e-03
1.499280727455248874e+00 1.973506887523489468e-03
1.501032868403676668e+00 1.811478533468602889e-03
1.502789109437979942e+00 1.585061971108639922e-03
1.504549464966586036e+00 1.376141557711512819e-03
1.506313949465511781e+00 1.262465261487260388e-03
1.508082577478762509e+00 1.223420162892067259e-03
1.509855363618730850e+00 1.166424670171145031e-03
1.511632322566598186e+00 1.040288311029309619e-03
1.513413469072741879e+00 8.958002059096891291e-04
1.515198817957142063e+00 8.198918541760103059e-04
1.516988384109793087e+00 8.259636686574124047e-04
1.518782182491116739e+00 8.366546416221517200e-04
1.520580228132380585e+00 7.801681162676413770e-04
1.522382536136117182e+00 6.796525154728956953e-04
1.524189121676545966e+00 6.231861226689603501e-04
1.526000000000000023e+00 6.510321919312221737e-04
