1.499999999999999932e-07
1.575000000000000008e-07
1.274999999999999439e-07
1.499999999999999932e-07
1.282499999999999209e-07
1.570833333333332676e-07
1.338556134259258622e-07
1.511125578703703120e-07
1.375162860886058970e-07
1.644256410393805610e-07
1.354396929383089479e-07
1.526482307680303087e-07
1.494919459345264597e-07
1.399179230204712854e-07
1.333824884046775009e-07
1.464613463102782683e-07
1.476364137912169455e-07
1.415096396425364185e-07
1.328776493566034957e-07
1.274749616663419590e-07
1.413972124285055045e-07
1.434081249445489744e-07
1.352109226233256304e-07
1.365247738085116461e-07
1.240201440255636539e-07
1.168099553983736181e-07
1.253599817996469226e-07
1.329057519400781491e-07
1.402309378480237276e-07
1.284039191082401832e-07
1.370786434697932798e-07
1.301927175987990752e-07
1.170263078970544321e-07
1.361955790838456397e-07
1.219792181071659003e-07
1.223877839570388143e-07
1.129333107769477561e-07
1.286624217245415634e-07
1.280782429393522807e-07
1.267986410076508424e-07
1.201746129021190711e-07
1.219292880456945343e-07
1.261099585795810919e-07
1.258630984318477887e-07
1.244031799868882180e-07
1.226418921626711151e-07
1.253849474163111618e-07
1.227523742236877890e-07
1.259984440602268321e-07
1.255401561983796769e-07
1.232281884482725108e-07
1.237087384733609632e-07
1.250573863275901545e-07
1.239893290942443152e-07
1.214436380741080731e-07
1.250451430348760604e-07
1.241272433487280619e-07
1.233019563807229137e-07
1.254659293955570283e-07
1.224277281625007386e-07
1.230587387031313333e-07
1.242192062089751131e-07
1.236687258358009749e-07
1.251113418266421186e-07
1.230851348228371895e-07
1.241355402065666854e-07
1.254235038721344468e-07
1.235711778966975019e-07
1.242805236819951848e-07
1.242247313326810236e-07
1.235240044192425070e-07
1.250831097714382023e-07
1.247577996476226211e-07
1.238483215255085162e-07
1.245681560879463102e-07
1.246099166526485094e-07
1.247737653781621448e-07
1.243832352655956658e-07
1.242931893622386003e-07
1.245439073052990632e-07
1.246269461220540174e-07
1.245761621399902687e-07
1.244473363998758937e-07
1.246417902528448847e-07
1.244528773469065919e-07
1.244795239176495584e-07
1.245654105305468511e-07
1.244500826703818296e-07
1.246091598362253052e-07
1.245760129324275074e-07
1.245009838095175690e-07
1.245582427897399832e-07
1.244813546941793951e-07
1.245546846408493630e-07
1.244950544490546110e-07
1.244588625332004825e-07
1.244788238442365265e-07
1.245113380158541846e-07
1.245022042958823042e-07
1.245510922132335872e-07
1.244872088092468158e-07
1.245005171281629728e-07
1.244654698046049912e-07
1.245275647732759603e-07
1.244818095645377031e-07
1.245180319664818349e-07
1.244913414280511099e-07
1.245124712771533739e-07
1.244969017964020735e-07
1.245092275807194322e-07
1.245052488366412709e-07
1.245041240641635275e-07
1.245120935230965422e-07
1.245149961906886221e-07
1.245186202655281822e-07
1.245203698281277752e-07
1.245172195635600071e-07
1.245130610804961161e-07
1.245125574085460719e-07
1.245084979290284846e-07
1.245185786033889055e-07
1.245164784371157083e-07
1.245105980437390012e-07
1.245152533463894037e-07
1.245118231169196535e-07
1.245145387122646504e-07
1.245137061179094129e-07
1.245133703364070926e-07
1.245151676280926094e-07
1.245128808064242417e-07
1.245133572262783627e-07
1.245141361424724930e-07
1.245139122880476861e-07
1.245151104824113120e-07
1.245135859337338923e-07
1.245139035474520494e-07
1.245144228253460133e-07
1.245142735890228570e-07
1.245150723852237784e-07
1.245140560190394912e-07
1.245142677617324826e-07
1.245146139471868369e-07
1.245145144562869450e-07
1.245150469870690746e-07
