5.999999999999999728e-07 7.500000000000000000e-01 1.650000000000000127e-05
6.300000000000000033e-07 7.500000000000000000e-01 1.650000000000000127e-05
5.999999999999999728e-07 7.875000000000000888e-01 1.650000000000000127e-05
5.999999999999999728e-07 7.500000000000000000e-01 1.732500000000000099e-05
5.699999999999999424e-07 7.750000000000001332e-01 1.705000000000000108e-05
5.799999999999999526e-07 7.291666666666667407e-01 1.741666666666666537e-05
5.958333333333332755e-07 7.753472222222222987e-01 1.669097222222222436e-05
5.841666666666666499e-07 7.413194444444445308e-01 1.722569444444444227e-05
5.934027777777777550e-07 7.682581018518519489e-01 1.680237268518518530e-05
6.256018518518518580e-07 7.371720679012343513e-01 1.670158179012345729e-05
5.815837191358024513e-07 7.671191808127573175e-01 1.697741287294238807e-05
5.943197016460904391e-07 7.431546853566528554e-01 1.706590256344307492e-05
5.941286758401920956e-07 7.483845637931527683e-01 1.701100050547268492e-05
5.838082633173297070e-07 7.603358297372733166e-01 1.633394225227671970e-05
5.730137721955494592e-07 7.672263828954555276e-01 1.704823708712786053e-05
5.943778692074060276e-07 7.535888297698865035e-01 1.661421605981830500e-05
5.962519128049372721e-07 7.523925531799242616e-01 1.740114403987886563e-05
5.864006902939146870e-07 7.586809804544922820e-01 1.655627595802716649e-05
5.807795099178900150e-07 7.712080968982710782e-01 1.642093608838588812e-05
5.763297879437893568e-07 7.788159412666435522e-01 1.622424794935695472e-05
5.898218458276043335e-07 7.602713201812574262e-01 1.595241377185922939e-05
5.925678880582049609e-07 7.579886999707572404e-01 1.561074740483151096e-05
5.872856450252851955e-07 7.697697470240325579e-01 1.597097589599582400e-05
5.871012794562497876e-07 7.674595873220451114e-01 1.609291340891902487e-05
5.744574062776896243e-07 7.841090694100774083e-01 1.556550069360516540e-05
5.678172519677841565e-07 7.942824826234744506e-01 1.521592890486744994e-05
5.733047472431391593e-07 7.813379665832740351e-01 1.573519486762854148e-05
5.820595449551661253e-07 7.716629628497624349e-01 1.527782493937167172e-05
5.909211174638341588e-07 7.626909350441242186e-01 1.546196473559550061e-05
5.769748243724506440e-07 7.774531683459511289e-01 1.567827192345499327e-05
5.872510403345226741e-07 7.665757332814471248e-01 1.551888767976904881e-05
5.791157026978822905e-07 7.751870360408461558e-01 1.564506687268708902e-05
5.672665901262210265e-07 7.937013920191999805e-01 1.503984789858338577e-05
5.851228342231495043e-07 7.672359184808288379e-01 1.576229588159342921e-05
5.719656017306758557e-07 7.867367937196285688e-01 1.522996578884918596e-05
5.732059992778054463e-07 7.864855146121327856e-01 1.507046074186359303e-05
5.643597932356144923e-07 7.998912889781302216e-01 1.529945987684029347e-05
5.783720966802596145e-07 7.775438641265057793e-01 1.528233221801096820e-05
5.787247330931606010e-07 7.786888383795154134e-01 1.538222998013730297e-05
5.773165807259763409e-07 7.803654957420391725e-01 1.535050827361894696e-05
5.716145608407211148e-07 7.897628557163269836e-01 1.537531425471417098e-05
5.730223808072916797e-07 7.872172324684477696e-01 1.535594299706767097e-05
5.766582459294997208e-07 7.813090171349099666e-01 1.577750723433093144e-05
5.768740653641555366e-07 7.818187608201871974e-01 1.542380497640653418e-05
5.749608769207033825e-07 7.836319217871836607e-01 1.553598075252211582e-05
5.735416463731479518e-07 7.861674161968703611e-01 1.505078078114155998e-05
5.760089543552597513e-07 7.823211836061516600e-01 1.562610588991648018e-05
5.736685461784289139e-07 7.860221289080263629e-01 1.541595558221915146e-05
5.765313461242186528e-07 7.814543044237539648e-01 1.541233243325333658e-05
5.760924562599009766e-07 7.820833186856678276e-01 1.569699840706132736e-05
5.740147232223329895e-07 7.853222513936414240e-01 1.521251410493507520e-05
5.744475842718264084e-07 7.846474737461469617e-01 1.531344833454471163e-05
5.756595952104075578e-07 7.827580963331622899e-01 1.559606417745169093e-05
5.747000865506974900e-07 7.842538534517751181e-01 1.537232663515033176e-05
5.723549936423345382e-07 7.878176316742361296e-01 1.547050954667439837e-05
5.756612726904927514e-07 7.827799976009377492e-01 1.542445266521605778e-05
5.747870166740328228e-07 7.840465428969113360e-01 1.542687800760759198e-05
5.740993230925203682e-07 7.852253932010787585e-01 1.545596397232013958e-05
5.760078563897135980e-07 7.821801768782304931e-01 1.545354853967626299e-05
5.732236214017909255e-07 7.864223950452188250e-01 1.549233328195696407e-05
5.738036703576080872e-07 7.855385995937631538e-01 1.548425312731515220e-05
5.748449700895896760e-07 7.839083358603354812e-01 1.546324558924576546e-05
5.743865077019147416e-07 7.846942360631137259e-01 1.548263623238746499e-05
5.756588632333768595e-07 7.826640918478815490e-01 1.548102594395821393e-05
5.738027065747616033e-07 7.854922372925401408e-01 1.550688243881202143e-05
5.746858613547883663e-07 7.839940938969258699e-01 1.552143628799913908e-05
5.758584323352927505e-07 7.821973304037566077e-01 1.550689264769932547e-05
5.742309827748721884e-07 7.848057983573768492e-01 1.550688456566354565e-05
5.748836056999609468e-07 7.838161978359515780e-01 1.548749064367121558e-05
5.747775332100934070e-07 7.838733698603451705e-01 1.552628444284013132e-05
5.741887633567421611e-07 7.848721321240880178e-01 1.551658187671538510e-05
5.755592471970965415e-07 7.826755275315656624e-01 1.551658868264025446e-05
5.752737297303561868e-07 7.831331534883412271e-01 1.551658726473924057e-05
5.744742808234825158e-07 7.844145061673124530e-01 1.551658329461639898e-05
5.751071778747574965e-07 7.834001019631269269e-01 1.551658643763031411e-05
5.751902404535212141e-07 7.833587778638296806e-01 1.550042077970896568e-05
5.752885911326937819e-07 7.831110032401419341e-01 1.554783466956971257e-05
5.749679776651135502e-07 7.836692822951578652e-01 1.550006231573340161e-05
5.748337811868617387e-07 7.837754261664825473e-01 1.553466555754825308e-05
5.751159781063004636e-07 7.834455795935489908e-01 1.550755510842548304e-05
5.751547109360606076e-07 7.833157866007487424e-01 1.554001921665187371e-05
5.751158081712799795e-07 7.833894315370840689e-01 1.553169486229386123e-05
5.750212642574317911e-07 7.835778533154176273e-01 1.553356737786399261e-05
5.752078234359713697e-07 7.833099878435167973e-01 1.551256414653344663e-05
5.750123241113842220e-07 7.835648522155863605e-01 1.553110229294114392e-05
5.750528355403879800e-07 7.835337620747947485e-01 1.552489662138448830e-05
5.751158648162867722e-07 7.834081475559057095e-01 1.552364827767106737e-05
5.750125773159024095e-07 7.835698077226387337e-01 1.552650553782323936e-05
5.751772083260809265e-07 7.833551850935276395e-01 1.551089446716411979e-05
5.751429101989604374e-07 7.833998981412590989e-01 1.551414677355143664e-05
5.750738830623588079e-07 7.835043679143794959e-01 1.551911611706482101e-05
5.751159025796246341e-07 7.834206249017867663e-01 1.551828388792253813e-05
5.750470442460350942e-07 7.835283983462755231e-01 1.552018872802398612e-05
5.751120668922813906e-07 7.834253673133614315e-01 1.551156903251651493e-05
5.750674902501200688e-07 7.835122719336704566e-01 1.550792469138811568e-05
5.750416081760225016e-07 7.835654659356351415e-01 1.551220998604187044e-05
5.750562870752431476e-07 7.835362787226616277e-01 1.551207645405742336e-05
5.750836528688469024e-07 7.834900411536299680e-01 1.550780149706723813e-05
5.750700221994568840e-07 7.835007920953667160e-01 1.551597752149115063e-05
5.751133706302877130e-07 7.834321047400906179e-01 1.551023105781950317e-05
5.750663981527816458e-07 7.835255038216065726e-01 1.551065836016974470e-05
5.750761840855954451e-07 7.835060456796241191e-01 1.551056933884678110e-05
5.750372613296323574e-07 7.835523396921980632e-01 1.551534379651129913e-05
5.750995787778279856e-07 7.834678212807675290e-01 1.550917775177669360e-05
5.750536606581048354e-07 7.835300980049795250e-01 1.551372115316008857e-05
5.750900125028856715e-07 7.834807955983116301e-01 1.551012429373156614e-05
5.750632269330471495e-07 7.835171236874354239e-01 1.551277461120521603e-05
5.750844321758359617e-07 7.834883639502123742e-01 1.551067644320524433e-05
5.750688072600968593e-07 7.835095553355346798e-01 1.551222246173153784e-05
5.750811769850569821e-07 7.834927788221545120e-01 1.551099853039822384e-05
5.750745657559202235e-07 7.834972084481210963e-01 1.551325218001651200e-05
5.750786736800125975e-07 7.835007108376260687e-01 1.550964672492026678e-05
5.750841724068396439e-07 7.834889230180182018e-01 1.550971812782590893e-05
5.750829203410586529e-07 7.834834042422199607e-01 1.551086781168617486e-05
5.750843358947408478e-07 7.834776353770847024e-01 1.551127484060814535e-05
5.750925979885766466e-07 7.834777038277909167e-01 1.550567277770303594e-05
5.750888412734398918e-07 7.834817672903597874e-01 1.550725181985167933e-05
5.750837550515792783e-07 7.834870834260854178e-01 1.551010135577933204e-05
5.750834086929174859e-07 7.834878288498265952e-01 1.550882360194021591e-05
5.750773506176330333e-07 7.834926070461540881e-01 1.551245739057306516e-05
5.750893721060706487e-07 7.834796039659337463e-01 1.550740445569741445e-05
5.750868676293127769e-07 7.834823129409798081e-01 1.550845715046317671e-05
5.750798550943909051e-07 7.834898980711080263e-01 1.551140469580730290e-05
5.750854066845374134e-07 7.834838931764231962e-01 1.550907122240987023e-05
5.750813160391662686e-07 7.834883178356646383e-01 1.551079062386060938e-05
5.750845544667517759e-07 7.834848149804318762e-01 1.550942943104544145e-05
5.750834768147390698e-07 7.834858570314635617e-01 1.551035684108161185e-05
5.750832459089645063e-07 7.834863539806243837e-01 1.550950500518886776e-05
5.750845779033778618e-07 7.834837301983554880e-01 1.550967008550197177e-05
5.750818508064636947e-07 7.834866799711830421e-01 1.551081635313579561e-05
5.750824189516541903e-07 7.834860654351774034e-01 1.551057754737875265e-05
5.750832913235122289e-07 7.834850394350489911e-01 1.551052716461646618e-05
5.750831373863292218e-07 7.834853707344895390e-01 1.550995927402130459e-05
5.750840253826047569e-07 7.834836215463103493e-01 1.551006932756337280e-05
5.750822073179953827e-07 7.834855880615285706e-01 1.551083350598592655e-05
5.750825860814557131e-07 7.834851783708580708e-01 1.551067430214789677e-05
5.750831676626943702e-07 7.834844943707726106e-01 1.551064071363970128e-05
5.750830650379056635e-07 7.834847152370663093e-01 1.551026211990959468e-05
5.750836570354227222e-07 7.834835491116135531e-01 1.551033548893764128e-05
5.750824449923496650e-07 7.834848601217588859e-01 1.551084494121933926e-05
5.750826975013232539e-07 7.834845869946452934e-01 1.551073880532731941e-05
5.750830852221491664e-07 7.834841309945883570e-01 1.551071641298852580e-05
5.750830168056233267e-07 7.834842782387841931e-01 1.551046401716845474e-05
5.750834114706346638e-07 7.834835008218157260e-01 1.551051292985381914e-05
