5.999999999999999728e-07 7.500000000000000000e-01 1.650000000000000127e-05
6.300000000000000033e-07 7.500000000000000000e-01 1.650000000000000127e-05
5.999999999999999728e-07 7.875000000000000888e-01 1.650000000000000127e-05
5.999999999999999728e-07 7.500000000000000000e-01 1.732500000000000099e-05
6.199999999999999931e-07 7.750000000000001332e-01 1.567500000000000154e-05
6.333333333333333400e-07 7.916666666666667407e-01 1.595000000000000145e-05
6.069444444444444684e-07 7.586805555555555802e-01 1.638541666666666741e-05
6.046296296296297778e-07 7.557870370370372015e-01 1.724861111111111175e-05
5.777160493827161428e-07 7.846450617283953211e-01 1.692268518518518568e-05
6.191075102880658039e-07 7.572177211934156826e-01 1.658805941358024774e-05
6.127383401920437896e-07 7.798118141289436256e-01 1.573370627572016585e-05
6.063189443301327057e-07 7.607921989311843269e-01 1.693300593707133220e-05
6.215805993750953459e-07 7.302936504534369710e-01 1.677098801154549245e-05
6.044959582031448069e-07 7.755820105111328466e-01 1.655645583573864385e-05
5.927320543637488502e-07 7.728187888051660792e-01 1.666185954607084338e-05
6.136126236371664385e-07 7.604679436125303393e-01 1.660343444118245432e-05
6.134213834046842682e-07 7.443784548883807251e-01 1.672478219420832092e-05
6.063554217867988437e-07 7.690812697563929046e-01 1.659152382708649521e-05
6.105802153916208569e-07 7.682137193111828743e-01 1.703322613689352042e-05
6.077018967251061719e-07 7.606666313379779609e-01 1.652037697296392704e-05
6.121276837692484049e-07 7.660183642067497356e-01 1.621055089041725669e-05
6.075290983799484852e-07 7.618809833635937778e-01 1.678249446901840009e-05
6.007783209574025620e-07 7.672846460261129042e-01 1.665949573819676058e-05
6.109388105788823417e-07 7.618880899486933922e-01 1.661511387806043338e-05
6.088469904386468007e-07 7.679002640411420888e-01 1.680571114314629208e-05
6.079404579154270921e-07 7.621736381511372560e-01 1.657982159175191891e-05
6.092940284741236998e-07 7.668810152072220720e-01 1.640847839558082932e-05
6.078967921495682775e-07 7.629226566643496632e-01 1.670457445371890533e-05
6.114952853091196305e-07 7.555749867530603403e-01 1.667481612193433868e-05
6.074262266872823763e-07 7.662674607973652963e-01 1.660887638851312899e-05
6.095674283617280264e-07 7.652118334558017931e-01 1.670588822177639966e-05
6.082794100917398309e-07 7.628065955062757197e-01 1.660608547300701878e-05
6.098661727557012806e-07 7.643854408372063869e-01 1.651547603933481995e-05
6.083070797758459865e-07 7.632274033670281010e-01 1.666517895072222201e-05
6.095020012696006387e-07 7.647820405691154733e-01 1.665336067185683972e-05
6.085341165871275168e-07 7.632181465610340387e-01 1.661593447276739843e-05
6.052394714546215074e-07 7.665872505349250465e-01 1.664487932994139279e-05
6.097514482613280101e-07 7.628670817374916258e-01 1.662131501386896913e-05
6.088341145813127568e-07 7.650077226968989841e-01 1.656557163271077569e-05
6.084168786936515813e-07 7.635983032274178406e-01 1.664442742613650233e-05
6.081648199538458386e-07 7.642345846398110876e-01 1.661358177801597528e-05
6.089763744033127988e-07 7.640005414241162196e-01 1.661716880541702241e-05
6.080134620796581164e-07 7.642407558438071291e-01 1.664641142998585767e-05
6.083648186166358927e-07 7.654276353970546065e-01 1.658000655131156012e-05
6.083467931843082066e-07 7.662291737725461793e-01 1.659045271881183240e-05
6.082027310435254368e-07 7.646501240424642409e-01 1.660876322401510992e-05
6.070194764949830757e-07 7.668962720671399502e-01 1.658126197047617468e-05
6.063671771922064660e-07 7.678615156148145271e-01 1.656929302549588984e-05
6.067341375338914370e-07 7.664482692075917925e-01 1.661926117069138453e-05
6.061905771729766538e-07 7.667884804777707064e-01 1.663234604381798928e-05
6.059171627672458225e-07 7.684245440056004517e-01 1.659750312910534436e-05
6.056876245101311805e-07 7.682452627228563147e-01 1.658980779166880447e-05
6.052064733791958138e-07 7.685157785568923483e-01 1.662311942383418089e-05
6.058349941815664651e-07 7.670483296526265926e-01 1.662395579502423557e-05
6.059000443118958946e-07 7.681378326820642588e-01 1.660301410117177861e-05
6.062061456398574419e-07 7.671559909081758777e-01 1.664045533879609381e-05
6.057956497454908271e-07 7.680183310947978903e-01 1.660035936398699031e-05
6.070800810149897666e-07 7.665538434327436867e-01 1.659197033339925701e-05
6.077046168935877155e-07 7.658998650580275402e-01 1.658158730325428351e-05
6.071732012176855298e-07 7.658757964746913949e-01 1.660471314421331154e-05
6.061652853339353049e-07 7.676665751388616066e-01 1.660336806847209713e-05
6.068494520275909155e-07 7.664834606159757202e-01 1.661016422492734315e-05
6.062237935019905089e-07 7.675301685407798225e-01 1.659756302045774701e-05
6.062933898795938166e-07 7.676098362656240681e-01 1.659933284524760475e-05
6.062153909034584086e-07 7.679791048767893313e-01 1.658241324114239376e-05
6.068354476967040817e-07 7.672316878426583830e-01 1.658491459273509226e-05
6.063512214592225209e-07 7.674679850620045318e-01 1.659492793134885975e-05
6.067080197394720697e-07 7.672938713214336737e-01 1.658754968184397951e-05
6.071722695192453600e-07 7.663259291364116210e-01 1.660348866585150042e-05
6.064147406150807343e-07 7.676346932642106324e-01 1.658680395462345850e-05
6.065556202580591686e-07 7.672578386546639040e-01 1.659687867463148996e-05
6.068320401646446001e-07 7.670471953585370484e-01 1.658902323236240422e-05
6.065036209406355279e-07 7.675040177287740795e-01 1.658559893856134931e-05
6.065941746444784459e-07 7.671632711855841391e-01 1.659394206536565997e-05
6.068962974753435368e-07 7.668895829100709216e-01 1.658412888358601637e-05
6.072100811492389716e-07 7.662337806234916782e-01 1.659442858300593508e-05
6.070629019391133424e-07 7.664984133537589006e-01 1.659258907374664666e-05
6.069284742570442370e-07 7.665874357379870441e-01 1.660153876475502379e-05
6.069030009715311650e-07 7.668266355825534841e-01 1.658775594216289320e-05
6.069217707608566088e-07 7.666503830655044816e-01 1.659791170617814696e-05
6.069069113443072903e-07 7.667899163081682845e-01 1.658987172633273689e-05
6.066578760634037301e-07 7.671729405972385063e-01 1.659126700965178248e-05
6.069785215483405241e-07 7.666389398628170593e-01 1.659231364372688216e-05
6.067561434346489214e-07 7.669601286013040253e-01 1.659328482137686011e-05
6.069646345678681510e-07 7.667112253496933816e-01 1.659057126202157580e-05
6.070686282977388524e-07 7.665168900467538293e-01 1.659238282696418344e-05
6.069719339303835426e-07 7.666426827041742387e-01 1.659452072580529350e-05
6.069704132298595468e-07 7.666569624219907730e-01 1.659369792085035259e-05
6.069661552683921468e-07 7.666969456318768472e-01 1.659139406697651670e-05
6.069670423436978640e-07 7.666886157964838411e-01 1.659187403653356952e-05
6.069695261545538296e-07 7.666652922573837792e-01 1.659321795129329978e-05
6.069675598042928568e-07 7.666837567258379948e-01 1.659215401877517745e-05
6.068641226280958345e-07 7.668247002117839495e-01 1.659284665871765908e-05
6.070724458701558591e-07 7.665292078420837818e-01 1.659224532910920683e-05
6.070047219007951295e-07 7.666436916752371600e-01 1.659190613548879755e-05
6.072407098958646690e-07 7.663264617549258029e-01 1.659123453994718411e-05
6.071622542150795216e-07 7.664302614334380648e-01 1.659157039802436668e-05
6.070749909184337930e-07 7.665374197056370464e-01 1.659215366387255689e-05
6.070298416055267105e-07 7.666137422610727059e-01 1.659192753479228291e-05
6.069361087570604432e-07 7.667344146187705656e-01 1.659255455027819172e-05
6.071871669355729995e-07 7.664022556475315051e-01 1.659147980443120615e-05
6.071348631483828307e-07 7.664714554332063834e-01 1.659170370981599566e-05
6.070766876172857489e-07 7.665428942813392599e-01 1.659209255371479026e-05
6.070465880753476939e-07 7.665937759849630329e-01 1.659194180099460761e-05
6.069840995097035510e-07 7.666742242234282356e-01 1.659235981131854682e-05
6.071514716287119219e-07 7.664527849092691580e-01 1.659164331408722310e-05
6.071087395287471021e-07 7.665240419366445845e-01 1.659161107860593714e-05
6.070054674506776453e-07 7.666616559936317854e-01 1.659203882791264247e-05
6.069793514985962312e-07 7.666821416709146408e-01 1.659235622959840092e-05
6.070817836891323109e-07 7.665569793812841981e-01 1.659176631839603207e-05
6.070649666945187879e-07 7.665878765534768213e-01 1.659190851881068009e-05
6.070504169543416454e-07 7.665925469367367295e-01 1.659193486720628966e-05
6.070812161310848314e-07 7.665559340651040277e-01 1.659183432339710705e-05
6.070303386387816505e-07 7.666257184733357155e-01 1.659201599640818065e-05
6.070577523885616828e-07 7.665804651342232878e-01 1.659195131179615741e-05
6.070700048013424122e-07 7.665765321798988507e-01 1.659192912367354132e-05
6.071238626594962857e-07 7.664984879784951799e-01 1.659180652390508960e-05
6.070498228097638838e-07 7.665992121202438447e-01 1.659197235630336889e-05
6.070804593870214548e-07 7.665545403101970967e-01 1.659192499673187369e-05
6.070737419112565872e-07 7.665696661416339097e-01 1.659189752358139656e-05
6.070472978028827461e-07 7.666024570039251529e-01 1.659195543873782165e-05
6.071096471500257657e-07 7.665176366740313885e-01 1.659181579040243214e-05
6.070966577027043826e-07 7.665353075760927837e-01 1.659184488380564224e-05
6.070602872502041291e-07 7.665847861018637577e-01 1.659192634533461155e-05
6.070890805251001455e-07 7.665456156022950607e-01 1.659186185495750915e-05
6.070934287842142967e-07 7.665343938434301396e-01 1.659184992647626562e-05
6.070778433431227414e-07 7.665623177461747817e-01 1.659188760751782762e-05
6.070705987157192768e-07 7.665695791453553953e-01 1.659190276347369416e-05
6.070852301481457185e-07 7.665506080070992878e-01 1.659187037756504882e-05
6.070744490926737039e-07 7.665645867405511682e-01 1.659189424086615448e-05
6.070795730640638481e-07 7.665543896643932653e-01 1.659188143314559586e-05
6.070792127055345656e-07 7.665560413480978497e-01 1.659188271947314330e-05
6.070782037016520239e-07 7.665606660624701973e-01 1.659188632119028018e-05
6.070790024963923694e-07 7.665570048302587924e-01 1.659188346983087958e-05
6.070807116350426157e-07 7.665550048951660367e-01 1.659189477228695147e-05
6.070767047721440797e-07 7.665617025154021213e-01 1.659187426837647201e-05
6.070798805140513208e-07 7.665560055870999090e-01 1.659186658744779788e-05
6.070845007479751695e-07 7.665495938495114903e-01 1.659185618704476560e-05
6.070828765863437454e-07 7.665521164882387328e-01 1.659185995398887561e-05
6.070833223875962819e-07 7.665526980452392891e-01 1.659185944566749380e-05
6.070805975710398632e-07 7.665553165158789373e-01 1.659186509957690233e-05
6.070788069717679360e-07 7.665587204958606016e-01 1.659186950951843388e-05
6.070796548081380110e-07 7.665573446609394992e-01 1.659186751878311206e-05
6.070808037577214840e-07 7.665555223656206341e-01 1.659185484085030503e-05
6.070808798003899856e-07 7.665553146184787003e-01 1.659187462265700446e-05
6.070823231012574054e-07 7.665533890138604978e-01 1.659185141045828722e-05
