5.895887393660267407e-03
2.960367298197165431e-02
3.782053852246165804e-02
4.351712263878331280e-03
9.556522939220912435e-03
5.617289708262108170e-04
5.605114435689900754e-02
3.105272777346339622e-02
1.165068177389067851e-02
4.703651744924399608e-02
1.508206629315173193e-02
5.601748706159414420e-02
1.904633838728099493e-02
5.326866451523060847e-02
4.057219628885259943e-02
5.753003650723508694e-02
3.254627459473528189e-02
6.083505549728786266e-02
4.771725422177345438e-02
6.192572127833469858e-02
5.133493651557619053e-02
6.169569448675438217e-02
5.677744423345018610e-02
6.150693126393369514e-02
5.555040092912534588e-02
6.299485642571085731e-02
5.834198646665511578e-02
6.416423506760011997e-02
5.829932224025619752e-02
6.268215261955743800e-02
5.931091274847136163e-02
6.370806732327731481e-02
6.135645375101715648e-02
6.419004456136358228e-02
6.060316749115945284e-02
6.365764723114668289e-02
6.293759753212016528e-02
6.224065558494068506e-02
6.158609108714187264e-02
6.259446712682945058e-02
6.332101507115467376e-02
6.249586071569455253e-02
6.275240848446124453e-02
6.255131152027221253e-02
6.169988103539388730e-02
6.372180755467445057e-02
6.273912329472440541e-02
6.271648592392070620e-02
6.393467163085102267e-02
6.290703145378766237e-02
6.283859943408375004e-02
6.351747201770023554e-02
6.358208970611350930e-02
6.300927375886690440e-02
6.374090323693923366e-02
6.363742961870114123e-02
6.388009344815497037e-02
6.410604399914383855e-02
6.273569580491358821e-02
6.242679082289730869e-02
6.247399728321763324e-02
6.277379749015843391e-02
6.372008187261542222e-02
6.378104280082047550e-02
6.322409573090402579e-02
6.254330985087681871e-02
6.283721900298967766e-02
6.329568347498625014e-02
6.257184562434102426e-02
6.216841086926657572e-02
6.216582143980055319e-02
6.168123238822062482e-02
6.237811716317682997e-02
6.334310411234223004e-02
6.270838167222683723e-02
6.269494791711473225e-02
6.294177609559215014e-02
6.295614516776244785e-02
6.293045039525496653e-02
6.249596969121140599e-02
6.331518310938678840e-02
6.275946832921511231e-02
6.272861887396118108e-02
6.297039844191415492e-02
6.237031077272430640e-02
6.279135939622866591e-02
6.248898836211160684e-02
6.254784076811069349e-02
6.259484009810935279e-02
6.266700904148184148e-02
6.259788005827228441e-02
6.266573028171869286e-02
6.254320818209536947e-02
6.410114499640509611e-02
6.339887272776802141e-02
6.260121657706819998e-02
6.294755840227983512e-02
6.409970789170697791e-02
6.314400033077791075e-02
6.236729334973869360e-02
6.265251803672708397e-02
6.229538803138559566e-02
6.406431787928214272e-02
6.325141033524875334e-02
6.262417823221404223e-02
6.295681020606608280e-02
6.316225742277266353e-02
6.339648805577002832e-02
6.233236322554315534e-02
6.409534228549187973e-02
6.317052463737130030e-02
6.312876598957352370e-02
6.410659535754262284e-02
6.314359132380518991e-02
6.312040871283741694e-02
6.342036327101988058e-02
6.294411895899082454e-02
6.312861216143676735e-02
6.410625403139393053e-02
6.388069870534048011e-02
6.312129191598341016e-02
6.315938335192441966e-02
6.371687187541133501e-02
6.308568052338192622e-02
6.389602499409378911e-02
6.376224346573723667e-02
6.399027151330609342e-02
6.342050996368543692e-02
6.397864188252699869e-02
6.405833427852733464e-02
6.399240171689182799e-02
6.399241038246809843e-02
6.398974288593521631e-02
6.398974675077354068e-02
6.410639325235917285e-02
6.406536651510008618e-02
6.396311613395525009e-02
6.395016638077938298e-02
6.396773870316838084e-02
6.395015118378788443e-02
6.410653283756301279e-02
6.398980854330341139e-02
6.396312716254652642e-02
6.410649971421927829e-02
6.410640808261368340e-02
6.409548921451935222e-02
