1.499999999999999932e-07
1.575000000000000008e-07
1.274999999999999439e-07
1.499999999999999932e-07
1.394999999999999190e-07
1.319444444444444105e-07
1.464674961419753049e-07
1.476583933470506874e-07
1.244140041533301485e-07
1.503083321740074722e-07
1.349177435405283164e-07
1.450362214195767217e-07
1.676442344064216190e-07
1.356597675940960320e-07
1.346575860243585972e-07
1.469798935651209459e-07
1.568037218304124133e-07
1.400188240753343971e-07
1.415241171878006426e-07
1.454433420855198715e-07
1.432266367626621584e-07
1.446642314842358138e-07
1.398103396214394775e-07
1.454718071114110727e-07
1.413132257201552056e-07
1.445842673267576851e-07
1.420380053581896492e-07
1.441185565050836809e-07
1.494647432121227152e-07
1.419752743418936926e-07
1.431192188901120066e-07
1.442798641630940253e-07
1.436933494421346917e-07
1.440304468287474414e-07
1.433658170076758516e-07
1.440898360063438558e-07
1.412706091170119431e-07
1.445921403409995896e-07
1.430713150852798353e-07
1.438307824682575374e-07
1.433842313838729754e-07
1.437180946446865042e-07
1.433447942566902225e-07
1.427055740441462429e-07
1.422137324755176918e-07
1.431404373081281864e-07
1.414985028988336793e-07
1.407611574943220085e-07
1.417038079518793977e-07
1.413706256225670907e-07
1.403155432626577508e-07
1.403709762903627081e-07
1.400957493025119958e-07
1.411302738494871506e-07
1.404852974521894875e-07
1.411514692868866166e-07
1.405334858434702382e-07
1.417205116414879372e-07
1.422637328196485737e-07
1.421539421370025681e-07
1.408324567735623813e-07
1.417093839645744933e-07
1.409287431019768360e-07
1.408966201451886393e-07
1.406546376348874754e-07
1.412520629176065807e-07
1.409960712860277203e-07
1.411846745118117558e-07
1.418804159340459094e-07
1.409097472121273757e-07
1.411710660350216246e-07
1.413632257026548469e-07
1.410096551016483304e-07
1.412374033421008468e-07
1.414738490348110110e-07
1.419452050375604260e-07
1.417501507968544477e-07
1.416647314999678098e-07
1.415136146115767223e-07
1.416249627162515834e-07
1.415368115877569907e-07
1.412463693473672139e-07
1.416451512690206954e-07
1.413983736363793040e-07
1.415980358544091117e-07
1.417402712900073003e-07
1.416413421758535035e-07
1.416323199430348936e-07
1.416070579221923780e-07
1.416123208151223645e-07
1.416270569939470726e-07
1.416153908428228756e-07
1.415057237245189465e-07
1.417336848345490140e-07
1.416483810384688793e-07
1.418960852478173355e-07
1.418147289845005404e-07
1.417292938119945183e-07
1.416724230681676752e-07
1.415773066982212453e-07
1.418375525959155961e-07
1.417833209468012681e-07
1.417263664404030669e-07
1.416884519238784623e-07
1.416250359021454046e-07
1.417985353371245579e-07
1.417452946101103252e-07
1.416376505777525591e-07
1.416191223416295750e-07
1.417190053469888914e-07
1.416963229461605022e-07
1.416900917023049070e-07
1.417195074463418008e-07
1.416652691447133966e-07
1.416991381992019277e-07
1.417043857302947902e-07
1.417643399153288005e-07
1.416859069260652692e-07
1.417201769102999335e-07
1.417094262509921928e-07
1.416833477895993756e-07
1.417493952145829174e-07
1.417356344621439704e-07
1.416971067975704208e-07
1.417276075685559773e-07
1.417354353447769605e-07
1.417148446976693662e-07
1.417087453466914224e-07
1.417236778659548149e-07
1.417126749032005243e-07
1.417200614562199499e-07
1.417189746292601263e-07
1.417159315201056898e-07
1.417183406474166247e-07
1.417199537558816301e-07
1.417149524045691738e-07
1.417191522349062399e-07
1.417241232672813542e-07
1.417222126553137148e-07
1.417219636731165442e-07
1.417197379493224724e-07
1.417172534593359772e-07
1.417182866207319793e-07
1.417196611150804528e-07
1.417198049861391878e-07
1.417213109175810924e-07
