1.135000000000000009e+00 1.153861653092416739e-04
1.135990045031783913e+00 1.160953616389603471e-04
1.136981818777077935e+00 1.080902044810648423e-04
1.137975325767588197e+00 1.048022568149070178e-04
1.138970570550873029e+00 1.024217723098045833e-04
1.139967557690413802e+00 9.100954549402548812e-05
1.140966291765684870e+00 8.856028398738572381e-05
1.141966777372222852e+00 7.763242872396703114e-05
1.142969019121696572e+00 6.999899402409424053e-05
1.143973021641979448e+00 6.692294588476048489e-05
1.144978789577220102e+00 5.699590423567768002e-05
1.145986327587913634e+00 5.779836327375098331e-05
1.146995640350973567e+00 5.232842270752516273e-05
1.148006732559805343e+00 4.997475519612519165e-05
1.149019608924376490e+00 5.219663004267766326e-05
1.150034274171293669e+00 4.641350115950831299e-05
1.151050733043871954e+00 5.194909448175608465e-05
1.152068990302212548e+00 4.944952980716158257e-05
1.153089050723274278e+00 4.956545977877524397e-05
1.154110919100949095e+00 5.460748952685375978e-05
1.155134600246138676e+00 4.686681400475275767e-05
1.156160098986827700e+00 5.248987499718792376e-05
1.157187420168160674e+00 4.708747077531371620e-05
1.158216568652518541e+00 4.233672081217593425e-05
1.159247549319595283e+00 4.720187476723241649e-05
1.160280367066474971e+00 3.288990439725967462e-05
1.161315026807708595e+00 3.770386888864503568e-05
1.162351533475393994e+00 2.826028831548167496e-05
1.163389892019251137e+00 1.368746213866183969e-05
1.164430107406703385e+00 3.004802397782131975e-05
1.165472184622956986e+00 3.915961443347497416e-05
1.166516128671077901e+00 1.039848277043147140e-04
1.167561944572075294e+00 1.139846079629109428e-04
1.168609637364979248e+00 1.314266464142296371e-05
1.169659212106923585e+00 6.311648192856790431e-05
1.170710673873225804e+00 1.480636820574196121e-04
1.171764027757470572e+00 6.412300766731775844e-05
1.172819278871590321e+00 2.701975416646231230e-05
1.173876432345948739e+00 1.099028964534211718e-04
1.174935493329423597e+00 1.620966931790233240e-04
1.175996466989491118e+00 1.213375407817239739e-04
1.177059358512308807e+00 6.962223876602322058e-05
1.178124173102800931e+00 1.618367432537055439e-04
1.179190915984743127e+00 4.074479884940766490e-04
1.180259592400847213e+00 5.593963663169216564e-04
1.181330207612849126e+00 4.224909144270081558e-04
1.182402766901591962e+00 2.372273063547940557e-04
1.183477275567116793e+00 2.360065471009859103e-04
1.184553738928745936e+00 3.940363918798970287e-04
1.185632162325173766e+00 7.569428992222326227e-04
1.186712551114553538e+00 9.984816171360762476e-04
1.187794910674586646e+00 7.487496199437871118e-04
1.188879246402610779e+00 3.875800757960737894e-04
1.189965563715692065e+00 2.417425127281482998e-04
1.191053868050712561e+00 2.494570009151595704e-04
1.192144164864462619e+00 4.439008127836024139e-04
1.193236459633731261e+00 7.653670483821482014e-04
1.194330757855398772e+00 9.689569742206691812e-04
1.195427065046527293e+00 8.712643656902560292e-04
1.196525386744455632e+00 6.170436477522771171e-04
1.197625728506891418e+00 4.794421089411946154e-04
1.198728095912003910e+00 4.760296569884841155e-04
1.199832494558520146e+00 5.976934768148055733e-04
1.200938930065818866e+00 8.266874970434996694e-04
1.202047408074025325e+00 1.000380442085932681e-03
1.203157934244107441e+00 1.000789366756402784e-03
1.204270514257972824e+00 8.256243482121043958e-04
1.205385153818564703e+00 6.307648710631169478e-04
1.206501858649960068e+00 5.486850649011967580e-04
1.207620634497467149e+00 5.682158313399083248e-04
1.208741487127724890e+00 6.995873954698541251e-04
1.209864422328800648e+00 8.906552579387627590e-04
1.210989445910290119e+00 1.050208005465684069e-03
1.212116563703419247e+00 1.122898157149273407e-03
1.213245781561142378e+00 1.079388554500888917e-03
1.214377105358245945e+00 1.010060985837930728e-03
1.215510540991447952e+00 9.814787245701873074e-04
1.216646094379502996e+00 1.007448925599386180e-03
1.217783771463303522e+00 1.111357889768464302e-03
1.218923578205983071e+00 1.243224846875054046e-03
1.220065520593022868e+00 1.371876465843944104e-03
1.221209604632353951e+00 1.460447997371496290e-03
1.222355836354463543e+00 1.470926266617779941e-03
1.223504221812502069e+00 1.447388301736319497e-03
1.224654767082387963e+00 1.408207465710642654e-03
1.225807478262915806e+00 1.385326973449143651e-03
1.226962361475863350e+00 1.402703111363706821e-03
1.228119422866101429e+00 1.430416996833266865e-03
1.229278668601701208e+00 1.472649964362733469e-03
1.230440104874044760e+00 1.503828762816649496e-03
1.231603737897934536e+00 1.512710629502564451e-03
1.232769573911705940e+00 1.517915316171595305e-03
1.233937619177335687e+00 1.503222828377063797e-03
1.235107879980557932e+00 1.488120494483799071e-03
1.236280362630973073e+00 1.469482541358614657e-03
1.237455073462164323e+00 1.437624672096780116e-03
1.238632018831809400e+00 1.414950792488898611e-03
1.239811205121797322e+00 1.393743532816563895e-03
1.240992638738341425e+00 1.398504930001056917e-03
1.242176326112097939e+00 1.441371647875406203e-03
1.243362273698280340e+00 1.512789245772897537e-03
1.244550487976777919e+00 1.620684556302539030e-03
1.245740975452273469e+00 1.727637762448394967e-03
1.246933742654362964e+00 1.819297584362881970e-03
1.248128796137673246e+00 1.890524193962613963e-03
1.249326142481982815e+00 1.934100499736673496e-03
1.250525788292343288e+00 1.990113119488208342e-03
1.251727740199199523e+00 2.066518992582834762e-03
1.252932004858513748e+00 2.179898244744259573e-03
1.254138588951885680e+00 2.333894147606211094e-03
1.255347499186678206e+00 2.475809185536316601e-03
1.256558742296141729e+00 2.570070984629091188e-03
1.257772325039537398e+00 2.562999042731931541e-03
1.258988254202264567e+00 2.459603649351399784e-03
1.260206536595986471e+00 2.333091244402148070e-03
1.261427179058757897e+00 2.234714427636864346e-03
1.262650188455152422e+00 2.236435567627806462e-03
1.263875571676391418e+00 2.361898204323352804e-03
1.265103335640474391e+00 2.602041126763173992e-03
1.266333487292307103e+00 2.930410619704136143e-03
1.267566033603834796e+00 3.240329996849499340e-03
1.268800981574172093e+00 3.457317518411031233e-03
1.270038338229736663e+00 3.541525562357364029e-03
1.271278110624382007e+00 3.520633588034999175e-03
1.272520305839532018e+00 3.504825951607028894e-03
1.273764930984314203e+00 3.557656003970368491e-03
1.275011993195697135e+00 3.745036448458869197e-03
1.276261499638626562e+00 4.074680190764744941e-03
1.277513457506161521e+00 4.467774301403155783e-03
1.278767874019613782e+00 4.827656129874604608e-03
1.280024756428685517e+00 5.003710060107896714e-03
1.281284112011609633e+00 4.967927448957598982e-03
1.282545948075289655e+00 4.819491194995397833e-03
1.283810271955442062e+00 4.676473449305975673e-03
1.285077091016737949e+00 4.687172991285188349e-03
1.286346412652945137e+00 4.894227569953051894e-03
1.287618244287073832e+00 5.297010579139308124e-03
1.288892593371518958e+00 5.843276940744625975e-03
1.290169467388208480e+00 6.373567961487532074e-03
1.291448873848747292e+00 6.780397501572151507e-03
1.292730820294566652e+00 6.990760274669461163e-03
1.294015314297070285e+00 7.086126670404041192e-03
1.295302363457784489e+00 7.268299089480205130e-03
1.296591975408509567e+00 7.658747344367527153e-03
1.297884157811468375e+00 8.366189777572932695e-03
1.299178918359457979e+00 9.337266425428189520e-03
1.300476264776003754e+00 1.039694718133802806e-02
1.301776204815513704e+00 1.135431931934626978e-02
1.303078746263429899e+00 1.201558292708404876e-02
1.304383896936386344e+00 1.248819929775385994e-02
1.305691664682365527e+00 1.302930160239567509e-02
1.307002057380853621e+00 1.392605714762809241e-02
1.308315082943000807e+00 1.547214210598638062e-02
1.309630749311779363e+00 1.769986910109399084e-02
1.310949064462144209e+00 2.052169137375375527e-02
1.312270036401194107e+00 2.359091936634695463e-02
1.313593673168333087e+00 2.648344115563970591e-02
1.314919982835434764e+00 2.924053432943170272e-02
1.316248973507005315e+00 3.223069489948524741e-02
1.317580653320349349e+00 3.617175569150751085e-02
1.318915030445735548e+00 4.165277705011287412e-02
1.320252113086563428e+00 4.868611901780916379e-02
1.321591909479532534e+00 5.684157575434953258e-02
1.322934427894810305e+00 6.503555049301483482e-02
1.324279676636203051e+00 7.254496603038132485e-02
1.325627664041326703e+00 7.965757263337958083e-02
1.326978398481780008e+00 8.708823659987179056e-02
1.328331888363316171e+00 9.572165095260880274e-02
1.329688142126019601e+00 1.052688718742175733e-01
1.331047168244477552e+00 1.140934828235615206e-01
1.332408975227961756e+00 1.205187341688362668e-01
1.333773571620600729e+00 1.236263159361812441e-01
1.335140966001563401e+00 1.243664584470360185e-01
1.336511166985234755e+00 1.237097991345859072e-01
1.337884183221398793e+00 1.207245780668107227e-01
1.339260023395421051e+00 1.144927327102342185e-01
1.340638696228430016e+00 1.046161315923447022e-01
1.342020210477502973e+00 9.155497727071330860e-02
1.343404574935850304e+00 7.698079746621902530e-02
1.344791798433002228e+00 6.160683616684324571e-02
1.346181889834997758e+00 4.581501678656527826e-02
1.347574858044571888e+00 3.136195662810716683e-02
1.348970712001346550e+00 1.988838612042385587e-02
1.350369460682021350e+00 1.184104339207571466e-02
1.351771113100566746e+00 6.931927437937576882e-03
1.353175678308417673e+00 4.539380273435849461e-03
1.354583165394666500e+00 3.751559486754529708e-03
1.355993583486262200e+00 3.671761581863336975e-03
1.357406941748205309e+00 3.844502809718206189e-03
1.358823249383746656e+00 4.073360856480199958e-03
1.360242515634588090e+00 4.318734211142379910e-03
1.361664749781082984e+00 4.589200372651172817e-03
1.363089961142438300e+00 4.853921948185329488e-03
1.364518159076919090e+00 5.140810834529802031e-03
1.365949352982051002e+00 5.405320378060615716e-03
1.367383552294830329e+00 5.641385208435861949e-03
1.368820766491926300e+00 5.853923780908334984e-03
1.370261005089895123e+00 6.011586033696572628e-03
1.371704277645386050e+00 6.174402950734867411e-03
1.373150593755354087e+00 6.328042412829549060e-03
1.374599963057274277e+00 6.499620311191695900e-03
1.376052395229352854e+00 6.714795446022494077e-03
1.377507899990744855e+00 6.926801801913180616e-03
1.378966487101769500e+00 7.176721671024679020e-03
1.380428166364130238e+00 7.416385669251688954e-03
1.381892947621131684e+00 7.648902322057470060e-03
1.383360840757903443e+00 7.901768230710757776e-03
1.384831855701620151e+00 8.123702245373079500e-03
1.386306002421726191e+00 8.369915790150369087e-03
1.387783290930161284e+00 8.589621552176792546e-03
1.389263731281586312e+00 8.765104346545813871e-03
1.390747333573612021e+00 8.918210275147773688e-03
1.392234107947028621e+00 8.980096092849191788e-03
1.393724064586036482e+00 9.027074781604917456e-03
1.395217213718479066e+00 9.051655061896063392e-03
1.396713565616076291e+00 9.072688967887551983e-03
1.398213130594661235e+00 9.161781827860098967e-03
1.399715919014415499e+00 9.250655090068395439e-03
1.401221941280109684e+00 9.392543655334156458e-03
1.402731207841342087e+00 9.539618061855773684e-03
1.404243729192780954e+00 9.649211534878861241e-03
1.405759515874407839e+00 9.773569950710629325e-03
1.407278578471762742e+00 9.830309347458912952e-03
1.408800927616188359e+00 9.888686155698704627e-03
1.410326573985082321e+00 9.936507836586278355e-03
1.411855528302142337e+00 9.935427806983785498e-03
1.413387801337620209e+00 9.956507740543839649e-03
1.414923403908573629e+00 9.906217162025452230e-03
1.416462346879121315e+00 9.844089523348373630e-03
1.418004641160698576e+00 9.779643985978759765e-03
1.419550297712316000e+00 9.683295644189142751e-03
1.421099327540817914e+00 9.668520852574850888e-03
1.422651741701145500e+00 9.663034095355597583e-03
1.424207551296597485e+00 9.720288874509560792e-03
1.425766767479096142e+00 9.836465197097707044e-03
1.427329401449454194e+00 9.920484989724193473e-03
1.428895464457641262e+00 1.004640784319062348e-02
1.430464967803056320e+00 1.010496212694094072e-02
1.432037922834797250e+00 1.013443376334814336e-02
1.433614340951935073e+00 1.016752140667124410e-02
1.435194233603790837e+00 1.013081084570720616e-02
1.436777612290210060e+00 1.014339243724088520e-02
1.438364488561843180e+00 1.011680571321826871e-02
1.439954874020427322e+00 1.007691844905582099e-02
1.441548780319068079e+00 1.006605075209335114e-02
1.443146219162522614e+00 9.986605618170421930e-03
1.444747202307489431e+00 9.969787510635397601e-03
1.446351741562894810e+00 9.948204463567332512e-03
1.447959848790182580e+00 9.949047220246471160e-03
1.449571535903607655e+00 1.003893484597934843e-02
1.451186814870530695e+00 1.008695321430662546e-02
1.452805697711711641e+00 1.019293039615488949e-02
1.454428196501612369e+00 1.025042801236659452e-02
1.456054323368691561e+00 1.023262812079583743e-02
1.457684090495711571e+00 1.022164477831427609e-02
1.459317510120039962e+00 1.009155368263304174e-02
1.460954594533955708e+00 9.989069345125851235e-03
1.462595356084960496e+00 9.869915249690802694e-03
1.464239807176085151e+00 9.714642224287688144e-03
1.465887960266205159e+00 9.636914064397110805e-03
1.467539827870353308e+00 9.485629039238642479e-03
1.469195422560038322e+00 9.382225048319460525e-03
1.470854756963562160e+00 9.286260482836582522e-03
1.472517843766341983e+00 9.151611669361544091e-03
1.474184695711233228e+00 9.119290321468614263e-03
1.475855325598855350e+00 9.033839200840103334e-03
1.477529746287918444e+00 9.003442090179844884e-03
1.479207970695554542e+00 8.986732357085143452e-03
1.480890011797648675e+00 8.881798805528319171e-03
1.482575882629174613e+00 8.827711860478476905e-03
1.484265596284529698e+00 8.655885214041793285e-03
1.485959165917875247e+00 8.480625121572311562e-03
1.487656604743478050e+00 8.323596991074013601e-03
1.489357926036052548e+00 8.093163327296159365e-03
1.491063143131109214e+00 7.975172508604621083e-03
1.492772269425300502e+00 7.808303672727382426e-03
1.494485318376773009e+00 7.674248129133696625e-03
1.496202303505521858e+00 7.596865806655882236e-03
1.497923238393742640e+00 7.433545578471504808e-03
1.499648136686194455e+00 7.371668938112113656e-03
1.501377012090556740e+00 7.250985789220007645e-03
1.503109878377793418e+00 7.137566546737967102e-03
1.504846749382519722e+00 7.090066716234006902e-03
1.506587639003369228e+00 6.932880607413966986e-03
1.508332561203364452e+00 6.856542158395587637e-03
1.510081530010290995e+00 6.696778918302723378e-03
1.511834559517072130e+00 6.485064083124564976e-03
1.513591663882149385e+00 6.327197373280859030e-03
1.515352857329861802e+00 6.041002759255375762e-03
1.517118154150830511e+00 5.849318152182228676e-03
1.518887568702345758e+00 5.631807368225489122e-03
1.520661115408754371e+00 5.390748640416188724e-03
1.522438808761854556e+00 5.259322679135767890e-03
1.524220663321287805e+00 5.016715482704577414e-03
1.526006693714938578e+00 4.857997517796085706e-03
1.527796914639332426e+00 4.674563341647366282e-03
1.529591340860041226e+00 4.425441761886383420e-03
1.531389987212088188e+00 4.280691105152069874e-03
1.533192868600355974e+00 4.015603025291566118e-03
1.534999999999999920e+00 3.817477740424242427e-03
