1.400000000000000148e-06 1.600000000000000033e-01 7.249999999999999778e-01 5.000000000000000000e-01 1.600000000000000266e-05
1.470000000000000113e-06 1.600000000000000033e-01 7.249999999999999778e-01 5.000000000000000000e-01 1.600000000000000266e-05
1.400000000000000148e-06 1.680000000000000104e-01 7.249999999999999778e-01 5.000000000000000000e-01 1.600000000000000266e-05
1.400000000000000148e-06 1.600000000000000033e-01 7.612499999999999822e-01 5.000000000000000000e-01 1.600000000000000266e-05
1.400000000000000148e-06 1.600000000000000033e-01 7.249999999999999778e-01 5.250000000000000222e-01 1.600000000000000266e-05
1.400000000000000148e-06 1.600000000000000033e-01 7.249999999999999778e-01 5.000000000000000000e-01 1.680000000000000517e-05
1.428000000000000134e-06 1.632000000000000395e-01 7.395000000000001572e-01 5.100000000000000089e-01 1.520000000000000016e-05
1.439200000000000129e-06 1.644800000000000428e-01 7.453000000000001846e-01 5.140000000000000124e-01 1.567999999999999895e-05
1.447040000000000125e-06 1.653760000000000785e-01 7.493600000000002481e-01 5.167999999999999261e-01 1.561600000000000092e-05
1.458016000000000289e-06 1.554304000000000519e-01 7.550440000000001595e-01 5.207199999999998496e-01 1.552640000000000774e-05
1.469619200000000063e-06 1.529164800000000490e-01 7.610528000000003068e-01 5.248639999999997752e-01 1.543168000000000876e-05
1.481222399999999837e-06 1.616025600000000895e-01 7.670616000000002321e-01 4.940079999999998916e-01 1.533696000000000299e-05
1.513711360000000136e-06 1.622435840000000795e-01 7.331362400000003277e-01 5.166111999999998261e-01 1.507174400000000719e-05
1.519995904000000235e-06 1.586610176000000927e-01 7.523407360000003985e-01 5.092556799999998773e-01 1.582044160000000709e-05
1.444099283200000057e-06 1.624056780800000599e-01 7.417471288000001550e-01 5.098697439999999581e-01 1.530857728000000002e-05
1.467635617280000148e-06 1.628232888320001182e-01 7.735395875200005156e-01 5.232035775999999139e-01 1.474387251200001166e-05
1.405493960191999962e-06 1.608115867648000907e-01 7.815646865280003741e-01 5.092293286400000341e-01 1.554097991680000349e-05
1.426713040076799959e-06 1.594272011059200411e-01 7.443713786111999520e-01 4.970472514560000388e-01 1.618769436671999170e-05
1.460474166269440253e-06 1.622289734799361172e-01 7.684351509609603781e-01 5.186262205247998969e-01 1.499654133657600901e-05
1.456799327384575791e-06 1.597741300178945334e-01 7.868390461955843129e-01 5.138836756659199700e-01 1.549817522135041236e-05
1.515926797269606641e-06 1.609532386343322796e-01 7.491312323346177582e-01 5.163858298362877797e-01 1.524865070637056836e-05
1.424819706680581035e-06 1.608363758419682210e-01 7.758888320441583719e-01 5.104817163493503562e-01 1.548982230497485184e-05
1.417637280133838737e-06 1.598557917359195446e-01 7.671652116802812893e-01 5.381966450160281523e-01 1.551381554516050975e-05
1.404920256160606856e-06 1.595064380831034412e-01 7.671859340163376118e-01 5.470343740192339377e-01 1.554918665419261043e-05
1.426395533848968215e-06 1.617168864052350719e-01 7.395182316785757770e-01 5.280461570901513468e-01 1.535885645333413664e-05
1.451478663515844539e-06 1.601141123856791304e-01 7.785579036551077969e-01 5.163621099151605165e-01 1.547379443694756445e-05
1.419122493862665637e-06 1.584160985054906823e-01 7.619712279908585906e-01 5.223979679874156679e-01 1.605139157825716080e-05
1.453237623598254833e-06 1.615617203594081619e-01 7.673039644411925320e-01 5.192862763307576346e-01 1.518114012887021041e-05
1.426359036533851057e-06 1.590833516260186375e-01 7.631024145106264367e-01 5.217379121814579301e-01 1.586679278596295941e-05
1.448533870861984162e-06 1.611280058310650132e-01 7.665686932033435319e-01 5.197153126046302196e-01 1.530112934386144199e-05
1.426940079554717285e-06 1.609365169779020110e-01 7.470527911160056433e-01 5.260033596728430627e-01 1.550507244065115909e-05
1.447184411322647323e-06 1.602580331893181387e-01 7.730445089607649312e-01 5.180493286227549898e-01 1.547926808759569385e-05
1.462544918246807049e-06 1.599829164605529319e-01 7.485841334935976477e-01 5.349107981480148988e-01 1.548482288567220986e-05
1.455943006222717412e-06 1.601322718523005562e-01 7.533624557399457577e-01 5.306357088332485095e-01 1.548569778405017085e-05
1.443885827416474874e-06 1.533458010434412544e-01 7.767139478337341529e-01 5.341267980306647623e-01 1.530652430426712875e-05
1.440532739176287546e-06 1.544809132973268273e-01 7.635633564825470287e-01 5.369760795964485522e-01 1.562355294456796375e-05
1.438932512839148435e-06 1.531514947905791846e-01 7.629622891383878169e-01 5.404282329948123520e-01 1.568803766470926539e-05
1.438581439322225085e-06 1.525082705795781091e-01 7.530546527961747838e-01 5.475936253271465048e-01 1.552892203167913372e-05
1.422878217661957979e-06 1.495844314075067127e-01 7.726135848394856120e-01 5.417904117142120501e-01 1.553978203427625271e-05
1.406750110949457755e-06 1.519479158228098370e-01 7.779598745152253025e-01 5.601342852331456790e-01 1.550443263203691110e-05
1.396496933139349079e-06 1.512514189873718218e-01 7.825430494182703534e-01 5.680171422797747338e-01 1.550003915844429313e-05
1.401924725822133021e-06 1.531947619569409280e-01 7.586215673153056116e-01 5.602836249021247994e-01 1.580171426944065177e-05
1.436542634637465135e-06 1.533193692033036903e-01 7.735477812430091582e-01 5.387042427331703021e-01 1.539318254817249410e-05
1.435735414906219802e-06 1.440702022514162850e-01 7.707233312938496228e-01 5.564168170036182248e-01 1.554616982975205773e-05
1.439355041860696016e-06 1.409130843545156053e-01 7.714349552165633561e-01 5.600608514011361505e-01 1.555264068667036936e-05
1.437085207057595266e-06 1.508730237586326517e-01 7.648035062854766641e-01 5.601312261802040560e-01 1.552534680159397092e-05
1.423637819050140417e-06 1.461595477849672586e-01 7.603715998989399871e-01 5.717881885400593056e-01 1.572481198906631756e-05
1.421056855932675305e-06 1.447275835012999667e-01 7.577363636301259753e-01 5.784049777014370619e-01 1.579113787724508428e-05
1.414589181009560894e-06 1.438583715773815719e-01 7.827374126793549269e-01 5.752233468957992368e-01 1.569395884378605409e-05
1.409790729347028311e-06 1.421283917769422811e-01 7.886739646559910444e-01 5.807492912095297832e-01 1.572696620620744087e-05
1.402581394095788816e-06 1.388059061609257239e-01 7.831144465441830516e-01 5.985171625140205398e-01 1.555041462735520075e-05
1.390627174692619660e-06 1.362575301537894967e-01 7.885976055005768925e-01 5.941685438621553406e-01 1.572313262077498308e-05
1.428867545232174164e-06 1.298815793916173744e-01 7.732798848007056414e-01 5.967431883955368610e-01 1.583767764885694092e-05
1.402161790255593448e-06 1.475116970581147879e-01 7.809219956101964843e-01 5.730442003500331172e-01 1.555912589426650615e-05
1.371132135868786539e-06 1.428593591059132417e-01 7.881827951598658899e-01 6.098928188537341422e-01 1.578767020366932212e-05
1.395326080342892234e-06 1.465879184774981636e-01 7.785306432785192854e-01 5.759867702767352826e-01 1.588479849351013521e-05
1.401311714189031883e-06 1.401677583163258856e-01 7.823122809726918980e-01 5.945743438724956365e-01 1.560893180393231310e-05
1.438847169897992988e-06 1.414578252166757699e-01 7.711140889879670723e-01 5.584837239445262780e-01 1.557604755730121430e-05
1.382982266823897699e-06 1.426140906752966786e-01 7.851957715797837078e-01 6.008962272446227715e-01 1.575063624055490376e-05
1.373692614190593180e-06 1.387442036908876630e-01 8.125442836975702576e-01 5.989680649140975977e-01 1.555637922904937586e-05
1.412768113627810763e-06 1.436804920344778025e-01 7.673277496419286248e-01 5.820035179636526834e-01 1.575005511381083700e-05
1.396830209216562302e-06 1.344276081246180699e-01 7.839209533301922939e-01 6.079125693109495021e-01 1.586476289984568904e-05
1.401228763573763040e-06 1.452219814947528498e-01 7.814468132111958010e-01 5.791461649181934845e-01 1.561261237024286129e-05
1.412605460331993018e-06 1.492675555653286690e-01 7.733850265240594934e-01 5.807792742212423143e-01 1.565654807312436068e-05
1.408759260345102384e-06 1.469908011183093111e-01 7.760472278449498384e-01 5.831223964084020217e-01 1.566820036896321520e-05
1.388860980083718902e-06 1.431687173181729889e-01 7.981426736639163355e-01 5.933918514976448400e-01 1.559688368214945939e-05
1.384079553374900868e-06 1.430663623749119928e-01 8.043056584683139221e-01 5.956695182044432491e-01 1.556624939581718252e-05
1.395453216741748801e-06 1.408059221872660083e-01 7.907019542757374175e-01 6.019474791748844478e-01 1.572803495048007028e-05
1.400218042878160527e-06 1.444491711159426595e-01 7.830664628974906005e-01 5.831363949131144198e-01 1.563281132178437490e-05
1.384506232983632459e-06 1.380204505627628531e-01 7.989092336629998181e-01 5.979768470865609586e-01 1.565829133288818432e-05
1.404514980556844946e-06 1.454209897710886934e-01 7.800480788631085627e-01 5.857219252770797802e-01 1.566646628765008513e-05
1.381364464465633357e-06 1.441998991017884590e-01 7.828321425348054863e-01 6.023390059124531515e-01 1.557532552822101635e-05
1.375679211489354535e-06 1.446142005667576946e-01 7.816637781105684191e-01 6.066569488530377807e-01 1.554499739262373145e-05
1.381864579734270205e-06 1.477733888765899173e-01 7.894017708429501567e-01 5.916198180654704819e-01 1.567991742021161730e-05
1.377975152843318123e-06 1.492945149886427403e-01 7.908196688170017197e-01 5.910289129040654510e-01 1.569411454346748017e-05
1.399746952263553645e-06 1.473907757981363642e-01 7.882006799411247489e-01 5.815873710216821202e-01 1.550992545545172018e-05
1.385916086775837553e-06 1.434500105717936291e-01 7.857216305430183567e-01 5.975171774056081686e-01 1.570851185316184443e-05
1.370774681018203186e-06 1.437954850226264014e-01 7.956177933297636784e-01 6.014797738406365557e-01 1.561091363456123304e-05
1.363294273952904670e-06 1.445058292404459432e-01 7.976199414682907385e-01 6.114026557756108149e-01 1.563580952553769059e-05
1.393756383316240561e-06 1.444590862877307424e-01 7.856133216473806247e-01 5.880829905640512223e-01 1.563333600744120481e-05
1.376609498040355213e-06 1.463024306260387042e-01 7.775319898952508524e-01 5.990236548176428588e-01 1.568631809528930426e-05
1.386716970726130150e-06 1.437171171470494890e-01 7.945358040043999370e-01 5.943774170786444433e-01 1.561253470444892971e-05
1.401072712989041544e-06 1.456443157713545045e-01 7.796240744992581906e-01 5.880947897698542981e-01 1.567293657083261200e-05
1.376076836613099899e-06 1.441190304036538139e-01 7.928188925344252791e-01 5.991374016282496884e-01 1.562176764840872520e-05
1.388367878400598160e-06 1.452075542129385444e-01 7.964044252940640778e-01 5.859549159843564503e-01 1.572710152524791223e-05
1.382590061904252091e-06 1.443762387462397268e-01 7.852072920176756954e-01 5.994717901750362676e-01 1.560188632770072211e-05
1.388157955999953897e-06 1.402752043859970543e-01 7.881570054558095784e-01 5.998148926751655230e-01 1.559129719625294914e-05
1.382965920580764936e-06 1.464612065907361649e-01 7.891839369002005000e-01 5.930539561221670475e-01 1.566440888101885054e-05
1.381805144949947951e-06 1.454291118930121085e-01 7.808822254526801565e-01 5.965279092794004701e-01 1.567942958264361049e-05
1.385857401215298085e-06 1.440167162275929336e-01 7.921464277578489366e-01 5.947537532137767702e-01 1.562424130813299918e-05
1.382664714460780016e-06 1.451295128124686640e-01 7.832716016992311570e-01 5.961515731442681432e-01 1.566772297895954101e-05
1.382026177109876317e-06 1.453520721294437879e-01 7.814966364875075566e-01 5.964311371303664400e-01 1.567641931312484802e-05
1.370329064817653406e-06 1.449553133622260570e-01 7.888680198304396374e-01 6.060497688260804150e-01 1.567238306825867122e-05
1.389656602578987809e-06 1.445459260257674350e-01 7.861828938294159741e-01 5.912271767599063255e-01 1.564016924308426126e-05
1.393440517907149402e-06 1.454661274951484229e-01 7.790080494613913498e-01 5.918312678145446482e-01 1.569131206516135983e-05
1.381374318072525959e-06 1.454073124607871970e-01 7.827741104191907606e-01 5.999831291047433846e-01 1.569336759931666862e-05
1.372763922810514820e-06 1.444635849776617076e-01 7.914553791703351493e-01 6.026397825661847785e-01 1.564304699090169492e-05
1.389822113765238234e-06 1.452906825545882408e-01 7.811863321604565202e-01 5.937227578960816432e-01 1.568286567716591694e-05
1.381632397350176686e-06 1.453517525311234793e-01 7.828736086751988399e-01 5.992168179126483585e-01 1.568823867524524377e-05
1.385265812312825961e-06 1.437859110199286305e-01 7.852316247742608946e-01 5.972440565533401191e-01 1.570035407832138307e-05
1.382905679356768036e-06 1.461948678350826758e-01 7.880014698600066314e-01 5.936734795265872222e-01 1.566507170060698931e-05
1.382604992415557761e-06 1.445268935594855031e-01 7.848201539539867433e-01 5.988077467688825983e-01 1.561505365795248657e-05
1.391285357217875567e-06 1.453988045586124822e-01 7.798607599089593112e-01 5.926953288804893694e-01 1.568659424792099742e-05
1.374744081140567732e-06 1.445967705446231100e-01 7.898186236761144396e-01 6.013421406818012516e-01 1.564798218851326143e-05
1.377638804454096582e-06 1.447371264970712113e-01 7.880759975168621922e-01 5.998289486165715445e-01 1.565473929890961031e-05
1.381017009040606935e-06 1.432176107329483083e-01 7.817077247878094770e-01 6.028261776716969944e-01 1.566537177514831523e-05
1.382575162051439897e-06 1.456738478422091587e-01 7.869000644723721516e-01 5.952752017019814490e-01 1.566512421365172050e-05
1.381347526345935075e-06 1.437386307258218254e-01 7.828091301754439568e-01 6.012244554963027676e-01 1.566531926210358404e-05
1.382360325802976712e-06 1.453351848468413809e-01 7.861841509704097231e-01 5.963163211159876465e-01 1.566515834713079730e-05
1.377494681480609480e-06 1.462462770788674205e-01 7.848585803520146120e-01 5.988845064700032417e-01 1.561601110495768987e-05
1.383905864417187960e-06 1.442164750802429340e-01 7.851663420003678340e-01 5.975311352887562322e-01 1.568559405798273710e-05
1.381659532459443371e-06 1.450510355493891679e-01 7.842324808627573196e-01 5.968870482387288456e-01 1.566512624294955555e-05
1.380833678770960665e-06 1.452288273243130257e-01 7.839140864435315548e-01 5.993392440534329735e-01 1.568153879997811844e-05
1.381611754823265525e-06 1.445689401470026392e-01 7.854713226665618331e-01 5.990119871384204098e-01 1.562299078614391132e-05
1.381416021533200686e-06 1.452155731768873526e-01 7.865625202797001947e-01 5.970188466161043817e-01 1.566307453748656058e-05
1.383740410741080170e-06 1.439761541153571356e-01 7.858004993227811763e-01 5.977610349659864264e-01 1.569123112243902716e-05
1.380777650966338179e-06 1.442092602763659082e-01 7.844352344452976133e-01 6.001124585891515206e-01 1.566317596268153125e-05
1.381304306683999821e-06 1.450394684192961026e-01 7.861902452586797541e-01 5.975602287113876976e-01 1.566309228689568078e-05
1.380817164749431652e-06 1.446025774170163480e-01 7.859922576366219493e-01 5.991753794340506367e-01 1.562934048869705044e-05
1.380855386858374013e-06 1.449882537389255710e-01 7.850011841935783385e-01 5.974754283142973410e-01 1.566304885414156650e-05
1.382520089483683368e-06 1.441283485916999563e-01 7.862555989615973573e-01 5.981746176961034722e-01 1.568393275773314515e-05
1.380194703907587849e-06 1.451304871588646739e-01 7.847464686581976379e-01 5.994371849660606877e-01 1.567617889976441817e-05
1.380660578117379823e-06 1.451198838409241132e-01 7.868652157271326386e-01 5.975808670161978364e-01 1.566140748977117188e-05
1.380149881663889732e-06 1.443148335205070021e-01 7.851633870596105291e-01 6.000557565946357252e-01 1.566148862992714028e-05
1.380571206238019131e-06 1.449790000348511188e-01 7.865673957103163083e-01 5.980139726924245114e-01 1.566142168929846804e-05
1.378282120934952153e-06 1.447873519454420943e-01 7.874610348522054215e-01 5.993582445561167482e-01 1.565640120995600223e-05
1.382187148958621539e-06 1.443003296211450848e-01 7.860047160079935979e-01 5.980347798197422904e-01 1.567975597701483077e-05
1.380824809171220167e-06 1.446797126813982037e-01 7.857940429480132494e-01 5.988353892100999332e-01 1.563608216178595433e-05
1.380326840497745039e-06 1.451020404748768478e-01 7.847974117652737336e-01 5.990448336357080406e-01 1.567355289063984716e-05
1.380699539865578619e-06 1.450935578205244103e-01 7.864924094204217564e-01 5.975597792758177151e-01 1.566173576264525216e-05
1.380290982702786461e-06 1.444495175641907214e-01 7.851309464864040244e-01 5.995396909385680706e-01 1.566180067477002688e-05
1.380628042362089896e-06 1.449808507756660259e-01 7.862541534069686922e-01 5.979062638167990107e-01 1.566174712226708638e-05
1.380362480206275184e-06 1.445622246090491059e-01 7.853692024998570886e-01 5.991932063975867750e-01 1.566178931514819266e-05
1.380677937954032353e-06 1.442251085635071761e-01 7.870546604353853004e-01 5.981139856834293278e-01 1.564527811657877144e-05
1.380121220793682185e-06 1.444655947098293647e-01 7.865622762475947827e-01 5.980348686983689710e-01 1.568642722734979247e-05
1.380701681205150988e-06 1.446422420363736583e-01 7.859284837754401121e-01 5.986952981205470037e-01 1.564489254825962702e-05
1.380277589311317283e-06 1.450870522168670185e-01 7.848511880962446563e-01 5.989887971998867355e-01 1.567707704522931623e-05
1.380607876941557321e-06 1.443759487028451471e-01 7.866690527760357154e-01 5.982670776988093797e-01 1.565084292909261576e-05
1.380340733673689557e-06 1.449480733802288868e-01 7.854931543253037551e-01 5.978519915626612224e-01 1.566171932530445500e-05
1.381406143353887577e-06 1.443977340860044811e-01 7.862959797768359627e-01 5.982994727670172264e-01 1.567508502360306506e-05
1.380217769151111221e-06 1.446712640181873344e-01 7.862349939907932184e-01 5.988278874076609082e-01 1.564719428059890342e-05
1.379946408352010493e-06 1.446072500763277147e-01 7.857875689703267552e-01 5.992262140292927697e-01 1.566071169410975525e-05
1.380198774550216228e-06 1.443375572398941653e-01 7.871359353187493690e-01 5.983628374579668119e-01 1.564750273525421828e-05
1.379679752863181767e-06 1.441723895661134180e-01 7.876730508382606688e-01 5.997778709245604745e-01 1.565303865210432134e-05
1.380225062031850556e-06 1.448123287127586756e-01 7.858746362150712539e-01 5.981890204509936471e-01 1.566020020749443178e-05
1.379795424505020768e-06 1.443081342335836292e-01 7.872915689484931701e-01 5.994408420362280498e-01 1.565455776991434456e-05
1.380149875464655491e-06 1.447240946789030425e-01 7.861225994434201114e-01 5.984080892284096009e-01 1.565921278091791618e-05
1.379870611072215832e-06 1.443963682674392623e-01 7.870436057201443125e-01 5.992217732588120960e-01 1.565554519649086016e-05
1.380101004195978403e-06 1.446667425568968768e-01 7.862837755418468078e-01 5.985504839337301153e-01 1.565857095364318121e-05
1.380781338870100450e-06 1.444756576578919982e-01 7.865289907919098544e-01 5.985112271248371751e-01 1.567134826087365385e-05
1.379830639507879450e-06 1.446944816036382919e-01 7.864802021630756812e-01 5.989339588373521206e-01 1.564903566647032182e-05
1.379815443827163371e-06 1.444275161810037456e-01 7.872009552254405351e-01 5.985619188775967991e-01 1.564928243019457642e-05
1.379613550868598741e-06 1.446432704501506017e-01 7.861222621467024441e-01 5.992526201346575210e-01 1.565984959727900397e-05
1.379776324558714781e-06 1.447367461322108528e-01 7.863902865251771734e-01 5.985981202939509860e-01 1.565865046672553474e-05
1.379552913044763223e-06 1.444745650030398176e-01 7.871270915465563567e-01 5.992490675182733373e-01 1.565571639918388722e-05
1.379691431605344634e-06 1.445005585062557885e-01 7.877970476849728287e-01 5.985931466310130400e-01 1.565286398939237130e-05
1.379807476853412291e-06 1.446796613546529608e-01 7.870602007404853273e-01 5.983343308924928827e-01 1.565585622357088032e-05
1.379520485328509625e-06 1.444538166544603319e-01 7.879390895549298612e-01 5.984095883954705375e-01 1.566526517912466776e-05
1.379428851373015548e-06 1.443782990233686003e-01 7.877106465032980287e-01 5.990393193415208817e-01 1.566220820424562288e-05
1.379741217394342978e-06 1.446269229466781991e-01 7.871740287489775723e-01 5.984577038710727770e-01 1.565696782018896111e-05
1.379495110832084861e-06 1.444310374313433620e-01 7.875968184948057838e-01 5.989159463629409874e-01 1.566109660762754209e-05
1.379698148745947776e-06 1.445926429814946013e-01 7.872480169544975315e-01 5.985378963071497083e-01 1.565769035799071312e-05
1.379409569471266222e-06 1.445579171940930552e-01 7.877298451184193695e-01 5.987461662160338260e-01 1.565357143350509884e-05
1.380281495283070833e-06 1.445379965154020285e-01 7.867153996039689678e-01 5.986806306110931120e-01 1.566835885069012285e-05
1.379508779248721127e-06 1.444994833338914264e-01 7.872529711507935124e-01 5.987211840133007668e-01 1.565070618614686294e-05
1.379272812449798131e-06 1.445205237126566955e-01 7.878434786143849733e-01 5.985993196275998240e-01 1.566349238529093533e-05
1.379449398102464855e-06 1.446590087464309782e-01 7.872314299696231421e-01 5.986378120080815268e-01 1.565685449814237002e-05
1.378087576799810247e-06 1.446717174576036824e-01 7.882921042782015109e-01 5.989444599573600092e-01 1.564405143452638489e-05
1.378622165373087796e-06 1.447496677583277880e-01 7.873434755333122981e-01 5.991638270727575044e-01 1.564114151961974817e-05
1.378170446712348080e-06 1.447889745025853214e-01 7.873025611952351177e-01 5.991840448270129293e-01 1.564609050585144575e-05
1.377619037525102906e-06 1.447398692527091246e-01 7.878294288342760909e-01 5.995108921625376119e-01 1.563850184429780893e-05
1.378045019115285755e-06 1.446452908385648384e-01 7.879117645909724521e-01 5.991237031337737218e-01 1.565315895269165373e-05
1.379218539599343869e-06 1.446172579785257872e-01 7.874587455926872481e-01 5.986217624324881026e-01 1.566166147137113766e-05
1.377898950388095011e-06 1.447184122797270378e-01 7.877645592669980656e-01 5.993552944597789756e-01 1.564255477903564180e-05
1.376684866331475371e-06 1.449452154756777633e-01 7.882398385226515591e-01 5.996651147603161425e-01 1.564619656667759655e-05
1.379014594488203162e-06 1.445774864587040520e-01 7.874256729408687372e-01 5.988863718940284908e-01 1.564991700273974217e-05
1.378126485626838713e-06 1.446948443551713537e-01 7.881258903930022930e-01 5.990272168771113570e-01 1.564652138961230700e-05
1.378192781556868852e-06 1.447886499911566760e-01 7.873342559266292007e-01 5.992188847728336931e-01 1.564815264667235772e-05
1.378092439479219035e-06 1.446737030599402896e-01 7.878216186432190904e-01 5.991706114182423493e-01 1.565380740414452343e-05
1.377975584497466397e-06 1.447322002128700602e-01 7.877038543840395590e-01 5.993558844790465301e-01 1.564532406521971388e-05
1.379263447585967375e-06 1.445570570562015600e-01 7.872945838910758720e-01 5.988485961218639186e-01 1.565184519090869148e-05
1.377004317252170601e-06 1.449136427696306184e-01 7.880840777885624870e-01 5.996037407194763080e-01 1.564823749533327159e-05
1.378868099777553003e-06 1.446194595560516549e-01 7.874327453231360074e-01 5.989807464264460535e-01 1.565121384418299215e-05
1.377399665060584973e-06 1.448512402697805235e-01 7.879459163565023516e-01 5.994715904148941732e-01 1.564886884205897091e-05
1.377656641136054357e-06 1.448106786448779548e-01 7.878561114256631415e-01 5.993856927169156634e-01 1.564927921743067615e-05
1.378611123702083619e-06 1.446600211809542236e-01 7.875225502539752176e-01 5.990666441244245632e-01 1.565080346881128691e-05
1.377823675585109372e-06 1.447843135886913157e-01 7.877977382206178270e-01 5.993298592132296765e-01 1.564954596142228321e-05
1.378444089253028604e-06 1.446863862371408627e-01 7.875809234590205321e-01 5.991224776281105502e-01 1.565053672481967986e-05
1.378568171986612196e-06 1.446668007668307498e-01 7.875375605067012064e-01 5.990810013110867693e-01 1.565073487749915580e-05
1.378479582242896291e-06 1.447201740226704281e-01 7.876256349255910116e-01 5.990030896219193934e-01 1.565684368486223150e-05
1.378580381791982270e-06 1.447177687846304961e-01 7.876099910339013910e-01 5.989325306504940105e-01 1.565914760879073367e-05
1.378557904186249202e-06 1.447962974654763146e-01 7.874232196226845781e-01 5.990931303756242832e-01 1.565049642779590877e-05
1.378650997127655108e-06 1.448208163465835308e-01 7.873435398185777423e-01 5.990776341671008032e-01 1.564983423252618380e-05
1.378696425462393889e-06 1.448157374143672349e-01 7.868378795647742452e-01 5.992628903161603127e-01 1.565937245760156183e-05
1.378226225098060943e-06 1.447160006405306398e-01 7.879004884980622681e-01 5.990684597289449576e-01 1.564877032651042812e-05
1.378643506948840247e-06 1.446928720381314981e-01 7.878560070597204756e-01 5.990110524028824379e-01 1.565798827247674198e-05
1.378271658500463804e-06 1.447718888493772782e-01 7.874255623749201183e-01 5.991825141080922013e-01 1.564987388118812463e-05
1.378549982596961776e-06 1.446879848454201423e-01 7.877150391432300447e-01 5.988014004403896529e-01 1.564712877768594779e-05
1.378671774670049145e-06 1.446698863399021040e-01 7.878663023278394961e-01 5.988246854213332693e-01 1.565255806505295872e-05
1.378341678830141196e-06 1.447540384102191102e-01 7.875026918666809816e-01 5.991198940879094437e-01 1.565034361336447110e-05
1.378763389565284276e-06 1.447409896566241305e-01 7.872322575521446542e-01 5.989593135440661742e-01 1.565429093447226971e-05
1.378524994853712274e-06 1.447902073762162567e-01 7.872245942705428101e-01 5.992895380740923539e-01 1.565879734601127339e-05
1.378663250437918914e-06 1.448333344401256384e-01 7.872161782793611895e-01 5.990352850647642224e-01 1.565869364735418009e-05
1.378707082674896892e-06 1.448627240807225935e-01 7.871432292434292766e-01 5.990178465520948903e-01 1.566032503186107810e-05
1.378637647070918154e-06 1.447467641266140526e-01 7.875691410713662188e-01 5.987665234150509885e-01 1.565039154669975059e-05
1.378605166244222596e-06 1.448308008549932246e-01 7.871674043229937023e-01 5.990571279444720787e-01 1.564653885908390250e-05
1.378584719071124476e-06 1.447375493969439708e-01 7.875325383594926620e-01 5.989543351769401891e-01 1.565694107759203771e-05
1.378638369803906028e-06 1.447287729467345019e-01 7.873979032289336599e-01 5.988410101398679020e-01 1.565776789999717627e-05
1.378571985669339136e-06 1.447844806746964863e-01 7.874187892537780620e-01 5.990490093343669997e-01 1.565176893543112905e-05
1.378647544164559984e-06 1.448141774314893049e-01 7.872794502953874840e-01 5.990190950871994158e-01 1.565834313340175296e-05
1.378390286878337937e-06 1.447507406075640712e-01 7.875086611652433177e-01 5.990867823057155483e-01 1.565166310620998307e-05
1.378627061470959461e-06 1.447449211806800251e-01 7.875618205289914853e-01 5.988040857674288286e-01 1.565170145287820733e-05
1.378727655466452231e-06 1.447403016046880930e-01 7.872923137136143001e-01 5.989583178706410216e-01 1.565482096309622331e-05
1.378563267163224172e-06 1.447845478517698348e-01 7.874450833700461505e-01 5.990653713358874422e-01 1.565178535775513320e-05
1.378397496032830180e-06 1.447924729826908230e-01 7.876387077740500953e-01 5.990135499986275480e-01 1.565335268803862240e-05
1.378455273933713933e-06 1.447833429915403314e-01 7.875780888134737978e-01 5.990038843762297560e-01 1.565360963617370036e-05
1.378518687044254229e-06 1.447477447915172244e-01 7.875391402949893926e-01 5.988819017495180530e-01 1.565711800474714073e-05
1.378555465642404548e-06 1.447781073162256460e-01 7.874615433319112068e-01 5.990332641582728490e-01 1.565271857097873587e-05
