5.600000000000000514e-08
5.880000000000000374e-08
5.880000000000001036e-08
5.600000000000000514e-08
5.320000000000000654e-08
5.600000000000000514e-08
5.709715200000002034e-08
5.752286668800001857e-08
5.781625398886403925e-08
5.430721921710493857e-08
5.338841788520914431e-08
6.055948346031699622e-08
5.935771710686427760e-08
5.917495536502922023e-08
5.747510567406470391e-08
5.696889004912939669e-08
5.546192337222987526e-08
5.720002815626595026e-08
5.702623957590942429e-08
5.657393712870773233e-08
5.899931531504103605e-08
5.608969953059849925e-08
5.232636778225384212e-08
5.075340005250689051e-08
5.443332612607484536e-08
5.619925914735768558e-08
5.368529789870333943e-08
5.643280365746864114e-08
5.426121947110124832e-08
5.604907268770996503e-08
5.442589785350827992e-08
5.588770528911739772e-08
5.441129766594838936e-08
5.471460772049631758e-08
5.157538469643696796e-08
5.151947081305190833e-08
5.063898715469925216e-08
4.962797663311792473e-08
4.876276270594581403e-08
4.701125251853794402e-08
4.562217241921651590e-08
4.721839871477192313e-08
5.080015157882769709e-08
4.587685692722176967e-08
4.461509979353177338e-08
4.768559987028330901e-08
4.455078428617586851e-08
4.335390723072836595e-08
4.322112980455010752e-08
4.200290248908454383e-08
3.908166055482183000e-08
3.844916697617325371e-08
3.741892007114821992e-08
4.415475803118193930e-08
3.820691361604126698e-08
4.336339748175362842e-08
3.981659455647751977e-08
4.493227065082291503e-08
3.935816899482364110e-08
3.821671680247723363e-08
4.242397144777605039e-08
3.681162716176621585e-08
4.281960880682798882e-08
4.419763706230443144e-08
4.316239239955696106e-08
4.042527590903207108e-08
4.003179605551882603e-08
3.910628719141531957e-08
4.215748634785245079e-08
3.841133713788405702e-08
4.230731125370138215e-08
3.960556692601124361e-08
3.912637402742942412e-08
4.169619074087025740e-08
4.206761097547663095e-08
4.316131064474766690e-08
4.000874003931416832e-08
3.927640201653843365e-08
3.827760968562344548e-08
4.146784467797509158e-08
4.037858171933549352e-08
4.041926930052271294e-08
4.202633366707681278e-08
3.974930665334745445e-08
4.173605582454334731e-08
3.997534938740114707e-08
3.896285063199869278e-08
4.121363505192933389e-08
4.053980547380653206e-08
4.044086678011517548e-08
4.051921444423646367e-08
4.053453096034266987e-08
3.912644341081350863e-08
4.105493509060480669e-08
4.136757366277218234e-08
4.017407977892224213e-08
3.940112607871433871e-08
4.101941681829237009e-08
4.024317842861689139e-08
4.011080812544602880e-08
4.107427067169920615e-08
4.008384108383455233e-08
4.119708099237535112e-08
3.962331314399653478e-08
3.989614981802413996e-08
3.927770215637206301e-08
4.075680786146864551e-08
3.958904074139399993e-08
4.055115454128596235e-08
4.040305379305163172e-08
4.016277563183714448e-08
4.039416430688259470e-08
4.017362413958492068e-08
4.004630134702421709e-08
4.041963820658985126e-08
4.006815412797795122e-08
3.981298830132653479e-08
4.031312480659751826e-08
4.001627007203725951e-08
4.029428172703115283e-08
4.003393062529853228e-08
4.011803422014254601e-08
4.031461086207138405e-08
3.982966739058861345e-08
4.022952208044378780e-08
3.997559736298745356e-08
4.008599388117286844e-08
4.007179875177024026e-08
4.015330251121320854e-08
4.031054715535114373e-08
3.992236206493031112e-08
4.024247159959502767e-08
3.999015131526631271e-08
4.001346462918957748e-08
4.007191055854204292e-08
4.007183691293964493e-08
4.015333327682686369e-08
4.003802313494835772e-08
4.023043031688324610e-08
4.006398710405427173e-08
4.005259231746895815e-08
3.998725566692392236e-08
4.000597719949356070e-08
3.980443740023872506e-08
4.015570458197398167e-08
3.987880923248673242e-08
4.010717312751461823e-08
3.992719116307171817e-08
4.007564469507149105e-08
4.004635552641916200e-08
4.003719544357501691e-08
3.999995625636767701e-08
3.998493369566450562e-08
4.008084784902658578e-08
3.993689569390237893e-08
4.001347597936273895e-08
4.009227452448544851e-08
4.001386607781176896e-08
3.992758262060004101e-08
4.006342619012890271e-08
3.995637645637784936e-08
4.004468097337942849e-08
4.000592496005350297e-08
4.003223354714939820e-08
3.999511967734659541e-08
4.000624691042705696e-08
4.004586866785929798e-08
3.997928097418004399e-08
3.999445136662883644e-08
3.999018656672504455e-08
3.992804304513245230e-08
3.995287964503704140e-08
4.002921147797475470e-08
3.994574918754484897e-08
3.994218906931367085e-08
3.998590727547898190e-08
3.997854973781508505e-08
3.998726892595513497e-08
3.995742642590034383e-08
3.995171801148352555e-08
3.999123773415551360e-08
3.994887846271305237e-08
3.998385714618876783e-08
3.995632359120741535e-08
3.996115559359620552e-08
3.997905241217290274e-08
3.996429329621454581e-08
3.997592623044211239e-08
3.997824877045262771e-08
3.999819972807603633e-08
4.000749816599379653e-08
4.001252623288958148e-08
4.002355113710658354e-08
4.000497243656218149e-08
3.998317595449922768e-08
3.999461528565092431e-08
3.998855678991994987e-08
4.001145990386979519e-08
4.000766737978015210e-08
3.999190446047545351e-08
4.001655705770530537e-08
3.999028698168422765e-08
4.003159452673678905e-08
4.004273218717201089e-08
4.003373984845987272e-08
4.002702709218418750e-08
4.001091708079630571e-08
4.002135375485174279e-08
4.001407268871168970e-08
4.002745972504824753e-08
3.999570694818143482e-08
4.002917497329900043e-08
4.001542905479123187e-08
4.001220530915992892e-08
4.001475506676784452e-08
4.001487360946885299e-08
4.001904546919653729e-08
4.001340304708989188e-08
