1.129999999999999893e+00 2.043802799388072338e-04
1.130988907607149763e+00 2.157816183314762305e-04
1.131979547594542890e+00 2.058247519968706303e-04
1.132971924518377360e+00 1.998142161132139755e-04
1.133966042950841135e+00 1.918274675833286556e-04
1.134961907480185328e+00 1.736805768241837995e-04
1.135959522710791703e+00 2.033317499053152082e-04
1.136958893263245729e+00 2.410625488670761415e-04
1.137960023774407192e+00 2.292094090377100552e-04
1.138962918897481691e+00 2.405092281068514659e-04
1.139967583302092802e+00 2.912030466934342992e-04
1.140974021674354688e+00 3.099209492748847055e-04
1.141982238716946041e+00 3.104596478710644849e-04
1.142992239149180911e+00 3.439396626653204317e-04
1.144004027707083759e+00 3.756328182362869239e-04
1.145017609143464510e+00 3.911273377821480207e-04
1.146032988227991156e+00 4.093037430543551005e-04
1.147050169747265036e+00 3.593244444232874006e-04
1.148069158504896770e+00 2.767424914440587479e-04
1.149089959321581755e+00 2.967796614285504384e-04
1.150112577035174777e+00 3.499458729446083068e-04
1.151137016500768384e+00 3.557172757326773822e-04
1.152163282590768167e+00 3.847262710033105067e-04
1.153191380194971805e+00 4.298528061133501609e-04
1.154221314220644112e+00 4.401488724689455747e-04
1.155253089592598315e+00 4.428265207290940728e-04
1.156286711253271315e+00 4.638658651256916707e-04
1.157322184162804746e+00 5.108420545123063027e-04
1.158359513299124011e+00 5.960668705051373967e-04
1.159398703658017116e+00 6.380891228452017800e-04
1.160439760253215713e+00 5.459817576681216724e-04
1.161482688116475925e+00 4.496144267612417781e-04
1.162527492297659171e+00 4.688649976918974564e-04
1.163574177864811876e+00 5.092672246711335733e-04
1.164622749904251409e+00 5.226651333279776299e-04
1.165673213520643792e+00 5.389259154151311701e-04
1.166725573837091412e+00 5.538395264454692296e-04
1.167779835995210957e+00 5.613005695426259885e-04
1.168836005155222013e+00 5.543620377540023738e-04
1.169894086496028329e+00 5.491432234529428731e-04
1.170954085215303309e+00 5.648416682843761423e-04
1.172016006529575716e+00 6.156033748829125218e-04
1.173079855674314054e+00 6.804288837952186071e-04
1.174145637904013384e+00 6.840712298405323116e-04
1.175213358492281923e+00 6.739667199205597080e-04
1.176283022731927197e+00 7.357327112784266829e-04
1.177354635935044636e+00 8.131367149701765979e-04
1.178428203433104615e+00 8.680623161138768936e-04
1.179503730577041498e+00 9.127332731051761598e-04
1.180581222737342006e+00 9.390247203059975739e-04
1.181660685304135150e+00 9.412124976905814283e-04
1.182742123687281488e+00 9.405384863048451205e-04
1.183825543316463058e+00 9.719323948197255286e-04
1.184910949641277078e+00 9.692199028521066668e-04
1.185998348131323432e+00 9.083289046764837045e-04
1.187087744276299039e+00 9.045350390524870866e-04
1.188179143586089559e+00 9.436530257027860632e-04
1.189272551590861982e+00 9.617227259810995962e-04
1.190367973841158555e+00 1.009540641369768236e-03
1.191465415907990932e+00 1.084968135090542225e-03
1.192564883382932983e+00 1.131205942566958222e-03
1.193666381878218274e+00 1.151931485586338419e-03
1.194769917026833328e+00 1.172463010449407289e-03
1.195875494482614876e+00 1.192918202700022409e-03
1.196983119920346450e+00 1.261649540881345892e-03
1.198092799035854084e+00 1.349924426212328844e-03
1.199204537546106231e+00 1.261146981940313230e-03
1.200318341189309468e+00 1.060057298670460642e-03
1.201434215725009746e+00 9.996046327993815452e-04
1.202552166934189426e+00 1.027872029057276754e-03
1.203672200619367860e+00 1.053247877514846371e-03
1.204794322604703094e+00 1.109800126987181166e-03
1.205918538736090673e+00 1.158413632030281040e-03
1.207044854881266227e+00 1.191610086509524652e-03
1.208173276929908502e+00 1.219772075912901660e-03
1.209303810793739942e+00 1.223426252560644604e-03
1.210436462406631275e+00 1.261344301596024810e-03
1.211571237724705208e+00 1.375121340790460504e-03
1.212708142726440785e+00 1.429616819139753079e-03
1.213847183412778419e+00 1.313310196677195838e-03
1.214988365807224913e+00 1.196916859466168066e-03
1.216131695955960268e+00 1.206034755589530322e-03
1.217277179927944042e+00 1.241709517742660505e-03
1.218424823815023483e+00 1.294223752645387148e-03
1.219574633732040336e+00 1.370413171325220300e-03
1.220726615816940974e+00 1.441891029686978402e-03
1.221880776230883869e+00 1.543518844117916641e-03
1.223037121158350393e+00 1.619093824500215332e-03
1.224195656807256061e+00 1.678425081613757084e-03
1.225356389409059776e+00 1.823008747681418608e-03
1.226519325218876855e+00 1.911218386517330630e-03
1.227684470515591375e+00 1.799971081566747750e-03
1.228851831601968314e+00 1.670995138985770364e-03
1.230021414804768343e+00 1.683354934446492594e-03
1.231193226474861291e+00 1.749977714069487133e-03
1.232367272987341167e+00 1.831929831661115995e-03
1.233543560741642064e+00 1.952685530802502657e-03
1.234722096161654736e+00 2.061972262427853777e-03
1.235902885695842501e+00 2.174941875067106564e-03
1.237085935817359372e+00 2.285261720132689828e-03
1.238271253024169294e+00 2.379703385699501357e-03
1.239458843839163604e+00 2.527569476028214586e-03
1.240648714810281605e+00 2.588643051601888841e-03
1.241840872510630245e+00 2.430955541270874310e-03
1.243035323538606018e+00 2.255112480878789568e-03
1.244232074518015763e+00 2.224566770884462037e-03
1.245431132098200111e+00 2.304051907856866609e-03
1.246632502954156285e+00 2.434189267353216619e-03
1.247836193786660663e+00 2.591687762457694708e-03
1.249042211322396012e+00 2.771942468685994858e-03
1.250250562314073610e+00 3.004589301895323195e-03
1.251461253540562257e+00 3.319960620313090662e-03
1.252674291807012841e+00 3.674131877855948709e-03
1.253889683944987565e+00 4.140811421636931416e-03
1.255107436812586297e+00 4.653211629706245460e-03
1.256327557294578012e+00 4.778250889385674861e-03
1.257550052302527588e+00 4.608914490553816731e-03
1.258774928774928581e+00 4.675045615594493852e-03
1.260002193677334459e+00 5.002304289284765365e-03
1.261231854002488717e+00 5.460902450504614633e-03
1.262463916770459216e+00 6.016657939324272786e-03
1.263698389028772517e+00 6.525905959267120846e-03
1.264935277852546003e+00 6.903343418015030729e-03
1.266174590344624651e+00 7.100472757829534402e-03
1.267416333635717374e+00 7.129234180834040369e-03
1.268660514884531354e+00 7.064553466556506428e-03
1.269907141277912821e+00 6.907300074384534021e-03
1.271156220030983164e+00 6.558008395414809989e-03
1.272407758387279486e+00 5.869267799907885649e-03
1.273661763618892495e+00 5.043473692421814904e-03
1.274918243026611053e+00 4.567764372313392121e-03
1.276177203940059846e+00 4.669810260444569490e-03
1.277438653717844375e+00 5.415430987779126445e-03
1.278702599747693291e+00 6.817559834016638683e-03
1.279969049446604057e+00 8.803285829514121558e-03
1.281238010260985938e+00 1.133962113820247489e-02
1.282509489666807223e+00 1.429686680210951258e-02
1.283783495169741773e+00 1.757890943940191436e-02
1.285060034305317345e+00 2.128291707505399269e-02
1.286339114639062586e+00 2.517471709848183997e-02
1.287620743766657805e+00 2.880135661868452740e-02
1.288904929314084846e+00 3.264512470529242621e-02
1.290191678937779418e+00 3.774368034823974427e-02
1.291481000324780748e+00 4.396662067280638492e-02
1.292772901192887902e+00 5.046676467882976747e-02
1.294067389290810555e+00 5.685190443129858884e-02
1.295364472398326194e+00 6.251262722656009130e-02
1.296664158326435334e+00 6.681263351807734119e-02
1.297966454917518497e+00 7.008847789941481665e-02
1.299271370045492091e+00 7.288980340506988342e-02
1.300578911615971167e+00 7.528919315902274367e-02
1.301889087566424186e+00 7.744555751897123919e-02
1.303201905866337107e+00 7.963166800630913644e-02
1.304517374517374373e+00 8.218184899911426533e-02
1.305835501553540556e+00 8.617241224032330671e-02
1.307156295041343119e+00 9.254758974225718582e-02
1.308479763079960501e+00 1.005359319379578870e-01
1.309805913801403543e+00 1.088176857889093241e-01
1.311134755370685134e+00 1.168266147589427789e-01
1.312466295985985187e+00 1.240840000538426108e-01
1.313800543878821836e+00 1.301724387097898117e-01
1.315137507314218857e+00 1.348341374732061615e-01
1.316477194590877975e+00 1.377981661223503240e-01
1.317819614041349174e+00 1.392735760639055853e-01
1.319164774032204557e+00 1.397755568922438851e-01
1.320512682964211759e+00 1.398925686180544914e-01
1.321863349272508925e+00 1.406577717285096285e-01
1.323216781426779454e+00 1.430776722715501048e-01
1.324572987931431856e+00 1.470527084548885755e-01
1.325931977325775390e+00 1.510896956888216347e-01
1.327293758184199035e+00 1.535431166986334917e-01
1.328658339116354448e+00 1.538713397587284648e-01
1.330025728767334714e+00 1.521222045463090089e-01
1.331395935817858645e+00 1.481484463929281237e-01
1.332768968984453517e+00 1.419626635579579188e-01
1.334144837019640040e+00 1.340591156201523526e-01
1.335523548712119091e+00 1.249444077877207016e-01
1.336905112886957792e+00 1.151496587194486554e-01
1.338289538405778467e+00 1.056519829985797104e-01
1.339676834166947383e+00 9.711967186193323776e-02
1.341067009105766816e+00 8.948684364762383991e-02
1.342460072194666010e+00 8.261294977291935848e-02
1.343856032443393023e+00 7.626416244132655509e-02
1.345254898899211460e+00 7.011013557749432024e-02
1.346656680647094095e+00 6.392661376229812065e-02
1.348061386809920048e+00 5.755248329395314111e-02
1.349469026548672401e+00 5.118713440116495761e-02
1.350879609062638931e+00 4.506755308155450251e-02
1.352293143589609725e+00 3.918358192350607921e-02
1.353709639406080800e+00 3.373307066202995558e-02
1.355129105827456826e+00 2.889159876090554094e-02
1.356551552208255629e+00 2.467777870649137673e-02
1.357976987942312252e+00 2.109112819924743865e-02
1.359405422462987012e+00 1.786441372192219476e-02
1.360836865243372884e+00 1.483914647911182584e-02
1.362271325796505339e+00 1.219377363454708652e-02
1.363708813675574394e+00 1.001399508278913268e-02
1.365149338474133112e+00 8.267020773784421878e-03
1.366592909826314761e+00 6.898738253216892512e-03
1.368039537407044648e+00 5.844724459215499754e-03
1.369489230932259494e+00 5.095378811456607003e-03
1.370942000159121710e+00 4.632028182924772391e-03
1.372397854886239887e+00 4.389126119570271357e-03
1.373856804953889732e+00 4.279294869302805414e-03
1.375318860244233443e+00 4.226616467013204030e-03
1.376784030681545756e+00 4.177835786119220469e-03
1.378252326232436431e+00 4.108940798851565789e-03
1.379723756906077403e+00 4.034974556696871092e-03
1.381198332754428604e+00 3.970605261706263746e-03
1.382676063872469108e+00 3.938381608001934736e-03
1.384156960398425618e+00 3.939560781891570523e-03
1.385641032514005611e+00 3.957152984366139187e-03
1.387128290444629375e+00 4.031264439738816222e-03
1.388618744459666488e+00 4.203655141236261987e-03
1.390112404872670737e+00 4.536872015539626830e-03
1.391609282041618378e+00 5.026646767853794502e-03
1.393109386369148828e+00 5.417449466600266633e-03
1.394612728302802918e+00 5.557746615078197269e-03
1.396119318335268922e+00 5.689116204472040132e-03
1.397629167004623252e+00 6.083197294879596692e-03
1.399142284894578481e+00 6.769197111187168214e-03
1.400658682634730479e+00 7.619458913881877252e-03
1.402178370900805771e+00 8.436768863022798062e-03
1.403701360414913113e+00 9.028475754217725815e-03
1.405227661945795958e+00 9.329976500158085329e-03
1.406757286309086474e+00 9.379451204082428495e-03
1.408290244367559341e+00 9.193887979053679688e-03
1.409826547031390653e+00 8.811886522688305509e-03
1.411366205258416162e+00 8.329291763562618467e-03
1.412909230054390841e+00 7.828133477361349374e-03
1.414455632473253788e+00 7.366917201004561690e-03
1.416005423617388459e+00 6.984708057139701887e-03
1.417558614637891568e+00 6.695289626967749520e-03
1.419115216734839535e+00 6.515338201895904367e-03
1.420675241157556279e+00 6.458361236901137732e-03
1.422238699204886547e+00 6.454452348377887581e-03
1.423805602225466149e+00 6.422133881854308335e-03
1.425375961617999732e+00 6.415262085719691462e-03
1.426949788831534782e+00 6.454184051111440563e-03
1.428527095365738964e+00 6.457222801607908833e-03
1.430107892771184330e+00 6.423706934117920549e-03
1.431692192649624884e+00 6.381139851351418264e-03
1.433280006654282124e+00 6.344315981796917747e-03
1.434871346490132371e+00 6.330184939222789804e-03
1.436466223914191431e+00 6.313408835234065458e-03
1.438064650735805694e+00 6.311013119626818733e-03
1.439666638816943678e+00 6.334485807869159532e-03
1.441272200072490017e+00 6.353543085192711951e-03
1.442881346470539006e+00 6.378334473499421356e-03
1.444494090032693467e+00 6.402180635375348192e-03
1.446110442834363852e+00 6.423451810261214187e-03
1.447730417005069103e+00 6.442702979941553922e-03
1.449354024728740864e+00 6.450278587014664569e-03
1.450981278244028561e+00 6.499207734580890808e-03
1.452612189844606050e+00 6.579291986092636497e-03
1.454246771879483591e+00 6.651512888734954602e-03
1.455885036753316264e+00 6.749688941611909319e-03
1.457526996926720608e+00 6.846400710542985442e-03
1.459172664916589035e+00 6.922765114975324395e-03
1.460822053296408241e+00 7.017335169940935868e-03
1.462475174696579616e+00 7.129088028217438373e-03
1.464132041804741435e+00 7.225589966954982374e-03
1.465792667366093038e+00 7.256370656812094130e-03
1.467457064183723014e+00 7.258928504047265293e-03
1.469125245118936052e+00 7.296298789430079139e-03
1.470797223091586892e+00 7.319018659024312604e-03
1.472473011080411398e+00 7.314757520643799631e-03
1.474152622123363843e+00 7.277263716259433669e-03
1.475836069317954857e+00 7.172905412647387867e-03
1.477523365821590939e+00 7.055924080952508462e-03
1.479214524851918622e+00 6.910228224622994714e-03
1.480909559687168864e+00 6.675579407411908958e-03
1.482608483666504329e+00 6.398185318362258241e-03
1.484311310190369548e+00 6.087115343631298477e-03
1.486018052720844196e+00 5.716560551672897339e-03
1.487728724781995693e+00 5.318229725604649988e-03
1.489443339960238477e+00 4.915399964206743945e-03
1.491161911904693271e+00 4.516581690927209958e-03
1.492884454327547905e+00 4.142609338386045101e-03
1.494610981004423689e+00 3.788202902975313074e-03
1.496341505774741787e+00 3.419299760520745982e-03
1.498076042542093145e+00 3.048593732734650782e-03
1.499814605274610413e+00 2.708779196103895410e-03
1.501557208005344757e+00 2.373039409973156082e-03
1.503303864832640224e+00 2.035355473565748658e-03
1.505054589920516994e+00 1.728208799677273793e-03
1.506809397499052849e+00 1.452510200988223850e-03
1.508568301864767758e+00 1.215159313962188873e-03
1.510331317381015337e+00 1.030906472573520517e-03
1.512098458478368768e+00 8.979223586851140535e-04
1.513869739655020918e+00 8.078306644260878746e-04
1.515645175477174922e+00 7.421984082319378487e-04
1.517424780579446519e+00 6.986776240773162790e-04
1.519208569665265962e+00 6.788863567936515540e-04
1.520996557507282354e+00 6.658869558363709638e-04
1.522788758947771548e+00 6.461789825527251277e-04
1.524585188899047372e+00 6.052840424415679337e-04
1.526385862343874633e+00 5.443434583143780692e-04
1.528190794335885450e+00 4.812733865675520553e-04
1.530000000000000249e+00 4.164642845749091178e-04
