1.596121476876564754e-03
3.365255856998743134e-02
1.598225738502952143e-03
1.581714768867965165e-02
1.022406546897966853e-02
1.207012413185435014e-03
3.451427989350924763e-02
6.319122151739557658e-02
7.813596120798162181e-02
8.538172127848166204e-02
8.327718819335150346e-02
6.325887208493230496e-02
4.899279106749593327e-02
3.794266757871208456e-02
5.541688241183474056e-02
5.882836146839891256e-02
5.920639004975494085e-02
1.458832883790550823e-02
7.443129686918939503e-02
7.412053051213100818e-02
3.610667905828439384e-02
7.617057017103597005e-02
8.205005448120497591e-02
7.405116782116170915e-02
5.726940120044340943e-02
8.202912907502360462e-02
6.440766247996032590e-02
8.111380870186439551e-02
7.335649438411748213e-02
8.455587008002266036e-02
6.283985582646604839e-02
8.531819016676188416e-02
8.469807504699532197e-02
8.624693057599699952e-02
8.919096171995953559e-02
9.001600677756195490e-02
9.108304385312061824e-02
8.842937376115221626e-02
8.342913155323460062e-02
9.423284018702299258e-02
9.744535535573230212e-02
6.868258386556802542e-02
9.074245653855791960e-02
1.015399354704933782e-01
1.062531353173805926e-01
1.015866940574899485e-01
1.054982205026320091e-01
1.097317832364289036e-01
1.158649139650658189e-01
1.193662512710680912e-01
1.187569068088379226e-01
1.217011342452802292e-01
1.109732494664879277e-01
1.068857364913442520e-01
1.192693784489276265e-01
1.022143251165167077e-01
1.201267465172167481e-01
1.051218510429124814e-01
1.213486135602350052e-01
1.217638829714102755e-01
1.143458379905749889e-01
1.142173972141079241e-01
1.136593331160554998e-01
1.145209058004060809e-01
1.172629739945127980e-01
1.216754876922579304e-01
1.205055398070311312e-01
1.157335079263272781e-01
1.183574288622737669e-01
1.218249748229494750e-01
1.195851026940059625e-01
1.206757177684413956e-01
1.192015620237313472e-01
1.183233891164190144e-01
1.166805184254369465e-01
1.166163146063432937e-01
1.220062121782193032e-01
1.204230207865695651e-01
1.191656515494253082e-01
1.199886082989630592e-01
1.128116857086752939e-01
1.219768427371410585e-01
1.191912071352671382e-01
1.206177885976406627e-01
1.191921293233029894e-01
1.215894010811514603e-01
1.209725555452933615e-01
1.204680081614858261e-01
1.181429060482146881e-01
1.220172842776271610e-01
1.196511206343864181e-01
1.187055509147459526e-01
1.199672197868639489e-01
1.201035477230486814e-01
1.209443693326767849e-01
1.211569255148387952e-01
1.209404209633684890e-01
1.208862261764557522e-01
1.212222660726055834e-01
1.219257521526341537e-01
1.200250135401786516e-01
1.212059036735948364e-01
1.205015508308041466e-01
1.210934038343363106e-01
1.207538041767439591e-01
1.200802403012759395e-01
1.204407486711208813e-01
1.209886819202306563e-01
1.206556060411425879e-01
1.188530113488422135e-01
1.214998124799151202e-01
1.198207405299355072e-01
1.209708662139766244e-01
1.214475704663749572e-01
1.206489995395393228e-01
1.225523538903542931e-01
1.207296983211803842e-01
1.206108096273915825e-01
1.211146296074277207e-01
1.200922236250365344e-01
1.215393340777230907e-01
1.210039830753895235e-01
1.209383564131469163e-01
1.210307355623079784e-01
1.206461064837310998e-01
1.209946811481294876e-01
1.212918564536814153e-01
1.207860015883778504e-01
1.206614065998717761e-01
1.206087198112299613e-01
1.208753476659473608e-01
1.206537877847785045e-01
1.210456594330046182e-01
1.209338368010720727e-01
1.206273165850561546e-01
1.212819630023922735e-01
1.207331020734951355e-01
1.208631618561420984e-01
1.201782627673253223e-01
1.212335408893556593e-01
1.207021028337820073e-01
1.207748007539740098e-01
1.206886181563892463e-01
1.213627038323277368e-01
1.203075711190530750e-01
1.215630169661743587e-01
1.206372580705386277e-01
1.209985925280075703e-01
1.205488170712588625e-01
1.210691857099858298e-01
1.208284705327708347e-01
1.210681166156741817e-01
1.208721367613744130e-01
1.207167325932966412e-01
1.212404766022591729e-01
1.216027949278441767e-01
1.208471664224508441e-01
1.209960476992301415e-01
1.212210598385180388e-01
1.209626722626122169e-01
1.212812029137885772e-01
1.209081540824041012e-01
1.210181181348398000e-01
1.207538666482760314e-01
1.214834925589583919e-01
1.209534235351802933e-01
1.210597863111086414e-01
1.207211070573194905e-01
1.213607066154148706e-01
1.205756485827903790e-01
1.203007574121455481e-01
1.206335662251473151e-01
1.211885409591647034e-01
1.206593354538818413e-01
1.199147905487076143e-01
1.212051417180455976e-01
1.207673450788520481e-01
1.208832160241082865e-01
1.207191431556186856e-01
1.205572615890108668e-01
1.211293428199688021e-01
1.198045537984166603e-01
1.212777978241208199e-01
1.200781912772033444e-01
1.203110079004953703e-01
1.213066368447652810e-01
1.204469070555134746e-01
1.212423867938550032e-01
1.211096947142344810e-01
1.210857399238437215e-01
1.211572503644477578e-01
1.211621953569397281e-01
1.215380903408644353e-01
1.214080638223127423e-01
1.211669649655183478e-01
1.214241250546460871e-01
1.209666898482090192e-01
1.210602985230188056e-01
1.211650535389993677e-01
1.213289155830875321e-01
1.212025629666557691e-01
1.212255983713966673e-01
1.214268019230636958e-01
1.212241108152514873e-01
1.212447011494438426e-01
1.210018669900295024e-01
1.214616933355721629e-01
1.208472211085141884e-01
1.210525581799461875e-01
1.213825078241634742e-01
1.214483533244196806e-01
1.211261104696580854e-01
1.210985822608545981e-01
1.211110637313117522e-01
1.209875007410553677e-01
1.212178817624495197e-01
1.209406372493050386e-01
1.214168539327886154e-01
