1.400000000000000148e-06 1.600000000000000033e-01 7.249999999999999778e-01 5.000000000000000000e-01 1.500000000000000038e-05
1.470000000000000113e-06 1.600000000000000033e-01 7.249999999999999778e-01 5.000000000000000000e-01 1.500000000000000038e-05
1.400000000000000148e-06 1.680000000000000104e-01 7.249999999999999778e-01 5.000000000000000000e-01 1.500000000000000038e-05
1.400000000000000148e-06 1.600000000000000033e-01 7.612499999999999822e-01 5.000000000000000000e-01 1.500000000000000038e-05
1.400000000000000148e-06 1.600000000000000033e-01 7.249999999999999778e-01 5.250000000000000222e-01 1.500000000000000038e-05
1.400000000000000148e-06 1.600000000000000033e-01 7.249999999999999778e-01 5.000000000000000000e-01 1.574999999999999998e-05
1.428000000000000134e-06 1.632000000000000395e-01 7.395000000000001572e-01 5.100000000000000089e-01 1.425000000000000417e-05
1.433600000000000132e-06 1.638400000000000412e-01 7.424000000000001709e-01 5.120000000000000107e-01 1.395000000000000366e-05
1.441440000000000128e-06 1.647360000000000213e-01 7.464600000000000124e-01 5.147999999999999243e-01 1.458000000000000440e-05
1.449727999999999785e-06 1.656832000000000304e-01 7.507520000000000859e-01 5.177599999999999980e-01 1.449600000000000825e-05
1.458015999999999865e-06 1.554304000000000519e-01 7.550440000000001595e-01 5.207199999999998496e-01 1.441200000000000194e-05
1.469619199999999639e-06 1.529164800000000490e-01 7.610528000000003068e-01 5.248639999999997752e-01 1.429439999999999989e-05
1.481222400000000260e-06 1.616025600000000340e-01 7.670616000000002321e-01 4.940079999999998916e-01 1.417680000000000121e-05
1.513711360000000136e-06 1.622435840000000795e-01 7.331362400000003277e-01 5.166111999999998261e-01 1.384752000000000561e-05
1.493811871999999863e-06 1.618509568000000287e-01 7.380561480000001895e-01 5.137042399999998121e-01 1.404920400000000529e-05
1.453236108799999986e-06 1.629839667200000675e-01 7.746086992000004168e-01 5.220928959999997510e-01 1.346720160000000283e-05
1.430819192319999390e-06 1.619339694080000613e-01 7.355659388799998810e-01 5.393188543999999363e-01 1.400656224000000604e-05
1.420738550783998962e-06 1.620002512896000779e-01 7.292668066559997442e-01 5.483810252799999896e-01 1.397251468800000802e-05
1.477329269247999391e-06 1.589341171712000400e-01 7.574939144319998707e-01 5.322543961599996987e-01 1.425598713600000455e-05
1.467330424627199469e-06 1.581702106316799916e-01 7.184393013247997173e-01 5.262261002240000707e-01 1.505429975040000809e-05
1.416162082478078927e-06 1.578309220843520377e-01 7.471451138547197113e-01 5.396235003135998465e-01 1.487433565056000607e-05
1.408177810522111635e-06 1.603064836784127700e-01 7.235678271918077886e-01 5.240209858150401967e-01 1.491489192038400539e-05
1.465227763970969098e-06 1.591742813099622789e-01 7.515568491649662342e-01 5.308135493496317636e-01 1.437129547326720495e-05
1.420279315799141929e-06 1.600663195396505312e-01 7.295048924588414252e-01 5.254618326254081317e-01 1.479958358311680499e-05
1.457361785540899343e-06 1.593303880001577244e-01 7.476977567413943815e-01 5.298769989228926391e-01 1.444624589249088512e-05
1.485824878517160690e-06 1.620094651315830692e-01 7.341376849237580826e-01 5.127532811051569439e-01 1.412530750259635481e-05
1.428353071784918193e-06 1.585621671176174474e-01 7.448688137918013652e-01 5.349212119521223885e-01 1.474325572466636829e-05
1.455312189709206631e-06 1.526348540629821338e-01 7.341863242951983670e-01 5.456252661996059405e-01 1.448494544302290610e-05
1.458086627651048101e-06 1.502146248755785729e-01 7.317315891542381934e-01 5.517903194395272770e-01 1.446593453162748610e-05
1.425724246291546657e-06 1.560184091288615849e-01 7.675239381021740082e-01 5.444248536618165879e-01 1.377529960511388888e-05
1.422121969435364639e-06 1.589934234120860823e-01 7.359112146678429278e-01 5.594128953505435042e-01 1.416291919755945047e-05
1.445839887961511722e-06 1.513136356057205589e-01 7.555273861029804250e-01 5.488516573307610225e-01 1.463089974058322483e-05
1.448844027089814019e-06 1.491895688452646862e-01 7.595196755475766004e-01 5.507582179169131509e-01 1.475576724069986689e-05
1.415890191360177215e-06 1.498608893516056584e-01 7.481243357640586789e-01 5.666460004054765243e-01 1.431502462737594184e-05
1.407595872524032748e-06 1.479669896218952507e-01 7.482096515685916494e-01 5.739998007019933013e-01 1.428878037435295318e-05
1.439913752946262314e-06 1.471485991277411975e-01 7.522554875025546650e-01 5.742917027575883404e-01 1.384672235628428810e-05
1.448218381101520112e-06 1.461444331160489385e-01 7.234929829523343292e-01 5.767348006862027532e-01 1.484324757630492448e-05
1.452717208063514591e-06 1.441696379134864148e-01 7.146867919223662824e-01 5.831967900910800529e-01 1.505683717054313398e-05
1.464058753408962196e-06 1.372399046333845629e-01 7.466159372884747514e-01 5.712603168936905007e-01 1.481319517305283629e-05
1.430482945496443864e-06 1.408288150730144239e-01 7.567493020557740646e-01 5.866708917863721062e-01 1.464908409555494006e-05
1.424962209065523017e-06 1.389516531125015719e-01 7.617528446360812833e-01 5.936470062557411831e-01 1.468571400834043085e-05
1.442675202648934186e-06 1.406160624147559934e-01 7.400243465608684623e-01 5.719116298675722687e-01 1.560389293172059517e-05
1.431277398729030379e-06 1.351456901250290277e-01 7.249620269211629608e-01 6.039064794885110610e-01 1.503409832371330903e-05
1.470386117406208702e-06 1.285882899280573477e-01 7.270924431675228616e-01 6.029228886331614579e-01 1.576247041557218029e-05
1.425426978418232863e-06 1.461381844524847207e-01 7.444437545596649386e-01 5.729944558453213821e-01 1.456832764031028535e-05
1.406764845361132157e-06 1.447685865739185285e-01 7.277319685515827308e-01 5.990022277255999672e-01 1.516635285679826613e-05
1.437931767129021292e-06 1.353224676033918938e-01 7.232194368771598381e-01 6.076711975260805643e-01 1.565043047613601075e-05
1.404727361109941821e-06 1.337521460183523914e-01 7.563894574963758721e-01 6.072586262543221425e-01 1.539935826814030944e-05
1.444318984846639208e-06 1.423465768318379621e-01 7.219847583978180605e-01 5.874076114196473686e-01 1.511677836262263858e-05
1.431383804891469650e-06 1.456564484895333522e-01 7.449233150882412779e-01 5.799493896293456130e-01 1.545516913053386824e-05
1.422110251596458503e-06 1.496132633656270805e-01 7.553474564166768879e-01 5.650959484330820848e-01 1.476073243987030477e-05
1.435163001910822762e-06 1.378233568617830418e-01 7.288418402965752829e-01 6.002205289348058193e-01 1.549473331978951297e-05
1.414361935781300277e-06 1.432025863330738114e-01 7.340695442272511251e-01 6.121790757184836229e-01 1.476360613951329087e-05
1.453311129237169809e-06 1.384236620775733118e-01 7.488969525068039923e-01 5.903592170576097420e-01 1.504004752752163182e-05
1.414910445039438577e-06 1.436582247870581142e-01 7.314358407437464571e-01 5.974897008587016778e-01 1.514424942417485589e-05
1.403993573828782251e-06 1.413703310017419834e-01 7.584245955989401544e-01 6.059866691391839755e-01 1.510061044631814969e-05
1.405972661358876425e-06 1.363460123489300679e-01 7.408865511127966652e-01 6.238598027334211205e-01 1.462039620472062855e-05
1.426936854773265815e-06 1.440271221649277733e-01 7.442168813925384985e-01 5.876337119225588657e-01 1.530908386851655121e-05
1.428024498065832522e-06 1.391296888381312047e-01 7.557992568399016786e-01 5.818119711259132076e-01 1.553015028734250938e-05
1.418649140381733415e-06 1.434518363489553083e-01 7.257345213125994121e-01 5.956100265367244573e-01 1.594581693011619945e-05
1.419753927401396415e-06 1.426643042825758989e-01 7.320377278942087340e-01 5.952664979875523787e-01 1.572529891880543825e-05
1.445921917047520016e-06 1.415507477720484297e-01 7.185080232678480172e-01 5.789822951926286709e-01 1.578079588113339874e-05
1.411331033892061392e-06 1.414019039365456143e-01 7.514391954409990193e-01 6.012609036985367972e-01 1.521964289741081861e-05
1.416736307750555276e-06 1.378438693175097762e-01 7.356046630936339259e-01 6.027861291196449089e-01 1.553654607049269605e-05
1.425151759044291513e-06 1.429450529166296224e-01 7.427097431902301983e-01 5.902853849320489621e-01 1.534888975386237706e-05
1.414499568849371488e-06 1.442674482757057564e-01 7.187864821864020648e-01 6.119972354387451796e-01 1.524297543827468903e-05
1.399095691779800992e-06 1.481514168176229496e-01 7.417217554856592177e-01 5.982993602314282677e-01 1.517768925322175857e-05
1.428851222637894026e-06 1.396307673540550243e-01 7.310958254546648938e-01 5.998843244117146867e-01 1.543925060814015527e-05
1.424924559690567272e-06 1.407055659191466523e-01 7.389917489228556846e-01 6.019880377287374351e-01 1.564617362242253269e-05
1.429505432217113014e-06 1.386715894878753352e-01 7.597232141747813916e-01 5.834768240646911464e-01 1.570872688198183702e-05
1.428151675591374556e-06 1.386776475631249783e-01 7.575461629792037410e-01 5.954916919467392322e-01 1.521977458672164866e-05
1.421223533334642569e-06 1.419666393566719753e-01 7.365017040340828824e-01 5.953059069304100781e-01 1.563683216069077626e-05
1.421182553664619711e-06 1.380055335050881515e-01 7.443909320207232616e-01 6.024810138015871397e-01 1.571136071439606545e-05
1.424457148102848926e-06 1.420806370196098789e-01 7.430039512355665066e-01 5.924196199842182153e-01 1.541232217195577406e-05
1.421877164606062298e-06 1.388699494021078951e-01 7.440967239753869533e-01 6.003467787494178864e-01 1.564792829630266846e-05
1.424005650990911235e-06 1.415187666865470317e-01 7.431951864650350181e-01 5.938068727681281578e-01 1.545355324371648024e-05
1.415544861412224081e-06 1.420750188006596193e-01 7.608445941604364826e-01 5.904510936644868924e-01 1.562672091434882265e-05
1.409306423511049606e-06 1.443955683919530553e-01 7.326657574345822876e-01 6.096483018514285979e-01 1.532444225345393516e-05
1.412841250034610586e-06 1.433938720837394376e-01 7.374008123641169199e-01 6.050682932387494439e-01 1.539169206344631697e-05
1.414235409073507172e-06 1.416714116139833890e-01 7.562469109072942341e-01 6.017241735090455013e-01 1.529828093584721221e-05
1.420000611588943864e-06 1.419149745017014852e-01 7.399571152368948912e-01 5.964291035816712272e-01 1.557758569634315373e-05
1.409851275656452236e-06 1.422777674101700918e-01 7.482581999850861365e-01 6.042720999967446938e-01 1.553117283387217762e-05
1.412328291339982338e-06 1.421449422835360521e-01 7.473721726190769576e-01 6.024406852317367722e-01 1.551758940559492872e-05
1.403893859616561293e-06 1.436667187233262311e-01 7.558138070057540681e-01 5.962719940373351069e-01 1.528711876843508359e-05
1.399687719601760098e-06 1.442589492841621635e-01 7.591782186223339224e-01 5.951287852990545524e-01 1.521530779763759648e-05
1.406930701170718975e-06 1.431708380352142707e-01 7.332944115529322904e-01 6.096800147554126692e-01 1.514200622982430586e-05
1.414037383369960603e-06 1.422667871667066819e-01 7.560233122041232212e-01 5.938161548553988478e-01 1.554189584455703340e-05
1.400089659706406227e-06 1.434716074001745056e-01 7.606083692633651694e-01 6.026568253477194714e-01 1.517686550711552665e-05
1.404262687729026126e-06 1.448125593507819109e-01 7.527939585882074125e-01 5.983833938905269711e-01 1.551769734992974499e-05
1.397646459994753632e-06 1.449659849942509793e-01 7.469181003787169759e-01 6.076550383477161699e-01 1.518576500493261212e-05
1.394368275319712110e-06 1.455058245597598554e-01 7.450970580136357935e-01 6.104228150461796787e-01 1.511453883700772922e-05
1.392764677314160613e-06 1.444677452414228069e-01 7.693475154245632552e-01 5.974375980079520421e-01 1.525359796263784119e-05
1.388749362770070322e-06 1.446825198729594919e-01 7.757368560366524335e-01 5.959114589617925395e-01 1.522597914247614468e-05
1.383846064580824478e-06 1.467317060773955795e-01 7.707220285366334078e-01 5.974535155069871095e-01 1.501105651524172125e-05
1.378149619228992906e-06 1.476490588361674683e-01 7.753919997201446090e-01 5.964560815620372214e-01 1.490974993717108111e-05
1.389587258164167211e-06 1.467090804316454888e-01 7.615312956016526691e-01 5.951560514547115099e-01 1.528545681697159980e-05
1.379544058315604086e-06 1.461267369133835703e-01 7.728406410821883066e-01 5.981385459375778701e-01 1.485172876097412746e-05
1.374600332432919678e-06 1.463895724259039188e-01 7.768499775809845076e-01 5.980895763469880055e-01 1.471853504318300734e-05
1.376061561928407878e-06 1.474274620316918805e-01 7.719213500320036836e-01 6.025970587844595716e-01 1.500868669860088835e-05
1.371336330393737519e-06 1.480611645811978350e-01 7.744699763139375470e-01 6.040907134815405310e-01 1.496736247879355011e-05
1.380751744871697117e-06 1.452646835242271117e-01 7.737242948248252983e-01 6.055461955607018831e-01 1.482782963191859639e-05
1.388041043337984998e-06 1.464563109728472812e-01 7.636650704657079736e-01 5.969743266732598919e-01 1.520537205958732302e-05
1.368850376378402989e-06 1.476039093530601420e-01 7.950362780825573905e-01 5.887749239979145344e-01 1.493536426581947181e-05
1.373889691011264129e-06 1.471422725902685191e-01 7.866155969843852125e-01 5.920789440091297484e-01 1.497918439516427010e-05
1.392607145361892491e-06 1.454276217570426022e-01 7.553387814768891539e-01 6.043510183365009558e-01 1.514194487558781384e-05
1.380282233844734705e-06 1.457021076881419575e-01 7.749587924000387318e-01 6.024063123376672824e-01 1.489038633756495792e-05
1.370786167213964096e-06 1.468405912763863785e-01 7.911330857581174714e-01 5.942517382748927490e-01 1.485319010635532338e-05
1.367458671583343690e-06 1.484489217218402657e-01 7.768935030869401626e-01 6.020274093748413380e-01 1.462004022501866131e-05
1.385023491812393172e-06 1.453416401965136329e-01 7.759392692704527583e-01 5.969817502840760737e-01 1.511993983192108399e-05
1.377822303695742780e-06 1.472851469100064925e-01 7.780637574717192972e-01 5.933627311775300228e-01 1.504745442767230052e-05
1.379851746068661118e-06 1.459791395519682566e-01 7.755021612875827586e-01 6.008236856346432786e-01 1.491787325333374220e-05
1.372660745554787747e-06 1.459545219105819192e-01 7.842125744355044059e-01 5.996635960592726633e-01 1.488951094523234423e-05
1.370423681749580401e-06 1.457990850772191982e-01 7.869106836152786055e-01 6.001056121697296852e-01 1.486520183123046747e-05
1.373778663861401674e-06 1.466972413794546404e-01 7.829166069437238917e-01 5.958293901014682925e-01 1.497134928389976612e-05
1.378788956682390705e-06 1.461048073717783891e-01 7.767996892774075013e-01 5.999496839163376283e-01 1.492723155868279613e-05
1.386045358503469339e-06 1.455414760931934004e-01 7.615523238809051021e-01 6.046805157177969070e-01 1.506564901180916997e-05
1.373456525689627556e-06 1.466132461193276060e-01 7.859564524296052124e-01 5.960767743274009156e-01 1.489037041480974594e-05
1.374852454351438484e-06 1.464499341385738229e-01 7.850910930958009404e-01 5.999689994110408708e-01 1.508256701872461532e-05
1.365304605870267437e-06 1.476783484322678475e-01 7.856531944376756726e-01 6.023206947153284530e-01 1.479940682249907065e-05
1.381572686772521211e-06 1.457505641377705996e-01 7.776392061747168238e-01 5.979160655595452400e-01 1.506384655527223055e-05
1.377563314456870156e-06 1.460747502795390895e-01 7.782822663090268600e-01 5.998924663449246575e-01 1.491968743599270643e-05
1.375381398653683768e-06 1.471328740074698826e-01 7.743795949127038059e-01 6.020103662394221677e-01 1.498485154792717919e-05
1.373297369662659637e-06 1.464815012775784742e-01 7.856076768307850289e-01 5.967941386737752874e-01 1.489019852089426594e-05
1.374414112592108294e-06 1.463508516929754311e-01 7.849153893637416113e-01 5.999079187406872737e-01 1.504395580402616110e-05
1.382550942560872003e-06 1.454642165393272846e-01 7.775939303034631322e-01 5.975181194391153694e-01 1.507385405458333570e-05
1.366775833807171668e-06 1.473335831279306563e-01 7.853650704372414637e-01 6.017892749841172728e-01 1.481742764704572773e-05
1.379790298528974476e-06 1.457913556923328691e-01 7.789538798268743625e-01 5.982655716594906803e-01 1.502897943326425464e-05
1.373170044841085301e-06 1.463761054041791687e-01 7.853286563517288821e-01 5.973680301508748069e-01 1.489006100576188227e-05
1.374837268033904648e-06 1.468972035880923011e-01 7.763461908172639703e-01 6.015410122033922891e-01 1.496578342738821220e-05
1.374063439184644227e-06 1.462715857364967342e-01 7.847748263780941480e-01 5.998590542044043294e-01 1.501306683226739840e-05
1.376582800676453589e-06 1.460507046057476499e-01 7.794683279343224136e-01 5.998466922877943031e-01 1.491365213784063399e-05
1.380572903159655152e-06 1.455622776135782059e-01 7.789176591298714314e-01 5.979472147631468282e-01 1.503698543271313808e-05
1.367952816156694969e-06 1.470577708844609255e-01 7.851345712368940077e-01 6.013641391991484397e-01 1.483184430668304697e-05
1.368490924831993253e-06 1.469721704037767473e-01 7.868503997534717076e-01 6.000716404390427083e-01 1.492245446909251693e-05
1.368781280582742564e-06 1.470315231399396683e-01 7.823741306598509526e-01 6.001443130162879003e-01 1.478679482939580602e-05
1.373139061429311404e-06 1.464045747820992560e-01 7.843547046274015333e-01 5.999089744964839488e-01 1.497346923176487050e-05
1.376966401719737973e-06 1.459840595510308314e-01 7.817024391572542363e-01 5.980571621404782157e-01 1.502466732501288280e-05
1.369530193630227579e-06 1.468698714011106576e-01 7.845339481229569589e-01 6.007854182138812060e-01 1.486558833489076849e-05
1.375389024246205362e-06 1.461719590343810993e-01 7.823030622711912851e-01 5.986358831257454494e-01 1.499092329680516128e-05
1.370555488988023649e-06 1.467477367369329766e-01 7.841435430988978883e-01 6.004092495734574264e-01 1.488752195322578647e-05
1.374363728888409293e-06 1.462940936985587803e-01 7.826934672952503558e-01 5.990120517661692290e-01 1.496898967847014330e-05
1.371221930970591158e-06 1.466683492052174853e-01 7.838897798332595812e-01 6.001647399571820030e-01 1.490177880514354951e-05
1.368635815017203151e-06 1.460530850942494963e-01 7.935082551832826070e-01 5.973297802377500743e-01 1.486512635540985318e-05
1.373752013755981749e-06 1.467494828516698047e-01 7.793495520813171762e-01 6.008040466094048959e-01 1.494816843979199937e-05
1.369324888976552152e-06 1.467686407051377873e-01 7.863228346898782917e-01 5.999900315630887215e-01 1.491586576432048306e-05
1.371509693887430518e-06 1.465255837462903776e-01 7.839543387537085684e-01 6.000645111776001794e-01 1.489932523316130913e-05
1.373068184983825833e-06 1.462917887054597244e-01 7.851054399684840313e-01 5.978271433325543782e-01 1.488995099365597466e-05
1.373043398254406673e-06 1.463145642077957886e-01 7.843262785890221522e-01 5.998598988090416695e-01 1.495667757445836558e-05
1.374401963538081226e-06 1.467086672525902136e-01 7.779194675409120130e-01 6.011655289745683195e-01 1.495052893095703792e-05
1.369440801124719943e-06 1.460333724575160474e-01 7.916491190337269224e-01 5.977965434020546809e-01 1.487000327337435071e-05
1.373533760115742948e-06 1.465904906634522276e-01 7.803221565521546443e-01 6.005759564993784494e-01 1.493643694088006766e-05
1.370995511152928837e-06 1.465378460845730701e-01 7.836406591708697800e-01 5.993885966437159096e-01 1.485575837644170049e-05
1.372685018011648052e-06 1.463536385362318171e-01 7.842062951908455037e-01 5.997774209301096615e-01 1.493901671480545029e-05
1.372999345169591751e-06 1.462580484620550347e-01 7.841133815810382712e-01 5.990691481761614146e-01 1.492898731039641951e-05
1.376653932557686127e-06 1.458107546059745352e-01 7.808611044013324953e-01 5.987752744359019497e-01 1.491769539766762083e-05
1.370607471603250671e-06 1.466010106377842181e-01 7.853670318893828384e-01 5.997774490658309698e-01 1.491618595015623065e-05
1.371926351198182550e-06 1.464112953785823290e-01 7.821831358910862342e-01 6.017182849597468852e-01 1.495410415093222892e-05
1.370817812499241530e-06 1.460409153066418997e-01 7.877108110429883459e-01 5.994264031770701884e-01 1.491468508772900178e-05
1.373058469282855264e-06 1.464943149760104257e-01 7.816151710880505643e-01 6.003747846679745592e-01 1.493263036657863130e-05
1.374724500083575559e-06 1.459877170676003588e-01 7.811651913852271090e-01 6.004638448514751925e-01 1.494151384502179770e-05
1.371327951587307410e-06 1.464936842630020497e-01 7.846317098011554858e-01 5.998975683283187532e-01 1.492061833175770615e-05
1.374004020099518820e-06 1.460950434423825273e-01 7.819005134734544615e-01 6.003437255889874091e-01 1.493708146342032219e-05
1.371796263576944460e-06 1.464239221193936458e-01 7.841537504438078621e-01 5.999756458489358124e-01 1.492349937979866472e-05
1.372078084560875651e-06 1.463997640101122322e-01 7.825877677510381103e-01 6.013301121538194849e-01 1.495108666370687387e-05
1.372665600046159851e-06 1.460343452357119043e-01 7.842113185865726699e-01 5.996863610334400851e-01 1.489941209914696612e-05
1.372936479738002969e-06 1.462771664768904023e-01 7.841319643029996955e-01 5.992108027269510417e-01 1.493099319127822601e-05
1.372983779028613779e-06 1.464661796880546984e-01 7.821333959086095300e-01 6.002553119204016019e-01 1.493390763622399578e-05
1.371599364872175581e-06 1.464656751176479921e-01 7.845466268790934894e-01 5.998735388486768905e-01 1.492429800836725566e-05
1.373740219681944285e-06 1.461467624611524074e-01 7.823616698169326700e-01 6.002304646572120816e-01 1.493746851369734713e-05
1.371974014463885136e-06 1.464098654027612689e-01 7.841642593932154348e-01 5.999360008651705156e-01 1.492660284680002251e-05
1.373365570090234730e-06 1.462025721760391306e-01 7.827440373028107246e-01 6.001680026407184565e-01 1.493516367526458028e-05
1.372217536698496241e-06 1.463735890880848989e-01 7.839157205273945550e-01 5.999766011758913553e-01 1.492810099178132029e-05
1.372049308593459326e-06 1.461092216507578478e-01 7.854878306349305506e-01 5.997372072876830940e-01 1.492553622806353953e-05
1.372212840919611345e-06 1.461716893072847745e-01 7.849008045578241832e-01 5.998278755984087773e-01 1.492700122449161768e-05
1.372186383925294360e-06 1.465959937317297124e-01 7.836857023454681936e-01 6.003627640006322652e-01 1.497106741527842711e-05
1.372090540701121305e-06 1.467083234309332629e-01 7.835805790972474316e-01 6.004980445940706346e-01 1.498539847850471931e-05
1.372621986163676540e-06 1.463457117368146543e-01 7.838892931318757196e-01 6.002269889880769149e-01 1.495956509204291566e-05
1.372702876056712515e-06 1.463401362665606165e-01 7.838840076527719969e-01 6.002770665505141601e-01 1.496585791209523609e-05
1.371809601651653715e-06 1.464673222638772365e-01 7.835738666961796772e-01 6.014192929664426979e-01 1.497061878087281601e-05
1.372006805316764665e-06 1.464340450011545336e-01 7.836715337773731971e-01 6.010328071745316691e-01 1.496368430269376107e-05
1.372639485131136555e-06 1.463584371270723605e-01 7.855515696586753416e-01 5.991810615478592172e-01 1.495556436403891896e-05
1.372176329660671478e-06 1.463925318055802616e-01 7.831064330848747090e-01 6.009540282977764436e-01 1.495187026126498108e-05
1.371829076339973355e-06 1.464201199086921090e-01 7.834930973764795414e-01 6.012043957186354870e-01 1.497277573152415689e-05
1.371978866132516131e-06 1.464084856685115565e-01 7.836179069939934738e-01 6.009546751306433787e-01 1.496686790359838044e-05
1.372146019464754193e-06 1.464152632542357613e-01 7.837140285524529792e-01 6.008816590497281229e-01 1.496411902457405539e-05
1.372281638939879686e-06 1.463820526977763214e-01 7.832619479984541666e-01 6.008186359483239647e-01 1.495466779143103208e-05
1.372289682351577991e-06 1.465448222386958876e-01 7.837253634069289987e-01 6.003456245106086886e-01 1.497002551464178823e-05
1.372310847947031579e-06 1.462053786991399373e-01 7.846974451768137238e-01 5.999177137888298539e-01 1.493477256201234204e-05
1.372688589620660860e-06 1.463509380822975714e-01 7.841418376832307580e-01 5.998773500541905168e-01 1.494438495426340677e-05
1.372562306460037626e-06 1.461326853613082177e-01 7.841543434185602734e-01 6.003633456460260032e-01 1.493549538310864073e-05
1.372641724269786289e-06 1.464430515657314247e-01 7.829650209453741239e-01 6.009695091106834752e-01 1.497103746417660706e-05
1.372814967408900908e-06 1.462907771142771263e-01 7.842817473025018860e-01 6.001289362161329466e-01 1.495769010385614633e-05
1.372374971421958495e-06 1.463660794706639623e-01 7.834404128766625508e-01 6.006979384951904866e-01 1.495519669610542793e-05
1.372257390783145900e-06 1.464002378567007268e-01 7.837480243725167828e-01 6.007607405498853748e-01 1.496446680207829221e-05
1.372691446907871191e-06 1.463487777191501693e-01 7.840902716771389613e-01 5.999572933534552677e-01 1.494867954582977332e-05
1.372653954627171619e-06 1.464224685058972686e-01 7.831488182868536763e-01 6.008310205986495678e-01 1.497000155376033219e-05
1.372590420379372689e-06 1.461741755423587030e-01 7.841002762654025737e-01 6.003460898269236123e-01 1.494156788890595912e-05
1.372365886363246167e-06 1.463736694115331805e-01 7.833863599293177105e-01 6.007103220687619594e-01 1.495690581556387356e-05
1.372389253568967766e-06 1.462323302126241342e-01 7.845347576720055338e-01 5.999895843411666707e-01 1.494098963202891882e-05
