7.245538305590271989e-03
3.465358003725074049e-02
7.478583696320458343e-03
2.965634287841536695e-02
2.483285225189018827e-02
6.752446911307297475e-03
3.784697735789495365e-02
4.399635210678668612e-02
5.450596379312882406e-02
5.905767958811825036e-02
6.388496434244311795e-02
6.292301761057604581e-02
4.505720495993027069e-02
4.037435971445117039e-02
5.011131559955753212e-02
4.988626876894201173e-02
5.725928904985527756e-02
5.335945058314271044e-02
5.560611915300085750e-02
5.767550691126612644e-02
5.812327293963424901e-02
2.789261264375709343e-02
6.246331861897722049e-02
4.029787027443769432e-02
6.461157190481520152e-02
5.278312275949212373e-02
5.994273942890875062e-02
6.640945820304122726e-02
6.925271558604943756e-02
6.301672689897025448e-02
6.170001311003129457e-02
7.170235817615094875e-02
7.362850837409920524e-02
6.867146067899951301e-02
7.019856570114066385e-02
7.352529572969412897e-02
7.954574988195900476e-02
8.087546838530125515e-02
8.370495351948974150e-02
9.030170331590645083e-02
9.260065560734929979e-02
8.398596099803276593e-02
9.583933887376015759e-02
8.847295281761712038e-02
7.688405452045846133e-02
8.350021358406388428e-02
9.861331457361151298e-02
9.913836242308372848e-02
8.626151555186280240e-02
8.781319487026174875e-02
7.613646540346175051e-02
9.731224738013351250e-02
9.547289980167834866e-02
8.708713029265131855e-02
8.852724498436748135e-02
9.846359142770248762e-02
9.415622792452069123e-02
9.281774140006711360e-02
9.364489733600900312e-02
8.477373634364455957e-02
9.021444784954513185e-02
7.869697747972292934e-02
9.850313713750975808e-02
9.595942109656349639e-02
9.366100519236883470e-02
9.320532419156041248e-02
8.769807200091364607e-02
9.546479367557307583e-02
9.762496481453347696e-02
9.674120310437787917e-02
9.536277497365631961e-02
9.370509482455877115e-02
9.831616058687669968e-02
9.475093297808327708e-02
9.803025914610659364e-02
9.583467404284612412e-02
9.710848289462137295e-02
9.546862341440841282e-02
9.639538311212085542e-02
9.787200479621796512e-02
9.547537348293784476e-02
9.858860477538626543e-02
9.846648825898111912e-02
9.572946719039644725e-02
9.502119707734586751e-02
9.480923012449178622e-02
9.721619343354598319e-02
9.789458492180998228e-02
9.576960476513433906e-02
9.728209389890093983e-02
9.614456244893325454e-02
9.778473030326276239e-02
9.806640973647522130e-02
9.644057916972575972e-02
9.488056238702162470e-02
9.290976506325808459e-02
9.558574359837097856e-02
9.446084163295749569e-02
9.693420501149221935e-02
9.695633449278399929e-02
9.748434425300710193e-02
9.382453826418735154e-02
9.467535615705242880e-02
9.495145585013468892e-02
9.639348685796107763e-02
9.754561228439345699e-02
9.550443862488992852e-02
9.350563694965056960e-02
9.838688614222816653e-02
9.383586387625514336e-02
9.776686451889227136e-02
9.825062819516415524e-02
9.801555285120769345e-02
9.635074108560139072e-02
9.828959727773120547e-02
9.551173811324978336e-02
9.690203919445045111e-02
9.932937776884930015e-02
9.698282269015190415e-02
9.793644154957356629e-02
9.763226639854714894e-02
9.689933593275114332e-02
9.703154050992081336e-02
9.903627075091919751e-02
9.824978111700512218e-02
9.698777465981718582e-02
9.802328896380133050e-02
9.754756938077195627e-02
9.739803085419236617e-02
9.884088142682699585e-02
9.755124819848645656e-02
9.759940426349827947e-02
9.713382266718874336e-02
9.771224421070452693e-02
9.595884771700320670e-02
9.879061486268474190e-02
9.804356709713799023e-02
9.720840708464592583e-02
9.778295170322506835e-02
9.722450275270828890e-02
9.813910081982897549e-02
9.757747172239181199e-02
9.760431905951152953e-02
9.737967393335797417e-02
9.750586257208201935e-02
9.738691649921563109e-02
9.752092902373314665e-02
9.864280102230940650e-02
9.731015942256636408e-02
9.775901493054267588e-02
9.762555197931289952e-02
9.669519091865547145e-02
9.863639850980157608e-02
9.808710116259471146e-02
9.775369748039061668e-02
9.787481725220645301e-02
9.841995193924781005e-02
9.795877126162590154e-02
9.806274720877897200e-02
9.845558075214266847e-02
9.804844265657058910e-02
9.813733848674136007e-02
9.786990413114127207e-02
9.862495639172759454e-02
9.843349059280946667e-02
9.853857650067442131e-02
9.810448349050185368e-02
9.793240255293880758e-02
9.856221261602293726e-02
9.809725830614092479e-02
9.846466275144943880e-02
9.851293509099900980e-02
9.818333359179197417e-02
9.870893348318159066e-02
9.871636444003133171e-02
9.821403342613055365e-02
9.885298910867260092e-02
9.894771489865263059e-02
9.859453086250594134e-02
9.874003681955101364e-02
9.863051457083830964e-02
9.873832554468919831e-02
9.868251500432891066e-02
9.843012240383341993e-02
9.883988605778123993e-02
9.860271702333127386e-02
9.828764031048109473e-02
9.830846669264434179e-02
9.883328541563426994e-02
9.868490397172302586e-02
9.872682877997654427e-02
9.886360487979696521e-02
9.845346424475744096e-02
9.873073844824288570e-02
9.851650654286243924e-02
9.898231594842292480e-02
9.890849417407771016e-02
9.846356820155867384e-02
9.876877422154360653e-02
