1.126000000000000112e+00 1.130797871825434554e-03
1.126987992296117014e+00 1.177102857640893382e-03
1.127977719913760390e+00 1.217332899103991352e-03
1.128969187428857879e+00 1.250342910523120649e-03
1.129962399433440456e+00 1.276577359747229279e-03
1.130957360535711942e+00 1.297856046429338682e-03
1.131954075360122047e+00 1.316950465825809675e-03
1.132952548547436100e+00 1.337026737391582747e-03
1.133952784754808318e+00 1.361048370775234419e-03
1.134954788655853974e+00 1.391234885259689646e-03
1.135958564940721782e+00 1.428660556472635982e-03
1.136964118316167838e+00 1.473053418110775378e-03
1.137971453505628228e+00 1.522821887171601097e-03
1.138980575249294080e+00 1.575300009279984080e-03
1.139991488304184397e+00 1.627167878880414519e-03
1.141004197444223101e+00 1.674976574789136322e-03
1.142018707460311200e+00 1.715691200911896152e-03
1.143035023160405395e+00 1.747163799276890261e-03
1.144053149369591793e+00 1.768460244012714892e-03
1.145073090930163184e+00 1.779989652625331431e-03
1.146094852701695865e+00 1.783417303663758233e-03
1.147118439561126468e+00 1.781377179395607097e-03
1.148143856402830121e+00 1.777032348815933173e-03
1.149171108138697273e+00 1.773555365741543832e-03
1.150200199698214076e+00 1.773613001361327339e-03
1.151231136028538549e+00 1.778938246092052426e-03
1.152263922094582727e+00 1.790058037620463356e-03
1.153298562879090827e+00 1.806220032205425700e-03
1.154335063382718740e+00 1.825529931575101128e-03
1.155373428624115739e+00 1.845277351215080658e-03
1.156413663640005973e+00 1.862398139780234180e-03
1.157455773485268402e+00 1.873999100696523059e-03
1.158499763233019175e+00 1.877860710673484547e-03
1.159545637974695120e+00 1.872836436576873296e-03
1.160593402820134123e+00 1.859083331402087719e-03
1.161643062897660617e+00 1.838085361878500409e-03
1.162694623354169066e+00 1.812464210413227382e-03
1.163748089355205462e+00 1.785606753762870825e-03
1.164803466085055916e+00 1.761168390604269871e-03
1.165860758746828818e+00 1.742531864163677320e-03
1.166919972562540542e+00 1.732308733531331057e-03
1.167981112773203378e+00 1.731963874691281420e-03
1.169044184638909245e+00 1.741623419605671476e-03
1.170109193438919171e+00 1.760096649294396734e-03
1.171176144471748781e+00 1.785107450668789366e-03
1.172245043055257785e+00 1.813696722513535604e-03
1.173315894526736125e+00 1.842729121970696545e-03
1.174388704242995241e+00 1.869420303049754671e-03
1.175463477580455329e+00 1.891797123695941694e-03
1.176540219935237941e+00 1.909013869928467355e-03
1.177618936723252130e+00 1.921470815956251993e-03
1.178699633380288825e+00 1.930713841856388120e-03
1.179782315362111200e+00 1.939130284253795479e-03
1.180866988144545493e+00 1.949490842678187766e-03
1.181953657223574483e+00 1.964414461402275592e-03
1.183042328115429642e+00 1.985847951472948826e-03
1.184133006356684392e+00 2.014651870030481802e-03
1.185225697504348696e+00 2.050368419058554246e-03
1.186320407135962984e+00 2.091218055453395938e-03
1.187417140849692743e+00 2.134333650250560838e-03
1.188515904264424883e+00 2.176200570627831107e-03
1.189616703019862110e+00 2.213234781284924031e-03
1.190719542776621509e+00 2.242405234837366399e-03
1.191824429216329584e+00 2.261796086827834798e-03
1.192931368041720619e+00 2.271010838163858153e-03
1.194040364976735713e+00 2.271343746635785203e-03
1.195151425766620035e+00 2.265680359188065526e-03
1.196264556178022742e+00 2.258133139942113728e-03
1.197379761999095793e+00 2.253462857726347326e-03
1.198497049039596751e+00 2.256374299356280443e-03
1.199616423130986265e+00 2.270799485683056701e-03
1.200737890126532648e+00 2.299288283266170529e-03
1.201861455901411802e+00 2.342613238510917947e-03
1.202987126352810021e+00 2.399663883397058859e-03
1.204114907400029022e+00 2.467660072326933497e-03
1.205244804984587415e+00 2.542642622083941557e-03
1.206376825070326175e+00 2.620238558803304404e-03
1.207510973643513230e+00 2.696567040830962717e-03
1.208647256712948925e+00 2.768873560491103003e-03
1.209785680310073053e+00 2.836229413115672754e-03
1.210926250489070988e+00 2.899870401971320517e-03
1.212068973326979604e+00 2.963174114508465920e-03
1.213213854923797186e+00 3.031260754765981082e-03
1.214360901402591786e+00 3.110266222659181443e-03
1.215510118909608916e+00 3.206395288078781221e-03
1.216661513614383239e+00 3.324907074918511275e-03
1.217815091709847364e+00 3.469206213964399869e-03
1.218970859412443097e+00 3.640205875717524193e-03
1.220128822962234905e+00 3.836092852423346900e-03
1.221288988623019378e+00 4.052564189202944797e-03
1.222451362682440701e+00 4.283528280831691223e-03
1.223615951452102335e+00 4.522182794455904299e-03
1.224782761267683151e+00 4.762310581112239559e-03
1.225951798489049782e+00 4.999585468580197180e-03
1.227123069500375196e+00 5.232662176111778710e-03
1.228296580710252384e+00 5.463843646498613670e-03
1.229472338551812483e+00 5.699174278379477016e-03
1.230650349482842243e+00 5.947892401327787605e-03
1.231830619985901931e+00 6.221278187508805582e-03
1.233013156568444346e+00 6.531038625118389639e-03
1.234197965762934945e+00 6.887462190603330439e-03
1.235385054126971083e+00 7.297636395499681322e-03
1.236574428243403911e+00 7.764038935716133932e-03
1.237766094720459620e+00 8.283781034495113840e-03
1.238960060191861778e+00 8.848700426566644128e-03
1.240156331316954574e+00 9.446379891599228015e-03
1.241354914780826935e+00 1.006202117584607293e-02
1.242555817294437093e+00 1.068095475192617008e-02
1.243759045594736268e+00 1.129143677000719014e-02
1.244964606444796784e+00 1.188729819557008023e-02
1.246172506633937749e+00 1.246998514653212785e-02
1.247382752977852505e+00 1.304957354103976688e-02
1.248595352318737195e+00 1.364445505245352741e-02
1.249810311525418882e+00 1.427956410517586087e-02
1.251027637493486333e+00 1.498322659378752489e-02
1.252247337145420136e+00 1.578293223997115358e-02
1.253469417430722599e+00 1.670053239104259471e-02
1.254693885326052527e+00 1.774751258216319613e-02
1.255920747835354900e+00 1.892105833721204750e-02
1.257150011989997207e+00 2.020160650374014030e-02
1.258381684848900894e+00 2.155244796588694917e-02
1.259615773498678593e+00 2.292172949739619547e-02
1.260852285053770450e+00 2.424691482724969718e-02
1.262091226656578691e+00 2.546144103336046502e-02
1.263332605477606396e+00 2.650298702124223929e-02
1.264576428715595835e+00 2.732249934777164144e-02
1.265822703597668353e+00 2.789293684161699843e-02
1.267071437379462040e+00 2.821663000650322800e-02
1.268322637345275172e+00 2.833022077552688200e-02
1.269576310808206099e+00 2.830635251739788139e-02
1.270832465110296461e+00 2.825160119972616735e-02
1.272091107622674411e+00 2.830054212346520826e-02
1.273352245745698719e+00 2.860628639377497950e-02
1.274615886909103546e+00 2.932824468288329489e-02
1.275882038572145216e+00 3.061823064589205140e-02
1.277150708223747877e+00 3.260625747757198156e-02
1.278421903382652269e+00 3.538747645447856000e-02
1.279695631597562944e+00 3.901164101765752096e-02
1.280971900447299028e+00 4.347625839305609835e-02
1.282250717540943441e+00 4.872423615458421758e-02
1.283532090517995217e+00 5.464638284277143626e-02
1.284816027048520271e+00 6.108863041285949452e-02
1.286102534833305722e+00 6.786336765139434901e-02
1.287391621604013325e+00 7.476386173282534298e-02
1.288683295123334016e+00 8.158044527694019443e-02
1.289977563185144005e+00 8.811699002661869951e-02
1.291274433614661987e+00 9.420618917168019357e-02
1.292573914268606350e+00 9.972232277303402781e-02
1.293876013035353711e+00 1.045904610938699769e-01
1.295180737835098794e+00 1.087914310173354326e-01
1.296488096620015629e+00 1.123624029001132896e-01
1.297798097374417203e+00 1.153928714223514257e-01
1.299110748114920444e+00 1.180166708158094380e-01
1.300426056890607862e+00 1.204015221622094789e-01
1.301744031783193201e+00 1.227360798410184056e-01
1.303064680907186412e+00 1.252159445568178930e-01
1.304388012410060194e+00 1.280295520508739626e-01
1.305714034472417628e+00 1.313448078008528919e-01
1.307042755308160942e+00 1.352971817397069232e-01
1.308374183164660698e+00 1.399798033587627555e-01
1.309708326322927663e+00 1.454359334626602607e-01
1.311045193097781558e+00 1.516540534138011986e-01
1.312384791838027587e+00 1.585657142919685847e-01
1.313727130926627851e+00 1.660462238258367529e-01
1.315072218780876323e+00 1.739182049917474271e-01
1.316420063852575595e+00 1.819580169832060446e-01
1.317770674628213401e+00 1.899049652387840570e-01
1.319124059629140922e+00 1.974731244045353773e-01
1.320480227411752194e+00 2.043654470788243138e-01
1.321839186567663527e+00 2.102896346233238956e-01
1.323200945723896238e+00 2.149750204413379273e-01
1.324565513543057849e+00 2.181894895974229587e-01
1.325932898723527265e+00 2.197552690191799385e-01
1.327303109999638409e+00 2.195623105259942587e-01
1.328676156141866516e+00 2.175779916049545293e-01
1.330052045957015094e+00 2.138520024504288186e-01
1.331430788288405109e+00 2.085155817027649627e-01
1.332812392016063274e+00 2.017746961630145219e-01
1.334196866056913677e+00 1.938972982860761862e-01
1.335584219364968961e+00 1.851953866655663139e-01
1.336974460931523057e+00 1.760031721500065205e-01
1.338367599785346362e+00 1.666531428269243387e-01
1.339763644992881142e+00 1.574521557406383665e-01
1.341162605658436702e+00 1.486598063910857526e-01
1.342564490924390119e+00 1.404712057799177571e-01
1.343969309971381643e+00 1.330059248058761134e-01
1.345377072018519193e+00 1.263042745342786710e-01
1.346787786323576430e+00 1.203313358783161396e-01
1.348201462183198140e+00 1.149883157739319123e-01
1.349618108933102745e+00 1.101299865652564797e-01
1.351037735948290130e+00 1.055862619415825349e-01
1.352460352643244823e+00 1.011854674860308417e-01
1.353885968472148260e+00 9.677664551368413137e-02
1.355314592929085071e+00 9.224832878188857221e-02
1.356746235548255131e+00 8.754162364034179244e-02
1.358180905904185831e+00 8.265611823260506086e-02
1.359618613611944804e+00 7.764799774426799084e-02
1.361059368327355079e+00 7.262070205540488432e-02
1.362503179747211357e+00 6.770938340168132508e-02
1.363950057609498057e+00 6.306119604059601258e-02
1.365400011693606253e+00 5.881397635099180204e-02
1.366853051820556830e+00 5.507608019947192457e-02
1.368309187853220088e+00 5.191000446873680896e-02
1.369768429696540002e+00 4.932194543750205440e-02
1.371230787297757381e+00 4.725869557953316091e-02
1.372696270646638572e+00 4.561234609127998163e-02
1.374164889775699727e+00 4.423226351340599910e-02
1.375636654760438393e+00 4.294287310011272313e-02
1.377111575719562442e+00 4.156502982883831382e-02
1.378589662815221883e+00 3.993828772228304874e-02
1.380070926253243568e+00 3.794125092087291540e-02
1.381555376283364778e+00 3.550742269277587515e-02
1.383043023199470367e+00 3.263453143532717843e-02
1.384533877339829910e+00 2.938613283705841100e-02
1.386027949087338174e+00 2.588525848603647622e-02
1.387525248869755812e+00 2.230087778864819903e-02
1.389025787159951619e+00 1.882883389201693569e-02
1.390529574476147223e+00 1.566959138828202119e-02
1.392036621382161998e+00 1.300550901980854560e-02
1.393546938487661091e+00 1.098037948659918647e-02
1.395060536448405220e+00 9.683661344933050530e-03
1.396577425966499586e+00 9.141210345214489247e-03
1.398097617790646341e+00 9.313483249005778675e-03
1.399621122716400601e+00 1.010124693473376384e-02
1.401147951586422913e+00 1.135790212965340565e-02
1.402678115290738603e+00 1.290670525651440095e-02
1.404211624766996236e+00 1.456083529631369000e-02
1.405748491000727851e+00 1.614348801911314607e-02
1.407288725025611198e+00 1.750582707627044293e-02
1.408832337923734634e+00 1.854068774053950486e-02
1.410379340825861805e+00 1.919057543502759866e-02
1.411929744911700313e+00 1.944931817078064326e-02
1.413483561410169731e+00 1.935754623639975719e-02
1.415040801599673825e+00 1.899293982214009593e-02
1.416601476808373228e+00 1.845679517451915760e-02
1.418165598414459661e+00 1.785883890607933844e-02
1.419733177846432826e+00 1.730232842651044725e-02
1.421304226583378183e+00 1.687131221906441533e-02
1.422878756155248059e+00 1.662152179642926303e-02
1.424456778143142976e+00 1.657579328390101220e-02
1.426038304179596539e+00 1.672425687531575375e-02
1.427623345948860090e+00 1.702888088495859223e-02
1.429211915187190263e+00 1.743140221716233881e-02
1.430804023683140525e+00 1.786328757267959325e-02
1.432399683277851388e+00 1.825619357092535949e-02
1.433998905865343287e+00 1.855144135390311005e-02
1.435601703392814343e+00 1.870727226225985321e-02
1.437208087860935457e+00 1.870305823101854614e-02
1.438818071324151404e+00 1.854013643829524952e-02
1.440431665890981705e+00 1.823944622726372117e-02
1.442048883724324604e+00 1.783659356076336758e-02
1.443669737041762158e+00 1.737529333309791382e-02
1.445294238115867769e+00 1.690030294856884746e-02
1.446922399274517490e+00 1.645094775201176932e-02
1.448554232901199557e+00 1.605616287804279702e-02
1.450189751435329688e+00 1.573167305864641222e-02
1.451828967372567725e+00 1.547955505667103840e-02
1.453471893265134263e+00 1.529003808954801369e-02
1.455118541722132175e+00 1.514505595097701517e-02
1.456768925409868798e+00 1.502282028453491743e-02
1.458423057052181004e+00 1.490256998369956544e-02
1.460080949430762276e+00 1.476867782937475899e-02
1.461742615385490884e+00 1.461345083565660646e-02
1.463408067814762958e+00 1.443821444994729426e-02
1.465077319675824219e+00 1.425257792975867695e-02
1.466750383985108819e+00 1.407208770228174366e-02
1.468427273818574630e+00 1.391473795292209707e-02
1.470108002312046080e+00 1.379698319405450561e-02
1.471792582661556104e+00 1.372996155869788543e-02
1.473481028123691416e+00 1.371658403419746472e-02
1.475173352015941353e+00 1.374998658675550406e-02
1.476869567717046916e+00 1.381360801041446422e-02
1.478569688667353610e+00 1.388288621742886364e-02
1.480273728369166264e+00 1.392830374339894435e-02
1.481981700387106970e+00 1.391930086665905952e-02
1.483693618348475241e+00 1.382844414229504083e-02
1.485409495943609492e+00 1.363520758278965496e-02
1.487129346926251872e+00 1.332879507641665170e-02
1.488853185113917732e+00 1.290959169760337415e-02
1.490581024388262232e+00 1.238905075244722993e-02
1.492312878695457590e+00 1.178806656167405258e-02
1.494048762046563450e+00 1.113411135067917009e-02
1.495788688517908360e+00 1.045759300898827134e-02
1.497532672251467467e+00 9.787992711144629862e-03
1.499280727455248874e+00 9.150354080162383108e-03
1.501032868403676668e+00 8.562619825906558901e-03
1.502789109437979942e+00 8.034162519583354714e-03
1.504549464966586036e+00 7.565659283290167986e-03
1.506313949465511781e+00 7.150248137797776335e-03
1.508082577478762509e+00 6.775710238619808701e-03
1.509855363618730850e+00 6.427276794483160680e-03
1.511632322566598186e+00 6.090583020968457113e-03
1.513413469072741879e+00 5.754293308399226897e-03
1.515198817957142063e+00 5.411998435216604404e-03
1.516988384109793087e+00 5.063121960755600365e-03
1.518782182491116739e+00 4.712744797188319311e-03
1.520580228132380585e+00 4.370435553017790187e-03
1.522382536136117182e+00 4.048330771562370575e-03
1.524189121676545966e+00 3.758819552358060815e-03
1.526000000000000023e+00 3.512235536561035890e-03
