1.126000000000000112e+00 8.983522940573026444e-04
1.126987992296117014e+00 9.862026181120585409e-04
1.127977719913760390e+00 1.006713187694669278e-03
1.128969187428857879e+00 1.039355044243047213e-03
1.129962399433440456e+00 1.122094612972608131e-03
1.130957360535711942e+00 1.141468815747377500e-03
1.131954075360122047e+00 1.155998419708101702e-03
1.132952548547436100e+00 1.116490233733869863e-03
1.133952784754808318e+00 9.904414283708436791e-04
1.134954788655853974e+00 1.026418588909721848e-03
1.135958564940721782e+00 1.130992514537752834e-03
1.136964118316167838e+00 1.114779344259254120e-03
1.137971453505628228e+00 1.098142725289874251e-03
1.138980575249294080e+00 1.148595141922229262e-03
1.139991488304184397e+00 1.196282661584696649e-03
1.141004197444223101e+00 1.160933537749947930e-03
1.142018707460311200e+00 1.157717574894777564e-03
1.143035023160405395e+00 1.230561390884261398e-03
1.144053149369591793e+00 1.317276508393833145e-03
1.145073090930163184e+00 1.549922889951383005e-03
1.146094852701695865e+00 1.627824668039749758e-03
1.147118439561126468e+00 1.312974830173146762e-03
1.148143856402830121e+00 1.143926670681885216e-03
1.149171108138697273e+00 1.238971012056147266e-03
1.150200199698214076e+00 1.279486758125112636e-03
1.151231136028538549e+00 1.295947973957808485e-03
1.152263922094582727e+00 1.322004159445862867e-03
1.153298562879090827e+00 1.309632248573212388e-03
1.154335063382718740e+00 1.250094506480723452e-03
1.155373428624115739e+00 1.221857507236402208e-03
1.156413663640005973e+00 1.276463008592206841e-03
1.157455773485268402e+00 1.355436367761313600e-03
1.158499763233019175e+00 1.497405332082985506e-03
1.159545637974695120e+00 1.546804871816888144e-03
1.160593402820134123e+00 1.393263974489974445e-03
1.161643062897660617e+00 1.339596960425531611e-03
1.162694623354169066e+00 1.404498138011545886e-03
1.163748089355205462e+00 1.395818877940178298e-03
1.164803466085055916e+00 1.372171615100459003e-03
1.165860758746828818e+00 1.379781650030874459e-03
1.166919972562540542e+00 1.399461981415742792e-03
1.167981112773203378e+00 1.401086890591240466e-03
1.169044184638909245e+00 1.397804565673811499e-03
1.170109193438919171e+00 1.422382690655240927e-03
1.171176144471748781e+00 1.429490323912153017e-03
1.172245043055257785e+00 1.425285781577180456e-03
1.173315894526736125e+00 1.398944740371709091e-03
1.174388704242995241e+00 1.344679909996450255e-03
1.175463477580455329e+00 1.350999587314959550e-03
1.176540219935237941e+00 1.436839280407064406e-03
1.177618936723252130e+00 1.554131264065947973e-03
1.178699633380288825e+00 1.610719142033227233e-03
1.179782315362111200e+00 1.622254632878128867e-03
1.180866988144545493e+00 1.686835906777675110e-03
1.181953657223574483e+00 1.742775894117040616e-03
1.183042328115429642e+00 1.825760323464814018e-03
1.184133006356684392e+00 1.892605562385469469e-03
1.185225697504348696e+00 1.712720889567525802e-03
1.186320407135962984e+00 1.493803759445714576e-03
1.187417140849692743e+00 1.490686805222118765e-03
1.188515904264424883e+00 1.535552419507723405e-03
1.189616703019862110e+00 1.559616182106030556e-03
1.190719542776621509e+00 1.630409053577143138e-03
1.191824429216329584e+00 1.715765501374054425e-03
1.192931368041720619e+00 1.768692443823641127e-03
1.194040364976735713e+00 1.790832877876619936e-03
1.195151425766620035e+00 1.815237798853687771e-03
1.196264556178022742e+00 1.873452757020727631e-03
1.197379761999095793e+00 1.980417111624819572e-03
1.198497049039596751e+00 2.003169797434395383e-03
1.199616423130986265e+00 1.840505651948546890e-03
1.200737890126532648e+00 1.694494735969179645e-03
1.201861455901411802e+00 1.698451625312898160e-03
1.202987126352810021e+00 1.786983716852304531e-03
1.204114907400029022e+00 1.932970034627858958e-03
1.205244804984587415e+00 2.076857070987588299e-03
1.206376825070326175e+00 2.184543395509893227e-03
1.207510973643513230e+00 2.295576047856881345e-03
1.208647256712948925e+00 2.402110050325638457e-03
1.209785680310073053e+00 2.513295579622583029e-03
1.210926250489070988e+00 2.682204876008026633e-03
1.212068973326979604e+00 2.827097020496163998e-03
1.213213854923797186e+00 2.750081683941086198e-03
1.214360901402591786e+00 2.544674525223565836e-03
1.215510118909608916e+00 2.520937749669998826e-03
1.216661513614383239e+00 2.698009222286972160e-03
1.217815091709847364e+00 2.954800668046386053e-03
1.218970859412443097e+00 3.222013907301077718e-03
1.220128822962234905e+00 3.462203327725962756e-03
1.221288988623019378e+00 3.770303341559167257e-03
1.222451362682440701e+00 4.123916425809229062e-03
1.223615951452102335e+00 4.526032322430414111e-03
1.224782761267683151e+00 5.050929731400746400e-03
1.225951798489049782e+00 5.223021731072308160e-03
1.227123069500375196e+00 4.799883814643877110e-03
1.228296580710252384e+00 4.504171091876474700e-03
1.229472338551812483e+00 4.696705546988848984e-03
1.230650349482842243e+00 5.033623879275066909e-03
1.231830619985901931e+00 5.434775184337969564e-03
1.233013156568444346e+00 5.940286375260455005e-03
1.234197965762934945e+00 6.471341186661854622e-03
1.235385054126971083e+00 7.076588136531778046e-03
1.236574428243403911e+00 7.767287657108394062e-03
1.237766094720459620e+00 8.589084986280932227e-03
1.238960060191861778e+00 9.490326307812565684e-03
1.240156331316954574e+00 9.802334501215330745e-03
1.241354914780826935e+00 9.361077576787420543e-03
1.242555817294437093e+00 9.173594302734953618e-03
1.243759045594736268e+00 9.556435790461436167e-03
1.244964606444796784e+00 1.005510227517975551e-02
1.246172506633937749e+00 1.076931103704535653e-02
1.247382752977852505e+00 1.164855375340139929e-02
1.248595352318737195e+00 1.251759299899248175e-02
1.249810311525418882e+00 1.362070201411968474e-02
1.251027637493486333e+00 1.489254064948571966e-02
1.252247337145420136e+00 1.612570276861940988e-02
1.253469417430722599e+00 1.712435888277816926e-02
1.254693885326052527e+00 1.750524356478239812e-02
1.255920747835354900e+00 1.736104557655139546e-02
1.257150011989997207e+00 1.724568573783979292e-02
1.258381684848900894e+00 1.767389065375011420e-02
1.259615773498678593e+00 1.870495414829605879e-02
1.260852285053770450e+00 1.992591593232105260e-02
1.262091226656578691e+00 2.118198521540299792e-02
1.263332605477606396e+00 2.245917476977011065e-02
1.264576428715595835e+00 2.385692004261845064e-02
1.265822703597668353e+00 2.553862877352298597e-02
1.267071437379462040e+00 2.675863666823313086e-02
1.268322637345275172e+00 2.702788832616792938e-02
1.269576310808206099e+00 2.709051996525433520e-02
1.270832465110296461e+00 2.726976410129507838e-02
1.272091107622674411e+00 2.746865365413326057e-02
1.273352245745698719e+00 2.806543138881139113e-02
1.274615886909103546e+00 2.939132517174382342e-02
1.275882038572145216e+00 3.151706558717984330e-02
1.277150708223747877e+00 3.448029718383530812e-02
1.278421903382652269e+00 3.829642076662106986e-02
1.279695631597562944e+00 4.260824449496323357e-02
1.280971900447299028e+00 4.694087596689022063e-02
1.282250717540943441e+00 5.142804434055024687e-02
1.283532090517995217e+00 5.624307711981667984e-02
1.284816027048520271e+00 6.112635521937175714e-02
1.286102534833305722e+00 6.587779211797088752e-02
1.287391621604013325e+00 7.067321538313296736e-02
1.288683295123334016e+00 7.586591501395861803e-02
1.289977563185144005e+00 8.136857357383722733e-02
1.291274433614661987e+00 8.692393425069350199e-02
1.292573914268606350e+00 9.220426829286208770e-02
1.293876013035353711e+00 9.650173506197128048e-02
1.295180737835098794e+00 1.000398352374962524e-01
1.296488096620015629e+00 1.035696490489705496e-01
1.297798097374417203e+00 1.067147061959272808e-01
1.299110748114920444e+00 1.091140170094765799e-01
1.300426056890607862e+00 1.110122061972149826e-01
1.301744031783193201e+00 1.128091574322889618e-01
1.303064680907186412e+00 1.155029021646104131e-01
1.304388012410060194e+00 1.199353997637053887e-01
1.305714034472417628e+00 1.258112360751890146e-01
1.307042755308160942e+00 1.319667152841198787e-01
1.308374183164660698e+00 1.375868518289591613e-01
1.309708326322927663e+00 1.431287109736131269e-01
1.311045193097781558e+00 1.492370374804596889e-01
1.312384791838027587e+00 1.559374621796689453e-01
1.313727130926627851e+00 1.628536950079138290e-01
1.315072218780876323e+00 1.690677231904015865e-01
1.316420063852575595e+00 1.739014249992797412e-01
1.317770674628213401e+00 1.775108343151505785e-01
1.319124059629140922e+00 1.805171096316039725e-01
1.320480227411752194e+00 1.838774637252708899e-01
1.321839186567663527e+00 1.879237305300635319e-01
1.323200945723896238e+00 1.914791696240873697e-01
1.324565513543057849e+00 1.930184711772890971e-01
1.325932898723527265e+00 1.924133010599998472e-01
1.327303109999638409e+00 1.907080971322835938e-01
1.328676156141866516e+00 1.882640171487103276e-01
1.330052045957015094e+00 1.847209216499007822e-01
1.331430788288405109e+00 1.801950112797829351e-01
1.332812392016063274e+00 1.744703373459027540e-01
1.334196866056913677e+00 1.667361930143406723e-01
1.335584219364968961e+00 1.573117334282537472e-01
1.336974460931523057e+00 1.473891526166959676e-01
1.338367599785346362e+00 1.374169857266372696e-01
1.339763644992881142e+00 1.275912778273970427e-01
1.341162605658436702e+00 1.183731566004155855e-01
1.342564490924390119e+00 1.096225775551477183e-01
1.343969309971381643e+00 1.009671040776851103e-01
1.345377072018519193e+00 9.269852607201659045e-02
1.346787786323576430e+00 8.542039407978900545e-02
1.348201462183198140e+00 7.953984191782645374e-02
1.349618108933102745e+00 7.498351102838024529e-02
1.351037735948290130e+00 7.131943634850169966e-02
1.352460352643244823e+00 6.822277219139645521e-02
1.353885968472148260e+00 6.537870568758487322e-02
1.355314592929085071e+00 6.245687320938595605e-02
1.356746235548255131e+00 5.941942027765519801e-02
1.358180905904185831e+00 5.643838643041688974e-02
1.359618613611944804e+00 5.354449953714695426e-02
1.361059368327355079e+00 5.058686303124415584e-02
1.362503179747211357e+00 4.772468381344199817e-02
1.363950057609498057e+00 4.531227839122433515e-02
1.365400011693606253e+00 4.326292143024985243e-02
1.366853051820556830e+00 4.134835259987313522e-02
1.368309187853220088e+00 3.948393605621247637e-02
1.369768429696540002e+00 3.752217445505951626e-02
1.371230787297757381e+00 3.541743348256336937e-02
1.372696270646638572e+00 3.330645325377546567e-02
1.374164889775699727e+00 3.140317091070871786e-02
1.375636654760438393e+00 2.974845785374245072e-02
1.377111575719562442e+00 2.807041378350640451e-02
1.378589662815221883e+00 2.625378696569920581e-02
1.380070926253243568e+00 2.436393807376337206e-02
1.381555376283364778e+00 2.229663557026223888e-02
1.383043023199470367e+00 1.996152809444482618e-02
1.384533877339829910e+00 1.735820658126494692e-02
1.386027949087338174e+00 1.470328158891148762e-02
1.387525248869755812e+00 1.253602330581875084e-02
1.389025787159951619e+00 1.100217377514552293e-02
1.390529574476147223e+00 9.597944978459204898e-03
1.392036621382161998e+00 8.020527973742188829e-03
1.393546938487661091e+00 6.555862459515948704e-03
1.395060536448405220e+00 5.678631253938960094e-03
1.396577425966499586e+00 5.736626656451041840e-03
1.398097617790646341e+00 6.798025933821057881e-03
1.399621122716400601e+00 8.551117480158540105e-03
1.401147951586422913e+00 1.049322542806558484e-02
1.402678115290738603e+00 1.224634221859470691e-02
1.404211624766996236e+00 1.359508837485880715e-02
1.405748491000727851e+00 1.445656775465175951e-02
1.407288725025611198e+00 1.492994445507755952e-02
1.408832337923734634e+00 1.513558598829018061e-02
1.410379340825861805e+00 1.509919361506073185e-02
1.411929744911700313e+00 1.485389229475535082e-02
1.413483561410169731e+00 1.441439069959487770e-02
1.415040801599673825e+00 1.382663549218169675e-02
1.416601476808373228e+00 1.324307900098527224e-02
1.418165598414459661e+00 1.271561181497428417e-02
1.419733177846432826e+00 1.223632304933297207e-02
1.421304226583378183e+00 1.196143867036465053e-02
1.422878756155248059e+00 1.203043511301366345e-02
1.424456778143142976e+00 1.231932070720006926e-02
1.426038304179596539e+00 1.254593476564388500e-02
1.427623345948860090e+00 1.260966727585085580e-02
1.429211915187190263e+00 1.268719647707841625e-02
1.430804023683140525e+00 1.293250677514497411e-02
1.432399683277851388e+00 1.333730613463289874e-02
1.433998905865343287e+00 1.380612551298801387e-02
1.435601703392814343e+00 1.421124118747788337e-02
1.437208087860935457e+00 1.451644683362894941e-02
1.438818071324151404e+00 1.475939785157073976e-02
1.440431665890981705e+00 1.492622784191476211e-02
1.442048883724324604e+00 1.499150205589134220e-02
1.443669737041762158e+00 1.493376782842197742e-02
1.445294238115867769e+00 1.470827787740403882e-02
1.446922399274517490e+00 1.433732271042436300e-02
1.448554232901199557e+00 1.391693257863019229e-02
1.450189751435329688e+00 1.350044788514122122e-02
1.451828967372567725e+00 1.311943112281258907e-02
1.453471893265134263e+00 1.285928499073928609e-02
1.455118541722132175e+00 1.276182113122924754e-02
1.456768925409868798e+00 1.270857643597104666e-02
1.458423057052181004e+00 1.252420888771841115e-02
1.460080949430762276e+00 1.216674641889219262e-02
1.461742615385490884e+00 1.170333732952655303e-02
1.463408067814762958e+00 1.122117153256110833e-02
1.465077319675824219e+00 1.081262204671845466e-02
1.466750383985108819e+00 1.044843831861955522e-02
1.468427273818574630e+00 1.002910318717808308e-02
1.470108002312046080e+00 9.563482410318456181e-03
1.471792582661556104e+00 9.071495934398062996e-03
1.473481028123691416e+00 8.584819400145876980e-03
1.475173352015941353e+00 8.179285046706430071e-03
1.476869567717046916e+00 7.853927684620568700e-03
1.478569688667353610e+00 7.599789275600982164e-03
1.480273728369166264e+00 7.407474903013164941e-03
1.481981700387106970e+00 7.281765513816452866e-03
1.483693618348475241e+00 7.306770081160377656e-03
1.485409495943609492e+00 7.420206123493206483e-03
1.487129346926251872e+00 7.502745285004121766e-03
1.488853185113917732e+00 7.634524525937324245e-03
1.490581024388262232e+00 7.846112703073339703e-03
1.492312878695457590e+00 7.987890233084821504e-03
1.494048762046563450e+00 7.957277837736753678e-03
1.495788688517908360e+00 7.850734926546271836e-03
1.497532672251467467e+00 7.811587058038903589e-03
1.499280727455248874e+00 7.768873219777773162e-03
1.501032868403676668e+00 7.605898599562259908e-03
1.502789109437979942e+00 7.341920530058582139e-03
1.504549464966586036e+00 6.954821790903796368e-03
1.506313949465511781e+00 6.424176535709762333e-03
1.508082577478762509e+00 5.865118158961285869e-03
1.509855363618730850e+00 5.395532087782138955e-03
1.511632322566598186e+00 5.010475514834045532e-03
1.513413469072741879e+00 4.634781786170757978e-03
1.515198817957142063e+00 4.258050251852074121e-03
1.516988384109793087e+00 3.950573502916400123e-03
1.518782182491116739e+00 3.737943701053457555e-03
1.520580228132380585e+00 3.547701629037329930e-03
1.522382536136117182e+00 3.327111178745181634e-03
1.524189121676545966e+00 3.106246850868529287e-03
1.526000000000000023e+00 2.879474774439292999e-03
