5.600000000000000514e-08
5.880000000000000374e-08
5.880000000000001036e-08
5.600000000000000514e-08
5.320000000000000654e-08
5.600000000000000514e-08
5.709715200000002034e-08
5.731096985600001806e-08
5.760708271718401466e-08
5.791595684377395471e-08
5.430721921710492534e-08
5.338841788520913108e-08
6.055948346031698299e-08
5.935771710686427760e-08
5.878704969463015511e-08
5.659714895350543344e-08
5.336950331842587458e-08
5.197231211745572016e-08
5.491287156617440319e-08
5.497860950196969415e-08
5.145033498558154549e-08
5.372375923201434595e-08
5.471337476236133859e-08
5.394048840803710730e-08
5.458175495471220224e-08
5.864445325362832713e-08
5.266616341179140574e-08
5.046543962321360306e-08
4.908477236163793014e-08
5.066889209749455824e-08
4.981014343552265935e-08
4.935005473923846818e-08
4.855234822105883263e-08
4.597594793345022691e-08
4.436317593718545421e-08
4.509981193458060127e-08
4.479183958369712725e-08
4.364715571000308060e-08
4.307274996951393858e-08
4.163323951194576676e-08
4.022912000972778394e-08
4.342171108536229348e-08
3.830837730040586525e-08
3.753856551379860509e-08
4.447461528303711074e-08
4.083267249598640940e-08
3.817054702312694025e-08
3.689516524133663079e-08
4.241323157772621488e-08
4.378823498885549508e-08
4.626651853572397886e-08
3.953798631397102133e-08
3.927468069596995133e-08
4.120426064919671575e-08
4.090783067673609657e-08
3.910248111739457713e-08
3.605280580089355319e-08
4.237426671792405438e-08
4.154292509559070823e-08
4.114826183869794395e-08
4.098902243211659538e-08
4.308512649890724210e-08
3.978716299813769206e-08
3.878563352345552815e-08
4.173320161025800437e-08
3.958913329350198920e-08
4.163185441275036552e-08
3.991385784076663723e-08
3.989966768279830425e-08
4.128406746834943698e-08
4.005698427127291655e-08
4.082682072328020391e-08
3.898290937624068610e-08
4.124464393963928281e-08
3.945696520688137776e-08
4.092873510715383714e-08
4.118291984664500905e-08
3.971781726689700119e-08
4.000515569425270764e-08
3.989862047126705946e-08
4.066367248082492359e-08
3.968962705630061598e-08
3.990607441500722421e-08
4.071452087509712425e-08
4.087528764902087320e-08
3.931135981660126274e-08
4.085611487445872461e-08
3.990778040603633916e-08
4.083534712786648847e-08
3.974674091281404375e-08
3.952040540114883413e-08
4.049970442149842123e-08
4.059630214618021018e-08
4.086935585169936183e-08
4.105706152444153247e-08
4.126676971674381237e-08
4.050527798759945123e-08
4.043764554246713403e-08
4.031042103323288125e-08
4.019303820622834932e-08
3.955868044449821523e-08
4.096501472481081886e-08
4.154353358291796086e-08
4.123209973849177967e-08
4.006411720901737868e-08
3.998003936111317464e-08
4.083593558783240001e-08
4.039377327292929002e-08
4.056410642953910205e-08
4.126001172502469405e-08
4.020295679822887945e-08
4.010290717173849627e-08
3.995075279345147461e-08
4.072615859859995823e-08
4.029460701401885350e-08
3.987332408008192910e-08
4.066838786138836061e-08
4.027253121659408564e-08
4.009122974607585294e-08
4.048281542661841732e-08
4.025626277978887837e-08
4.026935091413160900e-08
4.055498187838962926e-08
4.023859611095434540e-08
4.047190553366347956e-08
4.009424126150729649e-08
4.040674974047678004e-08
4.046436867087143788e-08
4.023633879285415137e-08
4.021145172713109588e-08
4.022558892322700197e-08
4.039813041837684703e-08
4.009640772399068930e-08
4.021881175641783933e-08
4.023627752026396415e-08
4.021591768432316996e-08
4.039829895488923697e-08
4.014955410440069747e-08
4.034578490621409379e-08
4.018402786859081890e-08
4.031157830218195042e-08
4.020640557542325938e-08
4.024557639528006689e-08
4.023843266502947386e-08
4.019579222584430004e-08
4.018576957839109035e-08
4.039194949842844693e-08
4.019332219249053159e-08
4.020982937136697364e-08
4.021713981050213351e-08
4.021141401449881665e-08
4.024196214065222146e-08
4.020184717347827597e-08
4.025590415636368740e-08
4.026910990971596596e-08
4.020884695611875718e-08
4.000053075255982666e-08
4.009651335916448078e-08
4.019135889620095396e-08
4.009203309062641733e-08
4.018846558670688839e-08
4.011253649281597219e-08
4.017520378586664270e-08
4.004079047368016052e-08
4.012269988292198604e-08
4.024509855315085490e-08
4.019346671434062798e-08
4.019114792454513367e-08
4.013040218592070621e-08
4.018053392884046229e-08
4.014104918730020114e-08
4.017363107308980907e-08
4.012015221256269981e-08
4.013299605096438904e-08
4.019491904348459455e-08
4.020929309740962639e-08
4.015266982990613230e-08
4.014847641140129135e-08
4.004246988431919476e-08
4.007795138097817879e-08
4.026173524706498381e-08
4.007945252731482540e-08
4.005171607422808695e-08
4.007798714633435407e-08
4.009206010541108493e-08
4.009325790577004294e-08
4.018563663093771291e-08
4.013610036431661466e-08
4.019117239239200406e-08
4.007880388641343249e-08
4.010532618571478492e-08
4.015308654227135632e-08
4.010373167204692193e-08
4.010334574726256359e-08
4.018263279384228088e-08
4.011396376157097821e-08
4.009273535170563444e-08
4.010430199228881385e-08
4.013858084882650453e-08
