1.126000000000000112e+00 9.381795393185240074e-04
1.126987992296117014e+00 1.006620677085550341e-03
1.127977719913760390e+00 1.014872831127989778e-03
1.128969187428857879e+00 1.049888942591362291e-03
1.129962399433440456e+00 1.130956158960294382e-03
1.130957360535711942e+00 1.158012062234448211e-03
1.131954075360122047e+00 1.218323323616427381e-03
1.132952548547436100e+00 1.227953491588979320e-03
1.133952784754808318e+00 1.069885223392031456e-03
1.134954788655853974e+00 1.027868415493846501e-03
1.135958564940721782e+00 1.110153582699156946e-03
1.136964118316167838e+00 1.097130224403906028e-03
1.137971453505628228e+00 1.096225510345812419e-03
1.138980575249294080e+00 1.182174098939671805e-03
1.139991488304184397e+00 1.231324315144752745e-03
1.141004197444223101e+00 1.208213429090824803e-03
1.142018707460311200e+00 1.235674359143954350e-03
1.143035023160405395e+00 1.308639412152520992e-03
1.144053149369591793e+00 1.408271670361913117e-03
1.145073090930163184e+00 1.637841981915866447e-03
1.146094852701695865e+00 1.671268447784082442e-03
1.147118439561126468e+00 1.334410420625380947e-03
1.148143856402830121e+00 1.166100873000691695e-03
1.149171108138697273e+00 1.272010811260184315e-03
1.150200199698214076e+00 1.321082437921679720e-03
1.151231136028538549e+00 1.337414693368963684e-03
1.152263922094582727e+00 1.370044884088222068e-03
1.153298562879090827e+00 1.353583768173810802e-03
1.154335063382718740e+00 1.297722813449812352e-03
1.155373428624115739e+00 1.275939217591938414e-03
1.156413663640005973e+00 1.343699682194269890e-03
1.157455773485268402e+00 1.492569979584187651e-03
1.158499763233019175e+00 1.641481311674015996e-03
1.159545637974695120e+00 1.583008445462944424e-03
1.160593402820134123e+00 1.359733107819036590e-03
1.161643062897660617e+00 1.278417958695495828e-03
1.162694623354169066e+00 1.326178746653317204e-03
1.163748089355205462e+00 1.363417550770849949e-03
1.164803466085055916e+00 1.389906222870753751e-03
1.165860758746828818e+00 1.389853753474275082e-03
1.166919972562540542e+00 1.380394915344204795e-03
1.167981112773203378e+00 1.359626999591365256e-03
1.169044184638909245e+00 1.345614076190591564e-03
1.170109193438919171e+00 1.391762321121908742e-03
1.171176144471748781e+00 1.418804096434638992e-03
1.172245043055257785e+00 1.363814191856654564e-03
1.173315894526736125e+00 1.286546728252415794e-03
1.174388704242995241e+00 1.255499644655903293e-03
1.175463477580455329e+00 1.292598750819233229e-03
1.176540219935237941e+00 1.399777699543130723e-03
1.177618936723252130e+00 1.535689401756732070e-03
1.178699633380288825e+00 1.579878046295523026e-03
1.179782315362111200e+00 1.577516548786930773e-03
1.180866988144545493e+00 1.629255294292177025e-03
1.181953657223574483e+00 1.671255118028200457e-03
1.183042328115429642e+00 1.798811470184852193e-03
1.184133006356684392e+00 1.938967024841524662e-03
1.185225697504348696e+00 1.749038760136988144e-03
1.186320407135962984e+00 1.453969835968831103e-03
1.187417140849692743e+00 1.429508674463869644e-03
1.188515904264424883e+00 1.516883568300355246e-03
1.189616703019862110e+00 1.591097485915004281e-03
1.190719542776621509e+00 1.711061588141152365e-03
1.191824429216329584e+00 1.813097292456503301e-03
1.192931368041720619e+00 1.852869993757166878e-03
1.194040364976735713e+00 1.872760895578804048e-03
1.195151425766620035e+00 1.890963618614586485e-03
1.196264556178022742e+00 2.003428891346512031e-03
1.197379761999095793e+00 2.252787777058369491e-03
1.198497049039596751e+00 2.281212835567945907e-03
1.199616423130986265e+00 1.951916318412015659e-03
1.200737890126532648e+00 1.745041518745322432e-03
1.201861455901411802e+00 1.783806667135846976e-03
1.202987126352810021e+00 1.847909694120628606e-03
1.204114907400029022e+00 1.993093009904686914e-03
1.205244804984587415e+00 2.145704330849422959e-03
1.206376825070326175e+00 2.217974648074232460e-03
1.207510973643513230e+00 2.314551902360415751e-03
1.208647256712948925e+00 2.408182155737680161e-03
1.209785680310073053e+00 2.577832173321932714e-03
1.210926250489070988e+00 2.873051840851956803e-03
1.212068973326979604e+00 2.970836468931339642e-03
1.213213854923797186e+00 2.739363382252265732e-03
1.214360901402591786e+00 2.485143961298091463e-03
1.215510118909608916e+00 2.437853735968577990e-03
1.216661513614383239e+00 2.582997925817060239e-03
1.217815091709847364e+00 2.871826139992344172e-03
1.218970859412443097e+00 3.175382575712290371e-03
1.220128822962234905e+00 3.429192006586115511e-03
1.221288988623019378e+00 3.765464206508477903e-03
1.222451362682440701e+00 4.119181467980070031e-03
1.223615951452102335e+00 4.571518140734390397e-03
1.224782761267683151e+00 5.240767022899556725e-03
1.225951798489049782e+00 5.357141485605802257e-03
1.227123069500375196e+00 4.692053519742123320e-03
1.228296580710252384e+00 4.314641441988469397e-03
1.229472338551812483e+00 4.534317991736380900e-03
1.230650349482842243e+00 4.930341051047374204e-03
1.231830619985901931e+00 5.474147716435042756e-03
1.233013156568444346e+00 6.086502520086327882e-03
1.234197965762934945e+00 6.667689982420951962e-03
1.235385054126971083e+00 7.309340731663159854e-03
1.236574428243403911e+00 8.050067433693679220e-03
1.237766094720459620e+00 8.830198308169345117e-03
1.238960060191861778e+00 9.464467067656825300e-03
1.240156331316954574e+00 9.613461700297089643e-03
1.241354914780826935e+00 9.180609235408533977e-03
1.242555817294437093e+00 8.859736045572802476e-03
1.243759045594736268e+00 9.198704569880509357e-03
1.244964606444796784e+00 9.822810306982567366e-03
1.246172506633937749e+00 1.058492426932343584e-02
1.247382752977852505e+00 1.154128647754988982e-02
1.248595352318737195e+00 1.246590882695029073e-02
1.249810311525418882e+00 1.350543912170986544e-02
1.251027637493486333e+00 1.478410224766683011e-02
1.252247337145420136e+00 1.614856161044696606e-02
1.253469417430722599e+00 1.736961482406505081e-02
1.254693885326052527e+00 1.794632100941418937e-02
1.255920747835354900e+00 1.786044342268093554e-02
1.257150011989997207e+00 1.784259659862885705e-02
1.258381684848900894e+00 1.850857867849714858e-02
1.259615773498678593e+00 1.979051210659563825e-02
1.260852285053770450e+00 2.115940152709808175e-02
1.262091226656578691e+00 2.245626262563643616e-02
1.263332605477606396e+00 2.371862182471571809e-02
1.264576428715595835e+00 2.487957101387459208e-02
1.265822703597668353e+00 2.603395028808919501e-02
1.267071437379462040e+00 2.681064166044667615e-02
1.268322637345275172e+00 2.683182105471177553e-02
1.269576310808206099e+00 2.657891208191039481e-02
1.270832465110296461e+00 2.635448126209621877e-02
1.272091107622674411e+00 2.611091918387891883e-02
1.273352245745698719e+00 2.627144060547079510e-02
1.274615886909103546e+00 2.737438106738399393e-02
1.275882038572145216e+00 2.962052735380888563e-02
1.277150708223747877e+00 3.310756121297882271e-02
1.278421903382652269e+00 3.775356489078803002e-02
1.279695631597562944e+00 4.284263048673887797e-02
1.280971900447299028e+00 4.772322764055814126e-02
1.282250717540943441e+00 5.265601933075434588e-02
1.283532090517995217e+00 5.795085971691035787e-02
1.284816027048520271e+00 6.338105194836579637e-02
1.286102534833305722e+00 6.876415933047912155e-02
1.287391621604013325e+00 7.403510304475616199e-02
1.288683295123334016e+00 7.898508009322938173e-02
1.289977563185144005e+00 8.386917719764154511e-02
1.291274433614661987e+00 8.943095561541485050e-02
1.292573914268606350e+00 9.514417417590617654e-02
1.293876013035353711e+00 9.972649697957637616e-02
1.295180737835098794e+00 1.034375679432831818e-01
1.296488096620015629e+00 1.067096965560514199e-01
1.297798097374417203e+00 1.089428607144874300e-01
1.299110748114920444e+00 1.103668257248051204e-01
1.300426056890607862e+00 1.121193929788452393e-01
1.301744031783193201e+00 1.149568813729430206e-01
1.303064680907186412e+00 1.189867764017505797e-01
1.304388012410060194e+00 1.238118033113113359e-01
1.305714034472417628e+00 1.288734123309045465e-01
1.307042755308160942e+00 1.338447695526725767e-01
1.308374183164660698e+00 1.391579041462470967e-01
1.309708326322927663e+00 1.455040537743375051e-01
1.311045193097781558e+00 1.526455034745318184e-01
1.312384791838027587e+00 1.597396461165467296e-01
1.313727130926627851e+00 1.658813417636434695e-01
1.315072218780876323e+00 1.706209448661230033e-01
1.316420063852575595e+00 1.747411021512510210e-01
1.317770674628213401e+00 1.790622838438652720e-01
1.319124059629140922e+00 1.834369152023523908e-01
1.320480227411752194e+00 1.876730426648575145e-01
1.321839186567663527e+00 1.913229346192147351e-01
1.323200945723896238e+00 1.932099964337208875e-01
1.324565513543057849e+00 1.929094233608132092e-01
1.325932898723527265e+00 1.913938054950460044e-01
1.327303109999638409e+00 1.894043508539957343e-01
1.328676156141866516e+00 1.866175606920217334e-01
1.330052045957015094e+00 1.825234633267825701e-01
1.331430788288405109e+00 1.767884694839056414e-01
1.332812392016063274e+00 1.691543138306273730e-01
1.334196866056913677e+00 1.599303575092544394e-01
1.335584219364968961e+00 1.501925381803793647e-01
1.336974460931523057e+00 1.410635780448339649e-01
1.338367599785346362e+00 1.329178018099343161e-01
1.339763644992881142e+00 1.255904755236609549e-01
1.341162605658436702e+00 1.189631395198788300e-01
1.342564490924390119e+00 1.127255969966224625e-01
1.343969309971381643e+00 1.064768819225633545e-01
1.345377072018519193e+00 1.004605990413378891e-01
1.346787786323576430e+00 9.514434010412277376e-02
1.348201462183198140e+00 9.051422623452054506e-02
1.349618108933102745e+00 8.631535232839926408e-02
1.351037735948290130e+00 8.212581814322489349e-02
1.352460352643244823e+00 7.763256609544562370e-02
1.353885968472148260e+00 7.305560019949151884e-02
1.355314592929085071e+00 6.849598261449418857e-02
1.356746235548255131e+00 6.388148034972639111e-02
1.358180905904185831e+00 5.956780366369765489e-02
1.359618613611944804e+00 5.568874081121177877e-02
1.361059368327355079e+00 5.202887990888127590e-02
1.362503179747211357e+00 4.869212399821361281e-02
1.363950057609498057e+00 4.575110037243638322e-02
1.365400011693606253e+00 4.312126306206895410e-02
1.366853051820556830e+00 4.083159696025166763e-02
1.368309187853220088e+00 3.883429957139556549e-02
1.369768429696540002e+00 3.704070594572347191e-02
1.371230787297757381e+00 3.527995689012852071e-02
1.372696270646638572e+00 3.336649230913846936e-02
1.374164889775699727e+00 3.145939695347717974e-02
1.375636654760438393e+00 2.967202832300780413e-02
1.377111575719562442e+00 2.783890933787895247e-02
1.378589662815221883e+00 2.592724073220470382e-02
1.380070926253243568e+00 2.391462748497684768e-02
1.381555376283364778e+00 2.166795999843175793e-02
1.383043023199470367e+00 1.913780210313972482e-02
1.384533877339829910e+00 1.641666969012567714e-02
1.386027949087338174e+00 1.397930529642757783e-02
1.387525248869755812e+00 1.224111655770835499e-02
1.389025787159951619e+00 1.070655265490239386e-02
1.390529574476147223e+00 8.850744358185133262e-03
1.392036621382161998e+00 7.201260460555697872e-03
1.393546938487661091e+00 6.475980133533170736e-03
1.395060536448405220e+00 6.811740276053488384e-03
1.396577425966499586e+00 8.019336107440684994e-03
1.398097617790646341e+00 9.707640927537545053e-03
1.399621122716400601e+00 1.145336072659326743e-02
1.401147951586422913e+00 1.299769814190037537e-02
1.402678115290738603e+00 1.418307286321260179e-02
1.404211624766996236e+00 1.489899330950647006e-02
1.405748491000727851e+00 1.508052105722753992e-02
1.407288725025611198e+00 1.481303264449104762e-02
1.408832337923734634e+00 1.433553663104252494e-02
1.410379340825861805e+00 1.388416901355152104e-02
1.411929744911700313e+00 1.360243105338806123e-02
1.413483561410169731e+00 1.346767738495380402e-02
1.415040801599673825e+00 1.347513895095836869e-02
1.416601476808373228e+00 1.368799480554544305e-02
1.418165598414459661e+00 1.394101501735632229e-02
1.419733177846432826e+00 1.409521859313827945e-02
1.421304226583378183e+00 1.424941863126869337e-02
1.422878756155248059e+00 1.439464929625116837e-02
1.424456778143142976e+00 1.442658177064830294e-02
1.426038304179596539e+00 1.430357355624360498e-02
1.427623345948860090e+00 1.407481877795511115e-02
1.429211915187190263e+00 1.386838937621023143e-02
1.430804023683140525e+00 1.372267269615478312e-02
1.432399683277851388e+00 1.366066188699357857e-02
1.433998905865343287e+00 1.372128141181326068e-02
1.435601703392814343e+00 1.382965423665307413e-02
1.437208087860935457e+00 1.391403134608352847e-02
1.438818071324151404e+00 1.393087635514380501e-02
1.440431665890981705e+00 1.389000530582100608e-02
1.442048883724324604e+00 1.380240180770433978e-02
1.443669737041762158e+00 1.354897752382112214e-02
1.445294238115867769e+00 1.317919237662475325e-02
1.446922399274517490e+00 1.282716708935292479e-02
1.448554232901199557e+00 1.242372562087731315e-02
1.450189751435329688e+00 1.200583382614880956e-02
1.451828967372567725e+00 1.167906926750605055e-02
1.453471893265134263e+00 1.143511235492394688e-02
1.455118541722132175e+00 1.129390858911187741e-02
1.456768925409868798e+00 1.126796787432068209e-02
1.458423057052181004e+00 1.137349158430254331e-02
1.460080949430762276e+00 1.154864700512236997e-02
1.461742615385490884e+00 1.165232050387135683e-02
1.463408067814762958e+00 1.170173113369529783e-02
1.465077319675824219e+00 1.170843310357600961e-02
1.466750383985108819e+00 1.163338125235410629e-02
1.468427273818574630e+00 1.151255276491077936e-02
1.470108002312046080e+00 1.134878098514906924e-02
1.471792582661556104e+00 1.120361349257214048e-02
1.473481028123691416e+00 1.112133188973420117e-02
1.475173352015941353e+00 1.103737580203835618e-02
1.476869567717046916e+00 1.097070836199218712e-02
1.478569688667353610e+00 1.091738738352107489e-02
1.480273728369166264e+00 1.082658544247861940e-02
1.481981700387106970e+00 1.069701174389045030e-02
1.483693618348475241e+00 1.049165301347976600e-02
1.485409495943609492e+00 1.022168744242339840e-02
1.487129346926251872e+00 9.927151111641684122e-03
1.488853185113917732e+00 9.573060987407703767e-03
1.490581024388262232e+00 9.140429729992833804e-03
1.492312878695457590e+00 8.672246565353430511e-03
1.494048762046563450e+00 8.220865203222117029e-03
1.495788688517908360e+00 7.762793396838489624e-03
1.497532672251467467e+00 7.278727334512676700e-03
1.499280727455248874e+00 6.819263088722450281e-03
1.501032868403676668e+00 6.380560309063392464e-03
1.502789109437979942e+00 5.963210896043384494e-03
1.504549464966586036e+00 5.597731644304260873e-03
1.506313949465511781e+00 5.266562300619104069e-03
1.508082577478762509e+00 4.954692100204122034e-03
1.509855363618730850e+00 4.655084834867528713e-03
1.511632322566598186e+00 4.401238773212893911e-03
1.513413469072741879e+00 4.210829058313633570e-03
1.515198817957142063e+00 4.028928974479162491e-03
1.516988384109793087e+00 3.847795549225765336e-03
1.518782182491116739e+00 3.636823290040955628e-03
1.520580228132380585e+00 3.362626837614695555e-03
1.522382536136117182e+00 3.086112286412023235e-03
1.524189121676545966e+00 2.816995314647255388e-03
1.526000000000000023e+00 2.562806906733663351e-03
