7.000000000000001776e-01 1.251478884104448206e-10
7.008523592085237341e-01 2.990581051130363969e-09
7.017067967083208124e-01 9.745825086068396369e-09
7.025633201098567815e-01 9.518093583340474587e-09
7.034219370608005839e-01 2.461509809969081533e-09
7.042826552462527756e-01 1.235875442941755177e-09
7.051454823889741208e-01 9.417267947908387233e-09
7.060104262496168515e-01 1.379991084527947714e-08
7.068774946269573700e-01 6.603985627892676981e-09
7.077466953581310616e-01 2.639437282467134852e-09
7.086180363188674391e-01 1.514509038373912469e-08
7.094915254237288416e-01 2.915194304721184659e-08
7.103671706263500196e-01 2.402006309692585070e-08
7.112449799196789435e-01 1.171501131485592522e-08
7.121249613362204967e-01 2.129671555677387455e-08
7.130071229482812800e-01 4.555796882734298457e-08
7.138914728682170807e-01 4.810563295329478816e-08
7.147780192486806738e-01 2.973028838927585629e-08
7.156667702828723998e-01 3.465842848978553472e-08
7.165577342047930731e-01 7.411520720209929056e-08
7.174509192894984455e-01 9.776179167105325812e-08
7.183463338533542242e-01 8.107686866059543983e-08
7.192439862542956419e-01 8.074900714123099424e-08
7.201438848920863611e-01 1.379416701602650651e-07
7.210460382085813746e-01 1.939776524367483457e-07
7.219504546879902396e-01 1.856435828937012436e-07
7.228571428571429758e-01 1.637939915700440261e-07
7.237661112857591839e-01 2.107455982978421398e-07
7.246773685867171633e-01 2.800718113902255352e-07
7.255909234163253618e-01 2.650299711292870184e-07
7.265067844745978221e-01 1.998087190712463226e-07
7.274249605055292944e-01 2.103834971812775063e-07
7.283454602973743475e-01 2.856926784387693525e-07
7.292682926829269219e-01 2.991751265661847320e-07
7.301934665398034374e-01 2.660340564193212284e-07
7.311209907907272321e-01 3.471934020627472279e-07
7.320508744038156657e-01 5.456822285590470743e-07
7.329831263928685559e-01 6.805045905212330660e-07
7.339177558176602778e-01 7.433379264780751148e-07
7.348547717842324190e-01 9.512227731890383954e-07
7.357941834451902086e-01 1.318012509787477932e-06
7.367360000000001685e-01 1.550625921183212733e-06
7.376802306952900956e-01 1.571038284926378587e-06
7.386268848251524854e-01 1.709895727506490117e-06
7.395759717314489556e-01 2.110466801722127471e-06
7.405275008041172224e-01 2.424912465772900275e-06
7.414814814814815191e-01 2.472861423634284532e-06
7.424379232505644577e-01 2.672993776107731098e-06
7.433968356474008887e-01 3.316404005491025999e-06
7.443582282573553144e-01 3.987518363663941011e-06
7.453221107154419656e-01 4.335959222614591185e-06
7.462884927066452123e-01 4.800445030412453270e-06
7.472573839662448592e-01 5.789302868311568808e-06
7.482287942801431058e-01 6.770439750727439513e-06
7.492027334851937281e-01 7.126653977444301088e-06
7.501792114695340352e-01 7.293945431204237331e-06
7.511582381729202673e-01 7.941297266080507650e-06
7.521398235870632165e-01 8.654595493685412883e-06
7.531239777559699533e-01 8.705276737577762977e-06
7.541107107762856643e-01 8.525003766421533584e-06
7.551000327976385984e-01 9.001474381317806179e-06
7.560919540229885660e-01 9.860119591743799394e-06
7.570864847089775473e-01 1.026218530881624610e-05
7.580836351662826322e-01 1.045237102261441842e-05
7.590834157599736232e-01 1.121740043491985665e-05
7.600858369098713041e-01 1.226436143578681041e-05
7.610909090909091512e-01 1.274734942535563096e-05
7.620986428334989293e-01 1.281256282870672807e-05
7.631090487238980646e-01 1.302285624379908586e-05
7.641221374045802373e-01 1.299024154381420892e-05
7.651379195746095263e-01 1.217843434974356631e-05
7.661564059900167756e-01 1.115731276255861592e-05
7.671776074641786236e-01 1.054583924947311054e-05
7.682015348682017519e-01 9.841965864310787198e-06
7.692281991313064671e-01 8.717965562449327705e-06
7.702576112412178322e-01 7.996833169638950590e-06
7.712897822445562435e-01 7.979757566757232889e-06
7.723247232472326695e-01 7.636402155180146693e-06
7.733624454148472216e-01 6.667988386690551607e-06
7.744029599730912761e-01 6.205625060913238937e-06
7.754462782081510408e-01 6.425497279508215230e-06
7.764924114671163391e-01 6.032992314315717505e-06
7.775413711583926135e-01 4.897004550965547750e-06
7.785931687521137068e-01 4.343316033116763935e-06
7.796478157805623033e-01 4.446861893577232924e-06
7.807053238385894822e-01 4.082245569434921862e-06
7.817657045840408214e-01 3.532618333529474974e-06
7.828289697381844991e-01 3.938220788592214377e-06
7.838951310861425048e-01 4.928371636753744263e-06
7.849642004773270676e-01 5.785637555052782113e-06
7.860361898258791946e-01 7.312755090603140008e-06
7.871111111111112058e-01 9.957379429814275189e-06
7.881889763779528213e-01 1.294118723872572803e-05
7.892697977374015794e-01 1.712646506054621019e-05
7.903535873669756961e-01 2.427502533157133407e-05
7.914403575111724765e-01 3.257551846298246538e-05
7.925301204819279466e-01 3.933022379388945085e-05
7.936228886590830367e-01 4.749169196293022931e-05
7.947186744908527611e-01 6.051081732797778767e-05
7.958174904942967309e-01 7.281221698693660430e-05
7.969193492557979930e-01 7.758734899758555192e-05
7.980242634315425354e-01 8.096215610340120326e-05
7.991322457480042329e-01 9.307987256485779164e-05
8.002433090024331230e-01 1.088758550801817947e-04
8.013574660633484559e-01 1.159718170641221624e-04
8.024747298710351862e-01 1.177157295394093590e-04
8.035951134380454608e-01 1.284470094928205771e-04
8.047186298497029933e-01 1.493250828352781715e-04
8.058452922646133221e-01 1.677077985964768559e-04
8.069751139151770669e-01 1.770154463874229142e-04
8.081081081081082917e-01 1.815201540637100691e-04
8.092442882249560876e-01 1.857467663520920081e-04
8.103836677226328167e-01 1.896201905801119577e-04
8.115262601339444659e-01 1.880786422046207241e-04
8.126720790681257744e-01 1.731371606095634288e-04
8.138211382113822445e-01 1.468964193376119816e-04
8.149734513274337067e-01 1.265609101986950411e-04
8.161290322580646572e-01 1.204134415300130861e-04
8.172878949236777046e-01 1.121756800321097817e-04
8.184500533238536768e-01 8.988259513185539490e-05
8.196155215379139491e-01 6.928240332496196164e-05
8.207843137254903221e-01 6.421606784471116868e-05
8.219564441270974520e-01 6.078090718081991651e-05
8.231319270647122766e-01 4.623526598215155345e-05
8.243107769423558828e-01 3.393242823322862857e-05
8.254930082466837016e-01 3.895538838689615978e-05
8.266786355475763681e-01 5.905453692203499098e-05
8.278676734987415742e-01 8.920774001836437816e-05
8.290601368383148095e-01 1.252118254551128637e-04
8.302560403894698737e-01 1.585304111960531069e-04
8.314553990610329404e-01 1.922813721270788642e-04
8.326582278481013955e-01 2.346122793987784013e-04
8.338645418326694481e-01 2.618516217250517150e-04
8.350743561842584040e-01 2.465701118153004463e-04
8.362876861605520462e-01 2.266185305762330319e-04
8.375045471080394544e-01 2.586044689125570101e-04
8.387249544626595998e-01 3.161040708819272209e-04
8.399489237504561556e-01 3.488309756465806754e-04
8.411764705882353033e-01 3.959407512018235176e-04
8.424076106842298683e-01 4.914361537597469482e-04
8.436423598387688960e-01 5.430390087499344142e-04
8.448807339449542209e-01 4.899088060185650961e-04
8.461227489893421438e-01 4.558405740062366389e-04
8.473684210526316596e-01 5.359617170789548633e-04
8.486177663103575686e-01 6.027260453225894744e-04
8.498708010335918051e-01 5.516716783799781657e-04
8.511275415896488727e-01 5.202283870162246983e-04
8.523880044427991631e-01 6.223979608904427457e-04
8.536522061549870477e-01 7.201497481816239747e-04
8.549201633865577410e-01 6.917812497320714304e-04
8.561918928969878273e-01 6.546576657514628595e-04
8.574674115456240031e-01 7.188679291309734267e-04
8.587467362924283698e-01 7.951620344298721216e-04
8.600298841987299436e-01 7.988363389949354552e-04
8.613168724279836042e-01 7.895966925832166279e-04
8.626077182465343718e-01 8.278598559484289052e-04
8.639024390243903451e-01 9.007689753036299913e-04
8.652010522360015221e-01 9.942289527501478683e-04
8.665035754610463936e-01 1.107251475189118808e-03
8.678100263852243090e-01 1.261171494865516570e-03
8.691204228010570576e-01 1.505439046674621108e-03
8.704347826086957784e-01 1.798988032577238929e-03
8.717531238167363083e-01 2.051905789008455928e-03
8.730754645430415239e-01 2.428581389268410443e-03
8.744018230155716775e-01 3.220403139740606394e-03
8.757322175732218383e-01 4.297266305811520311e-03
8.770666666666667721e-01 5.385129821766539149e-03
8.784051888592142587e-01 6.978095677061203241e-03
8.797478028276652928e-01 9.894996091939174676e-03
8.810945273631841657e-01 1.383440861778077388e-02
8.824453813721732098e-01 1.788409426252119197e-02
8.838003838771595344e-01 2.275541803022366680e-02
8.851595540176856458e-01 3.074113610772125429e-02
8.865229110512130584e-01 4.280257675554097196e-02
8.878904743540302347e-01 5.729845888540278237e-02
8.892622634221707401e-01 7.260084884228473756e-02
8.906382978723406119e-01 9.010209024268489575e-02
8.920185974428516129e-01 1.134882206707408664e-01
8.934031819945675856e-01 1.443270564045162352e-01
8.947920715118540258e-01 1.784853974125903964e-01
8.961852861035424223e-01 2.086696812544752144e-01
8.975828460038987044e-01 2.312410970242260999e-01
8.989847715736042355e-01 2.469493284248637510e-01
9.003910833007431336e-01 2.523802904627638899e-01
9.018018018018020276e-01 2.366850567795275029e-01
9.032169478226756976e-01 1.947774620815719837e-01
9.046365422396857037e-01 1.409364327163578068e-01
9.060606060606062329e-01 9.997058708979744690e-02
9.074891604256998257e-01 8.416696790418456975e-02
9.089222266087644275e-01 8.530903167447775881e-02
9.103598260181889890e-01 8.846060332864386089e-02
9.118019801980198347e-01 8.615115672490759879e-02
9.132487108290362476e-01 7.899526366578012160e-02
9.147000397298372665e-01 7.009319069352856757e-02
9.161559888579386968e-01 6.182733041227385373e-02
9.176165803108810026e-01 5.462547801380981255e-02
9.190818363273454139e-01 4.718993524618423502e-02
9.205517792882847994e-01 3.900786044980514289e-02
9.220264317180617564e-01 3.173819169567280302e-02
9.235058162855999120e-01 2.688013815997155817e-02
9.249899558055445503e-01 2.366054901695843413e-02
9.264788732394365622e-01 2.051260416003975948e-02
9.279725916968964983e-01 1.713271893562842360e-02
9.294711344368187245e-01 1.409869611636672786e-02
9.309745248685807884e-01 1.174545883342043712e-02
9.324827865532605564e-01 1.008223096436837093e-02
9.339959432048683396e-01 8.939414271915331958e-03
9.355140186915889000e-01 7.939648783176472130e-03
9.370370370370372237e-01 6.841380999525729749e-03
9.385650224215247306e-01 5.806657370263037035e-03
9.400979991833403604e-01 5.050372475313422323e-03
9.416359918200409851e-01 4.526181496589854088e-03
9.431790249897582523e-01 4.091509815559233113e-03
9.447271235125154210e-01 3.670033577972747849e-03
9.462803123715577414e-01 3.232634792667859157e-03
9.478386167146976016e-01 2.828089708992941823e-03
9.494020618556702207e-01 2.551138381554665137e-03
9.509706732755061065e-01 2.390830300496433764e-03
9.525444766239140604e-01 2.243578717836112579e-03
9.541234977206798362e-01 2.066727712438258101e-03
9.557077625570776780e-01 1.891736257205734557e-03
9.572972972972975114e-01 1.751294937583381837e-03
9.588921282798834600e-01 1.662183211852815692e-03
9.604922820191906796e-01 1.594531180304512366e-03
9.620977852068535174e-01 1.473136992585697552e-03
9.637086647132693251e-01 1.291491399683900422e-03
9.653249475890985920e-01 1.140528356359363053e-03
9.669466610667787343e-01 1.067100712819963508e-03
9.685738325620532052e-01 1.019438868015796074e-03
9.702064896755161483e-01 9.496899389758655741e-04
9.718446601941748142e-01 8.592922947629528683e-04
9.734883720930233020e-01 7.649788469735542594e-04
9.751376535366371723e-01 6.943252595967031602e-04
9.767925328807808283e-01 6.652425192447550739e-04
9.784530386740334373e-01 6.480459537895844014e-04
9.801191996594296185e-01 6.070311944436309649e-04
9.817910447761195591e-01 5.536252671535213908e-04
9.834686031610424539e-01 5.113771615632293002e-04
9.851519041506205943e-01 4.832264379829731972e-04
9.868409772824691117e-01 4.706698626174970210e-04
9.885358522971232631e-01 4.662412877143092427e-04
9.902365591397850331e-01 4.465475420317106857e-04
9.919431279620852804e-01 4.146518306436054236e-04
9.936555891238672000e-01 4.006465641655525441e-04
9.953739731949847735e-01 4.081690654837333461e-04
9.970983109571245340e-01 4.189942266240178443e-04
9.988286334056398763e-01 4.299518540084124128e-04
1.000564971751412457e+00 4.387126139633117875e-04
1.002307357422725476e+00 4.393312099702763535e-04
1.004055822067160930e+00 4.494131223550357863e-04
1.005810397553516866e+00 4.851201242363585228e-04
1.007571115973741716e+00 5.259906312195752496e-04
1.009338009644892731e+00 5.514688013523422845e-04
1.011111111111111072e+00 5.689623661559278485e-04
1.012890453145622649e+00 5.852002191064983741e-04
1.014676068752754512e+00 6.037339074667876556e-04
1.016467991169978102e+00 6.369796072292915629e-04
1.018266253869968940e+00 6.745713822278402022e-04
1.020070890562694066e+00 6.849750559779500250e-04
1.021881935197514357e+00 6.717595252507890064e-04
1.023699421965318157e+00 6.667587846947686239e-04
1.025523385300668222e+00 6.754018363593711433e-04
1.027353859883980647e+00 6.857411599758422719e-04
1.029190880643719330e+00 6.945552972421892160e-04
1.031034482758620641e+00 6.902532710228551386e-04
1.032884701659937399e+00 6.640163765810058738e-04
1.034741573033707729e+00 6.391187754138968717e-04
1.036605132823052777e+00 6.347003617431869237e-04
1.038475417230491527e+00 6.312929004911324929e-04
1.040352462720289139e+00 6.108277470251852930e-04
1.042236306020823955e+00 5.798933039270156610e-04
1.044126984126984459e+00 5.421820458863479920e-04
1.046024534302589792e+00 5.011234050626438199e-04
1.047928994082840459e+00 4.716614459081811569e-04
1.049840401276789903e+00 4.514892691747970487e-04
1.051758793969849393e+00 4.204643636942278421e-04
1.053684210526315779e+00 3.802130733656739555e-04
1.055616689591930335e+00 3.468941499829065090e-04
1.057556270096463136e+00 3.197939013449018386e-04
1.059502991256327853e+00 2.953889996098269855e-04
1.061456892577224753e+00 2.785042533251294301e-04
1.063418013856813005e+00 2.626337557116265411e-04
1.065386395187413404e+00 2.389399396173225035e-04
1.067362076958739303e+00 2.166654714339406049e-04
1.069345099860659509e+00 2.030142086871397850e-04
1.071335504885993828e+00 1.901305584302657580e-04
1.073333333333333472e+00 1.760775443996696193e-04
1.075338626809902109e+00 1.647262786809125968e-04
1.077351427234440884e+00 1.511549669674242598e-04
1.079371776840131414e+00 1.344230790752303829e-04
1.081399718177548319e+00 1.228902939719328806e-04
1.083435294117647274e+00 1.154991318684770889e-04
1.085478547854785702e+00 1.053376378651010278e-04
1.087529522909777890e+00 9.524578171663490513e-05
1.089588263132986290e+00 8.773693484307949536e-05
1.091654812707444577e+00 7.871164582395870943e-05
1.093729216152019124e+00 7.003584408368166954e-05
1.095811518324607325e+00 6.561508586475629204e-05
1.097901764425369686e+00 6.103072863552992645e-05
1.100000000000000089e+00 5.396395300054329891e-05
