1.200000000000000178e+00 6.574377335793284410e-04
1.201004184100418648e+00 6.290566239849714565e-04
1.202010050251256290e+00 6.107175125076625983e-04
1.203017602682313614e+00 5.965843039930984271e-04
1.204026845637583776e+00 5.775540235690430728e-04
1.205037783375314753e+00 5.486952137956150862e-04
1.206050420168067294e+00 5.133665627637381884e-04
1.207064760302775541e+00 4.810306837262834563e-04
1.208080808080808088e+00 4.604949869294960125e-04
1.209098567818028824e+00 4.536466869082248399e-04
1.210118043844856661e+00 4.542628371074812423e-04
1.211139240506329262e+00 4.526174349061884753e-04
1.212162162162162327e+00 4.423228686857083656e-04
1.213186813186813318e+00 4.243275399014522181e-04
1.214213197969543412e+00 4.052959331205934499e-04
1.215241320914479450e+00 3.918889005487057151e-04
1.216271186440678109e+00 3.854654448680071613e-04
1.217302798982188516e+00 3.812220260823612227e-04
1.218336162988115756e+00 3.722549561694968008e-04
1.219371282922685040e+00 3.552370208148060969e-04
1.220408163265306323e+00 3.332374287030282715e-04
1.221446808510638249e+00 3.135124877833152615e-04
1.222487223168654324e+00 3.020224218900650274e-04
1.223529411764706198e+00 2.989433054060257463e-04
1.224573378839590498e+00 2.986315784571682273e-04
1.225619128949615666e+00 2.940301951192070620e-04
1.226666666666666572e+00 2.820797325351878573e-04
1.227715996578272017e+00 2.659504757506583102e-04
1.228767123287671570e+00 2.523933924459406068e-04
1.229820051413881954e+00 2.462841140077949467e-04
1.230874785591766774e+00 2.465925448260654611e-04
1.231931330472103125e+00 2.469049634285897204e-04
1.232989690721649545e+00 2.401253368547529899e-04
1.234049871023215950e+00 2.237851226894717815e-04
1.235111876075731363e+00 2.019379755442153297e-04
1.236175710594315191e+00 1.822280993193582839e-04
1.237241379310345168e+00 1.703755615304337044e-04
1.238308886971527523e+00 1.662264414422805474e-04
1.239378238341969141e+00 1.642521538787289175e-04
1.240449438202247290e+00 1.579694832959238615e-04
1.241522491349481117e+00 1.448275602376904820e-04
1.242597402597402700e+00 1.278797350877911064e-04
1.243674176776429885e+00 1.131274354865591974e-04
1.244752818733738442e+00 1.047497807757115363e-04
1.245833333333333348e+00 1.019519518064161538e-04
1.246915725456125168e+00 9.977232131086636116e-05
1.247999999999999998e+00 9.305279138208786172e-05
1.249086161879895629e+00 8.037788030978900572e-05
1.250174216027874596e+00 6.495603501232755680e-05
1.251264167393199900e+00 5.192622303313927694e-05
1.252356020942408499e+00 4.437722753970899044e-05
1.253449781659388806e+00 4.125503193698267803e-05
1.254545454545454852e+00 3.867763198894732932e-05
1.255643044619422666e+00 3.338731910731845435e-05
1.256742556917688658e+00 2.542032827042569484e-05
1.257843996494303340e+00 1.785394606490077685e-05
1.258947368421052593e+00 1.399073669834332328e-05
1.260052677787532938e+00 1.446019829539880547e-05
1.261159929701230364e+00 1.671238813824713396e-05
1.262269129287599156e+00 1.728624952865496470e-05
1.263380281690140938e+00 1.484260630026000394e-05
1.264493392070484612e+00 1.129459648243960839e-05
1.265608465608465849e+00 1.001978772184692200e-05
1.266725507502206804e+00 1.270185120170728501e-05
1.267844522968197829e+00 1.761196518755734104e-05
1.268965517241379626e+00 2.095140805645182458e-05
1.270088495575221410e+00 2.018558414502968416e-05
1.271213463241807284e+00 1.642225459215767170e-05
1.272340425531915065e+00 1.355417310010497704e-05
1.273469387755102211e+00 1.468511727086294825e-05
1.274600355239786875e+00 1.893877782386388505e-05
1.275733333333333386e+00 2.174857017509662988e-05
1.276868327402135517e+00 1.886478399560319658e-05
1.278005342831701086e+00 1.086058404981860895e-05
1.279144385026738107e+00 3.945244507418773645e-06
1.280285459411240057e+00 5.641200733103528915e-06
1.281428571428571583e+00 1.841438616747851829e-05
1.282573726541554882e+00 3.683747635821276291e-05
1.283720930232558288e+00 5.172215570924727795e-05
1.284870188003581326e+00 5.898782693420066305e-05
1.286021505376344187e+00 6.625559648525582298e-05
1.287174887892376995e+00 9.065350713793066334e-05
1.288330341113106181e+00 1.476427209453697216e-04
1.289487870619946408e+00 2.383979920633148538e-04
1.290647482014388725e+00 3.459846948008429715e-04
1.291809180918092048e+00 4.450259081893337301e-04
1.292972972972973089e+00 5.189992173107987189e-04
1.294138863841298503e+00 5.718628933721387657e-04
1.295306859205776151e+00 6.233387794562033311e-04
1.296476964769647910e+00 6.895484404182576415e-04
1.297649186256781162e+00 7.641062205566371548e-04
1.298823529411764710e+00 8.178567226913551619e-04
1.300000000000000044e+00 8.232126984726558308e-04
1.301178603807797041e+00 7.883780567709791458e-04
1.302359346642468330e+00 7.731795175698054053e-04
1.303542234332425220e+00 8.650637046293671237e-04
1.304727272727273180e+00 1.120714796205813388e-03
1.305914467697907533e+00 1.509003843552204514e-03
1.307103825136612274e+00 1.901176880164105742e-03
1.308295350957155989e+00 2.131121429133340552e-03
1.309489051094890666e+00 2.101690318689463950e-03
1.310684931506849615e+00 1.872167171796568826e-03
1.311882998171846504e+00 1.658907317425588682e-03
1.313083257090576605e+00 1.726754312763147028e-03
1.314285714285714501e+00 2.220677923113267144e-03
1.315490375802016887e+00 3.039641141080255595e-03
1.316697247706422269e+00 3.847432212322490341e-03
1.317906336088154662e+00 4.241901625289147028e-03
1.319117647058823950e+00 4.002814394453662813e-03
1.320331186752530028e+00 3.272530915940451580e-03
1.321546961325966940e+00 2.542155717824030620e-03
1.322764976958525462e+00 2.419066358169995497e-03
1.323985239852398577e+00 3.284987985494760513e-03
1.325207756232687162e+00 5.036123641181946067e-03
1.326432532347504800e+00 7.070763905298302343e-03
1.327659574468085246e+00 8.560167504204062652e-03
1.328888888888888786e+00 8.875072075883868108e-03
1.330120481927711262e+00 7.939042272968589026e-03
1.331354359925788877e+00 6.305720673557797112e-03
1.332590529247910993e+00 4.901829404538088700e-03
1.333828996282528045e+00 4.562139717134237188e-03
1.335069767441860566e+00 5.601268320022469854e-03
1.336312849162011318e+00 7.651000389141018702e-03
1.337558247903075870e+00 9.849294730561165140e-03
1.338805970149253843e+00 1.127903941617777218e-02
1.340056022408963710e+00 1.142615666442204497e-02
1.341308411214953589e+00 1.042584963680281626e-02
1.342563143124415603e+00 8.986143581667495675e-03
1.343820224719101342e+00 8.046423884263569082e-03
1.345079662605435988e+00 8.352288365926800393e-03
1.346341463414634454e+00 1.014776344418072407e-02
1.347605633802817060e+00 1.310614762057420689e-02
1.348872180451128111e+00 1.649794604881944793e-02
1.350141110065851580e+00 1.949699060164835143e-02
1.351412429378531233e+00 2.149343466695537858e-02
1.352686145146088759e+00 2.230964985593318975e-02
1.353962264150943673e+00 2.226757759228346206e-02
1.355240793201133220e+00 2.210103445357726806e-02
1.356521739130434945e+00 2.273501084853069357e-02
1.357805108798486593e+00 2.497900319059824514e-02
1.359090909090909349e+00 2.921537248609951815e-02
1.360379146919431514e+00 3.519726264152924639e-02
1.361669829222011741e+00 4.207179800465986330e-02
1.362962962962963154e+00 4.868256714528243490e-02
1.364258555133079920e+00 5.408373522499077685e-02
1.365556612749762255e+00 5.806719261174222296e-02
1.366857142857142993e+00 6.144247936490726536e-02
1.368160152526215478e+00 6.587626242715935443e-02
1.369465648854961914e+00 7.328856156438463831e-02
1.370773638968481700e+00 8.503449188648620760e-02
1.372084130019120884e+00 1.012494417578147649e-01
1.373397129186602950e+00 1.207052549750490533e-01
1.374712643678160928e+00 1.413056206438029760e-01
1.376030680728667743e+00 1.610364659484787575e-01
1.377351247600768103e+00 1.789388266571736441e-01
1.378674351585014612e+00 1.956245176799763508e-01
1.380000000000000115e+00 2.130490216420215521e-01
1.381328200192492917e+00 2.336057937984548083e-01
1.382658959537572230e+00 2.589408028380945637e-01
1.383992285438765624e+00 2.890361551960787811e-01
1.385328185328185358e+00 3.219976310829257837e-01
1.386666666666666936e+00 3.546556438750004814e-01
1.388007736943907444e+00 3.837110035990694001e-01
1.389351403678606323e+00 4.069094033603640193e-01
1.390697674418604812e+00 4.237280879779070641e-01
1.392046556741028285e+00 4.352979478574341976e-01
1.393398058252427463e+00 4.436419426722544856e-01
1.394752186588921417e+00 4.506128300243975593e-01
1.396108949416342560e+00 4.570216069280522153e-01
1.397468354430379645e+00 4.623246849956300641e-01
1.398830409356725202e+00 4.649562809791692453e-01
1.400195121951219868e+00 4.630954569573609847e-01
1.401562500000000488e+00 4.554833283439930214e-01
1.402932551319648447e+00 4.419243449926321121e-01
1.404305283757338874e+00 4.232890475257586882e-01
1.405680705190989643e+00 4.010822462875769379e-01
1.407058823529411917e+00 3.768286844275467451e-01
1.408439646712463356e+00 3.515767329352893489e-01
1.409823182711198664e+00 3.257233126856567962e-01
1.411209439528023690e+00 2.991839517506366120e-01
1.412598425196850416e+00 2.717662856061676679e-01
1.413990147783251494e+00 2.435307961448144598e-01
1.415384615384615463e+00 2.149626454982316026e-01
1.416781836130306393e+00 1.868975299080177233e-01
1.418181818181818432e+00 1.602728615328748996e-01
1.419584569732937673e+00 1.358486573653867324e-01
1.420990099009901142e+00 1.140326511613179300e-01
1.422398414271556222e+00 9.486972307295180040e-02
1.423809523809523858e+00 7.816516204479664887e-02
1.425223435948361539e+00 6.365340897157364952e-02
1.426640159045725831e+00 5.112240581699295516e-02
1.428059701492537359e+00 4.044836453586690694e-02
1.429482071713147340e+00 3.155377975826918757e-02
1.430907278165503893e+00 2.433896680831573386e-02
1.432335329341317687e+00 1.863830935709823167e-02
1.433766233766234244e+00 1.422433825604391133e-02
1.435200000000000253e+00 1.084822524200027699e-02
1.436636636636636988e+00 8.285839217300158474e-03
1.438076152304609501e+00 6.362336880369818398e-03
1.439518555667001154e+00 4.947803450155167232e-03
1.440963855421687034e+00 3.936122721905047257e-03
1.442412060301507815e+00 3.226596531562032216e-03
1.443863179074446723e+00 2.720786732733357274e-03
1.445317220543806735e+00 2.333266937891511923e-03
1.446774193548387100e+00 2.005012781507572225e-03
1.448234106962664081e+00 1.708013404346942410e-03
1.449696969696969928e+00 1.437597740295594234e-03
1.451162790697674732e+00 1.198007234594901296e-03
1.452631578947368718e+00 9.904420514452215787e-04
1.454103343465045883e+00 8.095280126488090889e-04
1.455578093306288290e+00 6.474125506863994631e-04
1.457055837563451917e+00 4.998329068135819826e-04
1.458536585365853844e+00 3.685852840593113332e-04
1.460020345879959436e+00 2.588629142466578200e-04
1.461507128309572190e+00 1.742500358141705382e-04
1.462996941896024694e+00 1.135253557075963207e-04
1.464489795918367809e+00 7.136232626495090021e-05
1.465985699693565403e+00 4.169990763943797510e-05
1.467484662576687304e+00 2.077051803233382225e-05
1.468986693961105594e+00 7.651951613213168004e-06
1.470491803278688892e+00 2.616088384626884885e-06
1.472000000000000197e+00 5.283960059790456014e-06
1.473511293634497177e+00 1.432512852694248912e-05
1.475025693730729781e+00 2.867172530001274461e-05
1.476543209876543195e+00 4.868941231001124779e-05
1.478063851699279230e+00 7.583116951524980487e-05
1.479587628865979498e+00 1.108342118545428229e-04
1.481114551083591468e+00 1.520655010584599429e-04
1.482644628099173856e+00 1.957040572457184960e-04
1.484177869700103791e+00 2.379342654080893616e-04
1.485714285714285765e+00 2.775052047545719606e-04
1.487253886010363013e+00 3.164937630076373716e-04
1.488796680497925351e+00 3.584512153728887135e-04
1.490342679127726111e+00 4.052745924102244012e-04
1.491891891891892197e+00 4.553256012402406134e-04
1.493444328824141465e+00 5.044551220630257102e-04
1.495000000000000107e+00 5.492809996336305099e-04
1.496558915537017809e+00 5.901520643187621595e-04
1.498121085594989799e+00 6.313202474356097551e-04
1.499686520376175780e+00 6.779718800984749780e-04
1.501255230125523310e+00 7.323035766448806206e-04
1.502827225130890287e+00 7.917233955059094176e-04
1.504402515723270772e+00 8.507067269901846416e-04
1.505981112277020362e+00 9.049751437057056754e-04
1.507563025210084007e+00 9.547407105856635899e-04
1.509148264984227161e+00 1.004361761950919299e-03
1.510736842105263378e+00 1.058524400506276938e-03
1.512328767123287898e+00 1.117882640574545611e-03
1.513924050632911689e+00 1.177707021623846219e-03
1.515522703273495253e+00 1.230901636494486197e-03
1.517124735729387108e+00 1.273345307264004116e-03
1.518730158730158930e+00 1.307520881739424696e-03
1.520338983050848025e+00 1.341456477891311578e-03
1.521951219512195363e+00 1.383440772457300268e-03
1.523566878980891826e+00 1.436237319238278538e-03
1.525185972369819343e+00 1.495086006526687465e-03
1.526808510638298033e+00 1.551100560769694487e-03
1.528434504792332449e+00 1.597674181777126654e-03
1.530063965884861599e+00 1.635185007734169796e-03
1.531696905016008747e+00 1.670455625304402385e-03
1.533333333333333881e+00 1.711278091779758811e-03
1.534973262032085728e+00 1.760023018084854894e-03
1.536616702355460884e+00 1.811119208309040296e-03
1.538263665594855611e+00 1.854394905810187585e-03
1.539914163090128962e+00 1.881956557627633688e-03
1.541568206229860571e+00 1.893651487671149007e-03
1.543225806451613336e+00 1.897184607840330913e-03
1.544886975242196092e+00 1.902880019133934694e-03
1.546551724137931183e+00 1.916973137194666419e-03
1.548220064724919132e+00 1.938290317229666429e-03
1.549892008639308871e+00 1.960526619632227668e-03
1.551567567567567529e+00 1.978094792899994046e-03
1.553246753246753542e+00 1.990899071461865472e-03
1.554929577464789103e+00 2.004346881759296387e-03
1.556616052060737720e+00 2.024680192049722102e-03
1.558306188925081770e+00 2.053378685275946466e-03
1.560000000000000275e+00 2.085134828452011625e-03
1.561697497279652014e+00 2.111144961211407038e-03
1.563398692810457957e+00 2.125314418025970285e-03
1.565103598691385045e+00 2.128638443759085438e-03
1.566812227074235953e+00 2.128329387310830528e-03
1.568524590163934418e+00 2.132259781363443629e-03
1.570240700218818564e+00 2.142936358807103620e-03
1.571960569550931330e+00 2.155688244318340521e-03
1.573684210526316241e+00 2.162611154395350718e-03
1.575411635565313162e+00 2.159388704869317794e-03
1.577142857142857402e+00 2.149771117508552775e-03
1.578877887788779244e+00 2.144074525003628832e-03
1.580616740088105932e+00 2.152468762434813464e-03
1.582359426681367420e+00 2.177784385823459436e-03
1.584105960264900803e+00 2.213096993242790866e-03
1.585856353591160284e+00 2.245975060050888622e-03
1.587610619469026929e+00 2.266454618842419361e-03
1.589368770764119532e+00 2.273088870596814623e-03
1.591130820399113466e+00 2.272833623641442018e-03
1.592896781354051328e+00 2.275037475519959065e-03
1.594666666666667121e+00 2.284081465769298002e-03
1.596440489432703336e+00 2.296106738872824918e-03
1.598218262806236467e+00 2.302149080258533188e-03
1.600000000000000089e+00 2.295213324191803118e-03
