1.040000000000000036e+00 9.442818487961502760e-04
1.040967082015993972e+00 9.007773156893426805e-04
1.041935964259121272e+00 8.456815415466970628e-04
1.042906651760760139e+00 7.955297511839037146e-04
1.043879149571055542e+00 7.467989176291410904e-04
1.044853462759006923e+00 6.898820174146483427e-04
1.045829596412555906e+00 6.387407524640086910e-04
1.046807555638675780e+00 6.130664850354946259e-04
1.047787345563459427e+00 6.049550828284805219e-04
1.048768971332209032e+00 5.948503383985606499e-04
1.049752438109527342e+00 5.847583049670033659e-04
1.050737751079406701e+00 5.848720150496092979e-04
1.051724915445321207e+00 5.854721274388146766e-04
1.052713936430317965e+00 5.744652072853266220e-04
1.053704819277108573e+00 5.652103034659448823e-04
1.054697569248162603e+00 5.756480745966403899e-04
1.055692191625801302e+00 5.983361119919106304e-04
1.056688691712289740e+00 6.214289515752276184e-04
1.057687074829931850e+00 6.586661815286078180e-04
1.058687346321165013e+00 7.278016905837007182e-04
1.059689511548655760e+00 8.207576230481070058e-04
1.060693575895394813e+00 9.240446346414447074e-04
1.061699544764795222e+00 1.042510071682624211e-03
1.062707423580785848e+00 1.171902108193967080e-03
1.063717217787913283e+00 1.278370556973102866e-03
1.064728932851436216e+00 1.342147873379850778e-03
1.065742574257425579e+00 1.393299731299683973e-03
1.066758147512864241e+00 1.466921662599318015e-03
1.067775658145745821e+00 1.552271421469161904e-03
1.068795111705174827e+00 1.624373745438226256e-03
1.069816513761467913e+00 1.693366981801287807e-03
1.070839869906256014e+00 1.779534400847910354e-03
1.071865185752585159e+00 1.870895150932486367e-03
1.072892466935019939e+00 1.949642521672779755e-03
1.073921719109746542e+00 2.027171388955187423e-03
1.074952947954676219e+00 2.105339320665592946e-03
1.075986159169550094e+00 2.138738666112601113e-03
1.077021358476043966e+00 2.091346501459149815e-03
1.078058551617873562e+00 2.001349770355062216e-03
1.079097744360902000e+00 1.934123503925556063e-03
1.080138942493245491e+00 1.898242443151462429e-03
1.081182151825381466e+00 1.862429723966079007e-03
1.082227378190255163e+00 1.824377658189537885e-03
1.083274627443390647e+00 1.800555250775875233e-03
1.084323905462998727e+00 1.773502540021633898e-03
1.085375218150087084e+00 1.712886181468575028e-03
1.086428571428571521e+00 1.628756296741674069e-03
1.087483971245385650e+00 1.545064043817288846e-03
1.088541423570595024e+00 1.443823657664842402e-03
1.089600934397508158e+00 1.297687861036207887e-03
1.090662509742790220e+00 1.136387333211157438e-03
1.091726155646576935e+00 1.017779539548524037e-03
1.092791878172588715e+00 9.516035155513804253e-04
1.093859683408247019e+00 9.112157358764298287e-04
1.094929577464788695e+00 8.974828583223394291e-04
1.096001566477383893e+00 9.270682179531004137e-04
1.097075656605252636e+00 9.790434279466078086e-04
1.098151854031783392e+00 1.018839826013331852e-03
1.099230164964650314e+00 1.056641242362944474e-03
1.100310595635934918e+00 1.119570934515078890e-03
1.101393152302243106e+00 1.187602151514045076e-03
1.102477841244829504e+00 1.221137442802951167e-03
1.103564668769715817e+00 1.229975752930379624e-03
1.104653641207814951e+00 1.250810084148534481e-03
1.105744764915053358e+00 1.280911663318867310e-03
1.106838046272493603e+00 1.299444680372819575e-03
1.107933491686460714e+00 1.325775197107132656e-03
1.109031107588666520e+00 1.384925395013378302e-03
1.110130900436334667e+00 1.441949328846466646e-03
1.111232876712328510e+00 1.444800271177256639e-03
1.112337042925278130e+00 1.407663118925946968e-03
1.113443405609707559e+00 1.378532064647973194e-03
1.114551971326164903e+00 1.351845109531189847e-03
1.115662746661351346e+00 1.290723015378988795e-03
1.116775738228251935e+00 1.208656217307140174e-03
1.117890952666267035e+00 1.148157339226401220e-03
1.119008396641343550e+00 1.102651908754332050e-03
1.120128076846107490e+00 1.039898664906383245e-03
1.121250000000000080e+00 9.776438699360986799e-04
1.122374172849408325e+00 9.534069838332112547e-04
1.123500602167804008e+00 9.431639705422455383e-04
1.124629294755876918e+00 8.934351957041200510e-04
1.125760257441673184e+00 8.120540381702371410e-04
1.126893497080732498e+00 7.460783610109832141e-04
1.128029020556227335e+00 6.938068362334163250e-04
1.129166834779100181e+00 6.205081126430469921e-04
1.130306946688206748e+00 5.370845587258247849e-04
1.131449363250454532e+00 4.810701015915971141e-04
1.132594091460946917e+00 4.418947684041277832e-04
1.133741138343123289e+00 3.827568648941155746e-04
1.134890510948904918e+00 3.132961704601251447e-04
1.136042216358839063e+00 2.678506691677146534e-04
1.137196261682242859e+00 2.371564805846598811e-04
1.138352654057351865e+00 1.876820460434478323e-04
1.139511400651465722e+00 1.211936337167269519e-04
1.140672508661096263e+00 6.364128481807015275e-05
1.141835985312117385e+00 3.395068348888682431e-05
1.143001837859914271e+00 5.860869917074410602e-05
1.144170073589533931e+00 1.533391208497254939e-04
1.145340699815837970e+00 2.638529808000976808e-04
1.146513723883654245e+00 3.168892128846766782e-04
1.147689153167930742e+00 3.493195838200589278e-04
1.148866995073891450e+00 4.569332683412290360e-04
1.150047257037189130e+00 6.012623745551662650e-04
1.151229946524064296e+00 6.552462008945711142e-04
1.152415071031500871e+00 6.683638939306490653e-04
1.153602638087386500e+00 8.241961560788062593e-04
1.154792655250670430e+00 1.059966289724033036e-03
1.155985130111523818e+00 1.070592766561416541e-03
1.157180070291502716e+00 8.622548679070690366e-04
1.158377483443708389e+00 8.998320272883026261e-04
1.159577377252952068e+00 1.379254207881986478e-03
1.160779759435918601e+00 1.749597780185170896e-03
1.161984637741332760e+00 1.465031965471926901e-03
1.163192019950124667e+00 9.239387438604916656e-04
1.164401913875597883e+00 1.013276959025969986e-03
1.165614327363598601e+00 1.810629472756424734e-03
1.166829268292683075e+00 2.416466420563351432e-03
1.168046744574290363e+00 2.191724933897112784e-03
1.169266764152914195e+00 1.569151729555116372e-03
1.170489335006273501e+00 1.382440448120494025e-03
1.171714465145488937e+00 1.844242664813747082e-03
1.172942162615255857e+00 2.492032875067406918e-03
1.174172435494021061e+00 2.825948056925341179e-03
1.175405291894161985e+00 2.713947466511616204e-03
1.176640739962161009e+00 2.387184518881267040e-03
1.177878787878787747e+00 2.267692381739981177e-03
1.179119443859279359e+00 2.636998534957223691e-03
1.180362716153521507e+00 3.310120482851235287e-03
1.181608613046231770e+00 3.784170275370696626e-03
1.182857142857142829e+00 3.806683022581506919e-03
1.184108313941188984e+00 3.621870195537417545e-03
1.185362134688691116e+00 3.595506643994245133e-03
1.186618613525545651e+00 3.829099928716154198e-03
1.187877758913412407e+00 4.229332590210723754e-03
1.189139579349904219e+00 4.702820687809096054e-03
1.190404083368779231e+00 5.145512188792409312e-03
1.191671279540132078e+00 5.453230395732274957e-03
1.192941176470588172e+00 5.680314449208535496e-03
1.194213782803498880e+00 6.017090621967376152e-03
1.195489107219136926e+00 6.519066108450433973e-03
1.196767158434894229e+00 7.040606981681940199e-03
1.198047945205479303e+00 7.505019115942947877e-03
1.199331476323119761e+00 8.030984214161573584e-03
1.200617760617760599e+00 8.713370461943271625e-03
1.201906806957268481e+00 9.493550670425749544e-03
1.203198624247635129e+00 1.033921731208405081e-02
1.204493221433182493e+00 1.136058304139202224e-02
1.205790607496768585e+00 1.267741951009698602e-02
1.207090791459995538e+00 1.435844876649734585e-02
1.208393782383419657e+00 1.652068252388239067e-02
1.209699589366760364e+00 1.924437857862466156e-02
1.211008221549113140e+00 2.233433488580255019e-02
1.212319688109161575e+00 2.544213028624207201e-02
1.213633998265394531e+00 2.857430024287186537e-02
1.214951161276318414e+00 3.232428698953423996e-02
1.216271186440677887e+00 3.751079662151559496e-02
1.217594083097672142e+00 4.462419382299640663e-02
1.218919860627177609e+00 5.341594786462208755e-02
1.220248528449967340e+00 6.270275684506566860e-02
1.221580096027935269e+00 7.080587743920838117e-02
1.222914572864321592e+00 7.695229642310820461e-02
1.224251968503937027e+00 8.261275880072939393e-02
1.225592292533391747e+00 9.098961869320512652e-02
1.226935554581324084e+00 1.045082963915984903e-01
1.228281764318630565e+00 1.224563301721853653e-01
1.229630931458699505e+00 1.408793526405447416e-01
1.230983065757642603e+00 1.547852463904719755e-01
1.232338177014530967e+00 1.611844163741346647e-01
1.233696275071633153e+00 1.612218930255492066e-01
1.235057369814651196e+00 1.597892982473878287e-01
1.236421471172961972e+00 1.620654977941675956e-01
1.237788589119858340e+00 1.690926636680430417e-01
1.239158733672791612e+00 1.763650981208238488e-01
1.240531914893617138e+00 1.772913869345867088e-01
1.241908142888839439e+00 1.686566630386252819e-01
1.243287427809862455e+00 1.531059925552497591e-01
1.244669779853235569e+00 1.366160038143842126e-01
1.246055209260908292e+00 1.235839627422232467e-01
1.247443726320481172e+00 1.138925639931128164e-01
1.248835341365461815e+00 1.040728907321236824e-01
1.250230064775519123e+00 9.101539674963630977e-02
1.251627906976744198e+00 7.475121392793795949e-02
1.253028878441907024e+00 5.809842685562965903e-02
1.254432989690721589e+00 4.407686774191019174e-02
1.255840251290105236e+00 3.380901381718717097e-02
1.257250673854447554e+00 2.650856973883852080e-02
1.258664268045873724e+00 2.083694191489361691e-02
1.260081044574516085e+00 1.604259333119327155e-02
1.261501014198783022e+00 1.216820457354785869e-02
1.262924187725631642e+00 9.601656290758911819e-03
1.264350576010842442e+00 8.517084341292363581e-03
1.265780189959294200e+00 8.642404948989160923e-03
1.267213040525243528e+00 9.481759696642803534e-03
1.268649138712601987e+00 1.065355136890096255e-02
1.270088495575221410e+00 1.192715391943512289e-02
1.271531122217173904e+00 1.307005090313008433e-02
1.272977029793040948e+00 1.390882866990118989e-02
1.274426229508196728e+00 1.453606738023174513e-02
1.275878732619101896e+00 1.522695379760319323e-02
1.277334550433592009e+00 1.608759937371681201e-02
1.278793694311171958e+00 1.693542068728793801e-02
1.280256175663311957e+00 1.754952295443820351e-02
1.281722005953744192e+00 1.788809357376319742e-02
1.283191196698762138e+00 1.804777356304789956e-02
1.284663759467523425e+00 1.816611660146056489e-02
1.286139705882352935e+00 1.837721734357099929e-02
1.287619047619047663e+00 1.870457404059397422e-02
1.289101796407185807e+00 1.897048485221991543e-02
1.290587964030435630e+00 1.894762161835450778e-02
1.292077562326869877e+00 1.862478923733456096e-02
1.293570603189276635e+00 1.821817653406023613e-02
1.295067098565479080e+00 1.793023393164491081e-02
1.296567060458651666e+00 1.780224786409943458e-02
1.298070500927643867e+00 1.776609938702032251e-02
1.299577432087299478e+00 1.771183330473923359e-02
1.301087866108786795e+00 1.753129548545808922e-02
1.302601815219920800e+00 1.721558751723684111e-02
1.304119291705498673e+00 1.688254923931458568e-02
1.305640307907627529e+00 1.661343353443408069e-02
1.307164876226062589e+00 1.632572894390708559e-02
1.308693009118541140e+00 1.591136658426000119e-02
1.310224719101123592e+00 1.541304805440478314e-02
1.311760018748535428e+00 1.493597750551115336e-02
1.313298920694509597e+00 1.447664144171068729e-02
1.314841437632135346e+00 1.398830761220808648e-02
1.316387582314205051e+00 1.353620514464890824e-02
1.317937367553567274e+00 1.322691086361564052e-02
1.319490806223479362e+00 1.303768591311252160e-02
1.321047911257965612e+00 1.285606401213250372e-02
1.322608695652174093e+00 1.263450734797181424e-02
1.324173172462739467e+00 1.237965148084976472e-02
1.325741354808147809e+00 1.205498311985150894e-02
1.327313255869101427e+00 1.162906484556786545e-02
1.328888888888888786e+00 1.116721393337293498e-02
1.330468267173758212e+00 1.075418216991266829e-02
1.332051404093289149e+00 1.037562637665899630e-02
1.333638313080771853e+00 9.979408687732836333e-03
1.335229007633587761e+00 9.594528321023467962e-03
1.336823501313589624e+00 9.288977423666572655e-03
1.338421807747489201e+00 9.066289387115868820e-03
1.340023940627244503e+00 8.889058167795706178e-03
1.341629913710450595e+00 8.741087849012651664e-03
1.343239740820734607e+00 8.589991064639420498e-03
1.344853435848149870e+00 8.360935984045048466e-03
1.346471012749578922e+00 8.025244534697398291e-03
1.348092485549132968e+00 7.651323658266520090e-03
1.349717868338558002e+00 7.309078805267829951e-03
1.351347175277643364e+00 6.994745766856539336e-03
1.352980420594633859e+00 6.694943018813528934e-03
1.354617618586640759e+00 6.437549476117479519e-03
1.356258783620063024e+00 6.229312289311544210e-03
1.357903930131004522e+00 6.028271594150856096e-03
1.359553072625698356e+00 5.822961120392573277e-03
1.361206225680933857e+00 5.655932572427168833e-03
1.362863403944484908e+00 5.533145337924378314e-03
1.364524622135543597e+00 5.395193278290793572e-03
1.366189895045155200e+00 5.208256131188158944e-03
1.367859237536656947e+00 5.000252592857351921e-03
1.369532664546122103e+00 4.787860289503623017e-03
1.371210191082802510e+00 4.555775017874631218e-03
1.372891832229580444e+00 4.323000917237961385e-03
1.374577603143418481e+00 4.139963513206536272e-03
1.376267519055814903e+00 4.005827911489730914e-03
1.377961595273264450e+00 3.870681761776108287e-03
1.379659847177717502e+00 3.722904857848716945e-03
1.381362290227048373e+00 3.593317821690333348e-03
1.383068939955522714e+00 3.478640374938972088e-03
1.384779811974270247e+00 3.344033805455439486e-03
1.386494921971761274e+00 3.192413037372379778e-03
1.388214285714285623e+00 3.051299774358324796e-03
1.389937919046436487e+00 2.905870006578299605e-03
1.391665837891596258e+00 2.722732347897707014e-03
1.393398058252427019e+00 2.521009841777365965e-03
1.395134596211365929e+00 2.346302110999236908e-03
1.396875467931120607e+00 2.197679571683239935e-03
1.398620689655172500e+00 2.048072779400549048e-03
1.400370277708281375e+00 1.905939951020804365e-03
1.402124248496994019e+00 1.790731289644373640e-03
1.403882618510158053e+00 1.681167649202543407e-03
1.405645404319437519e+00 1.549895832882145115e-03
1.407412622579834238e+00 1.414485699208439242e-03
1.409184290030211617e+00 1.300172100960562656e-03
1.410960423493824001e+00 1.191502128392051213e-03
1.412741039878848914e+00 1.068784048118972272e-03
1.414526156178923300e+00 9.495701095884890577e-04
1.416315789473684195e+00 8.517363013469727304e-04
1.418109956929313409e+00 7.598841274545270258e-04
1.419908675799086861e+00 6.634899685653771698e-04
1.421711963423926806e+00 5.822292371119317314e-04
1.423519837232960494e+00 5.252980183359563402e-04
1.425332314744079509e+00 4.722432449377714659e-04
1.427149413564507974e+00 4.143685066872580423e-04
1.428971151391370986e+00 3.683293097168107138e-04
1.430797546012269938e+00 3.368868573102490500e-04
1.432628615305861164e+00 3.033903836320463849e-04
1.434464377242439692e+00 2.694230049891734881e-04
1.436304849884526558e+00 2.519122249898547868e-04
1.438150051387461437e+00 2.466241836555784048e-04
1.439999999999999947e+00 2.382638688546544344e-04
