6.000000000000000888e-01 8.995266376751661427e-09
6.008037508372404689e-01 8.938342629264239286e-09
6.016096579476861717e-01 8.875821550367906507e-09
6.024177300201478680e-01 8.744817768446220828e-09
6.032279757901816142e-01 8.681548134343231555e-09
6.040404040404039332e-01 8.597367549193860900e-09
6.048550236008092273e-01 8.501502500388621888e-09
6.056718433490885234e-01 8.453815584448306256e-09
6.064908722109534356e-01 8.338947820425925888e-09
6.073121191604604618e-01 8.259820202543917648e-09
6.081355932203389436e-01 8.247913091502779778e-09
6.089613034623219123e-01 8.115493818247786742e-09
6.097892590074780461e-01 8.020995038649432996e-09
6.106194690265487335e-01 8.036671043031211421e-09
6.114519427402862473e-01 7.924352342069325810e-09
6.122866894197952492e-01 7.812788133162119584e-09
6.131237183868762930e-01 7.816011051481387526e-09
6.139630390143737682e-01 7.736456143530130318e-09
6.148046607265250652e-01 7.643670426756724892e-09
6.156485929993136264e-01 7.607998808756911801e-09
6.164948453608246615e-01 7.532805791657142028e-09
6.173434273916036386e-01 7.496027453684839229e-09
6.181943487250173286e-01 7.433844202621774325e-09
6.190476190476190688e-01 7.312662512040143859e-09
6.199032480995163574e-01 7.339573274126459976e-09
6.207612456747405583e-01 7.314478636445113455e-09
6.216216216216217116e-01 7.115443288463326271e-09
6.224843858431646781e-01 7.131739498814098731e-09
6.233495482974288349e-01 7.201448921701964571e-09
6.242171189979123236e-01 7.000893539450870626e-09
6.250871080139372982e-01 6.926293464525914773e-09
6.259595254710398349e-01 7.025019529911689349e-09
6.268343815513626183e-01 6.919768499444982404e-09
6.277116864940518459e-01 6.808661855858817407e-09
6.285914505956551324e-01 6.840193908880525996e-09
6.294736842105262964e-01 6.784317874350058284e-09
6.303583977512298153e-01 6.715449580747386425e-09
6.312456016889513855e-01 6.714513365858684826e-09
6.321353065539113691e-01 6.646644129619402730e-09
6.330275229357800182e-01 6.592886791882417752e-09
6.339222614840989145e-01 6.601629962226293245e-09
6.348195329087049643e-01 6.538826650377220848e-09
6.357193479801560576e-01 6.473687213761685712e-09
6.366217175301632780e-01 6.483779658247743867e-09
6.375266524520256661e-01 6.445264799063714277e-09
6.384341637010677584e-01 6.379710276858365234e-09
6.393442622950818999e-01 6.386167549166018027e-09
6.402569593147752203e-01 6.375787671738934782e-09
6.411722659042172756e-01 6.323695117691710486e-09
6.420901932712955729e-01 6.322988862780404869e-09
6.430107526881720936e-01 6.332126416211929184e-09
6.439339554917444808e-01 6.302642631380747243e-09
6.448598130841122211e-01 6.292276068597889341e-09
6.457883369330454926e-01 6.296410784393568516e-09
6.467195385724585632e-01 6.275639451955561967e-09
6.476534296028880755e-01 6.246781259475250722e-09
6.485900216919739947e-01 6.216169896952135180e-09
6.495293265749456646e-01 6.173265641500444978e-09
6.504713560551124152e-01 6.121411955552006969e-09
6.514161220043572786e-01 6.059615803845638886e-09
6.523636363636363678e-01 5.990697269059264489e-09
6.533139111434814739e-01 5.932028035566386149e-09
6.542669584245076608e-01 5.887269301196705212e-09
6.552227903579255219e-01 5.849034136478675021e-09
6.561814191660571005e-01 5.835693978641208279e-09
6.571428571428571397e-01 5.859692693269910150e-09
6.581071166544387729e-01 5.903779750715289938e-09
6.590742101396033226e-01 5.958431661849976640e-09
6.600441501103754272e-01 6.011611037281509553e-09
6.610169491525424990e-01 6.058184093413451459e-09
6.619926199261992883e-01 6.084662316954884245e-09
6.629711751662972219e-01 6.039372598222704022e-09
6.639526276831977381e-01 5.958950374270442519e-09
6.649369903632319501e-01 5.890113808354685500e-09
6.659242761692650836e-01 5.762566379142690460e-09
6.669144981412639117e-01 5.665969213669173872e-09
6.679076693968728495e-01 5.702493252967165124e-09
6.689038031319911592e-01 5.782178249807634024e-09
6.699029126213592589e-01 5.904134758181299564e-09
6.709050112191472515e-01 6.086164113219713586e-09
6.719101123595506708e-01 6.265104627974539034e-09
6.729182295573894468e-01 6.302685770235883635e-09
6.739293764087154193e-01 6.083115035421497625e-09
6.749435665914222948e-01 5.720220727496896528e-09
6.759608138658629306e-01 5.293480850041497239e-09
6.769811320754718365e-01 4.720476254795569533e-09
6.780045351473923398e-01 4.338254917282497017e-09
6.790310370931113004e-01 4.580536838944426931e-09
6.800606520090978213e-01 5.191490063122006783e-09
6.810933940774487327e-01 6.036750525470277020e-09
6.821292775665399599e-01 7.412187186508781567e-09
6.831683168316832200e-01 8.701243457626385523e-09
6.842105263157896022e-01 8.937237764125433844e-09
6.852559205500382555e-01 8.325708224278926435e-09
6.863045141545524030e-01 7.187590269055100994e-09
6.873563218390804641e-01 5.378071129513942973e-09
6.884113584036839484e-01 3.660137664712015393e-09
6.894696387394313453e-01 3.229239246256221571e-09
6.905311778290993407e-01 4.439283281119349624e-09
6.915959907478798074e-01 7.122107170224571197e-09
6.926640926640926788e-01 1.058706841849739572e-08
6.937354988399072608e-01 1.343271352356406938e-08
6.948102246320682074e-01 1.423749606501609967e-08
6.958882854926300432e-01 1.214619637434636454e-08
6.969696969696971278e-01 7.588738910177971529e-09
6.980544747081712798e-01 2.639279165140152015e-09
6.991426344505067281e-01 7.975068515298584954e-11
7.002341920374708373e-01 2.422843090293203467e-09
7.013291634089133808e-01 1.079335966079211537e-08
7.024275646045420318e-01 2.357642351457789014e-08
7.035294117647059586e-01 3.679830785996518651e-08
7.046347211311863035e-01 4.573626294088787466e-08
7.057435090479937667e-01 4.654159973238080621e-08
7.068557919621749619e-01 3.842599337791152213e-08
7.079715864246250989e-01 2.504425561953433128e-08
7.090909090909089940e-01 1.326645452444853443e-08
7.102137767220902953e-01 1.006081969666813832e-08
7.113402061855670366e-01 1.906586128493514904e-08
7.124702144559175165e-01 3.819519965086374250e-08
7.136038186157518393e-01 5.956233272729560307e-08
7.147410358565736699e-01 7.308467771692360625e-08
7.158818834796488728e-01 7.248400781580980536e-08
7.170263788968826990e-01 5.891120948370183161e-08
7.181745396317054109e-01 4.065201996200000963e-08
7.193263833199680102e-01 3.027641716816517979e-08
7.204819277108435172e-01 3.814104661003809697e-08
7.216411906677393517e-01 6.501907546522697213e-08
7.228041901692184856e-01 1.006606770398810741e-07
7.239709443099273667e-01 1.285310030220689791e-07
7.251414713015360558e-01 1.337692657993832611e-07
7.263157894736842479e-01 1.128889346053918361e-07
7.274939172749392835e-01 7.861412369081617078e-08
7.286758732737611544e-01 5.350067616681390073e-08
7.298616761594793889e-01 5.668953131895995692e-08
7.310513447432763767e-01 9.230019108791901956e-08
7.322448979591836826e-01 1.451396401848781813e-07
7.334423548650859104e-01 1.877793513912937583e-07
7.346437346437347804e-01 1.966431330954208576e-07
7.358490566037736436e-01 1.667887047952568246e-07
7.370583401807725421e-01 1.162068811926345569e-07
7.382716049382715973e-01 7.610153870234233625e-08
7.394888705688376085e-01 7.140718368831253956e-08
7.407101568951280912e-01 1.048045268976639104e-07
7.419354838709676381e-01 1.546574886519604421e-07
7.431648715824358264e-01 1.872658772470595869e-07
7.443983402489626755e-01 1.788888972485480589e-07
7.456359102244389803e-01 1.337609369679108042e-07
7.468776019983347503e-01 8.034637999248014636e-08
7.481234361968307489e-01 4.921509156329320889e-08
7.493734335839599137e-01 5.345123925068673294e-08
7.506276150627616550e-01 8.161559009337846330e-08
7.518860016764461474e-01 1.045742135548176173e-07
7.531486146095719425e-01 9.829611887873461124e-08
7.544154751892346855e-01 6.489417135102732471e-08
7.556866048862680429e-01 2.728267038508856168e-08
7.569620253164558443e-01 7.539915258720629663e-09
7.582417582417582125e-01 1.281604523323979790e-08
7.595258255715495732e-01 3.094589046372723460e-08
7.608142493638677673e-01 3.916134568188158981e-08
7.621070518266781502e-01 2.751087699705486096e-08
7.634042553191490166e-01 9.008792022371269741e-09
7.647058823529412352e-01 3.065619888101084619e-09
7.660119555935098745e-01 1.711429355859233897e-08
7.673224978614200387e-01 3.964639343398581342e-08
7.686375321336763600e-01 4.715335147995259294e-08
7.699570815450644812e-01 2.940116729618374443e-08
7.712811693895099685e-01 5.715281195758824666e-09
7.726098191214471056e-01 8.360268600443333744e-09
7.739430543572045629e-01 5.351235649586796069e-08
7.752808988764045006e-01 1.219116649987024406e-07
7.766233766233766600e-01 1.723269897192365519e-07
7.779705117085863320e-01 1.995217429198817465e-07
7.793223284100783133e-01 2.674092235797711006e-07
7.806788511749348514e-01 4.599870560668231103e-07
7.820401046207499096e-01 8.106118913956182337e-07
7.834061135371179763e-01 1.265936781535705288e-06
7.847769028871391939e-01 1.698419389171911098e-06
7.861524978089395876e-01 2.010176431069604921e-06
7.875329236172081693e-01 2.274374918898533877e-06
7.889182058047494728e-01 2.749149207038928316e-06
7.903083700440529658e-01 3.719167239657060147e-06
7.917034421888792250e-01 5.278852357554141922e-06
7.931034482758622106e-01 7.233296096623527295e-06
7.945084145261293029e-01 9.257141150225982717e-06
7.959183673469388820e-01 1.118605598262677741e-05
7.973333333333333384e-01 1.311179549887270393e-05
7.987533392698131784e-01 1.518151088156607997e-05
8.001784121320251186e-01 1.732171663942849322e-05
8.016085790884719398e-01 1.916627207042456542e-05
8.030438675022382178e-01 2.030619296077211834e-05
8.044843049327355944e-01 2.064726725153318392e-05
8.059299191374664773e-01 2.050103374990162191e-05
8.073807380738076134e-01 2.031943787462188626e-05
8.088367899008117590e-01 2.031129925427502893e-05
8.102981029810299995e-01 2.025715840144625250e-05
8.117647058823530548e-01 1.973540640770401908e-05
8.132366273798732337e-01 1.860739644239935522e-05
8.147138964577657072e-01 1.725991705187497131e-05
8.161965423111919860e-01 1.629905092507165232e-05
8.176845943482224932e-01 1.594736828879116873e-05
8.191780821917810096e-01 1.576901441486434303e-05
8.206770356816103229e-01 1.518277185629366559e-05
8.221814848762603045e-01 1.441284753791032013e-05
8.236914600550966359e-01 1.481315860420601035e-05
8.252069917203311844e-01 1.789344675593494306e-05
8.267281105990784695e-01 2.362841317449922040e-05
8.282548476454295594e-01 2.966289690100634669e-05
8.297872340425533899e-01 3.273963511421420364e-05
8.313253012048194002e-01 3.162409549588014561e-05
8.328690807799443707e-01 2.881932899298611964e-05
8.344186046511630206e-01 2.897964960128311923e-05
8.359739049394223631e-01 3.482089089923693281e-05
8.375350140056023740e-01 4.409029372107443971e-05
8.391019644527598631e-01 5.119562439817033461e-05
8.406747891283975482e-01 5.315624821933364789e-05
8.422535211267607735e-01 5.485237304705661349e-05
8.438381937911572095e-01 6.829972228984095212e-05
8.454288407163055297e-01 1.058678638212235572e-04
8.470254957507082905e-01 1.741942791133900266e-04
8.486281929990541206e-01 2.773505397045124645e-04
8.502369668246447798e-01 4.303533169006934218e-04
8.518518518518519711e-01 6.729241955757173880e-04
8.534728829686014651e-01 1.069362847813379314e-03
8.551000953288846462e-01 1.688858973365322484e-03
8.567335243553009239e-01 2.576712245728550454e-03
8.583732057416268990e-01 3.736143624156332450e-03
8.600191754554171730e-01 5.129919618940988885e-03
8.616714697406342438e-01 6.693876185007075277e-03
8.633301251203081561e-01 8.340871614240484566e-03
8.649951783992285703e-01 9.942419711151980269e-03
8.666666666666668073e-01 1.130271595320286177e-02
8.683446272991288684e-01 1.216216054798466284e-02
8.700290979631426502e-01 1.226092316692838947e-02
8.717201166180760241e-01 1.145306713250894733e-02
8.734177215189875554e-01 9.813661838994784670e-03
8.751219512195124173e-01 7.663647989339114099e-03
8.768328445747802791e-01 5.473192946852382078e-03
8.785504407443684993e-01 3.678944429474496295e-03
8.802747791952896250e-01 2.512715536959665100e-03
8.820058997050148619e-01 1.938470686222919714e-03
8.837438423645321839e-01 1.727101691953200667e-03
8.854886475814414126e-01 1.612945088138216304e-03
8.872403560830862679e-01 1.432646464667229483e-03
8.889990089197226109e-01 1.171329462178899569e-03
8.907646474677261006e-01 9.099639942226931755e-04
8.925373134328360436e-01 7.306618962334096058e-04
8.943170488534397666e-01 6.515154901985093601e-04
8.961038961038962913e-01 6.261547597218224213e-04
8.978978978978980896e-01 5.904291766597397420e-04
8.996990972918756935e-01 5.106819066678147450e-04
9.015075376884422731e-01 3.991664118896109123e-04
9.033232628398791819e-01 2.945243783030472009e-04
9.051463168516650226e-01 2.299197646064644115e-04
9.069767441860466795e-01 2.129187876438365292e-04
9.088145896656535383e-01 2.259396976292005351e-04
9.106598984771576699e-01 2.406715151625144812e-04
9.125127161749747584e-01 2.346995865818949788e-04
9.143730886850154338e-01 2.021808369286461700e-04
9.162410623084781269e-01 1.554022239381758783e-04
9.181166837256908853e-01 1.167282337927192179e-04
9.200000000000000400e-01 1.036833295867373134e-04
9.218910585817063907e-01 1.158013465533163559e-04
9.237899073120497961e-01 1.342404002843572441e-04
9.256965944272448343e-01 1.366222687496148008e-04
9.276111685625647585e-01 1.155785185856154462e-04
9.295336787564768555e-01 8.472711060643364311e-05
9.314641744548286528e-01 6.601762519673683052e-05
9.334027055150884156e-01 6.925365580923468567e-05
9.353493222106360472e-01 8.341372694530699229e-05
9.373040752351100569e-01 8.885147692976253560e-05
9.392670157068064851e-01 7.730135603570633968e-05
9.412381951731376706e-01 5.842417838733428417e-05
9.432176656151421978e-01 4.746633605492802158e-05
9.452054794520549086e-01 4.870345770644708873e-05
9.472016895459346442e-01 5.257156194889244362e-05
9.492063492063493868e-01 4.892004166147148592e-05
9.512195121951222410e-01 3.997130496628944563e-05
9.532412327311373668e-01 3.690332937676400445e-05
9.552715654952079749e-01 4.522826904825515918e-05
9.573105656350053838e-01 5.791447887339170019e-05
9.593582887700534689e-01 6.433350611662934176e-05
9.614147909967846184e-01 6.378121306661374134e-05
9.634801288936630792e-01 6.652030710540644679e-05
9.655543595263728074e-01 8.000380841616744961e-05
9.676375404530745961e-01 9.803662052227969930e-05
9.697297297297298169e-01 1.081665702593276004e-04
9.718309859154931063e-01 1.081254596172673266e-04
9.739413680781758842e-01 1.098026653679696276e-04
9.760609357997823698e-01 1.248522509929430669e-04
9.781897491821158752e-01 1.490741954924545705e-04
9.803278688524592610e-01 1.659731398523312722e-04
9.824753559693322202e-01 1.668415548024110545e-04
9.846322722283207263e-01 1.619832383577243296e-04
9.867986798679870830e-01 1.675913663780140837e-04
9.889746416758545822e-01 1.844094257126813771e-04
9.911602209944752051e-01 1.956436231301692734e-04
9.933554817275751514e-01 1.877912721555836375e-04
9.955604883462821908e-01 1.685575164869745598e-04
9.977753058954397236e-01 1.582238677704336685e-04
1.000000000000000222e+00 1.643524043271137698e-04
