1.400000000000000577e+00 4.716357970470633557e-03
1.401041279285980323e+00 4.703566261476041510e-03
1.402084108671381335e+00 4.677093162817094231e-03
1.403128491620112328e+00 4.625387418028253407e-03
1.404174431606411089e+00 4.544023552452015023e-03
1.405221932114882888e+00 4.437079075852796289e-03
1.406270996640538007e+00 4.315746082834664120e-03
1.407321628688831039e+00 4.194664296521314305e-03
1.408373831775701523e+00 4.087215371038484604e-03
1.409427609427609918e+00 4.001349495394610281e-03
1.410482965181580228e+00 3.937318536307375660e-03
1.411539902585238426e+00 3.888036000867953375e-03
1.412598425196850860e+00 3.841895951755613242e-03
1.413658536585366221e+00 3.787059900907789080e-03
1.414720240330454626e+00 3.715737547657420922e-03
1.415783540022548470e+00 3.627002969172274816e-03
1.416848439262881065e+00 3.527193366996983666e-03
1.417914941663530826e+00 3.427759867289844383e-03
1.418983050847457905e+00 3.341301608962479047e-03
1.420052770448549051e+00 3.277126669813707968e-03
1.421124104111656239e+00 3.237842801010659601e-03
1.422197055492639306e+00 3.218136563481636264e-03
1.423271628258406141e+00 3.206168823933358732e-03
1.424347826086956870e+00 3.187143226472180773e-03
1.425425652667423826e+00 3.147883007611047401e-03
1.426505111700113737e+00 3.080919244786374002e-03
1.427586206896552135e+00 2.986758210098527933e-03
1.428668941979522433e+00 2.873599055049276020e-03
1.429753320683112117e+00 2.754612586116423657e-03
1.430839346752754038e+00 2.643688026964094526e-03
1.431927023945268607e+00 2.551045066124733342e-03
1.433016356028908644e+00 2.480134670655618438e-03
1.434107346783403569e+00 2.426810843847117347e-03
1.435200000000000475e+00 2.380997949749932927e-03
1.436294319481510096e+00 2.330258154320877240e-03
1.437390309042350767e+00 2.264051842419335242e-03
1.438487972508591506e+00 2.177278729011986567e-03
1.439587313717997974e+00 2.071949710583644456e-03
1.440688336520077106e+00 1.956474923655170724e-03
1.441791044776119746e+00 1.842846067117627626e-03
1.442895442359249714e+00 1.742676856846822522e-03
1.444001533154465777e+00 1.663420769984906003e-03
1.445109321058688723e+00 1.605999789721732768e-03
1.446218809980806430e+00 1.564589287817611234e-03
1.447330003841721391e+00 1.528582441401601802e-03
1.448442906574394895e+00 1.486045837716370088e-03
1.449557522123894104e+00 1.427510284682261162e-03
1.450673854447439792e+00 1.348864902637524586e-03
1.451791907514451418e+00 1.252452479983069168e-03
1.452911685306595313e+00 1.146079230196952146e-03
1.454033191817831305e+00 1.040340801582445443e-03
1.455156431054461574e+00 9.451988933638177763e-04
1.456281407035176167e+00 8.669484103008826600e-04
1.457408123791103183e+00 8.065373505061064182e-04
1.458536585365854066e+00 7.597138369727011835e-04
1.459666795815575790e+00 7.188511027364129701e-04
1.460798759208996156e+00 6.757551543224956433e-04
1.461932479627474191e+00 6.244705412558842041e-04
1.463067961165049002e+00 5.631530459532757375e-04
1.464205207928488406e+00 4.944409858459055231e-04
1.465344224037339993e+00 4.242925745986475213e-04
1.466485013623978428e+00 3.597758177322520328e-04
1.467627580833658518e+00 3.066239554496025818e-04
1.468771929824562061e+00 2.674013189735889259e-04
1.469918064767850696e+00 2.408652634882779817e-04
1.471065989847716304e+00 2.226635107879537689e-04
1.472215709261430971e+00 2.070368614833616042e-04
1.473367227219398279e+00 1.888693978179881974e-04
1.474520547945205928e+00 1.653494117944184078e-04
1.475675675675676146e+00 1.366891677136616216e-04
1.476832614660917420e+00 1.057209979959044881e-04
1.477991369164378677e+00 7.659983805645589991e-05
1.479151943462897911e+00 5.314779483230218019e-05
1.480314341846758586e+00 3.746977199999786042e-05
1.481478568619740921e+00 2.932722981717470926e-05
1.482644628099174078e+00 2.644367879758017758e-05
1.483812524615991002e+00 2.555442053908172739e-05
1.484982262514781493e+00 2.374230896497326923e-05
1.486153846153846825e+00 1.952033462224277968e-05
1.487327279905250821e+00 1.324727705985511205e-05
1.488502568154880024e+00 6.749740207652372698e-06
1.489679715302491658e+00 2.346512116604451829e-06
1.490858725761773362e+00 1.706619414180930906e-06
1.492039603960396477e+00 5.028015080943823866e-06
1.493222354340072000e+00 1.088051778690088242e-05
1.494406981356604991e+00 1.677420485700001820e-05
1.495593489479952742e+00 2.020816611094606043e-05
1.496781883194279406e+00 1.974959966914093627e-05
1.497972166998012167e+00 1.567513931721895999e-05
1.499164345403900311e+00 9.885848471191991489e-06
1.500358422939068292e+00 5.114635484008254854e-06
1.501554404145078347e+00 3.755369900252428681e-06
1.502752293577982012e+00 6.826080996726866768e-06
1.503952095808383849e+00 1.355052065719982267e-05
1.505153815421494512e+00 2.180253988697461654e-05
1.506357457017193591e+00 2.929358063255905386e-05
1.507563025210084451e+00 3.504005776599628793e-05
1.508770524629555743e+00 4.047154240223174379e-05
1.509979959919840020e+00 4.962173939624269674e-05
1.511191335740072361e+00 6.817295783517547030e-05
1.512404656764352318e+00 1.015888593441540268e-04
1.513619927681800537e+00 1.529911374559575585e-04
1.514837153196622932e+00 2.216346229645586949e-04
1.516056338028169526e+00 3.027051140624222774e-04
1.517277486910995066e+00 3.887198286339106634e-04
1.518500604594921866e+00 4.721949764223953025e-04
1.519725695845099089e+00 5.486866531316095036e-04
1.520952765442067367e+00 6.190418379625641085e-04
1.522181818181818524e+00 6.898600991617875444e-04
1.523412858875859754e+00 7.717539814532573374e-04
1.524645892351275123e+00 8.758291044837283705e-04
1.525880923450790405e+00 1.009587046860383136e-03
1.527117957032833928e+00 1.173870210925306119e-03
1.528356997971602738e+00 1.362304089840190354e-03
1.529598051157125882e+00 1.563930304390212522e-03
1.530841121495327473e+00 1.768572369294948076e-03
1.532086213908093297e+00 1.973321475586506044e-03
1.533333333333333881e+00 2.187812227404561678e-03
1.534582484725051543e+00 2.436015347998643065e-03
1.535833673053404347e+00 2.753200359739001960e-03
1.537086903304774044e+00 3.178301050813707972e-03
1.538342180481829802e+00 3.743663583410626172e-03
1.539599509603596594e+00 4.465455035689394267e-03
1.540858895705521814e+00 5.338319375386752288e-03
1.542120343839542107e+00 6.336930181418940801e-03
1.543383859074150433e+00 7.425057947977583249e-03
1.544649446494465339e+00 8.570208686225162797e-03
1.545917111202298466e+00 9.759629596569868726e-03
1.547186858316222047e+00 1.101235546633739376e-02
1.548458692971640627e+00 1.238254188115458718e-02
1.549732620320855903e+00 1.395164152217910972e-02
1.551008645533141328e+00 1.581047734958741791e-02
1.552286773794808949e+00 1.803591977308895838e-02
1.553567010309278906e+00 2.066946112751822870e-02
1.554849360297152705e+00 2.370547514078947399e-02
1.556133828996282942e+00 2.709489393395015863e-02
1.557420421661844134e+00 3.076576273054328070e-02
1.558709143566405109e+00 3.465675161295646289e-02
1.560000000000000497e+00 3.875482828139999170e-02
1.561292996270203570e+00 4.312557747361147470e-02
1.562588137702198621e+00 4.792524899941126570e-02
1.563885429638854685e+00 5.338776052184826537e-02
1.565184877440797928e+00 5.978670322782454055e-02
1.566486486486486918e+00 6.738007958671236863e-02
1.567790262172285010e+00 7.635174685286923169e-02
1.569096209912536954e+00 8.676624546105350666e-02
1.570404335139641727e+00 9.855162466160569124e-02
1.571714643304130465e+00 1.115181443704207215e-01
1.573027139874739300e+00 1.254108762922586107e-01
1.574341830338487513e+00 1.399838964871535363e-01
1.575658720200753038e+00 1.550759991874243460e-01
1.576977814985349946e+00 1.706652801204930348e-01
1.578299120234604613e+00 1.868836275299059768e-01
1.579622641509434322e+00 2.039819455320724950e-01
1.580948384389425421e+00 2.222501769961200135e-01
1.582276354472910818e+00 2.419094990737024886e-01
1.583606557377049695e+00 2.630036855432382192e-01
1.584938998737905225e+00 2.853194259052606596e-01
1.586273684210526724e+00 3.083601170791701040e-01
1.587610619469027151e+00 3.313852104879671523e-01
1.588949810206664148e+00 3.535106088013688641e-01
1.590291262135922645e+00 3.738492106509619384e-01
1.591634980988593462e+00 3.916590257958368348e-01
1.592980972515856575e+00 4.064627622044587052e-01
1.594329242488362608e+00 4.181087451024592117e-01
1.595679796696315433e+00 4.267572226233213861e-01
1.597032640949555438e+00 4.327949841180963042e-01
1.598387781077641456e+00 4.366998068240396935e-01
1.599745222929936705e+00 4.388895350914321369e-01
1.601104972375690938e+00 4.395948954378743334e-01
1.602467035304126375e+00 4.387891540436073545e-01
1.603831417624521416e+00 4.361929112601727332e-01
1.605198125266298126e+00 4.313525992239481410e-01
1.606567164179104834e+00 4.237718728181101291e-01
1.607938540332907174e+00 4.130612589171656635e-01
1.609312259718069571e+00 3.990668495017611339e-01
1.610688328345446951e+00 3.819446657063285122e-01
1.612066752246470225e+00 3.621619195107119160e-01
1.613447537473233773e+00 3.404257309944326848e-01
1.614830690098586041e+00 3.175586599651062936e-01
1.616216216216216583e+00 2.943536469816683820e-01
1.617604121940747541e+00 2.714452059744191237e-01
1.618994413407821353e+00 2.492280685748403113e-01
1.620387096774194235e+00 2.278407674516216563e-01
1.621782178217822112e+00 2.072138319841237142e-01
1.623179663937958095e+00 1.871653195155036364e-01
1.624579560155239522e+00 1.675148752252915429e-01
1.625981873111782994e+00 1.481842999761230906e-01
1.627386609071274748e+00 1.292581992154669401e-01
1.628793774319066356e+00 1.109907269748044434e-01
1.630203375162267987e+00 9.375996264992374207e-02
1.631615417929840106e+00 7.798562711097231648e-02
1.633029908972692068e+00 6.403482468542659456e-02
1.634446854663774706e+00 5.214210870545658155e-02
1.635866261398176702e+00 4.236441786934519449e-02
1.637288135593220728e+00 3.458039706714028522e-02
1.638712483688560484e+00 2.853074571113064714e-02
1.640139312146277950e+00 2.388528195188420120e-02
1.641568627450980644e+00 2.031633823624335103e-02
1.643000436109899987e+00 1.755828378204762896e-02
1.644434744652990332e+00 1.543888015688651971e-02
1.645871559633027781e+00 1.387767096882487269e-02
1.647310887625710762e+00 1.285664595747071717e-02
1.648752735229759514e+00 1.237602056325546977e-02
1.650197109067017553e+00 1.241108495098100853e-02
1.651644015782551822e+00 1.288413218440035909e-02
1.653093462044756823e+00 1.365945629217358778e-02
1.654545454545454763e+00 1.456145378259884361e-02
1.656000000000000361e+00 1.540853634768116209e-02
1.657457105147382537e+00 1.605106341069273412e-02
1.658916776750330335e+00 1.640100806998228897e-02
1.660379021595416837e+00 1.644444447010508237e-02
1.661843846493163079e+00 1.623386910000007566e-02
1.663311258278146187e+00 1.586382177238891342e-02
1.664781263809103296e+00 1.543820240897174345e-02
1.666253869969040569e+00 1.503964545151655584e-02
1.667729083665338896e+00 1.470989520478675240e-02
1.669206911829862916e+00 1.444599407710677776e-02
1.670687361419068928e+00 1.421173642205160285e-02
1.672170439414114806e+00 1.395903458339967443e-02
1.673656152820968801e+00 1.365108669875856121e-02
1.675144508670520560e+00 1.327928008649637004e-02
1.676635514018691930e+00 1.286842126225055255e-02
1.678129175946548202e+00 1.246913797150654354e-02
1.679625501560410683e+00 1.214067789769804687e-02
1.681124497991968170e+00 1.193041177754663659e-02
1.682626172398392628e+00 1.185712028143685697e-02
1.684130531962449995e+00 1.190374712498750050e-02
1.685637583892617641e+00 1.202176461695450213e-02
1.687147335423198058e+00 1.214550979670118123e-02
1.688659793814433430e+00 1.221160994929249705e-02
1.690174966352624875e+00 1.217712703054442402e-02
1.691692860350247241e+00 1.203070993035441905e-02
1.693213483146067899e+00 1.179352704118402304e-02
1.694736842105263319e+00 1.151017491898027011e-02
1.696262944619541191e+00 1.123296697947242205e-02
1.697791798107255890e+00 1.100496548510144189e-02
1.699323410013531932e+00 1.084724942537504573e-02
1.700857787810384103e+00 1.075425133144954255e-02
1.702394938996837137e+00 1.069817040593025806e-02
1.703934871099050730e+00 1.064045366517044587e-02
1.705477591670439441e+00 1.054612618738107882e-02
1.707023108291799041e+00 1.039603369673008752e-02
1.708571428571428852e+00 1.019300352339177346e-02
1.710122560145256765e+00 9.960148445837244124e-03
1.711676510676965357e+00 9.732243649401360608e-03
1.713233287858117571e+00 9.543384289696031295e-03
1.714792899408284388e+00 9.415243728804126647e-03
1.716355353075170953e+00 9.349879350704375439e-03
1.717920656634747356e+00 9.329357573149000410e-03
1.719488817891373866e+00 9.322100120804491241e-03
1.721059844677935713e+00 9.293604495425038248e-03
1.722633744855967208e+00 9.217806848593787516e-03
1.724210526315790082e+00 9.085264636538727123e-03
1.725790196976638047e+00 8.905523842709850077e-03
1.727372764786795356e+00 8.703061729880175179e-03
1.728958237723726699e+00 8.508358638676863719e-03
1.730546623794212424e+00 8.347228051787249775e-03
1.732137931034483103e+00 8.232019249711718459e-03
1.733732167510354527e+00 8.157576304612897122e-03
1.735329341317365603e+00 8.103172728180726286e-03
1.736929460580913132e+00 8.039624266598906568e-03
1.738532533456391693e+00 7.939091613134802161e-03
1.740138568129330654e+00 7.784268152266440345e-03
1.741747572815534051e+00 7.573946218683376766e-03
1.743359555761221813e+00 7.323233770353202408e-03
1.744974525243168317e+00 7.058498468830896704e-03
1.746592489568846052e+00 6.808836725943639805e-03
1.748213457076566391e+00 6.596939186023102752e-03
1.749837436135625035e+00 6.432321690821371854e-03
1.751464435146443677e+00 6.309014992215747873e-03
1.753094462540716991e+00 6.208279921035211348e-03
1.754727526781556080e+00 6.105261716308635518e-03
1.756363636363636571e+00 5.977263821009901577e-03
1.758002799813346062e+00 5.810894946938314695e-03
1.759645025688930664e+00 5.605830753246527666e-03
1.761290322580645551e+00 5.374135704737259371e-03
1.762938699110903285e+00 5.135586728125752544e-03
1.764590163934426359e+00 4.910724961561754691e-03
1.766244725738397081e+00 4.714022750063834831e-03
1.767902393242609449e+00 4.549400720217986263e-03
1.769563175199624361e+00 4.409451127689848274e-03
1.771227080394922382e+00 4.278441235519823277e-03
1.772894117647058954e+00 4.137925483883329002e-03
1.774564295807819381e+00 3.972996245625254851e-03
1.776237623762376705e+00 3.777092042589190544e-03
1.777914110429448247e+00 3.553862031143027039e-03
1.779593764761455255e+00 3.315630192830422603e-03
1.781276595744681224e+00 3.079142929007936107e-03
1.782962612399432656e+00 2.860137417732253745e-03
1.784651823780199376e+00 2.668567701737421805e-03
1.786344238975818177e+00 2.506001814045861857e-03
1.788039867109634917e+00 2.365898297745834024e-03
1.789738717339667495e+00 2.236478986739246812e-03
1.791440798858773276e+00 2.105077637321566518e-03
1.793146120894812290e+00 1.962430953228878894e-03
1.794854692710814881e+00 1.805502156570556495e-03
1.796566523605150234e+00 1.638013221982305813e-03
1.798281622911694910e+00 1.468684675203171417e-03
1.800000000000000266e+00 1.307949472469356047e-03
