8.000000000000000444e-01 3.812135913452838675e-05
8.008928571428572951e-01 4.953210385975681990e-05
8.017877094972067908e-01 7.512613738316464406e-05
8.026845637583893689e-01 1.018057500583979786e-04
8.035834266517358770e-01 1.143196738982763081e-04
8.044843049327355944e-01 1.445861408562034247e-04
8.053872053872055403e-01 2.037521538401980913e-04
8.062921348314608938e-01 2.764578918165015871e-04
8.071991001124860787e-01 3.946919021724139428e-04
8.081081081081082917e-01 5.384708994318330348e-04
8.090191657271704750e-01 5.800219789967069528e-04
8.099322799097066206e-01 6.539675034737211373e-04
8.108474576271187395e-01 8.786149458063045870e-04
8.117647058823530548e-01 1.137258661273479916e-03
8.126840317100793021e-01 1.344347471824496650e-03
8.136054421768708078e-01 1.509454596297082809e-03
8.145289443813849006e-01 1.438419659743496405e-03
8.154545454545455430e-01 1.388357516170772793e-03
8.163822525597270729e-01 1.615353568966933174e-03
8.173120728929387235e-01 1.920146477653736188e-03
8.182440136830104738e-01 1.951438615758805490e-03
8.191780821917810096e-01 1.911387641348506923e-03
8.201142857142859066e-01 1.856548292340355665e-03
8.210526315789474783e-01 1.765852503167687033e-03
8.219931271477665113e-01 1.880101791895535598e-03
8.229357798165138904e-01 2.291779296413725461e-03
8.238805970149254421e-01 2.533268574222479873e-03
8.248275862068966680e-01 2.366228779052994592e-03
8.257767548906791433e-01 2.283067916058843967e-03
8.267281105990784695e-01 2.280433208345067006e-03
8.276816608996541147e-01 2.283631793634896892e-03
8.286374133949193643e-01 2.523836235135813819e-03
8.295953757225436043e-01 2.735589700648599111e-03
8.305555555555556024e-01 2.321629296294573912e-03
8.315179606025494552e-01 1.924768450692162071e-03
8.324825986078888684e-01 1.817437884085122256e-03
8.334494773519164346e-01 1.741967628459154156e-03
8.344186046511630206e-01 1.680730392535870850e-03
8.353899883585564901e-01 1.691143102783952993e-03
8.363636363636365312e-01 1.499726248062562949e-03
8.373395565927654882e-01 1.201563018046558932e-03
8.383177570093458542e-01 1.095703164148970630e-03
8.392982456140353209e-01 1.137321600216200908e-03
8.402810304449650491e-01 1.173594899105983701e-03
8.412661195779603807e-01 1.187716301762062072e-03
8.422535211267607735e-01 1.185532768889920258e-03
8.432432432432434011e-01 1.067333292897450605e-03
8.442352941176471948e-01 9.418207677070931060e-04
8.452296819787987747e-01 9.532996173293628757e-04
8.462264150943397123e-01 1.059335145954522347e-03
8.472255017709563463e-01 1.068840661321412066e-03
8.482269503546101541e-01 9.772719084408338849e-04
8.492307692307694555e-01 8.773493413174134926e-04
8.502369668246447798e-01 7.563905743784733997e-04
8.512455516014236778e-01 6.781887362718620879e-04
8.522565320665084210e-01 6.994701449741829368e-04
8.532699167657551431e-01 7.243494943571205606e-04
8.542857142857144259e-01 6.336397379979464683e-04
8.553039332538737716e-01 5.435425436883025438e-04
8.563245823389021849e-01 4.998635870021485164e-04
8.573476702508960878e-01 4.582154720118829109e-04
8.583732057416268990e-01 4.463614927036177503e-04
8.594011976047905010e-01 4.904347047909689544e-04
8.604316546762590390e-01 5.057343910873438042e-04
8.614645858343337181e-01 4.449579474400719827e-04
8.625000000000001554e-01 4.026481931408836825e-04
8.635379061371841747e-01 3.913984254329826206e-04
8.645783132530121540e-01 3.851439952473647275e-04
8.656212303980700407e-01 3.941095123575899658e-04
8.666666666666668073e-01 4.084709775051054213e-04
8.677146311970981296e-01 3.740264987835104928e-04
8.687651331719129510e-01 3.083908213816465298e-04
8.698181818181818237e-01 2.674990205626417397e-04
8.708737864077670254e-01 2.553093963795753261e-04
8.719319562575943428e-01 2.499306450245896631e-04
8.729927007299271846e-01 2.333981470359053193e-04
8.740560292326432501e-01 2.133334630149220695e-04
8.751219512195124173e-01 1.867722182963200191e-04
8.761904761904764083e-01 1.523694136060784951e-04
8.772616136919316743e-01 1.332456077808315113e-04
8.783353733170136124e-01 1.367612786511569723e-04
8.794117647058824483e-01 1.368034836794459260e-04
8.804907975460123382e-01 1.223734860135367638e-04
8.815724815724815810e-01 1.132397599487539410e-04
8.826568265682657177e-01 1.004091373540788422e-04
8.837438423645321839e-01 8.103025079545233276e-05
8.848335388409371838e-01 7.513058061706699242e-05
8.859259259259260055e-01 7.858970190718827186e-05
8.870210135970335585e-01 7.176700203249703359e-05
8.881188118811883525e-01 6.131450911143707940e-05
8.892193308550188080e-01 5.501505645164930498e-05
8.903225806451614543e-01 4.538233562881022605e-05
8.914285714285715700e-01 3.942019320697463515e-05
8.925373134328360436e-01 4.215409223349088802e-05
8.936488169364882328e-01 4.375299347035448204e-05
8.947630922693268207e-01 4.151964312679354670e-05
8.958801498127341167e-01 4.255665052102396075e-05
8.970000000000002416e-01 4.058205040618265131e-05
8.981226533166460912e-01 3.638943809192491286e-05
8.992481203007521851e-01 4.168127092022173857e-05
9.003764115432874027e-01 4.623741901919200896e-05
9.015075376884422731e-01 3.966909548643837274e-05
9.026415094339623746e-01 3.993061315780780383e-05
9.037783375314862866e-01 3.507149848854013597e-05
9.049180327868854290e-01 1.221581046950305770e-05
9.060606060606062329e-01 5.471893947410496342e-07
9.072060682680153088e-01 4.570113316690559136e-05
9.083544303797469466e-01 1.174750564022215393e-04
9.095057034220532799e-01 1.143461010993083066e-04
9.106598984771574479e-01 3.452393391111123521e-04
9.118170266836086446e-01 1.446771923627822895e-04
9.129770992366413873e-01 3.998620616167002009e-04
9.141401273885352285e-01 4.578376540759736138e-04
9.153061224489797976e-01 1.877587856023029919e-04
9.164750957854407298e-01 7.039077666965938345e-04
9.176470588235294823e-01 2.836907329796211339e-04
9.188220230473753691e-01 4.149702828322564957e-04
9.200000000000000400e-01 1.479867323691060228e-03
9.211810012836971762e-01 5.691393013148573696e-04
9.223650385604114099e-01 2.791756225410871447e-04
9.235521235521236827e-01 1.054022336629709079e-03
9.247422680412373808e-01 1.365551233680634960e-03
9.259354838709679125e-01 6.991495827634224090e-04
9.271317829457366155e-01 8.245575234696202573e-04
9.283311772315654409e-01 1.312013414574874325e-03
9.295336787564768555e-01 1.115879167579071022e-03
9.307392996108951877e-01 9.803359768607437016e-04
9.319480519480520808e-01 1.340109177067449380e-03
9.331599479843953882e-01 1.387895458445038543e-03
9.343750000000000666e-01 1.082266098826251133e-03
9.355932203389831781e-01 1.286005648824387667e-03
9.368146214099217772e-01 2.074645232017828522e-03
9.380392156862744635e-01 2.003588791976850577e-03
9.392670157068064851e-01 1.240326292538508537e-03
9.404980340760159541e-01 1.287131134279221375e-03
9.417322834645670548e-01 2.104080598240564651e-03
9.429697766097242528e-01 2.243864957055794786e-03
9.442105263157896111e-01 1.104808618179475800e-03
9.454545454545455474e-01 8.513026104352328137e-04
9.467018469656993673e-01 1.925510848075665318e-03
9.479524438573316836e-01 2.863696002106061629e-03
9.492063492063492758e-01 1.642672259420396158e-03
9.504635761589405041e-01 1.087118627572754379e-03
9.517241379310346083e-01 1.436970011283974493e-03
9.529880478087652262e-01 1.530322408981265496e-03
9.542553191489364650e-01 1.631014920759232822e-03
9.555259653794940800e-01 2.213228405544798508e-03
9.568000000000000949e-01 2.353092550638577474e-03
9.580774365821095317e-01 1.879590301100682792e-03
9.593582887700534689e-01 1.548679712086008719e-03
9.606425702811247636e-01 2.068892140609710200e-03
9.619302949061662167e-01 2.707935440052450498e-03
9.632214765100672871e-01 2.668018734167505734e-03
9.645161290322581404e-01 2.392925987195552474e-03
9.658142664872140237e-01 2.562119102786266766e-03
9.671159029649595285e-01 3.426648558842284101e-03
9.684210526315791823e-01 4.770084803246658380e-03
9.697297297297298169e-01 6.367057170730835471e-03
9.710419485791611516e-01 7.922071685068553248e-03
9.723577235772358218e-01 9.049635444447262297e-03
9.736770691994574012e-01 1.025900722492714169e-02
9.750000000000001998e-01 1.249935821905913055e-02
9.763265306122449472e-01 1.526822733920093177e-02
9.776566757493188042e-01 1.721749345669230588e-02
9.789904502046384849e-01 1.945615426379144336e-02
9.803278688524590390e-01 2.447186870143133394e-02
9.816689466484270765e-01 3.363653810607670352e-02
9.830136986301373225e-01 4.567464537301701988e-02
9.843621399176956110e-01 5.654747032708157262e-02
9.857142857142858761e-01 6.853545153763251907e-02
9.870701513067401400e-01 8.938225467459257056e-02
9.884297520661158298e-01 1.197586310950874700e-01
9.897931034482759793e-01 1.560745389915260128e-01
9.911602209944752051e-01 1.845634307328614943e-01
9.925311203319503450e-01 2.018549365274439900e-01
9.939058171745154269e-01 2.264933050179336604e-01
9.952843273231624099e-01 2.724981960772398515e-01
9.966666666666667007e-01 3.212819998811069500e-01
9.980528511821976645e-01 3.379139164532904416e-01
9.994428969359333559e-01 3.242377216562699060e-01
1.000836820083682133e+00 3.072474694906686676e-01
1.002234636871508489e+00 3.030545309247882901e-01
1.003636363636363660e+00 2.858938258352838879e-01
1.005042016806722893e+00 2.400897056379133199e-01
1.006451612903225934e+00 1.914894535307327117e-01
1.007865168539326062e+00 1.560191371682210226e-01
1.009282700421941126e+00 1.240524814328256981e-01
1.010704225352112795e+00 8.956776402478634769e-02
1.012129760225669806e+00 5.727322807838821500e-02
1.013559322033898535e+00 3.414735981920594132e-02
1.014992927864215133e+00 2.021307688944080569e-02
1.016430594900849860e+00 1.155559437762398133e-02
1.017872340425532096e+00 6.138399874747148960e-03
1.019318181818182012e+00 3.219946410145558581e-03
1.020768136557610228e+00 1.966502359267470121e-03
1.022222222222222365e+00 1.502391955049441064e-03
1.023680456490727586e+00 1.334900780959084703e-03
1.025142857142857356e+00 1.280268428448852556e-03
1.026609442060085975e+00 1.330074808751393212e-03
1.028080229226361109e+00 1.509606332064399774e-03
1.029555236728837864e+00 1.801201849258675207e-03
1.031034482758620641e+00 2.150019264217721462e-03
1.032517985611510980e+00 2.451911348933585345e-03
1.034005763688760959e+00 2.634155000903232787e-03
1.035497835497835695e+00 2.749641856657673768e-03
1.036994219653179394e+00 2.927937650624701498e-03
1.038494934876989850e+00 3.191962642235205132e-03
1.040000000000000258e+00 3.355667051223339484e-03
1.041509433962264364e+00 3.719685749597764421e-03
1.043023255813953609e+00 4.130682895161147568e-03
1.044541484716157376e+00 4.374168440832154094e-03
1.046064139941691007e+00 4.660702419237700185e-03
1.047591240875912710e+00 4.728928283335979109e-03
1.049122807017544012e+00 4.908863187695633630e-03
1.050658857979502425e+00 5.061088030938232923e-03
1.052199413489736335e+00 5.116810207667213568e-03
1.053744493392070769e+00 5.122827947949671820e-03
1.055294117647058938e+00 5.156604515619289848e-03
1.056848306332842435e+00 5.161987165313679238e-03
1.058407079646017657e+00 5.069775818469907623e-03
1.059970457902511098e+00 4.941643839511967659e-03
1.061538461538461542e+00 4.879503597435052263e-03
1.063111111111111340e+00 4.868168702459884506e-03
1.064688427299703255e+00 4.756320269457659823e-03
1.066270430906389288e+00 4.502862847129430676e-03
1.067857142857143060e+00 4.242409179326564819e-03
1.069448584202682850e+00 4.044508649251063979e-03
1.071044776119403297e+00 3.871195911431669304e-03
1.072645739910313978e+00 3.730501484653905332e-03
1.074251497005988210e+00 3.669160845366182307e-03
1.075862068965517393e+00 3.602359396591979599e-03
1.077477477477477574e+00 3.371887038274437934e-03
1.079097744360902222e+00 3.041116200379574436e-03
1.080722891566264998e+00 2.790320265241703380e-03
1.082352941176470740e+00 2.652578266122428835e-03
1.083987915407855107e+00 2.552421077131676510e-03
1.085627836611195329e+00 2.442835752229389860e-03
1.087272727272727169e+00 2.338191179032891691e-03
1.088922610015174541e+00 2.222370813714010223e-03
1.090577507598784468e+00 2.045425535711070577e-03
1.092237442922374679e+00 1.847047177733315577e-03
1.093902439024390105e+00 1.724780535267868850e-03
1.095572519083969354e+00 1.694768497253204033e-03
1.097247706422018521e+00 1.683082434651303905e-03
1.098928024502296985e+00 1.637095558260697522e-03
1.100613496932515423e+00 1.579324982806379687e-03
1.102304147465437811e+00 1.515771541736215524e-03
1.104000000000000092e+00 1.422378466131365028e-03
1.105701078582434604e+00 1.323527113959783790e-03
1.107407407407407618e+00 1.268557991278298396e-03
1.109119010819165307e+00 1.263336954993593639e-03
1.110835913312693712e+00 1.264797173164234701e-03
1.112558139534884027e+00 1.223643266688533623e-03
1.114285714285714324e+00 1.147360409698990492e-03
1.116018662519440152e+00 1.074158595339078787e-03
1.117757009345794250e+00 1.008013162440894814e-03
1.119500780031201126e+00 9.398492424125597317e-04
1.121250000000000302e+00 8.923574709992436026e-04
1.123004694835680883e+00 8.823746673888096951e-04
1.124764890282131669e+00 8.749459348027298182e-04
1.126530612244897922e+00 8.294361539219180903e-04
1.128301886792452802e+00 7.656054063412758796e-04
1.130078740157480333e+00 7.134214632422857839e-04
1.131861198738170371e+00 6.712055278802880063e-04
1.133649289099526225e+00 6.356323897838662236e-04
1.135443037974683600e+00 6.112648975101178011e-04
1.137242472266244198e+00 5.968816953748490176e-04
1.139047619047619087e+00 5.831980191776655817e-04
1.140858505564388059e+00 5.529308487968923437e-04
1.142675159235668980e+00 5.016350084156313144e-04
1.144497607655502458e+00 4.531648033643022604e-04
1.146325878594249392e+00 4.238338471156866583e-04
1.148160000000000069e+00 4.004843387724663474e-04
1.150000000000000133e+00 3.723270407389916493e-04
1.151845906902086769e+00 3.495001203140488556e-04
1.153697749196141764e+00 3.303193256862743698e-04
1.155555555555555669e+00 2.990745470933254798e-04
1.157419354838709724e+00 2.615855972112948995e-04
1.159289176090468665e+00 2.334833466562785936e-04
1.161165048543689515e+00 2.140615425069026644e-04
1.163047001620745702e+00 1.996650955732751174e-04
1.164935064935065157e+00 1.905698066541470408e-04
1.166829268292683297e+00 1.824654992637629635e-04
1.168729641693811327e+00 1.732481086593313211e-04
1.170636215334420971e+00 1.675150591668351119e-04
1.172549019607843412e+00 1.641275516020944273e-04
1.174468085106382897e+00 1.600816673330251983e-04
1.176393442622950980e+00 1.636207725537810749e-04
1.178325123152709430e+00 1.809521997908158475e-04
1.180263157894737125e+00 2.012257860576485496e-04
1.182207578253706926e+00 2.164388914522778849e-04
1.184158415841584544e+00 2.370219892175287114e-04
1.186115702479338951e+00 2.624987109002409704e-04
1.188079470198675658e+00 2.804436827926655722e-04
1.190049751243781095e+00 3.001050234122614423e-04
1.192026578073089871e+00 3.349995070919453070e-04
1.194009983361064897e+00 3.765982796597693700e-04
1.196000000000000174e+00 4.194649916411749709e-04
1.197996661101836446e+00 4.646384836083241958e-04
1.200000000000000178e+00 4.896980836488363381e-04
