1.180000000000000382e+00 8.328058460266501506e-04
1.180999957628914299e+00 8.061734205713274194e-04
1.182001611466859226e+00 7.784799068558314206e-04
1.183004965833368782e+00 7.727844603670073120e-04
1.184010025062656846e+00 7.944571402199383488e-04
1.185016793503677723e+00 8.271130003062407985e-04
1.186025275520190769e+00 8.442927135100452771e-04
1.187035475490822334e+00 8.282792846191520475e-04
1.188047397809130157e+00 7.825613243278651057e-04
1.189061046883665540e+00 7.292560463209760927e-04
1.190076427138038850e+00 6.936491682825434574e-04
1.191093543010982803e+00 6.870464933332127901e-04
1.192112398956417740e+00 6.999926434575318070e-04
1.193132999443517139e+00 7.102061285656965104e-04
1.194155348956771556e+00 6.990284515652123902e-04
1.195179451996055242e+00 6.643843852247692527e-04
1.196205313076692089e+00 6.211949957061050666e-04
1.197232936729522246e+00 5.895021117009623850e-04
1.198262327500967395e+00 5.793813406535651585e-04
1.199293489953100256e+00 5.837207380067494910e-04
1.200326428663709866e+00 5.838854668699855130e-04
1.201361148226369746e+00 5.637785092937130189e-04
1.202397653250507181e+00 5.218187074815880270e-04
1.203435948361469832e+00 4.721371541058070232e-04
1.204476038200596344e+00 4.343523699405393477e-04
1.205517927425284519e+00 4.196134253639062029e-04
1.206561620709060367e+00 4.231324391362679851e-04
1.207607122741648942e+00 4.284526619544751311e-04
1.208654438229044947e+00 4.200110126523069645e-04
1.209703571893580909e+00 3.945765546361447353e-04
1.210754528474002223e+00 3.631905169456566343e-04
1.211807312725533992e+00 3.423930315232157594e-04
1.212861929419955631e+00 3.414338509326493576e-04
1.213918383345673258e+00 3.550136833838229977e-04
1.214976679307789631e+00 3.668869253135712319e-04
1.216036822128179651e+00 3.615866243613121127e-04
1.217098816645561632e+00 3.355920828600933610e-04
1.218162667715571912e+00 2.997727251805749481e-04
1.219228380210839680e+00 2.714308992940491893e-04
1.220295959021058696e+00 2.618813345078133169e-04
1.221365409053065232e+00 2.686526996749835075e-04
1.222436735230911120e+00 2.778529976398735261e-04
1.223509942495939695e+00 2.747217063826440701e-04
1.224585035806862843e+00 2.544739385420761025e-04
1.225662020139835606e+00 2.255201970856531317e-04
1.226740900488534791e+00 2.029082383800290300e-04
1.227821681864235126e+00 1.970336355068007977e-04
1.228904369295886534e+00 2.059976544956711468e-04
1.229988967830192959e+00 2.171081724339395591e-04
1.231075482531690302e+00 2.161913376511717156e-04
1.232163918482825915e+00 1.977186483121322975e-04
1.233254280784036316e+00 1.683771463037839113e-04
1.234346574553828679e+00 1.417403703219335541e-04
1.235440804928859659e+00 1.282713054020449405e-04
1.236536977064016884e+00 1.281210428091353890e-04
1.237635096132498669e+00 1.318148821777115863e-04
1.238735167325896835e+00 1.278986911617122687e-04
1.239837195854277319e+00 1.115462008906562886e-04
1.240941186946262764e+00 8.772721873493014770e-05
1.242047145849115797e+00 6.691017129249248678e-05
1.243155077828821620e+00 5.694618932583926023e-05
1.244264988170171282e+00 5.744092484563380455e-05
1.245376882176846722e+00 6.069436541933017633e-05
1.246490765171504256e+00 5.808495291913496575e-05
1.247606642495859841e+00 4.669167673310401385e-05
1.248724519510774789e+00 3.106466332915340479e-05
1.249844401596341248e+00 1.909394912883329891e-05
1.250966294151968361e+00 1.558005326112085878e-05
1.252090202596469526e+00 1.871218865368490109e-05
1.253216132368148994e+00 2.207037603296992296e-05
1.254344088924890910e+00 2.020440693236650459e-05
1.255474077744245909e+00 1.303628062448999674e-05
1.256606104323520379e+00 5.504501562421287862e-06
1.257740174179865722e+00 2.958554816051463107e-06
1.258876292850368284e+00 6.379540434077809719e-06
1.260014465892139057e+00 1.156984587144370531e-05
1.261154698882403613e+00 1.297832999733926060e-05
1.262296997418595357e+00 8.762281399995573643e-06
1.263441367118444569e+00 2.536606909378907442e-06
1.264587813620072110e+00 1.254638438601945726e-07
1.265736342582080898e+00 4.119978227789915237e-06
1.266886959683650948e+00 1.125071975632243644e-05
1.268039670624630633e+00 1.535175748213024895e-05
1.269194481125632157e+00 1.367883592500470611e-05
1.270351396928125487e+00 1.085689626029047191e-05
1.271510423794535161e+00 1.616363576779124097e-05
1.272671567508333323e+00 3.554615390038481503e-05
1.273834833874137651e+00 6.508957963104930716e-05
1.275000228717808159e+00 9.261853395062245896e-05
1.276167757886543797e+00 1.077826234223383084e-04
1.277337427248980362e+00 1.129794990382083166e-04
1.278509242695289316e+00 1.248160744053132423e-04
1.279683210137275706e+00 1.620976284027348399e-04
1.280859335508478525e+00 2.278972322019498509e-04
1.282037624764270634e+00 3.009188397570703127e-04
1.283218083881957794e+00 3.473084074928733229e-04
1.284400718860882140e+00 3.488956871019670107e-04
1.285585535722522099e+00 3.279348959408756288e-04
1.286772540510595197e+00 3.452699228299391915e-04
1.287961739291160423e+00 4.645053553345965844e-04
1.289153138152722367e+00 7.010631301526401094e-04
1.290346743206333358e+00 9.930821253671428313e-04
1.291542560585700716e+00 1.224246222272647351e-03
1.292740596447289336e+00 1.296027551850505773e-03
1.293940856970428932e+00 1.207765973095759537e-03
1.295143348357418400e+00 1.086089254833472401e-03
1.296348076833635732e+00 1.128393805101484283e-03
1.297555048647642151e+00 1.480030974566803794e-03
1.298764270071292470e+00 2.117738460293576777e-03
1.299975747399841675e+00 2.823735421397568276e-03
1.301189486952056384e+00 3.289004410431507677e-03
1.302405495070324104e+00 3.302110520539923259e-03
1.303623778120761578e+00 2.912420395354737429e-03
1.304844342493329146e+00 2.453107986188753434e-03
1.306067194601939985e+00 2.382920738312453886e-03
1.307292340884574244e+00 3.018715576684212476e-03
1.308519787803389400e+00 4.313525034168869468e-03
1.309749541844838383e+00 5.828380810775963053e-03
1.310981609519778157e+00 6.942858759922143110e-03
1.312215997363589626e+00 7.204377915411102479e-03
1.313452711936289541e+00 6.617893517093396440e-03
1.314691759822649963e+00 5.693066854585241213e-03
1.315933147632312172e+00 5.196366927868515534e-03
1.317176881999905680e+00 5.729560606190497833e-03
1.318422969585166582e+00 7.369764796963566324e-03
1.319671417073055242e+00 9.586231502978170144e-03
1.320922231173878192e+00 1.149974423298932326e-02
1.322175418623404930e+00 1.235508859822398789e-02
1.323430986182992486e+00 1.194946768446331249e-02
1.324688940639703549e+00 1.077649034358640900e-02
1.325949288806431925e+00 9.799078230809527001e-03
1.327212037522022881e+00 9.968046021301465304e-03
1.328477193651399046e+00 1.174102537758078824e-02
1.329744764085683206e+00 1.485337329333369719e-02
1.331014755742323974e+00 1.845510588373159774e-02
1.332287175565221693e+00 2.153629527563922369e-02
1.333562030524855224e+00 2.342239764419242962e-02
1.334839327618409177e+00 2.409938877666844073e-02
1.336119073869901142e+00 2.422550589300368623e-02
1.337401276330310473e+00 2.484073389959248757e-02
1.338685942077710189e+00 2.691693056235457820e-02
1.339973078217393754e+00 3.094600131546936320e-02
1.341262691882007863e+00 3.673244826206287228e-02
1.342554790231684558e+00 4.346865964555651773e-02
1.343849380454173348e+00 5.006681636231618410e-02
1.345146469764972874e+00 5.563175915006367267e-02
1.346446065407468362e+00 5.990352595795526286e-02
1.347748174653063513e+00 6.349062752238818219e-02
1.349052804801316618e+00 6.776844033592094307e-02
1.350359963180078671e+00 7.443303542364348990e-02
1.351669657145628589e+00 8.485213072375451249e-02
1.352981894082811554e+00 9.947943077445620119e-02
1.354296681405179781e+00 1.176216221940153267e-01
1.355614026555128859e+00 1.377243418287128485e-01
1.356933937004040747e+00 1.581044881554678205e-01
1.358256420252424324e+00 1.778096022709297619e-01
1.359581483830057058e+00 1.971690801792640724e-01
1.360909135296128225e+00 2.177076497349742235e-01
1.362239382239382346e+00 2.413943656873248633e-01
1.363572232278264629e+00 2.695559213867312898e-01
1.364907693061064853e+00 3.019960020585953919e-01
1.366245772266065694e+00 3.367972032717584940e-01
1.367586477601688166e+00 3.709505949229905952e-01
1.368929816806640387e+00 4.015266432005230035e-01
1.370275797650066574e+00 4.268051000256583571e-01
1.371624427931696477e+00 4.467915571401643304e-01
1.372975715481996151e+00 4.628685000288563223e-01
1.374329668162319606e+00 4.767870659656434640e-01
1.375686293865061138e+00 4.895495250077948612e-01
1.377045600513808754e+00 5.007724734584048099e-01
1.378407596063498497e+00 5.088400701254480740e-01
1.379772288500569433e+00 5.117194636934003782e-01
1.381139685843119969e+00 5.079646694997912437e-01
1.382509796141064617e+00 4.973678374440277938e-01
1.383882627476292315e+00 4.809496715306643133e-01
1.385258187962824961e+00 4.603644986525831095e-01
1.386636485746977954e+00 4.371047312827600617e-01
1.388017529007519846e+00 4.119568212421053643e-01
1.389401325955834876e+00 3.849694577729835254e-01
1.390787884836086175e+00 3.558771474060357654e-01
1.392177213925378521e+00 3.246714615062004650e-01
1.393569321533923544e+00 2.919644971557966984e-01
1.394964216005205149e+00 2.589499247752797273e-01
1.396361905716146490e+00 2.270204803082889466e-01
1.397762399077278284e+00 1.972899265647783951e-01
1.399165704532905341e+00 1.702909102777314110e-01
1.400571830561278430e+00 1.459853078065679877e-01
1.401980785674765029e+00 1.240297400993799204e-01
1.403392578420019410e+00 1.041066692304889324e-01
1.404807217378156503e+00 8.612864980162546202e-02
1.406224711164926422e+00 7.023148104306382866e-02
1.407645068430887436e+00 5.660971747467943155e-02
1.409068297861584718e+00 4.532894968938881719e-02
1.410494408177723979e+00 3.623527848997500772e-02
1.411923408135353109e+00 2.899912384326272519e-02
1.413355306526038246e+00 2.324139813748795844e-02
1.414790112177046977e+00 1.865092320608103746e-02
1.416227833951527071e+00 1.502740585481456524e-02
1.417668480748690341e+00 1.224563381203186072e-02
1.419112061503996713e+00 1.018761716618637146e-02
1.420558585189337863e+00 8.699222558228135102e-03
1.422008060813223951e+00 7.598128933864055530e-03
1.423460497420969473e+00 6.718157341796583866e-03
1.424915904094882890e+00 5.951692630674791651e-03
1.426374289954454699e+00 5.259555006402239809e-03
1.427835664156549722e+00 4.645455322176229862e-03
1.429300035895595400e+00 4.117237446343725155e-03
1.430767414403778082e+00 3.662385199313278328e-03
1.432237808951235980e+00 3.250355983310019691e-03
1.433711228846253016e+00 2.853089182261116415e-03
1.435187683435456663e+00 2.463645514947222000e-03
1.436667182104015561e+00 2.097928355793926645e-03
1.438149734275837366e+00 1.779606406960650925e-03
1.439635349413770138e+00 1.521096629106196167e-03
1.441124037019802628e+00 1.314831460216671875e-03
1.442615806635267672e+00 1.139691507233074304e-03
1.444110667841044471e+00 9.758404035133023697e-04
1.445608630257766869e+00 8.161423460741864047e-04
1.447109703546025639e+00 6.666473335383395551e-04
1.448613897406579643e+00 5.377631223576450877e-04
1.450121221580562780e+00 4.342410964703524636e-04
1.451631685849695375e+00 3.515624180265379518e-04
1.453145300036494447e+00 2.802117496438397788e-04
1.454662074004488437e+00 2.131201184069033067e-04
1.456182017658429695e+00 1.499717299181230863e-04
1.457705140944511424e+00 9.559690141359879071e-05
1.459231453850584170e+00 5.476210492938516955e-05
1.460760966406372985e+00 2.813883866841156731e-05
1.462293688683699910e+00 1.241343158686697257e-05
1.463829630796702030e+00 3.605888497139487008e-06
1.465368802902055956e+00 1.321362050015935753e-07
1.466911215199200313e+00 2.935560145377423541e-06
1.468456877930562454e+00 1.305186762296174916e-05
1.470005801381783606e+00 2.935118602172499867e-05
1.471557995881949354e+00 4.884330180527571015e-05
1.473113471803816132e+00 6.931939026893967439e-05
1.474672239564044585e+00 9.172342499459445098e-05
1.476234309623431162e+00 1.197196784121370245e-04
1.477799692487142824e+00 1.564356355600401863e-04
1.479368398704952181e+00 2.010810193631993930e-04
1.480940438871473530e+00 2.485827595358588082e-04
1.482515823626403106e+00 2.929835888616078281e-04
1.484094563654757559e+00 3.320698448050891601e-04
1.485676669687116869e+00 3.693562382612212915e-04
1.487262152499866597e+00 4.114701204082361593e-04
1.488851022915442801e+00 4.627279911609296064e-04
1.490443291802577619e+00 5.212132636569579997e-04
1.492038970076548399e+00 5.797400406372298304e-04
1.493638068699426835e+00 6.312767710384702179e-04
1.495240598680328548e+00 6.746956949588566333e-04
1.496846571075667320e+00 7.161742527238891022e-04
1.498455996989409345e+00 7.648213782054543147e-04
1.500068887573327681e+00 8.256866759060530869e-04
1.501685254027261607e+00 8.955801886815919306e-04
1.503305107599374635e+00 9.651415175175434482e-04
1.504928459586415634e+00 1.025760129141377840e-03
1.506555321333981956e+00 1.076026060585467958e-03
1.508185704236783886e+00 1.122563344231807805e-03
1.509819619738909324e+00 1.174394918847835321e-03
1.511457079334092679e+00 1.235140505067003434e-03
1.513098094565984653e+00 1.299280497101751352e-03
1.514742677028422468e+00 1.355757371303997934e-03
1.516390838365703875e+00 1.396480352216058042e-03
1.518042590272861148e+00 1.423255291726840390e-03
1.519697944495938202e+00 1.447544177714286256e-03
1.521356912832268815e+00 1.482779380014869440e-03
1.523019507130757955e+00 1.534731053566203022e-03
1.524685739292161113e+00 1.597171383366214736e-03
1.526355621269372076e+00 1.656298928191911627e-03
1.528029165067704920e+00 1.700818492566898718e-03
1.529706382745184445e+00 1.730187658727688716e-03
1.531387286412834614e+00 1.754761762853274121e-03
1.533071888234970759e+00 1.787594394955305862e-03
1.534760200429491794e+00 1.833983036627102577e-03
1.536452235268177313e+00 1.886671816641596498e-03
1.538148005076982461e+00 1.930478173230353684e-03
1.539847522236340582e+00 1.953061732276998664e-03
1.541550799181461429e+00 1.953906981856767811e-03
1.543257848402635579e+00 1.944875562643429015e-03
1.544968682445540642e+00 1.941955280157688264e-03
1.546683313911547897e+00 1.954367755575682573e-03
1.548401755458030271e+00 1.979068139845778680e-03
1.550124019798676533e+00 2.004491330878840124e-03
1.551850119703802822e+00 2.020375141777220641e-03
1.553580068000669057e+00 2.025972839796241244e-03
1.555313877573796244e+00 2.030368691458008749e-03
1.557051561365286885e+00 2.044806780052105949e-03
1.558793132375146939e+00 2.073147780862002239e-03
1.560538603661609125e+00 2.108006994860806959e-03
1.562287988341460876e+00 2.135704240632748090e-03
1.564041299590371192e+00 2.146294065020531040e-03
1.565798550643222598e+00 2.140950124374361475e-03
1.567559754794443538e+00 2.130956439216858019e-03
1.569324925398345005e+00 2.129013981142825751e-03
1.571094075869455153e+00 2.139539211034136978e-03
1.572867219682862361e+00 2.155488781589416560e-03
1.574644370374555402e+00 2.164275450763984091e-03
1.576425541541768283e+00 2.158314468654983463e-03
1.578210746843327072e+00 2.142048639773053674e-03
1.580000000000000071e+00 2.129828735341008847e-03
