7.600000000000001199e-01 4.679913929460015689e-05
7.608774968248470660e-01 6.374020022704400686e-05
7.617570223095597726e-01 8.436900968356364819e-05
7.626385834972805311e-01 9.913527677610282874e-05
7.635221874637934114e-01 1.055474932839514711e-04
7.644078413177125553e-01 1.089651440307948162e-04
7.652955522006736899e-01 1.132999956891899253e-04
7.661853272875248644e-01 1.145166541785077094e-04
7.670771737865209605e-01 1.061381592322626353e-04
7.679710989395175380e-01 8.926469960999991471e-05
7.688671100221678989e-01 7.316124440759694389e-05
7.697652143441187089e-01 6.528168729204470182e-05
7.706654192492107258e-01 6.375993535489109915e-05
7.715677321156774182e-01 6.154099401396433025e-05
7.724721603563475814e-01 5.562114303412034322e-05
7.733787114188476197e-01 4.929064873868038759e-05
7.742873927858067162e-01 4.613938840159322936e-05
7.751982119750617795e-01 4.525286262898498707e-05
7.761111765398658324e-01 4.340617811892852600e-05
7.770262940690956244e-01 3.960772230294381754e-05
7.779435721874632392e-01 3.543833781788874283e-05
7.788630185557263719e-01 3.198905851676219067e-05
7.797846408709029342e-01 2.857512169919376583e-05
7.807084468664851062e-01 2.441957745710433139e-05
7.816344443126557184e-01 1.995092727234805483e-05
7.825626410165065217e-01 1.597923719220851205e-05
7.834930448222565680e-01 1.269344496490318058e-05
7.844256636114748105e-01 9.986909447094063124e-06
7.853605053033013705e-01 7.942528065347894463e-06
7.862975778546713590e-01 6.452668827183335797e-06
7.872368892605423607e-01 5.018510253035396794e-06
7.881784475541203649e-01 3.484056416449028789e-06
7.891222608070891376e-01 2.418540722119271055e-06
7.900683371298407032e-01 2.231180979991531318e-06
7.910166846717081590e-01 2.485261404088619464e-06
7.919673116211994879e-01 2.753290640117351225e-06
7.929202262062328144e-01 3.599484649368245157e-06
7.938754366943743257e-01 5.849368168544837001e-06
7.948329513930769696e-01 9.254659176661666375e-06
7.957927786499215950e-01 1.283869786146176527e-05
7.967549268528595352e-01 1.639075884616694156e-05
7.977194044304565246e-01 2.067414095743384795e-05
7.986862198521391676e-01 2.624003529485331268e-05
7.996553816284432958e-01 3.297027095920119350e-05
8.006268983112623250e-01 4.065972091062822267e-05
8.016007784941004966e-01 4.900633071804349111e-05
8.025770308123250096e-01 5.739914787577900181e-05
8.035556639434215942e-01 6.638528291467197748e-05
8.045366866072519718e-01 7.902478350077308449e-05
8.055201075663123156e-01 9.797365581591336713e-05
8.065059356259944856e-01 1.204421067114571042e-04
8.074941796348487077e-01 1.396073627739965052e-04
8.084848484848485839e-01 1.536625151175653498e-04
8.094779511116572124e-01 1.698573089728626047e-04
8.104734964948961951e-01 1.943012790439062494e-04
8.114714936584165317e-01 2.197701531961517463e-04
8.124719516705709577e-01 2.313021758759365787e-04
8.134748796444885022e-01 2.257071381860017165e-04
8.144802867383513778e-01 2.179733134038210106e-04
8.154881821556738686e-01 2.227309227713677303e-04
8.164985751455829943e-01 2.348369330067213469e-04
8.175114750031015065e-01 2.367729656653362439e-04
8.185268910694324385e-01 2.232321498741610892e-04
8.195448327322473192e-01 2.085698923098440710e-04
8.205653094259744984e-01 2.075490311582285727e-04
8.215883306320906909e-01 2.171828292114693000e-04
8.226139058794159631e-01 2.231913344893850812e-04
8.236420447444069426e-01 2.186296880385382767e-04
8.246727568514580220e-01 2.089480547160880032e-04
8.257060518731990095e-01 2.014304057763427306e-04
8.267419395307993302e-01 1.969853679438748569e-04
8.277804295942721158e-01 1.922331659570050157e-04
8.288215318827821809e-01 1.836657819879882901e-04
8.298652562649541098e-01 1.689379622616277458e-04
8.309116126591856721e-01 1.491556859980517572e-04
8.319606110339603511e-01 1.308600477978851743e-04
8.330122614081659771e-01 1.206469219046255796e-04
8.340665738514113636e-01 1.163251555969860285e-04
8.351235584843493820e-01 1.087080944703764984e-04
8.361832254790002583e-01 9.447849711926556470e-05
8.372455850590775350e-01 8.157523129012353230e-05
8.383106475003180291e-01 7.787754891480910065e-05
8.393784231308115684e-01 7.986124914652264020e-05
8.404489223313352797e-01 7.832055764225064943e-05
8.415221555356915406e-01 7.147815662328101778e-05
8.425981332310447103e-01 6.532892377402036755e-05
8.436768659582641883e-01 6.292404827268754670e-05
8.447583643122676955e-01 6.087770751268720381e-05
8.458426389423694403e-01 5.658972692327937263e-05
8.469297005526282840e-01 5.182811845575523396e-05
8.480195599022006814e-01 4.761433738938846961e-05
8.491122278056952855e-01 4.187564550520880927e-05
8.502077151335311056e-01 3.456521611862456152e-05
8.513060328122982190e-01 2.945773743223391184e-05
8.524071918251197033e-01 2.786777544717940560e-05
8.535112032120192316e-01 2.570848439153642536e-05
8.546180780702892221e-01 2.022762806967194887e-05
8.557278275548632074e-01 1.482249143916011457e-05
8.568404628786893129e-01 1.312140758504446769e-05
8.579559953131103978e-01 1.281947317282891695e-05
8.590744361882415303e-01 1.015352945002997497e-05
8.601957968933561238e-01 6.459358171851973195e-06
8.613200888772709618e-01 4.924880396847698390e-06
8.624473236487372185e-01 4.414330944865925004e-06
8.635775127768313686e-01 2.619795358917560500e-06
8.647106678913528688e-01 2.388214505630541337e-06
8.658468006832217290e-01 7.786710060208350612e-06
8.669859229048810789e-01 1.539266792423717021e-05
8.681280463707022887e-01 1.705472035769643261e-05
8.692731829573934199e-01 1.164469640232229090e-05
8.704213446044116731e-01 7.153338537714861195e-06
8.715725433143766132e-01 9.467315985586042444e-06
8.727267911534897227e-01 1.479424344601148747e-05
8.738841002519560641e-01 1.564132394716328869e-05
8.750444828044084966e-01 1.038847908430848398e-05
8.762079510703365548e-01 4.880780784393641296e-06
8.773745173745174375e-01 6.516673917449005331e-06
8.785441941074524363e-01 1.671398969265727879e-05
8.797169937258043637e-01 2.767001289265779473e-05
8.808929287528405316e-01 2.910625484759274149e-05
8.820720117788785064e-01 2.087750937006536332e-05
8.832542554617343056e-01 1.465426873041127293e-05
8.844396725271777004e-01 1.923425023190227919e-05
8.856282757693858532e-01 3.039410520097450918e-05
8.868200780514063908e-01 4.074358472489902628e-05
8.880150923056192580e-01 5.036684557996998121e-05
8.892133315342061195e-01 5.889891746676851632e-05
8.904148088096204283e-01 6.031686317442682218e-05
8.916195372750643777e-01 6.209023781611957703e-05
8.928275301449668522e-01 9.480047350423072522e-05
8.940388007054675956e-01 1.742903366265522488e-04
8.952533623149028230e-01 2.628380796268456375e-04
8.964712284042989365e-01 3.059423974651006737e-04
8.976924124778641323e-01 3.092580816408169089e-04
8.989169281134906653e-01 3.345843578789663370e-04
9.001447889632564481e-01 4.064057448811386861e-04
9.013760087539325339e-01 4.745029940951389072e-04
9.026106012874950402e-01 5.042444777940837492e-04
9.038485804416404035e-01 5.551986333462595718e-04
9.050899601703064068e-01 7.081509932097489841e-04
9.063347545041949838e-01 9.370762617226437857e-04
9.075829775513015729e-01 1.123141879078316894e-03
9.088346434974486909e-01 1.200060791218518627e-03
9.100897666068223923e-01 1.225101110194053459e-03
9.113483612225143915e-01 1.287585232080441615e-03
9.126104417670684033e-01 1.401555997593335488e-03
9.138760227430314798e-01 1.525090183005083522e-03
9.151451187335093440e-01 1.645569238427270053e-03
9.164177444027257202e-01 1.790851657969799076e-03
9.176939144965884365e-01 1.957890493461865878e-03
9.189736438432577481e-01 2.070115956614462967e-03
9.202569473537217659e-01 2.030570506849928986e-03
9.215438400223745496e-01 1.823764967278510181e-03
9.228343369276014174e-01 1.575096399372637830e-03
9.241284532323658096e-01 1.511212339302202929e-03
9.254262041848055897e-01 1.818949650481064021e-03
9.267276051188301222e-01 2.464786608345015048e-03
9.280326714547249001e-01 3.123613730075044601e-03
9.293414186997602799e-01 3.381829044006537388e-03
9.306538624488068789e-01 3.149806614265861487e-03
9.319700183849527475e-01 2.841280966375362392e-03
9.332899022801305344e-01 2.923831048335405122e-03
9.346135299957454290e-01 3.234370938352116795e-03
9.359409174833120959e-01 3.088804015947861636e-03
9.372720807850947189e-01 2.397167605422173726e-03
9.386070360347531505e-01 2.350858827390506309e-03
9.399457994579947240e-01 4.331346546032794308e-03
9.412883873732325046e-01 8.162836662904507032e-03
9.426348161922473157e-01 1.230561668810928322e-02
9.439851024208566477e-01 1.613922080137275561e-02
9.453392626595897852e-01 2.112339913986670606e-02
9.466973136043671522e-01 2.884111376206500640e-02
9.480592720471876511e-01 3.869565879491142224e-02
9.494251548768188886e-01 4.897246970363666740e-02
9.507949790794980593e-01 5.980477158215378314e-02
9.521687617396330516e-01 7.311044487735249287e-02
9.535465200405153219e-01 8.900806464821427177e-02
9.549282712650342120e-01 1.041946680277421738e-01
9.563140327964012588e-01 1.153405735738082388e-01
9.577038221188781675e-01 1.227031561392111086e-01
9.590976568185127782e-01 1.283234792112826206e-01
9.604955545838798070e-01 1.314077102671006303e-01
9.618975332068313566e-01 1.281568056791309862e-01
9.633036105832482043e-01 1.167383874759492096e-01
9.647138047138047456e-01 1.002406302164617208e-01
9.661281337047354922e-01 8.341490121158234849e-02
9.675466157686097857e-01 6.804308946062444241e-02
9.689692692251140604e-01 5.310394681704797004e-02
9.703961125018406575e-01 3.836277642098923774e-02
9.718271641350834100e-01 2.564377819193727759e-02
9.732624427706396686e-01 1.658146568584537017e-02
9.747019671646206529e-01 1.085067185676784514e-02
9.761457561842691311e-01 7.152804268407597817e-03
9.775938288087822059e-01 4.777223869045670208e-03
9.790462041301444263e-01 3.533820870697751762e-03
9.805029013539653393e-01 2.984081121395826524e-03
9.819639398003278119e-01 2.549279649402943528e-03
9.834293389046412370e-01 2.060491250668278033e-03
9.848991182185026227e-01 1.669265770922279861e-03
9.863732974105674511e-01 1.400874507258963219e-03
9.878518962674261994e-01 1.148437359858001019e-03
9.893349346944904088e-01 9.276789845524261629e-04
9.908224327168848600e-01 8.247245804882090284e-04
9.923144104803494070e-01 7.953044332883976069e-04
9.938108882521490273e-01 7.310598382968581943e-04
9.953118864219908657e-01 6.302234899848776096e-04
9.968174255029497166e-01 5.460829395179500178e-04
9.983275261324042749e-01 4.648694435264734935e-04
9.998422090729784939e-01 3.611193176655896030e-04
1.001361495213493713e+00 2.802584538493616017e-04
1.002885405569928556e+00 2.631828775770020498e-04
1.004413961286389378e+00 2.714508064335855028e-04
1.005947183636086040e+00 2.605705397113241423e-04
1.007485094022321004e+00 2.456484165154686032e-04
1.009027713979482543e+00 2.432095255640485346e-04
1.010575065174053266e+00 2.327099026005180059e-04
1.012127169405621530e+00 2.148928276088220247e-04
1.013684048607906618e+00 2.269725876029149284e-04
1.015245724849792142e+00 2.733527462611398868e-04
1.016812220336368089e+00 3.167621649791343584e-04
1.018383557409983320e+00 3.477587363274577603e-04
1.019959758551308049e+00 3.884658986024110703e-04
1.021540846380406320e+00 4.326822189720992305e-04
1.023126843657817142e+00 4.590150437877956640e-04
1.024717773285647837e+00 4.886370797860303122e-04
1.026313658308674714e+00 5.538074886033558190e-04
1.027914521915457957e+00 6.317731409302491030e-04
1.029520387439462725e+00 6.826428250536526908e-04
1.031131278360194248e+00 7.195622997423324965e-04
1.032747218304341130e+00 7.714366410705648155e-04
1.034368231046931541e+00 8.214364462351576987e-04
1.035994340512498058e+00 8.536283532587327517e-04
1.037625570776256057e+00 9.052599348981083113e-04
1.039261946065289433e+00 9.979127241957778862e-04
1.040903490759753858e+00 1.076300433810571970e-03
1.042550229394083372e+00 1.090707097582146361e-03
1.044202186658216069e+00 1.078724069572462464e-03
1.045859387398825557e+00 1.094346222071486798e-03
1.047521856620569292e+00 1.122550197341685681e-03
1.049189619487342906e+00 1.131128376872535257e-03
1.050862701323553194e+00 1.134453455726581149e-03
1.052541127615397087e+00 1.140394519468814405e-03
1.054224924012158393e+00 1.110278993812195865e-03
1.055914116327511643e+00 1.035331663237905580e-03
1.057608730540844366e+00 9.764684946804076150e-04
1.059308792798585586e+00 9.697222494809225844e-04
1.061014329415552959e+00 9.687524470599836752e-04
1.062725366876310362e+00 9.310698070666407035e-04
1.064441931836536792e+00 8.805684079134561354e-04
1.066164051124413925e+00 8.408696344031596189e-04
1.067891751742019224e+00 7.915995539601300814e-04
1.069625060866742805e+00 7.313356038989727703e-04
1.071364005852707191e+00 6.991124664676639719e-04
1.073108614232209934e+00 6.975063325046779519e-04
1.074858913717175124e+00 6.760914186390574229e-04
1.076614932200620878e+00 6.185809841057273318e-04
1.078376697758141267e+00 5.664455149774265353e-04
1.080144238649402011e+00 5.389291459542143751e-04
1.081917583319652154e+00 5.105088367306331431e-04
1.083696760401250181e+00 4.769859300942035606e-04
1.085481798715203450e+00 4.627065119390583767e-04
1.087272727272727169e+00 4.583946050200442528e-04
1.089069575276813806e+00 4.298745615463675225e-04
1.090872372123820710e+00 3.857951718565524554e-04
1.092681147405073938e+00 3.638726198297562620e-04
1.094495930908486958e+00 3.615716908386903288e-04
1.096316752620196455e+00 3.490758390226987714e-04
1.098143642726212343e+00 3.302354437522896460e-04
1.099976631614087763e+00 3.248681289275536584e-04
1.101815749874603068e+00 3.183408760963820370e-04
1.103661028303466907e+00 2.907182343269876408e-04
1.105512497903036628e+00 2.631670532706106565e-04
1.107370189884053335e+00 2.596928349253045730e-04
1.109234135667396259e+00 2.608523295751359020e-04
1.111104366885854233e+00 2.437337802438572815e-04
1.112980915385914704e+00 2.239551812502269782e-04
1.114863813229572287e+00 2.166395152601230314e-04
1.116753092696153304e+00 2.045264057952713137e-04
1.118648786284162533e+00 1.795621386968466505e-04
1.120550926713144380e+00 1.645994068378884114e-04
1.122459546925566709e+00 1.665490244029388649e-04
1.124374680088721989e+00 1.606762923096987218e-04
1.126296359596650420e+00 1.398677303778884397e-04
1.128224619072076829e+00 1.259376640312529817e-04
1.130159492368376206e+00 1.226017154062210128e-04
1.132101013571551462e+00 1.111558068717282202e-04
1.134049217002237153e+00 9.386891367557625412e-05
1.136004137217721199e+00 8.909429634535636017e-05
1.137965809013987473e+00 9.026292452829585023e-05
1.139934267427780812e+00 7.879587071129388475e-05
1.141909547738693576e+00 6.277954334100766020e-05
1.143891685471272401e+00 5.866536479744977029e-05
1.145880716397148280e+00 5.731933819637456250e-05
1.147876676537188612e+00 4.680356248767094860e-05
1.149879602163671466e+00 3.909099672743900138e-05
1.151889529802482270e+00 4.220419643825912336e-05
1.153906496235335588e+00 4.157177706333586311e-05
1.155930538502017102e+00 3.263949192708088132e-05
1.157961693902653577e+00 3.130650082179420725e-05
1.160000000000000364e+00 3.838704163157854570e-05
