1.240000000000000213e+00 6.343178544790104619e-04
1.241012327536942017e+00 6.187110986551431699e-04
1.242026309338998713e+00 6.133623444596602312e-04
1.243041949464388063e+00 5.991796967982965022e-04
1.244059251984614312e+00 5.671462432127032669e-04
1.245078220984519923e+00 5.257999153598454014e-04
1.246098860562341537e+00 4.929621501361816996e-04
1.247121174829764811e+00 4.794172069428068519e-04
1.248145167911979936e+00 4.792425991677333897e-04
1.249170843947736254e+00 4.752223646395179325e-04
1.250198207089398883e+00 4.541145820062668934e-04
1.251227261503004451e+00 4.178962552920602899e-04
1.252258011368317270e+00 3.811237762530321526e-04
1.253290460878885737e+00 3.573113996902117220e-04
1.254324614242099400e+00 3.470140399685490138e-04
1.255360475679247134e+00 3.383247776458322043e-04
1.256398049425572649e+00 3.188441498404232573e-04
1.257437339730333559e+00 2.876977397220832362e-04
1.258478350856859329e+00 2.564345159234664292e-04
1.259521087082608570e+00 2.381790560423739048e-04
1.260565552699228986e+00 2.353373246958678083e-04
1.261611752012615773e+00 2.373609794552543058e-04
1.262659689342968905e+00 2.305708060878971523e-04
1.263709369024856866e+00 2.107746346537558166e-04
1.264760795407271932e+00 1.868918959393756237e-04
1.265813972853693237e+00 1.723024010399943902e-04
1.266868905742145612e+00 1.721544725646004801e-04
1.267925598465259984e+00 1.785962885452057095e-04
1.268984055430336877e+00 1.783588204817707296e-04
1.270044281059403701e+00 1.654298496863925393e-04
1.271106279789280258e+00 1.467504609479720282e-04
1.272170056071637800e+00 1.355108496469342250e-04
1.273235614373063207e+00 1.384665739591974020e-04
1.274302959175119598e+00 1.494856479582858317e-04
1.275372094974410953e+00 1.556556466321161653e-04
1.276443026282643611e+00 1.501916333522999533e-04
1.277515757626691562e+00 1.396179889111186852e-04
1.278590293548658829e+00 1.379300088543869798e-04
1.279666638605943652e+00 1.529622313156631065e-04
1.280744797371303534e+00 1.780877867390797309e-04
1.281824774432920311e+00 1.977742305227100049e-04
1.282906574394463872e+00 2.023466425101863890e-04
1.283990201875158776e+00 1.979757712599873544e-04
1.285075661509849088e+00 2.017148723549347085e-04
1.286162957949065433e+00 2.253918540215082674e-04
1.287252095859090728e+00 2.633308877939607301e-04
1.288343079922027457e+00 2.962078468563354283e-04
1.289435914835864061e+00 3.085335562005859090e-04
1.290530605314543111e+00 3.038404939096929209e-04
1.291627156088027917e+00 3.026845750136908006e-04
1.292725571902373138e+00 3.240651501298755536e-04
1.293825857519789180e+00 3.669105327443268659e-04
1.294928017718715463e+00 4.094841958358855379e-04
1.296032057293887263e+00 4.287006013758015450e-04
1.297137981056404321e+00 4.223498773876832634e-04
1.298245793833803230e+00 4.130571581520593597e-04
1.299355500470125824e+00 4.285550408378093227e-04
1.300467105825990677e+00 4.750366950164148865e-04
1.301580614778662826e+00 5.283794894460950263e-04
1.302696032222127043e+00 5.531852185430454058e-04
1.303813363067158670e+00 5.341551448699299875e-04
1.304932612241394452e+00 4.914737299375677212e-04
1.306053784689406694e+00 4.646234586893552157e-04
1.307176885372775210e+00 4.773129448171949943e-04
1.308301919270161262e+00 5.146577361951910337e-04
1.309428891377379944e+00 5.345149211111753290e-04
1.310557806707475015e+00 5.046763875743981572e-04
1.311688670290793279e+00 4.331693743138583506e-04
1.312821487175058532e+00 3.632688554400158938e-04
1.313956262425447497e+00 3.357423396894168252e-04
1.315093001124665095e+00 3.512748464808820230e-04
1.316231708373019504e+00 3.677462450804972502e-04
1.317372389288500090e+00 3.368228245156114613e-04
1.318515049006852458e+00 2.484007077254788277e-04
1.319659692681656393e+00 1.427942223228584892e-04
1.320806325484403798e+00 7.862627781782606550e-05
1.321954952604574407e+00 8.484824718407293150e-05
1.323105579249717279e+00 1.409256707135117721e-04
1.324258210645526734e+00 2.039566611579117137e-04
1.325412852035923184e+00 2.569635500109909341e-04
1.326569508683131504e+00 3.302965419938215107e-04
1.327728185867761646e+00 4.712136446802734691e-04
1.328888888888889008e+00 6.867720965395489145e-04
1.330051623064135269e+00 9.159500268489995968e-04
1.331216393729748759e+00 1.066149501352146173e-03
1.332383206240687290e+00 1.090845896909212274e-03
1.333552065970699418e+00 1.040834894687784609e-03
1.334722978312407049e+00 1.035712124282977186e-03
1.335895948677388478e+00 1.169193421848891985e-03
1.337070982496262106e+00 1.425461660524313242e-03
1.338248085218769479e+00 1.684054648115020135e-03
1.339427262313860778e+00 1.819641357735682754e-03
1.340608519269776977e+00 1.817215731826680699e-03
1.341791861594139101e+00 1.799695286062791971e-03
1.342977294814029943e+00 1.932443306005660966e-03
1.344164824476081543e+00 2.276978978191615197e-03
1.345354456146562017e+00 2.721058242498456368e-03
1.346546195411462588e+00 3.058652008837828284e-03
1.347740047876585079e+00 3.166780635579672775e-03
1.348936019167628286e+00 3.131607215960007483e-03
1.350134114930278351e+00 3.201816521320965687e-03
1.351334340830296243e+00 3.584784265762779552e-03
1.352536702553608361e+00 4.242839423960038936e-03
1.353741205806394454e+00 4.869926214163425825e-03
1.354947856315179777e+00 5.099351621317209718e-03
1.356156659826925015e+00 4.804023404711746034e-03
1.357367622109117322e+00 4.254163567263387347e-03
1.358580748949861805e+00 3.983256557238615617e-03
1.359796046157975002e+00 4.428201613345213693e-03
1.361013519563076812e+00 5.592732817484283823e-03
1.362233175015682640e+00 6.987812677921706114e-03
1.363455018387299544e+00 7.915202027383813621e-03
1.364679055570518162e+00 7.915253934007817835e-03
1.365905292479109079e+00 7.078572206253470021e-03
1.367133735048116083e+00 6.012821559393843537e-03
1.368364389233954537e+00 5.490925586263187969e-03
1.369597261014505962e+00 6.013062041276225934e-03
1.370832356389214857e+00 7.550791377465531327e-03
1.372069681379186168e+00 9.599151869449658314e-03
1.373309242027283661e+00 1.146102012510021029e-02
1.374551044398228061e+00 1.257222741698787657e-02
1.375795094578695199e+00 1.270515412594818219e-02
1.377041398677416595e+00 1.200559322652865191e-02
1.378289962825278936e+00 1.091399729233194678e-02
1.379540793175424662e+00 1.003511876102441275e-02
1.380793895903352109e+00 9.976827818778673945e-03
1.382049277207018756e+00 1.115520679819429102e-02
1.383306943306943593e+00 1.360056134177191692e-02
1.384566900446306814e+00 1.686128556382582647e-02
1.385829154891056625e+00 2.010975859741053959e-02
1.387093712930012268e+00 2.246431948097831616e-02
1.388360580874965944e+00 2.339997479919998444e-02
1.389629765060792055e+00 2.303356516035705986e-02
1.390901271845548681e+00 2.211521640767879701e-02
1.392175107610587270e+00 2.171849085483573347e-02
1.393451278760656553e+00 2.279002368730181569e-02
1.394729791724011791e+00 2.578289765494425761e-02
1.396010652952520914e+00 3.052463411600472507e-02
1.397293868921776205e+00 3.632830368652516934e-02
1.398579446131199333e+00 4.224953118688782455e-02
1.399867391104153702e+00 4.737937934457701894e-02
1.401157710388054367e+00 5.111293943812401930e-02
1.402450410554479499e+00 5.337030604203308465e-02
1.403745498199280073e+00 5.472778483048928305e-02
1.405042979942693782e+00 5.637514731446968685e-02
1.406342862429457163e+00 5.982448748374026570e-02
1.407645152328919735e+00 6.639775559104031666e-02
1.408949856335156570e+00 7.666767040393400456e-02
1.410256981167084200e+00 9.011426316714474249e-02
1.411566533568576531e+00 1.052034092995375592e-01
1.412878520308578967e+00 1.199055838385922057e-01
1.414192948181226317e+00 1.324573047043947072e-01
1.415509824005959816e+00 1.420496562863822754e-01
1.416829154627645027e+00 1.491659041512637118e-01
1.418150946916690192e+00 1.554452199893438524e-01
1.419475207769166580e+00 1.631299041534131355e-01
1.420801944106925951e+00 1.742821321684791813e-01
1.422131162877725119e+00 1.900135862583116064e-01
1.423462871055342749e+00 2.099731775502188258e-01
1.424797075639703925e+00 2.322916696611201648e-01
1.426133783657003606e+00 2.540695111394358774e-01
1.427473002159827420e+00 2.723067417283189240e-01
1.428814738227277337e+00 2.849610880123289447e-01
1.430158998965095574e+00 2.916951136707303660e-01
1.431505791505791825e+00 2.939460956635011613e-01
1.432855123008766496e+00 2.942371824071435826e-01
1.434207000660439935e+00 2.950195083876815949e-01
1.435561431674379218e+00 2.975847755133689265e-01
1.436918423291426716e+00 3.015587591610253138e-01
1.438277982779828212e+00 3.051829689678005608e-01
1.439640117435363686e+00 3.061878907310483511e-01
1.441004834581476990e+00 3.027893057890255757e-01
1.442372141569409294e+00 2.943404612881345694e-01
1.443742045778326766e+00 2.814140642536848702e-01
1.445114554615458013e+00 2.653993837299343794e-01
1.446489675516224649e+00 2.478988407024110829e-01
1.447867415944375846e+00 2.302158255989528168e-01
1.449247783392125344e+00 2.130925469021725527e-01
1.450630785380284449e+00 1.967012872449489802e-01
1.452016429458401037e+00 1.808042007002999274e-01
1.453404723204895888e+00 1.649872618320586959e-01
1.454795674227199243e+00 1.488980425576438560e-01
1.456189290161892913e+00 1.324317360971583590e-01
1.457585578674849280e+00 1.158131836937830728e-01
1.458984547461368741e+00 9.954211218111491677e-02
1.460386204246325592e+00 8.422016595966631824e-02
1.461790556784306361e+00 7.033926079428293177e-02
1.463197612859755914e+00 5.813584516574847594e-02
1.464607380287118454e+00 4.757803069980847538e-02
1.466019866910984959e+00 3.847243771075048446e-02
1.467435080606236397e+00 3.060976194651819290e-02
1.468853029278191391e+00 2.385875743841745292e-02
1.470273720862753208e+00 1.816888704493219500e-02
1.471697163326556312e+00 1.350977012053477047e-02
1.473123364667119128e+00 9.810387313600165207e-03
1.474552332912989039e+00 6.943918943870303409e-03
1.475984076123895594e+00 4.758058009135802263e-03
1.477418602390903057e+00 3.116355650691869216e-03
1.478855919836560284e+00 1.917213066381533593e-03
1.480296036615055266e+00 1.084297757189183874e-03
1.481738960912370118e+00 5.470785396684687630e-04
1.483184700946434065e+00 2.325905167220656828e-04
1.484633264967281985e+00 7.287167114597195550e-05
1.486084661257210282e+00 1.618570808020399981e-05
1.487538898130932985e+00 2.916663432229226805e-05
1.488995983935743173e+00 8.904442399881077567e-05
1.490455927051671958e+00 1.756855807593202419e-04
1.491918735891648140e+00 2.716622918629977884e-04
1.493384418901660515e+00 3.681535107798551763e-04
1.494852984560920417e+00 4.673712367217687687e-04
1.496324441382026027e+00 5.761284027877884443e-04
1.497798797911124691e+00 6.955535732341992707e-04
1.499276062728079895e+00 8.172653975702400377e-04
1.500756244446638465e+00 9.304226146691778375e-04
1.502239351714596438e+00 1.032785086742949452e-03
1.503725393213968031e+00 1.134069634942444027e-03
1.505214377661154845e+00 1.247024903413901419e-03
1.506706313807117059e+00 1.374096062769453695e-03
1.508201210437543738e+00 1.502800330540373383e-03
1.509699076373026250e+00 1.615214151266448602e-03
1.511199920469231683e+00 1.703350096054329164e-03
1.512703751617076708e+00 1.775977390806705554e-03
1.514210578742902991e+00 1.850110032075097648e-03
1.515720410808655050e+00 1.934965531506161428e-03
1.517233256812057451e+00 2.023667297670715595e-03
1.518749125786792220e+00 2.100827962863239650e-03
1.520268026802680472e+00 2.158859527200734842e-03
1.521789968965862494e+00 2.207226076443060282e-03
1.523314961418980040e+00 2.265180036383864122e-03
1.524843013341358633e+00 2.344318647251363800e-03
1.526374133949191858e+00 2.437437627117988812e-03
1.527908332495728327e+00 2.524672883415472659e-03
1.529445618271455976e+00 2.591694650169968934e-03
1.530986000604291020e+00 2.643031592890084797e-03
1.532529488859764033e+00 2.697767912670070382e-03
1.534076092441215344e+00 2.771275257309083456e-03
1.535625820789978890e+00 2.859944217525069252e-03
1.537178683385580058e+00 2.943369832201126954e-03
1.538734689745925976e+00 3.002235573036458795e-03
1.540293849427500472e+00 3.035379002576818041e-03
1.541856172025560801e+00 3.060187465142409202e-03
1.543421667174332601e+00 3.096086456287990094e-03
1.544990344547210182e+00 3.146796981875747256e-03
1.546562213856954138e+00 3.198176202131450523e-03
1.548137284855892082e+00 3.233623168305139062e-03
1.549715567336120037e+00 3.252193869785109399e-03
1.551297071129707161e+00 3.271747227023162185e-03
1.552881806108898033e+00 3.313508836368410457e-03
1.554469782186317817e+00 3.382230615120417234e-03
1.556061009315180987e+00 3.460751137827345648e-03
1.557655497489497165e+00 3.524593803098006843e-03
1.559253256744281835e+00 3.563462355229741335e-03
1.560854297155765735e+00 3.589777566683344072e-03
1.562458628841607577e+00 3.626252758467705256e-03
1.564066261961107429e+00 3.683995975041924175e-03
1.565677206715418990e+00 3.751514414491863639e-03
1.567291473347768083e+00 3.804864387756676843e-03
1.568909072143668260e+00 3.829448210233209800e-03
1.570530013431139738e+00 3.833105138693234694e-03
1.572154307580929222e+00 3.838392283757440220e-03
1.573781965006729733e+00 3.861568319300783415e-03
1.575412996165405977e+00 3.898296738133621379e-03
1.577047411557215728e+00 3.929637658005637538e-03
1.578685221726036314e+00 3.942523885446959538e-03
1.580326437259590433e+00 3.944925570909202026e-03
1.581971068789676416e+00 3.960654285399594667e-03
1.583619126992395154e+00 4.007960777649162594e-03
1.585270622588382805e+00 4.081707774743070435e-03
1.586925566343042160e+00 4.156083482808101311e-03
1.588583969066778234e+00 4.205945353566264804e-03
1.590245841615232081e+00 4.227505943654620915e-03
1.591911194889517489e+00 4.239524093043132817e-03
1.593580039836461015e+00 4.264166518487720429e-03
1.595252387448840681e+00 4.305511031070033412e-03
1.596928248765627112e+00 4.345694753759134742e-03
1.598607634872226457e+00 4.362063130754002468e-03
1.600290556900726635e+00 4.348960272700210308e-03
1.601977026030140472e+00 4.323527720546239614e-03
1.603667053486655059e+00 4.310055239810107672e-03
1.605360650543880219e+00 4.317751302378864883e-03
1.607057828523099863e+00 4.333081234001532472e-03
1.608758598793523342e+00 4.334058072754688566e-03
1.610462972772539914e+00 4.312978771386595522e-03
1.612170961925973200e+00 4.285816082403685889e-03
1.613882577768340987e+00 4.278778204416446886e-03
1.615597831863109901e+00 4.304035141882919802e-03
1.617316735822959872e+00 4.347116065397789442e-03
1.619039301310043699e+00 4.378000553865438703e-03
1.620765540036251506e+00 4.376094437875020608e-03
1.622495463763475865e+00 4.346439557629957519e-03
1.624229084303878690e+00 4.312668609009952247e-03
1.625966413520163023e+00 4.293777301883685074e-03
1.627707463325838377e+00 4.286612927301555395e-03
1.629452245685497402e+00 4.270263501198374306e-03
1.631200772615087891e+00 4.227733671172473513e-03
1.632953056182189666e+00 4.164001033908504984e-03
1.634709108506291253e+00 4.103068744034431801e-03
1.636468941759070317e+00 4.066606248279783405e-03
1.638232568164673220e+00 4.054331792362739217e-03
1.640000000000000346e+00 4.044824601445967498e-03
