1.160000000000000364e+00 9.340612586458665791e-04
1.160995622693331342e+00 9.322907090351578501e-04
1.161992955931621330e+00 9.418256216234396558e-04
1.162992004126902401e+00 9.442713907721407736e-04
1.163992771706393592e+00 9.316716778604723073e-04
1.164995263112565960e+00 9.114301794684064647e-04
1.165999482803206755e+00 8.986878315912096406e-04
1.167005435251488477e+00 9.028362155874623384e-04
1.168013124946032599e+00 9.191788404636428962e-04
1.169022556390977741e+00 9.322046253974102447e-04
1.170033734106046497e+00 9.274713461387369467e-04
1.171046662626612500e+00 9.024214473726635847e-04
1.172061346503769252e+00 8.677416397646129211e-04
1.173077790304397183e+00 8.387382681128722952e-04
1.174095998611231817e+00 8.240585149765040571e-04
1.175115976022934827e+00 8.206774375519074833e-04
1.176137727154160650e+00 8.184567168852022005e-04
1.177161256635628206e+00 8.096743351418547252e-04
1.178186569114189064e+00 7.952497365279493496e-04
1.179213669252898944e+00 7.827127380699260006e-04
1.180242561731088102e+00 7.781996757488550192e-04
1.181273251244432831e+00 7.797381757045424759e-04
1.182305742505026069e+00 7.777487389327859260e-04
1.183340040241448898e+00 7.623820183108608907e-04
1.184376149198844708e+00 7.314656993585203588e-04
1.185414074138988916e+00 6.923558988010161111e-04
1.186453819840365131e+00 6.561686423489681208e-04
1.187495391098235764e+00 6.292568305690252528e-04
1.188538792724716853e+00 6.090185408768728197e-04
1.189584029548852673e+00 5.873765005960941135e-04
1.190631106416688789e+00 5.587789921721977079e-04
1.191680028191349106e+00 5.258102143206216158e-04
1.192730799753108473e+00 4.975816546753727022e-04
1.193783425999470627e+00 4.822021096991984442e-04
1.194837911845243239e+00 4.796354363830928670e-04
1.195894262222615190e+00 4.809776263085274468e-04
1.196952482081231839e+00 4.748861230806479886e-04
1.198012576388273853e+00 4.560062428918773038e-04
1.199074550128534700e+00 4.286305849701269109e-04
1.200138408304498361e+00 4.027698636796148385e-04
1.201204155936417939e+00 3.859898756204664270e-04
1.202271798062394703e+00 3.776853219526510623e-04
1.203341339738457583e+00 3.702732483781746462e-04
1.204412786038643102e+00 3.560246862838149112e-04
1.205486142055075316e+00 3.337206186085470063e-04
1.206561412898046859e+00 3.096823429611812446e-04
1.207638603696098656e+00 2.925277400754945937e-04
1.208717719596104079e+00 2.861588022322529654e-04
1.209798765763348438e+00 2.867545410202773106e-04
1.210881747381613138e+00 2.860336526808513044e-04
1.211966669653256945e+00 2.778377534799843143e-04
1.213053537799300807e+00 2.625305073673929674e-04
1.214142357059510013e+00 2.458009758310693359e-04
1.215233132692480567e+00 2.332578257643953183e-04
1.216325869975721785e+00 2.255965411692783618e-04
1.217420574205742012e+00 2.183535077797339112e-04
1.218517250698135435e+00 2.061708553669266075e-04
1.219615904787666016e+00 1.876782116755336969e-04
1.220716541828355206e+00 1.667619225446323732e-04
1.221819167193568978e+00 1.492682503596427747e-04
1.222923786276105540e+00 1.381337172043286957e-04
1.224030404488281709e+00 1.311593876914165905e-04
1.225139027262023506e+00 1.232109416876278672e-04
1.226249660048953194e+00 1.107657613067779414e-04
1.227362308320479212e+00 9.481406572588764058e-05
1.228476977567886985e+00 7.972292577254642542e-05
1.229593673302427081e+00 6.926443145236299234e-05
1.230712401055409133e+00 6.339912874803494574e-05
1.231833166378289768e+00 5.856448712227946778e-05
1.232955974842767644e+00 5.101452316056127558e-05
1.234080832040872266e+00 4.010202039269970532e-05
1.235207743585061024e+00 2.861252027475450871e-05
1.236336715108308448e+00 2.004242058959251712e-05
1.237467752264202803e+00 1.547126610362829682e-05
1.238600860727040009e+00 1.291984408006661933e-05
1.239736046191916685e+00 9.669484268030800259e-06
1.240873314374828285e+00 5.233849675271953974e-06
1.242012671012763025e+00 2.108682935915679739e-06
1.243154121863799366e+00 3.567132662575640006e-06
1.244297672707202818e+00 1.055589125267766368e-05
1.245443329343522754e+00 2.056200740213019932e-05
1.246591097594691888e+00 2.939815263551811845e-05
1.247740983304123308e+00 3.409943352738646828e-05
1.248892992336811059e+00 3.424934585618763256e-05
1.250047130579428956e+00 3.092134638876010706e-05
1.251203403940431169e+00 2.509128269330138916e-05
1.252361818350153033e+00 1.792438907629577505e-05
1.253522379760911853e+00 1.288984148641259542e-05
1.254685094147110824e+00 1.661075732319921002e-05
1.255849967505338283e+00 3.534674686981960812e-05
1.257017005854474734e+00 6.812476549205127103e-05
1.258186215235792105e+00 1.024783841782757706e-04
1.259357601713062325e+00 1.191737081640395404e-04
1.260531171372658799e+00 1.058927388816439068e-04
1.261706930323664100e+00 7.069996037326165103e-05
1.262884884697974108e+00 4.251741067030201772e-05
1.264065040650406591e+00 5.330781469606321886e-05
1.265247404358806449e+00 1.118068272041892677e-04
1.266431982024155189e+00 1.897390421966048738e-04
1.267618779870677725e+00 2.370190971475063905e-04
1.268807804145952733e+00 2.217818364780686649e-04
1.269999061121021677e+00 1.678022274612735751e-04
1.271192557090499164e+00 1.555747619686633073e-04
1.272388298372683968e+00 2.741598606946281467e-04
1.273586291309669605e+00 5.485540079349703144e-04
1.274786542267458467e+00 8.948639419150498367e-04
1.275989057636071955e+00 1.147895876511093429e-03
1.277193843829666831e+00 1.160531294632540606e-03
1.278400907286646015e+00 9.184434724264138681e-04
1.279610254469775832e+00 5.882743183320422167e-04
1.280821891866300577e+00 4.481038438280636189e-04
1.282035825988058209e+00 7.239921521786188982e-04
1.283252063371596696e+00 1.428504909774943026e-03
1.284470610578293037e+00 2.313586116183649361e-03
1.285691474194468498e+00 2.990110971544601530e-03
1.286914660831509849e+00 3.160703411107407615e-03
1.288140177125988162e+00 2.828010712862435039e-03
1.289368029739776933e+00 2.338114499864118925e-03
1.290598225360175766e+00 2.209398184358632965e-03
1.291830770700028719e+00 2.830497915639785308e-03
1.293065672497849539e+00 4.203441798845224814e-03
1.294302937517940899e+00 5.896381116177306508e-03
1.295542572550522076e+00 7.254214863971385034e-03
1.296784584411849295e+00 7.761378570145007795e-03
1.298028979944343408e+00 7.352627143355444303e-03
1.299275766016713130e+00 6.487227585183120634e-03
1.300524949524084262e+00 5.931507406854149254e-03
1.301776537388124266e+00 6.359893691044816132e-03
1.303030536557171493e+00 7.989861798182158401e-03
1.304286954006363741e+00 1.045160923299276109e-02
1.305545796737766606e+00 1.296820563916335073e-02
1.306807071780504481e+00 1.475706970274060122e-02
1.308070786190890900e+00 1.544811108897170548e-02
1.309336947052560207e+00 1.530594268881706362e-02
1.310605561476601011e+00 1.514229157755092071e-02
1.311876636601687851e+00 1.595623106848078829e-02
1.313150179594214428e+00 1.846943778248060636e-02
1.314426197648431049e+00 2.277324497552528013e-02
1.315704697986577409e+00 2.825578444443943571e-02
1.316985687859020704e+00 3.385520473167639988e-02
1.318269174544391298e+00 3.854086720664216120e-02
1.319555165349722170e+00 4.181728629334957592e-02
1.320843667610585026e+00 4.402078416520378845e-02
1.322134688691232629e+00 4.625297164878594547e-02
1.323428235984737356e+00 4.994719453758927202e-02
1.324724316913133082e+00 5.623680502172905687e-02
1.326022938927556183e+00 6.541060423265088186e-02
1.327324109508389860e+00 7.673547184066667470e-02
1.328627836165406473e+00 8.878042651897595505e-02
1.329934126437911646e+00 1.001398536326486011e-01
1.331242987894892149e+00 1.102337743363228928e-01
1.332554428135159119e+00 1.197790593273177634e-01
1.333868454787496383e+00 1.306433766087410908e-01
1.335185075510808339e+00 1.450808919021493171e-01
1.336504297994269397e+00 1.646741903407342167e-01
1.337826129957472077e+00 1.894967627342243888e-01
1.339150579150579112e+00 2.179460473358962036e-01
1.340477653354474219e+00 2.473840117629210189e-01
1.341807360380914638e+00 2.753069900807234016e-01
1.343139708072684124e+00 3.004676187258285558e-01
1.344474704303747048e+00 3.233635063284779898e-01
1.345812356979405155e+00 3.458157820457253839e-01
1.347152674036450781e+00 3.698359573134596401e-01
1.348495663443325832e+00 3.963677959538656759e-01
1.349841333200279658e+00 4.245727124210922909e-01
1.351189691339526711e+00 4.520455053414427216e-01
1.352540745925407517e+00 4.758481857507930179e-01
1.353894505054549224e+00 4.938071561290383604e-01
1.355250976856026579e+00 5.053810073560369709e-01
1.356610169491525575e+00 5.116510829246092573e-01
1.357972091155506877e+00 5.144755654937067657e-01
1.359336750075369471e+00 5.153026007780400208e-01
1.360704154511618746e+00 5.143040538167535924e-01
1.362074312758030592e+00 5.102844121436665992e-01
1.363447233141820369e+00 5.013706172766146940e-01
1.364822924023811890e+00 4.860628311792308254e-01
1.366201393798606389e+00 4.640616800994916136e-01
1.367582650894752616e+00 4.364586148716628755e-01
1.368966703774921578e+00 4.052589545422117800e-01
1.370353560936075521e+00 3.725662094850841211e-01
1.371743230909644229e+00 3.398909644868620683e-01
1.373135722261699332e+00 3.079079013190439973e-01
1.374531043593131052e+00 2.766857453844485670e-01
1.375929203539823176e+00 2.461512249226991411e-01
1.377330210772834018e+00 2.164670607240188616e-01
1.378734073998573173e+00 1.881232919419906224e-01
1.380140801958983809e+00 1.617555132819217811e-01
1.381550403431723195e+00 1.378666043603398450e-01
1.382962887230344551e+00 1.166499747692837652e-01
1.384378262204482901e+00 9.800577456657469377e-02
1.385796537240036930e+00 8.169898056967159206e-02
1.387217721259358161e+00 6.752821814414854129e-02
1.388641823221435256e+00 5.539642330055566388e-02
1.390068852122084309e+00 4.526409023446981844e-02
1.391498816994136467e+00 3.704957414404279337e-02
1.392931726907630452e+00 3.056318725405051534e-02
1.394367590970003290e+00 2.551957940418314585e-02
1.395806418326281939e+00 2.160829591679730086e-02
1.397248218159281130e+00 1.856531293850960385e-02
1.398692999689794547e+00 1.619972495140777416e-02
1.400140772176793336e+00 1.437183321308627137e-02
1.401591544917625276e+00 1.295486766994790977e-02
1.403045327248210850e+00 1.181691683616235139e-02
1.404502128543245743e+00 1.083502015952433721e-02
1.405961958216401797e+00 9.923938509532609017e-03
1.407424825720528627e+00 9.051646312932084756e-03
1.408890740547859677e+00 8.227355295608777472e-03
1.410359712230216056e+00 7.471405337273506406e-03
1.411831750339212821e+00 6.789593448836398620e-03
1.413306864486469694e+00 6.168321166465236607e-03
1.414785064323815567e+00 5.588772935858855352e-03
1.416266359543503439e+00 5.044119931531618889e-03
1.417750759878419586e+00 4.544168147240676588e-03
1.419238275102297830e+00 4.104606482834794075e-03
1.420728915029933814e+00 3.731243878966025371e-03
1.422222689517401051e+00 3.412685396662510934e-03
1.423719608462266972e+00 3.126644462301830536e-03
1.425219681803814309e+00 2.853617707034310572e-03
1.426722919523257138e+00 2.586618833558000131e-03
1.428229331643965816e+00 2.330312936571335425e-03
1.429738928231688133e+00 2.092206652367031156e-03
1.431251719394773136e+00 1.874378704565820295e-03
1.432767715284397836e+00 1.672318262815871825e-03
1.434286926094793690e+00 1.480413589837482977e-03
1.435809362063475314e+00 1.298017038767980197e-03
1.437335033471469625e+00 1.130324152825713064e-03
1.438863950643548772e+00 9.835778652179231508e-04
1.440396123948461282e+00 8.591928029702215058e-04
1.441931563799168758e+00 7.520399504194217937e-04
1.443470280653078808e+00 6.541631357242676855e-04
1.445012285012284847e+00 5.604588063755652858e-04
1.446557587423805025e+00 4.714998034993149955e-04
1.448106198479820250e+00 3.915264852282004525e-04
1.449658128817918668e+00 3.238487728756112819e-04
1.451213389121338793e+00 2.677814841741962089e-04
1.452771990119213985e+00 2.194292861640279285e-04
1.454333942586818695e+00 1.750922982330903332e-04
1.455899257345818709e+00 1.340087952487176214e-04
1.457467945264519171e+00 9.818195656554059105e-05
1.459040017258116606e+00 6.989358398840665395e-05
1.460615484288953825e+00 4.946621949655645954e-05
1.462194357366771280e+00 3.525714701506371543e-05
1.463776647548966636e+00 2.555379888008208616e-05
1.465362365940851674e+00 2.028752371395747258e-05
1.466951523695911863e+00 2.087007543801534351e-05
1.468544132016067705e+00 2.844815661350916830e-05
1.470140202151940079e+00 4.245393328754606304e-05
1.471739745403111810e+00 6.098546343553174398e-05
1.473342773118396565e+00 8.267088056418877835e-05
1.474949296696107304e+00 1.081226233731320097e-04
1.476559327584324732e+00 1.394054856659047612e-04
1.478172877281171305e+00 1.778537869154977222e-04
1.479789957335083894e+00 2.222562036595387720e-04
1.481410579345088019e+00 2.692319447550831774e-04
1.483034754961078949e+00 3.156493910595114193e-04
1.484662495884096378e+00 3.609888990835581667e-04
1.486293813866607971e+00 4.074752909179701855e-04
1.487928720712792918e+00 4.577637804404969244e-04
1.489567228278823929e+00 5.122188996814045110e-04
1.491209348473156338e+00 5.682943361592316398e-04
1.492855093256814980e+00 6.226896760264967728e-04
1.494504474643685521e+00 6.744187557455189877e-04
1.496157504700807550e+00 7.259824408113871915e-04
1.497814195548665905e+00 7.814316892732598536e-04
1.499474559361489989e+00 8.428884912984313787e-04
1.501138608367550642e+00 9.085745163252379819e-04
1.502806354849461234e+00 9.741702030146931696e-04
1.504477811144477872e+00 1.036384217418809522e-03
1.506152989644805817e+00 1.095551672588311815e-03
1.507831902797904577e+00 1.154818608173187973e-03
1.509514563106796103e+00 1.216486987581966205e-03
1.511200983130376541e+00 1.278779243096153737e-03
1.512891175483726869e+00 1.336180005076659108e-03
1.514585152838427984e+00 1.383531218370274898e-03
1.516282927922878887e+00 1.420667921083918145e-03
1.517984513522612211e+00 1.453566932491917986e-03
1.519689922480620181e+00 1.490629752360038678e-03
1.521399167697671917e+00 1.536750116321744910e-03
1.523112262132642725e+00 1.589839053547270143e-03
1.524829218802840503e+00 1.642673407097114359e-03
1.526550050784335921e+00 1.688664085974010340e-03
1.528274771212292382e+00 1.726908325278210489e-03
1.530003393281303081e+00 1.762423737497276948e-03
1.531735930245725408e+00 1.801392130145828109e-03
1.533472395420020229e+00 1.845350781794447481e-03
1.535212802179094282e+00 1.889149795902545165e-03
1.536957163958641459e+00 1.924401205977521560e-03
1.538705494255488526e+00 1.945640131475939727e-03
1.540457806627946624e+00 1.954237782460360121e-03
1.542214114696157878e+00 1.957036733204872789e-03
1.543974432142449560e+00 1.961063869255835149e-03
1.545738772711690023e+00 1.968821298436080041e-03
1.547507150211646199e+00 1.977948372155182311e-03
1.549279578513343303e+00 1.985158150836413126e-03
1.551056071551427662e+00 1.990644876218120810e-03
1.552836643324532195e+00 1.998822305236449322e-03
1.554621307895644122e+00 2.014569087396564720e-03
1.556410079392474888e+00 2.038252514374664769e-03
1.558202972007833198e+00 2.064094198174755944e-03
1.560000000000000053e+00 2.083722567960456101e-03
