1.220000000000000195e+00 6.925638584877456165e-04
1.221008306128352761e+00 6.533390677640371798e-04
1.222018280325902984e+00 6.423810873935554199e-04
1.223029926735378137e+00 6.426110120420695619e-04
1.224043249513236287e+00 6.271220025374754691e-04
1.225058252829719585e+00 5.883143579042533723e-04
1.226074940868915775e+00 5.459530185424820662e-04
1.227093317828813701e+00 5.256990863714983012e-04
1.228113387921360156e+00 5.314812175147616167e-04
1.229135155372520050e+00 5.413346154046275172e-04
1.230158624422332370e+00 5.306782946065299574e-04
1.231183799324972128e+00 4.975633700606787351e-04
1.232210684348805430e+00 4.629597352020149736e-04
1.233239283776451867e+00 4.466741390033485311e-04
1.234269601904841807e+00 4.457061618697625801e-04
1.235301643045278119e+00 4.384492471930535049e-04
1.236335411523494798e+00 4.094491680937208436e-04
1.237370911679718688e+00 3.671147582113968070e-04
1.238408147868729214e+00 3.349845077607495466e-04
1.239447124459918781e+00 3.263840809283217537e-04
1.240487845837356939e+00 3.303258251947778176e-04
1.241530316399848788e+00 3.238394574458078237e-04
1.242574540560999363e+00 2.969106563560929045e-04
1.243620522749274260e+00 2.627639866363469003e-04
1.244668267408063134e+00 2.427264234303802158e-04
1.245717778995741876e+00 2.427692401930006813e-04
1.246769061985738114e+00 2.474221573321375156e-04
1.247822120866590945e+00 2.371354670543431703e-04
1.248876960142017989e+00 2.094399060062622400e-04
1.249933584330978453e+00 1.807237142973382486e-04
1.250991997967737968e+00 1.674102801808582757e-04
1.252052205601932533e+00 1.679718785387035863e-04
1.253114211798634470e+00 1.655799584781529740e-04
1.254178021138418808e+00 1.477154379319897486e-04
1.255243638217426794e+00 1.203277037794151996e-04
1.256311067647434276e+00 1.008550912114716260e-04
1.257380314055917436e+00 9.850046889430980903e-05
1.258451382086119619e+00 1.042522808673742029e-04
1.259524276397118614e+00 1.016298770547981439e-04
1.260599001663893493e+00 8.547694560848540077e-05
1.261675562577394549e+00 6.729324992634735274e-05
1.262753963844609029e+00 6.137809321901534600e-05
1.263834210188630847e+00 6.813308431382051244e-05
1.264916306348730979e+00 7.388657471648780984e-05
1.266000257080423630e+00 6.722720836015397164e-05
1.267086067155538620e+00 5.256169269749989207e-05
1.268173741362290441e+00 4.486338745297891470e-05
1.269263284505348421e+00 5.170749100756295516e-05
1.270354701405907560e+00 6.392006742682783155e-05
1.271447996901760247e+00 6.636432179915293435e-05
1.272543175847366648e+00 5.652003443733480035e-05
1.273640243113927539e+00 4.856174010728120426e-05
1.274739203589456249e+00 5.709593640833515135e-05
1.275840062178850598e+00 7.912407055663175503e-05
1.276942823803967508e+00 9.624162353031360617e-05
1.278047493403694057e+00 9.607609030782486396e-05
1.279154075934023416e+00 8.838713352434974537e-05
1.280262576368127236e+00 9.549970269312742861e-05
1.281372999696431147e+00 1.260065841195558514e-04
1.282485350926689804e+00 1.619393217932739893e-04
1.283599635084061275e+00 1.765830213673046675e-04
1.284715857211182977e+00 1.651042921828062802e-04
1.285834022368249396e+00 1.527991812270522302e-04
1.286954135633085139e+00 1.684834129010013193e-04
1.288076202101225087e+00 2.104942808247743039e-04
1.289200226885989897e+00 2.445480530379799634e-04
1.290326215118564379e+00 2.395782791829503876e-04
1.291454171948074992e+00 2.039259845594634270e-04
1.292584102541668889e+00 1.798827034634221131e-04
1.293716012084592304e+00 1.985891994076585091e-04
1.294849905780270927e+00 2.433266036608281466e-04
1.295985788850388509e+00 2.642040299873672782e-04
1.297123666534966357e+00 2.321132243583366424e-04
1.298263544092447264e+00 1.735034065563793642e-04
1.299405426799771446e+00 1.442616961714231823e-04
1.300549319952462923e+00 1.673617014845676574e-04
1.301695228864707898e+00 2.031032113425300346e-04
1.302843158869438911e+00 1.896721281608799352e-04
1.303993115318416773e+00 1.139997635046968613e-04
1.305145103582314059e+00 3.386053750550525816e-05
1.306299129050798369e+00 2.068985210070292913e-05
1.307455197132616709e+00 8.179261855090676225e-05
1.308613313255680533e+00 1.513311842250914994e-04
1.309773482867148564e+00 1.693380342766940291e-04
1.310935711433515394e+00 1.662390723446877951e-04
1.312100004440694745e+00 2.510951853901846565e-04
1.313266367394106737e+00 4.983973009649981818e-04
1.314434805818764485e+00 8.456673099662690481e-04
1.315605325259361802e+00 1.121191555711783996e-03
1.316777931280360470e+00 1.194688564059242630e-03
1.317952629466077941e+00 1.107341532507292135e-03
1.319129425420777935e+00 1.041324980657127273e-03
1.320308324768756814e+00 1.145389933727476326e-03
1.321489333154434842e+00 1.388413601662339108e-03
1.322672456242446115e+00 1.597876693097497608e-03
1.323857699717729597e+00 1.654059210881873854e-03
1.325045069285618382e+00 1.638771706067509819e-03
1.326234570671933177e+00 1.768172025700425224e-03
1.327426209623074005e+00 2.159691686720081449e-03
1.328619991906111020e+00 2.672948799391040853e-03
1.329815923308879766e+00 3.013711026159890741e-03
1.331014009640073992e+00 3.026331747182438910e-03
1.332214256729338686e+00 2.883564200525423442e-03
1.333416670427366224e+00 2.951260044131198083e-03
1.334621256605989847e+00 3.420521124382953308e-03
1.335828021158280476e+00 4.059278932579881739e-03
1.337036969998642633e+00 4.362977036502833396e-03
1.338248109062910807e+00 4.017012196621742685e-03
1.339461444308445826e+00 3.260779845557425834e-03
1.340676981714234106e+00 2.787871425628624718e-03
1.341894727280984911e+00 3.215428930106153330e-03
1.343114687031228938e+00 4.552490912095009945e-03
1.344336867009418457e+00 6.123956438560027547e-03
1.345561273282025905e+00 7.030926282978644699e-03
1.346787911937645354e+00 6.784439231533504790e-03
1.348016789087093770e+00 5.625533622939125032e-03
1.349247910863510036e+00 4.325734930170522553e-03
1.350481283422460210e+00 3.674367180473303834e-03
1.351716912942037885e+00 4.046063158399030787e-03
1.352954805622968326e+00 5.292265904966499297e-03
1.354194967688711948e+00 6.912354974247665075e-03
1.355437405385568672e+00 8.307728161183519991e-03
1.356682124982781623e+00 8.986533663654252754e-03
1.357929132772646152e+00 8.718108449028687951e-03
1.359178435070610647e+00 7.658092106555386067e-03
1.360430038215387549e+00 6.376830854681613675e-03
1.361683948569058833e+00 5.681796515856616346e-03
1.362940172517182802e+00 6.240670513607719100e-03
1.364198716468904449e+00 8.202304307473359812e-03
1.365459586857064034e+00 1.107745085214286579e-02
1.366722790138304555e+00 1.398248018599840790e-02
1.367988332793184991e+00 1.609154241284337095e-02
1.369256221326289769e+00 1.701371770765824562e-02
1.370526462266339118e+00 1.691205322850878462e-02
1.371799062166303207e+00 1.638862159396985499e-02
1.373074027603513159e+00 1.626954679367410492e-02
1.374351365179775852e+00 1.736997450456333539e-02
1.375631081521486498e+00 2.022881767293562699e-02
1.376913183279742992e+00 2.483135376152318524e-02
1.378197677130463372e+00 3.046812115061991316e-02
1.379484569774499514e+00 3.592722116948900840e-02
1.380773867937754362e+00 4.004626252729593522e-02
1.382065578371298953e+00 4.235718252936907652e-02
1.383359707851491427e+00 4.341354354901710150e-02
1.384656263180092939e+00 4.456979575904812529e-02
1.385955251184389780e+00 4.736136266129266359e-02
1.387256678717310621e+00 5.288797653645797847e-02
1.388560552657549962e+00 6.151864213526098829e-02
1.389866879909685382e+00 7.292843854919739410e-02
1.391175667404303651e+00 8.626485292682455064e-02
1.392486922098119972e+00 1.003150026074814682e-01
1.393800650974102773e+00 1.137652814174645866e-01
1.395116861041597822e+00 1.256958561770633309e-01
1.396435559336452803e+00 1.362020400097962713e-01
1.397756752921141210e+00 1.467149394234490978e-01
1.399080448884890471e+00 1.595904307996784677e-01
1.400406654343807844e+00 1.769804854370659042e-01
1.401735376441007874e+00 1.995805689174551811e-01
1.403066622346740511e+00 2.260542587183505536e-01
1.404400399258520116e+00 2.535407837164952438e-01
1.405736714401256471e+00 2.789358503366790587e-01
1.407075575027382452e+00 3.001605945199473102e-01
1.408416988416988813e+00 3.167419495871707236e-01
1.409760961877952301e+00 3.295653417519022743e-01
1.411107502746072218e+00 3.401541708935009178e-01
1.412456618385200535e+00 3.499359019684235572e-01
1.413808316187377567e+00 3.597315593410796986e-01
1.415162603572968303e+00 3.694778731052466014e-01
1.416519487990795634e+00 3.781754098702940214e-01
1.417878976918278466e+00 3.841543525365812561e-01
1.419241077861568723e+00 3.857099727583268023e-01
1.420605798355690341e+00 3.819036050973819152e-01
1.421973145964676055e+00 3.730759940053328116e-01
1.423343128281709280e+00 3.606846136315469131e-01
1.424715752929263779e+00 3.465011794737644091e-01
1.426091027559245106e+00 3.316767410074160094e-01
1.427468959853133379e+00 3.162934067553953010e-01
1.428849557522123837e+00 2.996570827051651120e-01
1.430232828307275383e+00 2.810394653575810642e-01
1.431618779979650480e+00 2.602959382379091413e-01
1.433007420340462801e+00 2.379704306752440102e-01
1.434398757221224452e+00 2.149458729440381355e-01
1.435792798483891408e+00 1.920130714223642066e-01
1.437189552021012950e+00 1.696840489373428185e-01
1.438589025755879325e+00 1.482821275941151318e-01
1.439991227642672733e+00 1.281030042193265495e-01
1.441396165666618101e+00 1.094512358116877387e-01
1.442803847844133402e+00 9.254493010264748520e-02
1.444214282222982648e+00 7.742899017369109238e-02
1.445627476882430873e+00 6.400856992147460622e-02
1.447043439933395570e+00 5.217151784019525423e-02
1.448462179518604120e+00 4.187616689980672158e-02
1.449883703812748559e+00 3.312680361069085533e-02
1.451308021022643890e+00 2.587905588416710909e-02
1.452735139387384189e+00 1.998123926289229954e-02
1.454165067178503135e+00 1.520912689289192696e-02
1.455597812700132998e+00 1.135380923325034208e-02
1.457033384289166289e+00 8.277903315247549937e-03
1.458471790315415628e+00 5.899015553735898788e-03
1.459913039181777838e+00 4.134143182621906158e-03
1.461357139324397814e+00 2.867130693927680361e-03
1.462804099212832387e+00 1.965095362282182588e-03
1.464253927350215978e+00 1.317108679158184763e-03
1.465706632273426457e+00 8.538079844744773548e-04
1.467162222553255013e+00 5.354117690543290769e-04
1.468620706794572461e+00 3.289793707075964785e-04
1.470082093636499554e+00 1.993610930972912736e-04
1.471546391752577287e+00 1.163813658086222539e-04
1.473013609850939876e+00 6.299334969505942020e-05
1.474483756674485058e+00 3.321055625962329255e-05
1.475956841001049291e+00 2.401086766449570100e-05
1.477432871643582279e+00 3.143572658154134485e-05
1.478911857450323053e+00 5.288565895298244322e-05
1.480393807304975606e+00 8.867996379305004349e-05
1.481878730126887200e+00 1.383728707690149947e-04
1.483366634871228884e+00 1.965091100975629957e-04
1.484857530529172465e+00 2.548596946657762032e-04
1.486351426128075248e+00 3.098488419515978967e-04
1.487848330731658342e+00 3.659324791806787170e-04
1.489348253440193837e+00 4.294743849039687794e-04
1.490851203390685775e+00 4.995173610746029376e-04
1.492357189757058444e+00 5.669051319240839965e-04
1.493866221750341561e+00 6.240497238068814026e-04
1.495378308618857233e+00 6.744532862548093411e-04
1.496893459648412028e+00 7.301275815451418062e-04
1.498411684162482826e+00 7.986607960493595417e-04
1.499932991522412440e+00 8.744305537286834991e-04
1.501457391127598129e+00 9.446478100895272078e-04
1.502984892415687668e+00 1.004098001961716306e-03
1.504515504862773190e+00 1.061707565525075395e-03
1.506049237983587696e+00 1.130651732594972194e-03
1.507586101331700901e+00 1.212574276438218787e-03
1.509126104499719290e+00 1.293979954293236236e-03
1.510669257119484854e+00 1.359688074698994342e-03
1.512215568862275816e+00 1.408815327911818035e-03
1.513765049439008470e+00 1.455333121733381032e-03
1.515317708600441238e+00 1.512317231606324615e-03
1.516873556137378731e+00 1.577544535447621523e-03
1.518432601880878030e+00 1.636835391927383239e-03
1.519994855702453851e+00 1.681461711284629266e-03
1.521560327514290156e+00 1.719672709693835164e-03
1.523129027269447100e+00 1.768703569912996078e-03
1.524700964962072636e+00 1.835785708593204880e-03
1.526276150627615236e+00 1.909608746677425974e-03
1.527854594343037498e+00 1.972358390377339406e-03
1.529436306227030640e+00 2.019272696705526511e-03
1.531021296440230328e+00 2.063808341794881769e-03
1.532609575185434947e+00 2.122332766975006720e-03
1.534201152707824978e+00 2.195223363795559268e-03
1.535796039295181714e+00 2.265476187143350504e-03
1.537394245278110194e+00 2.316441050767248724e-03
1.538995781030261911e+00 2.348913277793910487e-03
1.540600656968559523e+00 2.378635401981305918e-03
1.542208883553421561e+00 2.417426606755493802e-03
1.543820471288991136e+00 2.459646796182223677e-03
1.545435430723364423e+00 2.489556517838729336e-03
1.547053772448819364e+00 2.501229551077453414e-03
1.548675507102049487e+00 2.508084152809758605e-03
1.550300645364395047e+00 2.530508393445449287e-03
1.551929197962077955e+00 2.574774392746881184e-03
1.553561175666439143e+00 2.626581272879606726e-03
1.555196589294173481e+00 2.666527141503201217e-03
1.556835449707571817e+00 2.690468879162410086e-03
1.558477767814758552e+00 2.712401401254637724e-03
1.560123554569935456e+00 2.747149311987651804e-03
1.561772820973624576e+00 2.792688850672931170e-03
1.563425578072914046e+00 2.832014276311506980e-03
1.565081836961703665e+00 2.852168386789293714e-03
1.566741608780953365e+00 2.858639001127879099e-03
1.568404904718934345e+00 2.868707458091088788e-03
1.570071736011477981e+00 2.891351136140210554e-03
1.571742113942231400e+00 2.916703080855524190e-03
1.573416049842909503e+00 2.927367278095123048e-03
1.575093555093555198e+00 2.919126431157552121e-03
1.576774641122792087e+00 2.907735672008757068e-03
1.578459319408088257e+00 2.913870001935722244e-03
1.580147601476014740e+00 2.942626220901770236e-03
1.581839498902511076e+00 2.979940289751138380e-03
1.583535023313146661e+00 3.009270890523825341e-03
1.585234186383389865e+00 3.029405769450620612e-03
1.586936999838874485e+00 3.053520449367729331e-03
1.588643475455669751e+00 3.091227392037551938e-03
1.590353625060552334e+00 3.134701798780012774e-03
1.592067460531278567e+00 3.165195639017768809e-03
1.593784993796860894e+00 3.172892069090772239e-03
1.595506236837842318e+00 3.167658172084165339e-03
1.597231201686577950e+00 3.168296168098013940e-03
1.598959900427512126e+00 3.182045442124115629e-03
1.600692345197464839e+00 3.197095105483828328e-03
1.602428548185910406e+00 3.196341544703554943e-03
1.604168521635268130e+00 3.176949377033512576e-03
1.605912277841186953e+00 3.154020202220627830e-03
1.607659829152837672e+00 3.144665848273868729e-03
1.609411187973201596e+00 3.150592951647353604e-03
1.611166366759365420e+00 3.158466593559685742e-03
1.612925378022817879e+00 3.156868722806370053e-03
1.614688234329744843e+00 3.149957063679993674e-03
1.616454948301329519e+00 3.152053903640221390e-03
1.618225532614053330e+00 3.169421660116845257e-03
1.620000000000000107e+00 3.190288011791483046e-03
