1.420000000000000151e+00 1.083951312277871976e-02
1.421044540071352502e+00 1.071568806998059002e-02
1.422090617983731820e+00 1.059268513336650112e-02
1.423138237135806117e+00 1.046884974594607109e-02
1.424187400936267611e+00 1.034244899520199781e-02
1.425238112803866031e+00 1.021159504812835586e-02
1.426290376167448137e+00 1.007426117319950958e-02
1.427344194465994365e+00 9.928409438227894096e-03
1.428399571148656122e+00 9.772220151246619260e-03
1.429456509674793763e+00 9.604385264419645907e-03
1.430515013514014111e+00 9.424407341077798914e-03
1.431575086146207765e+00 9.232836922962886148e-03
1.432636731061589286e+00 9.031386476872991370e-03
1.433699951760733393e+00 8.822877938834872494e-03
1.434764751754614265e+00 8.611009838689081056e-03
1.435831134564643952e+00 8.399963589931712729e-03
1.436899103722712123e+00 8.193900233026839633e-03
1.437968662771223594e+00 7.996422427248862583e-03
1.439039815263138511e+00 7.810086983073254684e-03
1.440112564762011216e+00 7.636048347755434139e-03
1.441186914842030875e+00 7.473893768688504892e-03
1.442262869088058785e+00 7.321699779820738455e-03
1.443340431095670784e+00 7.176302811189821766e-03
1.444419604471195662e+00 7.033740870060116099e-03
1.445500392831755798e+00 6.889794981304514510e-03
1.446582799805309127e+00 6.740543573154796943e-03
1.447666829030686886e+00 6.582843003916211654e-03
1.448752484157636244e+00 6.414662762685878657e-03
1.449839768846861165e+00 6.235231476588431847e-03
1.450928686770062814e+00 6.044984380944612434e-03
1.452019241609981970e+00 5.845337794332767893e-03
1.453111437060438993e+00 5.638344877426566294e-03
1.454205276826376680e+00 5.426304340346254501e-03
1.455300764623903120e+00 5.211396891374539368e-03
1.456397904180331215e+00 4.995413007547170985e-03
1.457496699234222426e+00 4.779612763489493772e-03
1.458597153535429847e+00 4.564728896988117131e-03
1.459699270845139729e+00 4.351094133393447125e-03
1.460803054935914780e+00 4.138849111139637424e-03
1.461908509591736571e+00 3.928172867972636213e-03
1.463015638608050395e+00 3.719476379394227178e-03
1.464124445791807450e+00 3.513511007420403245e-03
1.465234934961508140e+00 3.311365197780477033e-03
1.466347109947246707e+00 3.114349586417953022e-03
1.467460974590755640e+00 2.923797025970549610e-03
1.468576532745448526e+00 2.740824270411678504e-03
1.469693788276465574e+00 2.566111848267047142e-03
1.470812745060718241e+00 2.399755925250326820e-03
1.471933406986932757e+00 2.241231273869995037e-03
1.473055777955698087e+00 2.089480931675619796e-03
1.474179861879507225e+00 1.943120728980522001e-03
1.475305662682805830e+00 1.800721435930164715e-03
1.476433184302036850e+00 1.661113280557983832e-03
1.477562430685686046e+00 1.523650967292828609e-03
1.478693405794328175e+00 1.388383664392751730e-03
1.479826113600674287e+00 1.256092601895088994e-03
1.480960558089616574e+00 1.128185297475668312e-03
1.482096743258276339e+00 1.006464601832836271e-03
1.483234673116050839e+00 8.928166598759987305e-04
1.484374351684659477e+00 7.888790480352438940e-04
1.485515782998192869e+00 6.957550502257180570e-04
1.486658971103159255e+00 6.138311082046582446e-04
1.487803920058531348e+00 5.427335968555829651e-04
1.488950633935797407e+00 4.814324359078108319e-04
1.490099116819005864e+00 4.284685575492879254e-04
1.491249372804817064e+00 3.822562942102077717e-04
1.492401406002549669e+00 3.413958792953221346e-04
1.493555220534230399e+00 3.049289869185165740e-04
1.494710820534643769e+00 2.724822864806321831e-04
1.495868210151380495e+00 2.442680440435321810e-04
1.497027393544887897e+00 2.209419490216354444e-04
1.498188374888518748e+00 2.033500339872618807e-04
1.499351158368582349e+00 1.922219506016429897e-04
1.500515748184395592e+00 1.878812817647992493e-04
1.501682148548330931e+00 1.900417202005427091e-04
1.502850363685868995e+00 1.977392619946300096e-04
1.504020397835649892e+00 2.094251823589180948e-04
1.505192255249522937e+00 2.232145302393721115e-04
1.506365940192600394e+00 2.372125083035242358e-04
1.507541456943306546e+00 2.498813853870167074e-04
1.508718809793432092e+00 2.603443245142389125e-04
1.509898003048184778e+00 2.685541686873515262e-04
1.511079041026242908e+00 2.752761797864646583e-04
1.512261928059806637e+00 2.818720757496554234e-04
1.513446668494653480e+00 2.899168366820746232e-04
1.514633266690187829e+00 3.007205758207237112e-04
1.515821727019498910e+00 3.148563549171055475e-04
1.517012053869409849e+00 3.318042220540777043e-04
1.518204251640535851e+00 3.498085637291433988e-04
1.519398324747335716e+00 3.660111359147900727e-04
1.520594277618166679e+00 3.768713970652842206e-04
1.521792114695340814e+00 3.788281509493351159e-04
1.522991840435176991e+00 3.691031332886541682e-04
1.524193459308059495e+00 3.465090102412986392e-04
1.525396975798491983e+00 3.121099200163114282e-04
1.526602394405152552e+00 2.695966180620297634e-04
1.527809719640950581e+00 2.252796348243400098e-04
1.529018956033084020e+00 1.876663858295850936e-04
1.530230108123094457e+00 1.666612071662673179e-04
1.531443180466923071e+00 1.724975659680412846e-04
1.532658177634972141e+00 2.145658263573520426e-04
1.533875104212156115e+00 3.003269999770757101e-04
1.535093964797965782e+00 4.344966069792696164e-04
1.536314764006521338e+00 6.186429153336161710e-04
1.537537506466632342e+00 8.512765589375546459e-04
1.538762196821856554e+00 1.128425416514784859e-03
1.539988839730559445e+00 1.444604618771919060e-03
1.541217439865970373e+00 1.794022247148179460e-03
1.542448001916244538e+00 2.171819982650698404e-03
1.543680530584522037e+00 2.575143004770383964e-03
1.544915030588988047e+00 3.003866474913740713e-03
1.546151506662931885e+00 3.460871391017821333e-03
1.547389963554808290e+00 3.951848533190644407e-03
1.548630406028297823e+00 4.484699458783852899e-03
1.549872838862369262e+00 5.068680650953286820e-03
1.551117266851339105e+00 5.713485711052367078e-03
1.552363694804934191e+00 6.428470827910670073e-03
1.553612127548353428e+00 7.222197895501960424e-03
1.554862569922331073e+00 8.102402927553790588e-03
1.556115026783197353e+00 9.076407496197178709e-03
1.557369503002942634e+00 1.015189552954950253e-02
1.558626003469280930e+00 1.133789639115299723e-02
1.559884533085712066e+00 1.264576508757950420e-02
1.561145096771586971e+00 1.408994340133360237e-02
1.562407699462170063e+00 1.568832514747228735e-02
1.563672346108705202e+00 1.746212866744229972e-02
1.564939041678480525e+00 1.943528551372076391e-02
1.566207791154890838e+00 2.163346525702943696e-02
1.567478599537506678e+00 2.408294928601099200e-02
1.568751471842137590e+00 2.680962028469094371e-02
1.570026413100898077e+00 2.983833410960090235e-02
1.571303428362275767e+00 3.319288214421523692e-02
1.572582522691196472e+00 3.689664136558738067e-02
1.573863701169090357e+00 4.097386370971000530e-02
1.575146968893962551e+00 4.545140156989933150e-02
1.576432330980456431e+00 5.036053206550190897e-02
1.577719792559924894e+00 5.573845731880583410e-02
1.579009358780498085e+00 6.162904275941574056e-02
1.580301034807149563e+00 6.808242046931452240e-02
1.581594825821769579e+00 7.515322580869668312e-02
1.582890737023229244e+00 8.289743479823896699e-02
1.584188773627455138e+00 9.136799686847928148e-02
1.585488940867495478e+00 1.006096752826687174e-01
1.586791243993593392e+00 1.106536774479527502e-01
1.588095688273254424e+00 1.215127468313555448e-01
1.589402278991320250e+00 1.331773764722664899e-01
1.590711021450039064e+00 1.456136864032000489e-01
1.592021920969137971e+00 1.587632966921637967e-01
1.593334982885892703e+00 1.725452537544656106e-01
1.594650212555202673e+00 1.868597716599993963e-01
1.595967615349663360e+00 2.015933862431317503e-01
1.597287196659638919e+00 2.166243536918596446e-01
1.598608961893334790e+00 2.318281140066537904e-01
1.599932916476873190e+00 2.470819818362975651e-01
1.601259065854366170e+00 2.622679043386609843e-01
1.602587415487991995e+00 2.772733755411325163e-01
1.603917970858068198e+00 2.919903595135093233e-01
1.605250737463127075e+00 3.063125239329856364e-01
1.606585720819992513e+00 3.201313842282187405e-01
1.607922926463856372e+00 3.333321690927433245e-01
1.609262359948352872e+00 3.457903051116477111e-01
1.610604026845637859e+00 3.573693650590515358e-01
1.611947932746464085e+00 3.679211366894347690e-01
1.613294083260261358e+00 3.772881735633586975e-01
1.614642484015211821e+00 3.853088308291141573e-01
1.615993140658329885e+00 3.918244213167309531e-01
1.617346058855540392e+00 3.966878066530223346e-01
1.618701244291759433e+00 3.997725127849155458e-01
1.620058702670971629e+00 4.009813625908623114e-01
1.621418439716312276e+00 4.002536631959808799e-01
1.622780461170145960e+00 3.975701631780935164e-01
1.624144772794148706e+00 3.929552758529074041e-01
1.625511380369388803e+00 3.864764049486456576e-01
1.626880289696408521e+00 3.782405562644119423e-01
1.628251506595305820e+00 3.683887222588113075e-01
1.629625036905816726e+00 3.570887438454633522e-01
1.631000886487399271e+00 3.445274582965174304e-01
1.632379061219316529e+00 3.309029264414068972e-01
1.633759567000719004e+00 3.164174080676008249e-01
1.635142409750730108e+00 3.012715498667700720e-01
1.636527595408530988e+00 2.856600046834848472e-01
1.637915129933443792e+00 2.697684573116357343e-01
1.639305019305019817e+00 2.537718301230820206e-01
1.640697269523122115e+00 2.378333107782917843e-01
1.642091886608015860e+00 2.221037990198647116e-01
1.643488876600451176e+00 2.067214087596912497e-01
1.644888245561752615e+00 1.918107690838323220e-01
1.646289999573905982e+00 1.774820160654044521e-01
1.647694144739647815e+00 1.638295235660375271e-01
1.649100687182551761e+00 1.509305535333099468e-01
1.650509633047118729e+00 1.388440893661483655e-01
1.651920988498867038e+00 1.276101354508226149e-01
1.653334759724421232e+00 1.172497208162412707e-01
1.654750952931603125e+00 1.077657465503280287e-01
1.656169574349522389e+00 9.914468657856362332e-02
1.657590630228667150e+00 9.135901640321522632e-02
1.659014126840997916e+00 8.437013119625881574e-02
1.660440070480037944e+00 7.813144482226726251e-02
1.661868467460966281e+00 7.259134738266438680e-02
1.663299324120711242e+00 6.769574192608364405e-02
1.664732646818044781e+00 6.338997116557849865e-02
1.666168441933675526e+00 5.962006365563599780e-02
1.667606715870344258e+00 5.633335225431546772e-02
1.669047475052918061e+00 5.347862198672292955e-02
1.670490725928488462e+00 5.100601025376774039e-02
1.671936474966463360e+00 4.886689843302582242e-02
1.673384728658668941e+00 4.701399914338910691e-02
1.674835493519441831e+00 4.540176672423346105e-02
1.676288776085730570e+00 4.398715684364560424e-02
1.677744582917191529e+00 4.273065620648785340e-02
1.679202920596288617e+00 4.159741692392098650e-02
1.680663795728392307e+00 4.055828000248519472e-02
1.682127214941878446e+00 3.959046887729859160e-02
1.683593184888230621e+00 3.867777779240590130e-02
1.685061712242139187e+00 3.781016249050846850e-02
1.686532803701602301e+00 3.698274580331886024e-02
1.688006465988029170e+00 3.619435760450575440e-02
1.689482705846342414e+00 3.544581613509965867e-02
1.690961530045078653e+00 3.473820863493835148e-02
1.692442945376495089e+00 3.407143330463621028e-02
1.693926958656670978e+00 3.344322069271471465e-02
1.695413576725613325e+00 3.284876865899406806e-02
1.696902806447362799e+00 3.228101671812407675e-02
1.698394654710097429e+00 3.173147299651040559e-02
1.699889128426239626e+00 3.119141111748115203e-02
1.701386234532564545e+00 3.065309366853929962e-02
1.702885979990304000e+00 3.011119809251163945e-02
1.704388371785257705e+00 2.956349820225173328e-02
1.705893416927899642e+00 2.901113974427516409e-02
1.707401122453488851e+00 2.845839145788310945e-02
1.708911495422177351e+00 2.791183993254546525e-02
1.710424542919120272e+00 2.737920373446148595e-02
1.711940272054588430e+00 2.686798025783932592e-02
1.713458689964078463e+00 2.638416430247307251e-02
1.714979803808424963e+00 2.593125824334824997e-02
1.716503620773913052e+00 2.550973465386532912e-02
1.718030148072390961e+00 2.511702554570244619e-02
1.719559392941386156e+00 2.474801504333676294e-02
1.721091362644216138e+00 2.439592288130196240e-02
1.722626064470106133e+00 2.405340110075938898e-02
1.724163505734303214e+00 2.371363708290778402e-02
1.725703693778194880e+00 2.337126676783173040e-02
1.727246635969422295e+00 2.302294897434519275e-02
1.728792339702000191e+00 2.266752471039771427e-02
1.730340812396435224e+00 2.230576915933260573e-02
1.731892061499843205e+00 2.193982198079868703e-02
1.733446094486069455e+00 2.157243871936365825e-02
1.735002918855808707e+00 2.120623208625375955e-02
1.736562542136725451e+00 2.084306276371210645e-02
1.738124971883575620e+00 2.048369833310938540e-02
1.739690215678328711e+00 2.012779535107810450e-02
1.741258281130290131e+00 1.977418712036109125e-02
1.742829175876223546e+00 1.942139336484140569e-02
1.744402907580477891e+00 1.906822124770452681e-02
1.745979483935108156e+00 1.871430913544596883e-02
1.747558912660002850e+00 1.836047837121989462e-02
1.749141201503011001e+00 1.800880071725064965e-02
1.750726358240065395e+00 1.766235095956836254e-02
1.752314390675314248e+00 1.732468252150374741e-02
1.753905306641245998e+00 1.699912471530749467e-02
1.755499113998818972e+00 1.668804105340323737e-02
1.757095820637591510e+00 1.639220055946695453e-02
1.758695434475852526e+00 1.611039573120790630e-02
1.760297963460750070e+00 1.583939537272032946e-02
1.761903415568425668e+00 1.557425699868473894e-02
1.763511798804144659e+00 1.530895452594979722e-02
1.765123121202430756e+00 1.503721612801985595e-02
1.766737390827198606e+00 1.475342635194105446e-02
1.768354615771889460e+00 1.445343376185216459e-02
1.769974804159604398e+00 1.413512280444161745e-02
1.771597964143243775e+00 1.379865266755314450e-02
1.773224103905640670e+00 1.344632784160774280e-02
1.774853231659699881e+00 1.308213274405324936e-02
1.776485355648535602e+00 1.271102304538947181e-02
1.778120484145612190e+00 1.233810780632794979e-02
1.779758625454880727e+00 1.196787163198105054e-02
1.781399787910922905e+00 1.160357249180747792e-02
1.783043979879090024e+00 1.124691200504704391e-02
1.784691209755647101e+00 1.089801908304118862e-02
1.786341485967913645e+00 1.055572623387879272e-02
1.787994816974409096e+00 1.021806278574088032e-02
1.789651211264996045e+00 9.882851380865604468e-03
1.791310677361027670e+00 9.548280258316057048e-03
1.792973223815490513e+00 9.213336025558641063e-03
1.794638859213154580e+00 8.878016502273156085e-03
1.796307592170719447e+00 8.543293016382366364e-03
1.797979431336963252e+00 8.210845649590388026e-03
1.799654385392892353e+00 7.882642176182981866e-03
1.801332463051890764e+00 7.560462308121773320e-03
1.803013673059872257e+00 7.245477428868656901e-03
1.804698024195432016e+00 6.937981062900805407e-03
1.806385525269998515e+00 6.637330550038378872e-03
1.808076185127989399e+00 6.342113456066460556e-03
1.809770012646962467e+00 6.050503199793748864e-03
1.811467016737774882e+00 5.760727510062874958e-03
1.813167206344737270e+00 5.471549067082628545e-03
1.814870590445770482e+00 5.182654872437652584e-03
1.816577178052564800e+00 4.894869850392437501e-03
1.818286978210739369e+00 4.610146711268632395e-03
1.820000000000000062e+00 4.331330424436866285e-03
