6.600000000000000311e-01 2.182740360386815093e-09
6.608340178176533852e-01 2.080107269102104342e-09
6.616701461377871851e-01 2.873866700602925647e-09
6.625083929815671624e-01 1.989741309264772135e-09
6.633487664108581594e-01 1.437437783421424761e-09
6.641912745284815900e-01 3.417895610433495210e-09
6.650359254784764529e-01 3.034348242095991701e-09
6.658827274463614554e-01 1.102471882926994023e-09
6.667316886593995795e-01 2.559393067475549839e-09
6.675828173868640913e-01 3.105411726415632830e-09
6.684361219403081034e-01 1.447714940890575570e-09
6.692916106738338033e-01 2.453073656720865239e-09
6.701492919843660134e-01 3.175947586317926060e-09
6.710091743119267482e-01 1.384734278604685970e-09
6.718712661399114383e-01 2.303182437711706180e-09
6.727355759953689285e-01 3.024747667918740875e-09
6.736021124492820311e-01 1.467226868442269418e-09
6.744708841168505220e-01 2.995715706746800175e-09
6.753418996577775779e-01 2.906146856108232689e-09
6.762151677765566582e-01 8.386163448956296574e-10
6.770906972227618281e-01 4.264897050780151173e-09
6.779684967913399696e-01 3.096795455203560894e-09
6.788485753229052122e-01 7.197606271803515181e-10
6.797309417040359181e-01 6.676897085527823651e-09
6.806156048675734427e-01 2.816986220333463309e-09
6.815025737929237826e-01 1.765394042551757319e-09
6.823918575063614433e-01 9.913125009717354838e-09
6.832834650813354171e-01 2.010469602429523616e-09
6.841774056387781577e-01 6.484209899223180890e-09
6.850736883474159988e-01 1.603629991730872795e-08
6.859723224240834583e-01 2.803954618589820346e-09
6.868733171340382082e-01 1.502397708160305688e-08
6.877766817912803754e-01 2.163516289700423189e-08
6.886824257588727294e-01 4.871474069504516814e-09
6.895905584492648677e-01 2.468482877710806180e-08
6.905010893246187331e-01 2.072900769723101026e-08
6.914140278971374620e-01 7.811362509457856742e-09
6.923293837293970077e-01 3.106737532229820691e-08
6.932471664346788742e-01 1.443795253903838342e-08
6.941673856773080686e-01 1.426444349703985342e-08
6.950900511729912745e-01 3.026475480541073524e-08
6.960151726891595780e-01 6.299336453681408250e-09
6.969427600453121929e-01 2.017261013468347249e-08
6.978728231133648485e-01 1.699630494292211913e-08
6.988053718179996210e-01 6.250232600087110635e-09
6.997404161370174291e-01 2.834693074485483327e-08
7.006779661016948602e-01 9.000645672037670807e-09
7.016180317971422165e-01 3.137952561074800246e-08
7.025606233626653374e-01 4.075547792417493752e-08
7.035057509921301966e-01 2.897492281275340278e-08
7.044534249343301635e-01 8.819575819951274771e-08
7.054036554933567071e-01 6.734581075145556133e-08
7.063564530289728749e-01 8.476299826050128584e-08
7.073118279569893252e-01 1.346606458470856750e-07
7.082697907496445788e-01 7.634906408590850168e-08
7.092303519359870467e-01 1.128103699297188519e-07
7.101935221022612765e-01 9.965580930667076453e-08
7.111593118922961976e-01 4.768671450216015117e-08
7.121277320078981399e-01 8.454531469689169324e-08
7.130987932092454074e-01 3.604591125344005852e-08
7.140725063152864038e-01 6.024134503484445791e-08
7.150488822041429771e-01 6.723554260017116397e-08
7.160279318135140958e-01 5.317299818282258062e-08
7.170096661410845229e-01 1.279652710224806234e-07
7.179940962449371522e-01 8.779217031064358037e-08
7.189812332439678988e-01 1.548367383403590153e-07
7.199710883183039201e-01 1.823101187319509223e-07
7.209636727097264997e-01 1.431378252632862369e-07
7.219589977220958188e-01 2.402421478186713117e-07
7.229570747217806126e-01 1.647489931806282833e-07
7.239579151380910460e-01 2.009625621668231624e-07
7.249615304637139213e-01 2.257601316442112025e-07
7.259679322551537695e-01 1.486331847479792839e-07
7.269771321331758296e-01 2.508937952161403558e-07
7.279891417832533573e-01 1.801185110881442066e-07
7.290039729560187087e-01 2.393962697705802876e-07
7.300216374677184206e-01 2.782179997590201954e-07
7.310421472006710664e-01 2.281392126534751757e-07
7.320655141037307745e-01 3.843431571284773516e-07
7.330917501927525226e-01 2.896199869738625496e-07
7.341208675510634274e-01 3.602791013598964795e-07
7.351528783299360326e-01 3.876081160963134261e-07
7.361877947490674812e-01 2.856722418968830260e-07
7.372256290970607973e-01 4.024174956454389918e-07
7.382663937319122738e-01 2.707744597936482298e-07
7.393101010815014140e-01 3.623566215824702481e-07
7.403567636440858690e-01 3.632859376897745021e-07
7.414063939887999277e-01 2.994871253302538485e-07
7.424590047561582251e-01 4.514870743916172148e-07
7.435146086585626701e-01 3.355372989025814651e-07
7.445732184808143694e-01 4.946141946133784059e-07
7.456348470806302142e-01 4.420710412571443846e-07
7.466995073891625756e-01 4.009350348538383019e-07
7.477672124115251062e-01 5.205087620528410413e-07
7.488379752273215395e-01 3.151697670873520042e-07
7.499118089911808172e-01 4.288757294775513834e-07
7.509887269332951032e-01 3.229376013164669524e-07
7.520687423599625721e-01 3.566707779859829217e-07
7.531518686541369689e-01 4.701214274244083119e-07
7.542381192759789466e-01 3.158604032795312522e-07
7.553275077634143964e-01 3.920947131451704979e-07
7.564200477326969985e-01 1.665929365864992655e-07
7.575157528789745465e-01 8.944513851005670707e-08
7.586146369768623776e-01 3.036563942841331946e-08
7.597167138810199116e-01 1.743062008494269636e-07
7.608219975267331847e-01 5.799109852041853213e-07
7.619305019305019355e-01 4.064148766101167236e-07
7.630422411906325753e-01 1.307742175945763886e-07
7.641572294878352656e-01 3.545391233200929438e-09
7.652754810858272139e-01 5.745952548734589584e-08
7.663970103319411864e-01 1.257276061180611159e-08
7.675218316577383515e-01 8.285293199906639663e-08
7.686499595796281170e-01 3.336919106551512507e-07
7.697814086994921867e-01 1.185092586999552337e-06
7.709161937053145008e-01 1.983961640515528556e-06
7.720543293718166167e-01 1.475057830990529849e-06
7.731958305610999727e-01 1.096062352674133608e-06
7.743407122232917050e-01 1.675732672657741031e-06
7.754889893971973480e-01 2.734603748122409899e-06
7.766406772109601953e-01 2.938975748583321790e-06
7.777957908827247691e-01 3.037952476139318653e-06
7.789543457213079503e-01 1.474092548568391366e-06
7.801163571268742158e-01 1.923914830589918715e-07
7.812818405916188702e-01 2.723210495910397457e-06
7.824508117004563834e-01 9.852975309744516178e-06
7.836232861317150578e-01 2.250141677166958145e-05
7.847992796578375785e-01 3.205604451926820836e-05
7.859788081460885589e-01 4.376250586729820395e-05
7.871618875592685249e-01 4.769766128881628911e-05
7.883485339564334504e-01 3.264104554656083445e-05
7.895387634936212873e-01 1.500097725320053462e-05
7.907325924245861559e-01 7.832476358405136678e-06
7.919300371015371987e-01 3.809798935679216137e-05
7.931311139758854267e-01 8.512755533167791380e-05
7.943358395989974508e-01 1.173588418389563567e-04
7.955442306229558724e-01 1.181212625679878086e-04
7.967563038013255605e-01 1.018503278047299570e-04
7.979720759899290305e-01 1.117368711127402392e-04
7.991915641476274867e-01 1.294091819219566730e-04
8.004147853371088583e-01 1.724229598244793739e-04
8.016417567256840515e-01 2.137741601447698309e-04
8.028724955860905288e-01 2.781921481875426630e-04
8.041070192973014397e-01 4.205637681140758080e-04
8.053453453453454092e-01 6.359981558704500427e-04
8.065874913241304345e-01 8.920504745162932550e-04
8.078334749362786615e-01 9.242073691935375271e-04
8.090833139939661578e-01 7.634031412078528742e-04
8.103370264197722328e-01 5.956190875470248908e-04
8.115946302475363083e-01 4.941201178483259522e-04
8.128561436232222270e-01 5.436556156976976714e-04
8.141215848057912208e-01 5.732959894765696143e-04
8.153909721680829836e-01 5.883426793489666745e-04
8.166643241977044054e-01 6.238179498415883381e-04
8.179416594979276312e-01 7.726779052541316809e-04
8.192229967885956698e-01 1.013807164453375646e-03
8.205083549070371074e-01 1.110338966857582921e-03
8.217977528089889239e-01 1.135493648578470016e-03
8.230912095695287478e-01 1.131630513443970289e-03
8.243887443840152152e-01 1.166236759124445127e-03
8.256903765690376540e-01 1.186936622981285029e-03
8.269961255633747621e-01 1.223683402454495226e-03
8.283060109289618334e-01 1.305874302241516807e-03
8.296200523518681980e-01 1.362647399694080818e-03
8.309382696432828785e-01 1.347253021729263216e-03
8.322606827405109042e-01 1.220803383604788682e-03
8.335873117079780625e-01 1.150735991955995378e-03
8.349181767382454211e-01 1.127492286253691661e-03
8.362532981530343967e-01 1.356074657729854169e-03
8.375926964042604839e-01 1.844212442556239940e-03
8.389363920750783077e-01 2.916175828587266525e-03
8.402844058809352257e-01 4.196253839760580133e-03
8.416367586706365866e-01 5.309194246797508364e-03
8.429934714274200935e-01 6.148501557327475629e-03
8.443545652700411575e-01 6.123709399551877444e-03
8.457200614538692429e-01 6.644855159742921874e-03
8.470899813719933169e-01 7.281823750222310258e-03
8.484643465563399545e-01 9.759894332373234699e-03
8.498431786788007702e-01 1.507442018853588812e-02
8.512264995523725064e-01 2.260082566201620374e-02
8.526143311323063356e-01 3.297960185658162929e-02
8.540066955172697094e-01 4.560719609314628498e-02
8.554036149505195308e-01 6.669655520637639279e-02
8.568051118210864292e-01 8.478276680660921938e-02
8.582112086649709148e-01 1.078239374843378007e-01
8.596219281663517453e-01 1.643490293420512005e-01
8.610372931588047285e-01 2.072551674663210830e-01
8.624573266265359583e-01 1.975099288873424508e-01
8.638820517056250425e-01 1.641706581541813037e-01
8.653114916852817640e-01 1.276806170961059528e-01
8.667456700091158428e-01 9.517773392494070783e-02
8.681846102764174677e-01 6.360582400535910730e-02
8.696283362434522601e-01 3.332464235086136928e-02
8.710768718247690057e-01 1.338023337381288348e-02
8.725302410945190434e-01 3.565276274331607813e-03
8.739884682877914202e-01 3.582296769658540898e-04
8.754515778019587025e-01 8.810003786091724978e-04
8.769195941980379994e-01 3.239296331857799936e-03
8.783925422020660845e-01 4.532377470778178354e-03
8.798704467064861756e-01 4.591203611458334784e-03
8.813533327715513677e-01 3.818539980677953909e-03
8.828412256267409441e-01 2.540554231704397412e-03
8.843341506721907885e-01 2.013489197407531545e-03
8.858321334801390057e-01 2.548619300620206043e-03
8.873351997963858651e-01 4.548031497206541686e-03
8.888433755417693982e-01 6.911851724830163878e-03
8.903566868136546519e-01 9.041991397240328396e-03
8.918751598874392617e-01 9.278525413918211479e-03
8.933988212180747901e-01 8.075368579678613573e-03
8.949276974416019437e-01 6.689518176673680226e-03
8.964618153767035524e-01 4.495924982840864351e-03
8.980012020262729822e-01 2.695687106478997924e-03
8.995458845789972013e-01 2.139617929136684166e-03
9.010958904109589440e-01 2.626611299085314724e-03
9.026512470872530836e-01 3.893141486211490476e-03
9.042119823636206588e-01 5.073318291425676398e-03
9.057781241881009970e-01 4.881591939366525766e-03
9.073497007026980476e-01 4.047315566720304479e-03
9.089267402450682543e-01 2.823260145786442993e-03
9.105092713502221935e-01 1.384084174704365393e-03
9.120973227522456428e-01 8.228751821718653051e-04
9.136909233860400770e-01 9.557579476303824798e-04
9.152901023890785970e-01 1.619520747324308717e-03
9.168948891031822868e-01 2.212549515631685639e-03
9.185053130763151108e-01 2.180746489369432464e-03
9.201214040643970193e-01 1.404570393514033158e-03
9.217431920331365935e-01 6.223950967229306425e-04
9.233707071598834526e-01 4.740386506205593038e-04
9.250039798355000897e-01 8.737048626302545496e-04
9.266430406662532482e-01 1.140160853320310985e-03
9.282879204757255032e-01 8.385702465499236683e-04
9.299386503067486043e-01 6.777803333475658108e-04
9.315952614233546925e-01 6.472708383223733540e-04
9.332577853127511647e-01 6.591173892663887337e-04
9.349262536873157448e-01 7.172471415988981467e-04
9.366006984866125373e-01 6.665886246534320292e-04
9.382811518794296202e-01 5.802821621851905146e-04
9.399676462658399512e-01 5.251022760217057645e-04
9.416602142792834806e-01 4.945978892673630290e-04
9.433588887886715790e-01 5.155459497017886306e-04
9.450637029005151124e-01 4.888267548750686343e-04
9.467746899610754996e-01 4.072017548392690457e-04
9.484918835585383068e-01 3.972832279048289718e-04
9.502153175252113781e-01 3.761400330278012109e-04
9.519450259397471692e-01 3.873296312457085951e-04
9.536810431293882839e-01 3.689519481325847713e-04
9.554234036722391021e-01 3.183707319918366676e-04
9.571721423995607214e-01 2.834829669637565640e-04
9.589272943980929886e-01 2.707064019652477148e-04
9.606888950124001791e-01 2.470007781462445293e-04
9.624569798472440985e-01 2.158360803797658434e-04
9.642315847699826081e-01 1.750982948950109675e-04
9.660127459129953520e-01 1.376964206287737053e-04
9.678004996761359058e-01 1.349511693135815903e-04
9.695948827292111272e-01 1.192088594330238536e-04
9.713959320144887055e-01 1.119006132728557528e-04
9.732036847492324672e-01 9.965052738253808143e-05
9.750181784282652142e-01 9.403447893827788639e-05
9.768394508265620946e-01 9.960215918950994854e-05
9.786675400018715054e-01 1.215444344574641186e-04
9.805024842973658616e-01 1.289349354914376877e-04
9.823443223443226735e-01 1.385874877791838991e-04
9.841930930648351561e-01 1.488545171422974041e-04
9.860488356745548133e-01 1.692273832077374176e-04
9.879115896854634427e-01 2.009652054043785895e-04
9.897813949086782248e-01 2.258624664915483929e-04
9.916582914572865670e-01 2.259802412023642897e-04
9.935423197492164737e-01 2.327857146269073205e-04
9.954335205101362272e-01 2.534766241679283719e-04
9.973319347763899279e-01 2.721287296282531138e-04
9.992376038979651209e-01 3.077676625531046341e-04
1.001150569541495283e+00 2.993423913565138408e-04
1.003070873693296283e+00 2.928618643011811893e-04
1.004998558662438812e+00 3.041467831966954702e-04
1.006933667083854900e+00 3.252537568907782543e-04
1.008876241921481842e+00 3.346796113854062760e-04
1.010826326471440995e+00 3.340666563244743112e-04
1.012783964365256306e+00 2.995662133059491007e-04
1.014749199573105720e+00 2.834775790793696575e-04
1.016722076407115871e+00 2.869390957274510295e-04
1.018702639524690756e+00 2.710611028977828632e-04
1.020690933931882594e+00 2.474211558720356037e-04
1.022687004986799764e+00 2.118185811115922334e-04
1.024690898403056716e+00 1.804006649437272440e-04
1.026702660253264066e+00 1.616463920580254933e-04
1.028722336972558216e+00 1.510979454252538113e-04
1.030749975362176052e+00 1.178944155725227168e-04
1.032785622593068275e+00 9.750444425968262383e-05
1.034829326209558031e+00 6.465498215693243780e-05
1.036881134133042837e+00 5.357702646654823080e-05
1.038941094665739584e+00 2.551649413603421874e-05
1.041009256494476176e+00 1.974075910109213234e-05
1.043085668694524903e+00 4.102597123527458589e-06
1.045170380733486892e+00 1.572383610287076631e-04
1.047263442475217854e+00 3.278739361536972693e-04
1.049364904183806679e+00 1.456198753229651414e-04
1.051474816527596445e+00 4.031045933267843188e-05
1.053593230583258045e+00 5.427244209423070831e-05
1.055720197839911334e+00 4.015927991776851698e-04
1.057855770203297352e+00 9.441945011636671860e-04
1.060000000000000275e+00 7.061704040088481824e-04
