1.359999999999999876e+00 6.601605217541155202e-03
1.361034535219838748e+00 6.537909872826107131e-03
1.362070645554202208e+00 6.463508465766715748e-03
1.363108334603077898e+00 6.393813006665488401e-03
1.364147605977432232e+00 6.342019261107846237e-03
1.365188463299252364e+00 6.313891212036236086e-03
1.366230910201588378e+00 6.305105025310159435e-03
1.367274950328595251e+00 6.302133249214609580e-03
1.368320587335576599e+00 6.286444323704782136e-03
1.369367824889025087e+00 6.240651740211465744e-03
1.370416666666666838e+00 6.154559235545582589e-03
1.371467116357504290e+00 6.029050172150432138e-03
1.372519177661859491e+00 5.876465486971130942e-03
1.373572854291417400e+00 5.717274831486786162e-03
1.374628149969268520e+00 5.574080970272185867e-03
1.375685068429955527e+00 5.464891962092792085e-03
1.376743613419513679e+00 5.397846408841952028e-03
1.377803788695518117e+00 5.369097849795643335e-03
1.378865598027127159e+00 5.364515237048852157e-03
1.379929045195125825e+00 5.364590077834611830e-03
1.380994133991972683e+00 5.350883534310920883e-03
1.382060868221844485e+00 5.311853991301886992e-03
1.383129251700680351e+00 5.246141502248893689e-03
1.384199288256227955e+00 5.162267369613395343e-03
1.385270981728089490e+00 5.074933567663857115e-03
1.386344335967766961e+00 4.999260445376026152e-03
1.387419354838709706e+00 4.944990859007831682e-03
1.388496042216358806e+00 4.912682329574870679e-03
1.389574401988195040e+00 4.893211467766975069e-03
1.390654438053785302e+00 4.870767471692543336e-03
1.391736154324829000e+00 4.828307272375115949e-03
1.392819554725206244e+00 4.753595219845972372e-03
1.393904643191025361e+00 4.643744116158639128e-03
1.394991423670668862e+00 4.506680456142947086e-03
1.396079900124844064e+00 4.359000361241838553e-03
1.397170076526628391e+00 4.220906686773068933e-03
1.398261956861519106e+00 4.109904955660054725e-03
1.399355545127483502e+00 4.035351547238461532e-03
1.400450845335003081e+00 3.995653708361706150e-03
1.401547861507128179e+00 3.979021592327284564e-03
1.402646597679523488e+00 3.967477127051353449e-03
1.403747057900517792e+00 3.942740838279744364e-03
1.404849246231155924e+00 3.892011998158890519e-03
1.405953166745246063e+00 3.811729616165877681e-03
1.407058823529411695e+00 3.708118854161293176e-03
1.408166220683141789e+00 3.594437053679109140e-03
1.409275362318840541e+00 3.485952539163224111e-03
1.410386252561879328e+00 3.394436294270006173e-03
1.411498895550646893e+00 3.324072426670793279e-03
1.412613295436601746e+00 3.270165034797752144e-03
1.413729456384323679e+00 3.221028278702375760e-03
1.414847382571564172e+00 3.162340584412491086e-03
1.415967078189300565e+00 3.082404704549717572e-03
1.417088547441786694e+00 2.976467013974863369e-03
1.418211794546607285e+00 2.848602151181989228e-03
1.419336823734729469e+00 2.710530940248405234e-03
1.420463639250555632e+00 2.577805168289259551e-03
1.421592245351978478e+00 2.464691760657402708e-03
1.422722646310432770e+00 2.379514500757782570e-03
1.423854846410950170e+00 2.322025718886984794e-03
1.424988849952214087e+00 2.283658875380193288e-03
1.426124661246612302e+00 2.250514767103615338e-03
1.427262284620293586e+00 2.208008646977383145e-03
1.428401724413220553e+00 2.145569822446464613e-03
1.429542984979226716e+00 2.059814480504365119e-03
1.430686070686070677e+00 1.955182189867133921e-03
1.431830985915492960e+00 1.841925702673024049e-03
1.432977735063270863e+00 1.732252356957891511e-03
1.434126322539275300e+00 1.636018805546126916e-03
1.435276752767527642e+00 1.557479113247365547e-03
1.436429030186255451e+00 1.494161401932152418e-03
1.437583159247951103e+00 1.438165351616834320e-03
1.438739144419427518e+00 1.379317391241048803e-03
1.439896990181876779e+00 1.308994244247661982e-03
1.441056701030928089e+00 1.223240225588406033e-03
1.442218281476704833e+00 1.124108701008964817e-03
1.443381736043884978e+00 1.018825653539682120e-03
1.444547069271758577e+00 9.171656959790110272e-04
1.445714285714285730e+00 8.280352969578161620e-04
1.446883389940158526e+00 7.564989477092543685e-04
1.448054386532858784e+00 7.022768347042057614e-04
1.449227280090717773e+00 6.601693148756233517e-04
1.450402075226978171e+00 6.221599577278123707e-04
1.451578776569852458e+00 5.803657011335986663e-04
1.452757388762585311e+00 5.297457716307486407e-04
1.453937916463513558e+00 4.696283602785041164e-04
1.455120364346128792e+00 4.035931043313137128e-04
1.456304737099137325e+00 3.378674910154224904e-04
1.457491039426523249e+00 2.789222194840461420e-04
1.458679276047611273e+00 2.311951017404549396e-04
1.459869451697128007e+00 1.957596305091575191e-04
1.461061571125265468e+00 1.703447074913650610e-04
1.462255639097744586e+00 1.505767042480387675e-04
1.463451660395877818e+00 1.318641530367340115e-04
1.464649639816633986e+00 1.111467512921382927e-04
1.465849582172702004e+00 8.784641048170347690e-05
1.467051492292554604e+00 6.372546859084753839e-05
1.468255375020515396e+00 4.181633284666060746e-05
1.469461235216820150e+00 2.494854465358824761e-05
1.470669077757685184e+00 1.452164107860211014e-05
1.471878907535373315e+00 1.001680852202054792e-05
1.473090729458257808e+00 9.385484530482904249e-06
1.474304548450890096e+00 1.005888254525144771e-05
1.475520369454065728e+00 1.006219360313617894e-05
1.476738197424892762e+00 8.703307438743541875e-06
1.477958037336857711e+00 6.540915355207752863e-06
1.479179894179894150e+00 4.711243956875758895e-06
1.480403772960450226e+00 4.030726079496731943e-06
1.481629678701557040e+00 4.428347391644964857e-06
1.482857616442897264e+00 5.116751360053606629e-06
1.484087591240875970e+00 5.533540576540033752e-06
1.485319608168686800e+00 6.637151799356309404e-06
1.486553672316384356e+00 1.183981808166554213e-05
1.487789788790953249e+00 2.687614494857248082e-05
1.489027962716378273e+00 5.828673485260251939e-05
1.490268199233716340e+00 1.108260131520893071e-04
1.491510503501167095e+00 1.847325061495651104e-04
1.492754880694143083e+00 2.741370736898020169e-04
1.494001336005344127e+00 3.677185643813837552e-04
1.495249874644827059e+00 4.520192595055361564e-04
1.496500501840080322e+00 5.168006847400264921e-04
1.497753222836095910e+00 5.608267283010753184e-04
1.499008042895442205e+00 5.959271180336158692e-04
1.500264967298339691e+00 6.474245900550513284e-04
1.501524001342732673e+00 7.500485747129831621e-04
1.502785150344364107e+00 9.400344401752202400e-04
1.504048419636852651e+00 1.245690357493560397e-03
1.505313814571765274e+00 1.679686734065455453e-03
1.506581340518693413e+00 2.236210447101264192e-03
1.507851002865329582e+00 2.894799342223293957e-03
1.509122807017543977e+00 3.630450347416434506e-03
1.510396758399459749e+00 4.427185549102981982e-03
1.511672862453531829e+00 5.290549279007387799e-03
1.512951124640622425e+00 6.254247091132015234e-03
1.514231550440081397e+00 7.377641614618728194e-03
1.515514145349822428e+00 8.733794044923245264e-03
1.516798914886402283e+00 1.039129727194396460e-02
1.518085864585100975e+00 1.239605604846636712e-02
1.519374999999999920e+00 1.476025773354700844e-02
1.520666326704062543e+00 1.746436285210129988e-02
1.521959850289214211e+00 2.047415206601407855e-02
1.523255576366422614e+00 2.376968895217171709e-02
1.524553510565780590e+00 2.737812321726483533e-02
1.525853658536585389e+00 3.139933752134133060e-02
1.527156025947422169e+00 3.601384823044066763e-02
1.528460618486246370e+00 4.146645281287478918e-02
1.529767441860465205e+00 4.802601277254830991e-02
1.531076501797022038e+00 5.592954773459458961e-02
1.532387804042480539e+00 6.532503168720221742e-02
1.533701354363106617e+00 7.622968756715065020e-02
1.535017158544955684e+00 8.851792923121148959e-02
1.536335222393955036e+00 1.019456451557926163e-01
1.537655551735991999e+00 1.162070357871674425e-01
1.538978152416996537e+00 1.310100145980442610e-01
1.540303030303030285e+00 1.461488933148143154e-01
1.541630191280372486e+00 1.615518890953581976e-01
1.542959641255605474e+00 1.772864842719865386e-01
1.544291386155705270e+00 1.935168472587267263e-01
1.545625431928127291e+00 2.104214368866026696e-01
1.546961784540895835e+00 2.280915447568564181e-01
1.548300449982692895e+00 2.464389663100473304e-01
1.549641434262948314e+00 2.651406330422731994e-01
1.550984743411927935e+00 2.836394859680031466e-01
1.552330383480825970e+00 3.012061735184566880e-01
1.553678360541854930e+00 3.170493216177989737e-01
1.555028680688336662e+00 3.304479926398353196e-01
1.556381350034794719e+00 3.408727751571167808e-01
1.557736374717046957e+00 3.480640812914735371e-01
1.559093760892297231e+00 3.520473499996221167e-01
1.560453514739229108e+00 3.530819729640666815e-01
1.561815642458100672e+00 3.515590382654795176e-01
1.563180150270836899e+00 3.478771440450587615e-01
1.564547044421126243e+00 3.423314123159602596e-01
1.565916331174514342e+00 3.350466583820586597e-01
1.567288016818500607e+00 3.259726147099848981e-01
1.568662107662633698e+00 3.149409634058116803e-01
1.570038610038610116e+00 3.017660001098556033e-01
1.571417530300369014e+00 2.863582662851992255e-01
1.572798874824191451e+00 2.688170488277674686e-01
1.574182650008798090e+00 2.494741594217816105e-01
1.575568862275449122e+00 2.288758251558850876e-01
1.576957518068041741e+00 2.077074914922915905e-01
1.578348623853210952e+00 1.866825263195700524e-01
1.579742186120431047e+00 1.664255207453755603e-01
1.581138211382113967e+00 1.473814385252193160e-01
1.582536706173713226e+00 1.297733864628719258e-01
1.583937677053824267e+00 1.136170588344343618e-01
1.585341130604288828e+00 9.878351200720550396e-02
1.586747073430294419e+00 8.508875079632849392e-02
1.588155512160482896e+00 7.238240292965558709e-02
1.589566453447050609e+00 6.061002465190173938e-02
1.590979903965854758e+00 4.983320773981791962e-02
1.592395870416518644e+00 4.020536707562247236e-02
1.593814359522536916e+00 3.191452718315750808e-02
1.595235378031383933e+00 2.511355394729895135e-02
1.596658932714617452e+00 1.986058896651554315e-02
1.598085030367988546e+00 1.608766587164658576e-02
1.599513677811550405e+00 1.360554828736688232e-02
1.600944881889764027e+00 1.214113806513461569e-02
1.602378649471610350e+00 1.139410468191756967e-02
1.603814987450699281e+00 1.109456693641361867e-02
1.605253902745379602e+00 1.104488098053444355e-02
1.606695402298850883e+00 1.113503172589463269e-02
1.608139493079274063e+00 1.133035953841980172e-02
1.609586182079884908e+00 1.163922236909433611e-02
1.611035476319107040e+00 1.207386784121533031e-02
1.612487382840663397e+00 1.261866870526499353e-02
1.613941908713693030e+00 1.321602738876349360e-02
1.615399061032864125e+00 1.377329439036517958e-02
1.616858846918489245e+00 1.418650298544928655e-02
1.618321273516642789e+00 1.437115716921695194e-02
1.619786347999275788e+00 1.428845470667008261e-02
1.621254077564334928e+00 1.395756395448112530e-02
1.622724469435879113e+00 1.344988381488908778e-02
1.624197530864197603e+00 1.286760797512879334e-02
1.625673269125931464e+00 1.231414849412376146e-02
1.627151691524190813e+00 1.186633626445981679e-02
1.628632805388676497e+00 1.155717043434790342e-02
1.630116618075801771e+00 1.137383225541494999e-02
1.631603136968812873e+00 1.127026870161958703e-02
1.633092369477911587e+00 1.118882010825011930e-02
1.634584323040380260e+00 1.108273762345135527e-02
1.636079005120702368e+00 1.093178300537188917e-02
1.637576423210690191e+00 1.074612562025017808e-02
1.639076584829608052e+00 1.055823814804394446e-02
1.640579497524298658e+00 1.040678841063672963e-02
1.642085168869310108e+00 1.031913683005615881e-02
1.643593606467022017e+00 1.029913019290784430e-02
1.645104817947774967e+00 1.032457984433364853e-02
1.646618810969998181e+00 1.035501876015574793e-02
1.648135593220338979e+00 1.034651593301247514e-02
1.649655172413793336e+00 1.026784153227822127e-02
1.651177556293835558e+00 1.011196074196154572e-02
1.652702752632551286e+00 9.898715005103185874e-03
1.654230769230769615e+00 9.667865888891699275e-03
1.655761613918193653e+00 9.465184181626779339e-03
1.657295294553538412e+00 9.326698434867001369e-03
1.658831819024661813e+00 9.266737079456797629e-03
1.660371195248701026e+00 9.273884104100287018e-03
1.661913431172208799e+00 9.316029521453522699e-03
1.663458534771290687e+00 9.352430401862451420e-03
1.665006514051740272e+00 9.348283497721683946e-03
1.666557377049180610e+00 9.286579837122483846e-03
1.668111131829200122e+00 9.173168453927715502e-03
1.669667786487495587e+00 9.033522442954274381e-03
1.671227349150009811e+00 8.902709974597397546e-03
1.672789827973074184e+00 8.812434239699649952e-03
1.674355231143552336e+00 8.779897256659433338e-03
1.675923566878980919e+00 8.802395758643123333e-03
1.677494843427714377e+00 8.859338254201728699e-03
1.679069069069069275e+00 8.920626914155451934e-03
1.680646252113469963e+00 8.958083595217511061e-03
1.682226400902595120e+00 8.955617320740624082e-03
1.683809523809524089e+00 8.914443943744463847e-03
1.685395629238884752e+00 8.851604501766979424e-03
1.686984725627003856e+00 8.792543967339635363e-03
1.688576821442053788e+00 8.760675853292258786e-03
1.690171925184205781e+00 8.767893482610426142e-03
1.691770045385779353e+00 8.809549253923631973e-03
1.693371190611395294e+00 8.865706663388418091e-03
1.694975369458128434e+00 8.908132085422734020e-03
1.696582590555660852e+00 8.910399150259758899e-03
1.698192862566438865e+00 8.857383313870441713e-03
1.699806194185826014e+00 8.750703121136065021e-03
1.701422594142259603e+00 8.608186419011270435e-03
1.703042071197411023e+00 8.457626411904445654e-03
1.704664634146341617e+00 8.327139147731230789e-03
1.706290291817661675e+00 8.235605481044039680e-03
1.707919053073692517e+00 8.186574887733022790e-03
1.709550926810624816e+00 8.167694072926726806e-03
1.711185921958684242e+00 8.155702316316255224e-03
1.712824047482290224e+00 8.125051825783428938e-03
1.714465312380222484e+00 8.056976201359412199e-03
1.716109725685785570e+00 7.945766535059057764e-03
1.717757296466974060e+00 7.800113048204078761e-03
1.719408033826638649e+00 7.639203473673475235e-03
1.721061946902655126e+00 7.485158599335280626e-03
1.722719044868091798e+00 7.354650988829517302e-03
1.724379336931380458e+00 7.252759342066194062e-03
1.726042832336484922e+00 7.171216093632843888e-03
1.727709540363074892e+00 7.091564231048453661e-03
1.729379470326696477e+00 6.991962649972286933e-03
1.731052631578947176e+00 6.855108698293704492e-03
1.732729033507650840e+00 6.674421064798234313e-03
1.734408685537030204e+00 6.456331876899115002e-03
1.736091597127886743e+00 6.217987321995430659e-03
1.737777777777777866e+00 5.981307564552894827e-03
1.739467237021194324e+00 5.765612113380529612e-03
1.741159984429739183e+00 5.581441893604398297e-03
1.742856029612312563e+00 5.427682976061960068e-03
1.744555382215288830e+00 5.292843475924425070e-03
1.746258051922701782e+00 5.159830971111471418e-03
1.747964048456428499e+00 5.012370740137049238e-03
1.749673381576374087e+00 4.840714524949992631e-03
1.751386061080657974e+00 4.644660169541457370e-03
1.753102096805801091e+00 4.432963270526855959e-03
1.754821498626912835e+00 4.219560511003615962e-03
1.756544276457883802e+00 4.018146060340187058e-03
1.758270440251572309e+00 3.837153134018251623e-03
1.760000000000000231e+00 3.676937393877690360e-03
