1.000000000000000222e+00 1.291509861009107691e-03
1.000956480153037065e+00 1.212123490059393519e-03
1.001914791766395751e+00 1.163835423796655971e-03
1.002874940105414892e+00 1.141782315550100412e-03
1.003836930455635601e+00 1.117522197695766792e-03
1.004800768122899868e+00 1.087538441851340762e-03
1.005766458433445587e+00 1.078142739193747261e-03
1.006734006734007147e+00 1.101046059403268818e-03
1.007703418391911798e+00 1.128814930625168409e-03
1.008674698795181124e+00 1.125925698084537067e-03
1.009647853352629188e+00 1.087418456669162923e-03
1.010622887493964450e+00 1.033688781649454418e-03
1.011599806669889245e+00 9.810067171400946827e-04
1.012578616352201477e+00 9.344344741034401464e-04
1.013559322033898535e+00 9.007835328817894198e-04
1.014541929229277883e+00 8.872907780127011357e-04
1.015526443474041862e+00 8.867548702499111020e-04
1.016512870325401163e+00 8.805792031098175253e-04
1.017501215362178302e+00 8.600745570193603839e-04
1.018491484184915086e+00 8.313673331312608147e-04
1.019483682415976755e+00 7.963012468750796423e-04
1.020477815699658786e+00 7.446446044973792713e-04
1.021473889702294136e+00 6.741650997731674913e-04
1.022471910112359827e+00 6.046411049938132855e-04
1.023471882640587083e+00 5.580119575115388827e-04
1.024473813020068569e+00 5.324343805844108067e-04
1.025477707006369643e+00 5.096395123882954117e-04
1.026483570377636489e+00 4.822025952947511991e-04
1.027491408934708250e+00 4.578868762009702994e-04
1.028501228501228715e+00 4.390880006861749884e-04
1.029513034923758230e+00 4.153402923536546765e-04
1.030526834071886055e+00 3.804370477315589024e-04
1.031542631838344271e+00 3.426200612206723264e-04
1.032560434139122130e+00 3.107215698982092669e-04
1.033580246913580636e+00 2.820734845351488551e-04
1.034602076124567560e+00 2.528560602257839745e-04
1.035625927758535569e+00 2.298297301158228328e-04
1.036651807825656579e+00 2.201345195310160574e-04
1.037679722359940993e+00 2.167910685695560171e-04
1.038709677419355160e+00 2.072508419633964870e-04
1.039741679085941506e+00 1.922553404544156443e-04
1.040775733465937325e+00 1.835643797541192297e-04
1.041811846689895793e+00 1.855633116617112755e-04
1.042850024912805429e+00 1.927532616284555699e-04
1.043890274314214661e+00 2.050502096905561754e-04
1.044932601098352842e+00 2.307128642114822663e-04
1.045977011494253039e+00 2.710492699763353817e-04
1.047023511755878378e+00 3.167150557664249718e-04
1.048072108162243721e+00 3.647021117532305359e-04
1.049122807017544012e+00 4.240268974503605902e-04
1.050175614651279510e+00 4.953008659848087691e-04
1.051230537418383015e+00 5.595250317189312539e-04
1.052287581699346664e+00 6.018299431244274189e-04
1.053346753900352706e+00 6.344948157680145411e-04
1.054408060453400742e+00 6.777151140211831867e-04
1.055471507816440058e+00 7.258738990085195726e-04
1.056537102473498191e+00 7.561752591256921388e-04
1.057604850934815932e+00 7.687027625119752326e-04
1.058674759736975668e+00 7.917669131856628923e-04
1.059746835443038160e+00 8.404787027802629925e-04
1.060821084642676215e+00 8.936409274400213898e-04
1.061897513952308580e+00 9.245746382991530633e-04
1.062976130015236498e+00 9.338877530511728500e-04
1.064056939501779597e+00 9.340217811246105716e-04
1.065139949109414896e+00 9.207630057499085856e-04
1.066225165562914245e+00 8.859880475901396081e-04
1.067312595614482662e+00 8.463382318177638513e-04
1.068402246043900217e+00 8.282205669443210884e-04
1.069494123658661477e+00 8.269441049271555357e-04
1.070588235294118062e+00 8.113892317694539232e-04
1.071684587813620082e+00 7.726248848343975593e-04
1.072783188108662689e+00 7.357592988491673102e-04
1.073884043099025298e+00 7.120586044465699498e-04
1.074987159732922803e+00 6.721824924591622173e-04
1.076092544987146793e+00 5.908890188809191131e-04
1.077200205867215876e+00 4.927576332663888975e-04
1.078310149407522234e+00 4.222145640695948183e-04
1.079422382671480385e+00 3.851462586442237703e-04
1.080536912751678180e+00 3.552044207271441733e-04
1.081653746770026014e+00 3.273973634425957307e-04
1.082772891877910038e+00 3.244040281446805216e-04
1.083894355256344255e+00 3.488194600631905015e-04
1.085018144116122407e+00 3.712772942830776593e-04
1.086144265697976508e+00 3.784899799871174709e-04
1.087272727272727391e+00 3.939303337214673621e-04
1.088403536141445915e+00 4.295984367883916451e-04
1.089536699635606620e+00 4.542188269460459759e-04
1.090672225117248706e+00 4.415614961971454748e-04
1.091810119979134353e+00 4.196487113636381385e-04
1.092950391644908814e+00 4.299648412423877808e-04
1.094093047569263177e+00 4.591017448476340996e-04
1.095238095238095344e+00 4.600787874703480933e-04
1.096385542168675009e+00 4.305553950099030966e-04
1.097535395909806200e+00 4.139145712498718769e-04
1.098687664041994916e+00 4.195924763273444738e-04
1.099842354177614556e+00 4.018494243423493661e-04
1.100999473961073338e+00 3.382092328017633951e-04
1.102159031068983719e+00 2.726104661415662718e-04
1.103321033210332258e+00 2.440157809137634100e-04
1.104485488126649262e+00 2.208690647070854225e-04
1.105652403592181976e+00 1.571794600230838287e-04
1.106821787414066893e+00 7.735173552240360185e-05
1.107993647432504059e+00 4.594088066617686217e-05
1.109167991520932928e+00 7.656771937138330411e-05
1.110344827586207117e+00 1.325947884158691962e-04
1.111524163568773371e+00 1.993262767829363281e-04
1.112706007442849865e+00 2.838918093361299981e-04
1.113890367216604949e+00 3.563524057393112278e-04
1.115077250932339004e+00 3.807605710076610831e-04
1.116266666666666962e+00 4.075199750029326242e-04
1.117458622530699719e+00 5.230832794572028545e-04
1.118653126670229980e+00 6.758742365005321849e-04
1.119850187265917896e+00 6.897186881777238711e-04
1.121049812533476464e+00 5.432182291052158529e-04
1.122252010723860716e+00 4.965938576219783513e-04
1.123456790123456894e+00 7.617930542582136743e-04
1.124664159054272083e+00 1.133257401927530031e-03
1.125874125874126053e+00 1.198085481467973121e-03
1.127086698976844659e+00 9.274866928070490783e-04
1.128301886792453024e+00 7.778192253407267788e-04
1.129519697787372046e+00 1.057880918591057144e-03
1.130740140464613797e+00 1.443768917501753180e-03
1.131963223363980697e+00 1.404218180186458682e-03
1.133188955062263359e+00 9.795244122974052642e-04
1.134417344173441977e+00 7.811929341022099673e-04
1.135648399348888171e+00 1.177948178575619412e-03
1.136882129277566600e+00 1.813471189808478273e-03
1.138118542686242796e+00 2.110453586792913287e-03
1.139357648339684559e+00 2.005052834326766752e-03
1.140599455040872012e+00 1.911436108146699359e-03
1.141843971631205878e+00 2.095056291815471181e-03
1.143091206990715758e+00 2.400447357697290188e-03
1.144341170038272626e+00 2.600728730523379269e-03
1.145593869731801107e+00 2.718839181418586121e-03
1.146849315068493302e+00 2.883906880006590484e-03
1.148107515085024843e+00 3.087787990861876313e-03
1.149368478857770492e+00 3.261399582903770286e-03
1.150632215503023970e+00 3.461509980954006159e-03
1.151898734177215333e+00 3.792554694278622070e-03
1.153168044077135024e+00 4.201633853683793551e-03
1.154440154440154576e+00 4.522086306962509045e-03
1.155715074544450882e+00 4.709516092324983992e-03
1.156992813709232015e+00 4.901450515085897450e-03
1.158273381294964377e+00 5.254785247279633933e-03
1.159556786703601183e+00 5.851793880419329553e-03
1.160843039378813168e+00 6.738619679999075657e-03
1.162132148806218845e+00 7.871517515720226690e-03
1.163424124513618985e+00 9.001168135731841061e-03
1.164718976071229983e+00 9.845524557427898574e-03
1.166016713091922341e+00 1.054579895261735685e-02
1.167317345231456027e+00 1.180822671034765375e-02
1.168620882188721621e+00 1.435010566456423886e-02
1.169927333705981232e+00 1.816166937539301016e-02
1.171236709569110523e+00 2.241800309829180410e-02
1.172549019607843412e+00 2.617407688953301767e-02
1.173864273696018090e+00 2.923393361103339416e-02
1.175182481751825048e+00 3.260251128885020139e-02
1.176503653738055322e+00 3.826142331219700016e-02
1.177827799662352515e+00 4.814761643978478223e-02
1.179154929577464817e+00 6.262406180768359532e-02
1.180485053581500576e+00 7.965152127930742731e-02
1.181818181818182101e+00 9.603971469837287167e-02
1.183154324477105890e+00 1.103922502610928114e-01
1.184493491794001319e+00 1.250529640143183685e-01
1.185835694050991540e+00 1.445326533866023722e-01
1.187180941576857940e+00 1.712074036208276195e-01
1.188529244747302815e+00 2.022539360456329649e-01
1.189880613985219382e+00 2.311278094890123203e-01
1.191235059760956227e+00 2.526844845144722296e-01
1.192592592592592649e+00 2.673986140131841549e-01
1.193953223046206658e+00 2.806626081388370886e-01
1.195316961736150763e+00 2.974679845775161646e-01
1.196683819325329079e+00 3.170556682515708324e-01
1.198053806525472220e+00 3.324618246133891897e-01
1.199426934097421515e+00 3.356794067087056077e-01
1.200803212851405677e+00 3.239779398350329798e-01
1.202182653647329458e+00 3.017251496956526724e-01
1.203565267395054983e+00 2.763027189678070039e-01
1.204951065054692183e+00 2.522987363102309755e-01
1.206340057636887675e+00 2.293522986308421663e-01
1.207732256203116084e+00 2.047993419226605272e-01
1.209127671865973586e+00 1.775127761591682174e-01
1.210526315789474117e+00 1.490571382539481182e-01
1.211928199189346023e+00 1.219405012628580059e-01
1.213333333333333597e+00 9.762368954461453363e-02
1.214741729541497506e+00 7.623857472979536642e-02
1.216153399186519657e+00 5.752803130253440062e-02
1.217568353694008509e+00 4.153066330022554126e-02
1.218986604542807495e+00 2.848356299593104990e-02
1.220408163265306323e+00 1.846148637938157741e-02
1.221833041447752732e+00 1.124346482798047227e-02
1.223261250730567129e+00 6.388487662588725191e-03
1.224692802808660330e+00 3.348773022250945211e-03
1.226127709431751756e+00 1.582600310525445614e-03
1.227565982404692280e+00 6.533080022781447005e-04
1.229007633587786197e+00 2.523877533646630466e-04
1.230452674897119403e+00 1.535966244058084281e-04
1.231901118304885578e+00 1.866865272514956994e-04
1.233352975839717258e+00 2.550494419895088798e-04
1.234808259587020673e+00 3.324087687358314130e-04
1.236266981689309263e+00 4.198046313353677949e-04
1.237729154346540739e+00 5.214687246851507302e-04
1.239194789816459696e+00 6.560602853424937504e-04
1.240663900414938015e+00 8.498629720251370864e-04
1.242136498516320797e+00 1.102563661687357014e-03
1.243612596553773431e+00 1.385323044850998503e-03
1.245092207019631525e+00 1.681665099686543464e-03
1.246575342465753744e+00 2.001447910839733446e-03
1.248062015503876410e+00 2.343788352566492355e-03
1.249552238805970550e+00 2.678867066197794782e-03
1.251046025104602499e+00 2.985739455083217479e-03
1.252543387193297386e+00 3.280499397473205913e-03
1.254044337926902619e+00 3.586184539135598651e-03
1.255548890221955594e+00 3.902082969150784657e-03
1.257057057057057392e+00 4.227230616142894741e-03
1.258568851473241157e+00 4.585051473576180585e-03
1.260084286574353118e+00 4.988671493697350440e-03
1.261603375527426518e+00 5.402348425262571210e-03
1.263126131563065968e+00 5.778078096568499585e-03
1.264652567975830921e+00 6.118309396955109135e-03
1.266182698124622252e+00 6.459542881008799309e-03
1.267716535433071057e+00 6.799235348094682246e-03
1.269254093389933669e+00 7.085804110724947674e-03
1.270795385549484013e+00 7.287674455104638932e-03
1.272340425531915065e+00 7.429411642155257268e-03
1.273889227023737192e+00 7.547579546052628034e-03
1.275441803778184502e+00 7.653779415936643078e-03
1.276998169615619627e+00 7.760637280451585483e-03
1.278558338423946505e+00 7.899158464267556565e-03
1.280122324159021607e+00 8.074101842297317158e-03
1.281690140845070491e+00 8.234259597628650409e-03
1.283261802575107691e+00 8.328383121162692693e-03
1.284837323511356599e+00 8.368849587125271397e-03
1.286416717885679351e+00 8.397434888583160673e-03
1.288000000000000256e+00 8.404845092457478503e-03
1.289587184226740790e+00 8.334750324184061684e-03
1.291178285009253690e+00 8.166764905809292124e-03
1.292773316862260824e+00 7.949751749688623373e-03
1.294372294372294396e+00 7.745952099785648887e-03
1.295975232198142812e+00 7.583026710230437485e-03
1.297582145071295878e+00 7.469408362407776829e-03
1.299193047796399991e+00 7.408641679450045370e-03
1.300807955251709558e+00 7.372042184596643184e-03
1.302426882389545959e+00 7.295737604921981485e-03
1.304049844236760514e+00 7.141914033915718399e-03
1.305676855895196775e+00 6.941569992909087279e-03
1.307307932542161488e+00 6.746063163120985529e-03
1.308943089430894657e+00 6.557838939155335826e-03
1.310582341891045832e+00 6.344643368837512253e-03
1.312225705329153946e+00 6.105824478604618757e-03
1.313873195229127600e+00 5.882810659216000833e-03
1.315524827152734444e+00 5.707947408740842929e-03
1.317180616740088350e+00 5.580364925620681649e-03
1.318840579710145233e+00 5.491572550437042420e-03
1.320504731861198877e+00 5.434610218600799229e-03
1.322173089071383867e+00 5.379088838260322018e-03
1.323845667299178075e+00 5.275927794599065065e-03
1.325522482583914030e+00 5.107828535625494500e-03
1.327203551046290508e+00 4.909444809932183608e-03
1.328888888888889008e+00 4.719912764408720936e-03
1.330578512396694224e+00 4.540058903700986033e-03
1.332272437937619625e+00 4.355795755196422737e-03
1.333970681963033922e+00 4.177896627388909441e-03
1.335673261008296420e+00 4.029845462117142944e-03
1.337380191693291032e+00 3.912373974225735046e-03
1.339091490722968736e+00 3.808114017666115129e-03
1.340807174887892694e+00 3.709473546392146395e-03
1.342527261064785371e+00 3.613340907581668714e-03
1.344251766217084310e+00 3.497633631594136358e-03
1.345980707395498577e+00 3.336645878951805498e-03
1.347714101738570536e+00 3.140600943079039243e-03
1.349451966473243170e+00 2.950958617060701200e-03
1.351194318915429626e+00 2.791661637449718847e-03
1.352941176470588536e+00 2.650282781537349926e-03
1.354692556634304434e+00 2.512072554596654368e-03
1.356448476992871299e+00 2.384521512577092005e-03
1.358208955223880965e+00 2.276490656278367958e-03
1.359974009096816205e+00 2.178115148281610947e-03
1.361743656473650033e+00 2.078106955045841159e-03
1.363517915309446549e+00 1.981184743494484712e-03
1.365296803652968238e+00 1.890611836316985657e-03
1.367080339647289700e+00 1.790908711008508489e-03
1.368868541530412264e+00 1.668672956889654269e-03
1.370661427635887719e+00 1.537925265267223000e-03
1.372459016393442699e+00 1.423652696780151666e-03
1.374261326329612620e+00 1.329072383477291524e-03
1.376068376068376287e+00 1.239455604995528485e-03
1.377880184331797597e+00 1.150598129262921186e-03
1.379696769940672807e+00 1.070975202224959053e-03
1.381518151815181783e+00 9.993222870225096800e-04
1.383344348975545479e+00 9.229945331184335197e-04
1.385175380542687185e+00 8.397581134789790539e-04
1.387011265738900212e+00 7.608113428139688531e-04
1.388852023888520693e+00 6.890312719457220144e-04
1.390697674418604812e+00 6.133790732692754634e-04
1.392548236859614263e+00 5.301771449753880884e-04
1.394403730846102807e+00 4.521526193710342142e-04
1.396264176117411937e+00 3.888987427045706305e-04
1.398129592518370323e+00 3.339108214635364957e-04
1.400000000000000355e+00 2.793240775838260392e-04
