7.199999999999999734e-01 5.059865570869287390e-08
7.208610380291796682e-01 3.932179415188125957e-08
7.217241379310344040e-01 8.388226388959185044e-08
7.225893071205945484e-01 1.158911476153428001e-07
7.234565530484877716e-01 8.572711093247423195e-08
7.243258832011535420e-01 9.905114988057544124e-08
7.251973051010587312e-01 1.505062005572414515e-07
7.260708263069141077e-01 1.344275889026262926e-07
7.269464544138930506e-01 1.417327831589753750e-07
7.278241970538517069e-01 2.359654190467707971e-07
7.287040618955513693e-01 2.605001188728041773e-07
7.295860566448801876e-01 2.374024954896324438e-07
7.304701890450799873e-01 3.260199836185082176e-07
7.313564668769715338e-01 3.922923357101787611e-07
7.322448979591835716e-01 3.588961625678115721e-07
7.331354901483825293e-01 4.540108123241816983e-07
7.340282513395032238e-01 6.143628045024584197e-07
7.349231894659838948e-01 6.065580149413662608e-07
7.358203125000001288e-01 6.294460059416541263e-07
7.367196284527011141e-01 7.822913961908534975e-07
7.376211453744493385e-01 7.667652796351828639e-07
7.385248713550601751e-01 6.833979600886021906e-07
7.394308145240432451e-01 7.919544089112993452e-07
7.403389830508474434e-01 8.278338242261085863e-07
7.412493851451058546e-01 7.663936072332207587e-07
7.421620290568825551e-01 9.691411362531827002e-07
7.430769230769231903e-01 1.231056538479045044e-06
7.439940755369045533e-01 1.368979949358238550e-06
7.449134948096886033e-01 1.792638263005900209e-06
7.458351893095768181e-01 2.320452223930289583e-06
7.467591674925668777e-01 2.483682630938066888e-06
7.476854378566112347e-01 2.746751445922752243e-06
7.486140089418777954e-01 3.253687027172748904e-06
7.495448893310120431e-01 3.326443431561769752e-06
7.504780876494024922e-01 3.216237609068728850e-06
7.514136125654450327e-01 3.458671001312606157e-06
7.523514727908138244e-01 3.505960924188140945e-06
7.532916770807297491e-01 3.309538885931760547e-06
7.542342342342343020e-01 3.467957555032504424e-06
7.551791530944625963e-01 3.555345963891732620e-06
7.561264425489212515e-01 3.395653971383913820e-06
7.570761115297663935e-01 3.720535155218683515e-06
7.580281690140845408e-01 4.131998481988980731e-06
7.589826240241751565e-01 4.055927679025787628e-06
7.599394856278367527e-01 4.304059971696442099e-06
7.608987629386518847e-01 4.895902030937804338e-06
7.618604651162790287e-01 5.006088535263252588e-06
7.628246013667425718e-01 5.090173884394634039e-06
7.637911809427269105e-01 5.350868558676987232e-06
7.647602131438722139e-01 5.113870949804577790e-06
7.657317073170731847e-01 4.901963671970809731e-06
7.667056728567793744e-01 5.053714349327070610e-06
7.676821192052979415e-01 4.678885565998478464e-06
7.686610558530985182e-01 4.199102926823522681e-06
7.696424923391216311e-01 4.408837192414299335e-06
7.706264382510866762e-01 4.478264135121832975e-06
7.716129032258064457e-01 4.348504949216411003e-06
7.726018969495000999e-01 4.704459363925209528e-06
7.735934291581109123e-01 4.765447586668703472e-06
7.745875096376253488e-01 4.310168559304514931e-06
7.755841482243953644e-01 4.167172849851369514e-06
7.765833548054624780e-01 3.802336520465455532e-06
7.775851393188853988e-01 2.869956597121777128e-06
7.785895117540686527e-01 2.250268717683002685e-06
7.795964821520952048e-01 1.787457678038659047e-06
7.806060606060606366e-01 1.086375679406303772e-06
7.816182572614107649e-01 6.644606328521780091e-07
7.826330823162814809e-01 4.409591875229523860e-07
7.836505460218409214e-01 2.052536071771478584e-07
7.846706586826348584e-01 2.306211203180659500e-07
7.856934306569343107e-01 3.060907045151119391e-07
7.867188723570869291e-01 4.683311274646853163e-07
7.877469942498691591e-01 9.475787584706558291e-07
7.887778068568437329e-01 1.426111997484343810e-06
7.898113207547170500e-01 2.288517828324419194e-06
7.908475465757018874e-01 3.681805953762059815e-06
7.918864950078823295e-01 4.750173258023164701e-06
7.929281767955800309e-01 6.139198440980299898e-06
7.939726027397260300e-01 8.439510334740498912e-06
7.950197836982327848e-01 1.034976303595454371e-05
7.960697305863708717e-01 1.197720934404599842e-05
7.971224543771487925e-01 1.384947583425067975e-05
7.981779661016947802e-01 1.527969659443583459e-05
7.992362768496419356e-01 1.762892363782600025e-05
8.002973977695168051e-01 2.119159943274134288e-05
8.013613400691305122e-01 2.321650740561942932e-05
8.024281150159743303e-01 2.471936046264002059e-05
8.034977339376165872e-01 2.820715087082280927e-05
8.045702082221035667e-01 3.253080887762221961e-05
8.056455493183640737e-01 3.734475196488897729e-05
8.067237687366167753e-01 4.137971489215577932e-05
8.078048780487804281e-01 4.189385012589839523e-05
8.088888888888888795e-01 4.237459544471936049e-05
8.099758129535069573e-01 4.498260756854232870e-05
8.110656620021529095e-01 4.423012502242055924e-05
8.121584478577204003e-01 3.949340272838668673e-05
8.132541824069077219e-01 3.447243967597930444e-05
8.143528776006484504e-01 2.960214836336760391e-05
8.154545454545455430e-01 2.628920040934012937e-05
8.165591980493092095e-01 2.324678291023720732e-05
8.176668475311991147e-01 1.750345196713106748e-05
8.187775061124693554e-01 1.270917410402555698e-05
8.198911860718171019e-01 9.138017740754968921e-06
8.210078997548351243e-01 5.193000308608024746e-06
8.221276595744680948e-01 6.676592379743587506e-06
8.232504780114722198e-01 1.212423938960512155e-05
8.243763676148796460e-01 2.025648700658702224e-05
8.255053410024650873e-01 3.710963770287403399e-05
8.266374108612177807e-01 4.594830657819881653e-05
8.277725899478166616e-01 3.441104705313433097e-05
8.289108910891089810e-01 3.106948056097531461e-05
8.300523271825943628e-01 4.770967972991825952e-05
8.311969111969110813e-01 6.341797463749352054e-05
8.323446561723280013e-01 6.728320085393896255e-05
8.334955752212389601e-01 5.197346573306925574e-05
8.346496815286623683e-01 3.775203426525841670e-05
8.358069883527454724e-01 5.803019583335351268e-05
8.369675090252706173e-01 7.310127539837893711e-05
8.381312569521691680e-01 6.577688610211793847e-05
8.392982456140352099e-01 1.053942108507104276e-04
8.404684885666481309e-01 1.515140627455051890e-04
8.416419994414967576e-01 1.094783990136291693e-04
8.428187919463087097e-01 6.417786236692745296e-05
8.439988798655838620e-01 9.778417288251847923e-05
8.451822770611329139e-01 1.377344219237077296e-04
8.463689974726199550e-01 1.638344917770491135e-04
8.475590551181102494e-01 2.015686571584310847e-04
8.487524640946212395e-01 2.011699230126081967e-04
8.499492385786803217e-01 1.511473328346627930e-04
8.511493928268850651e-01 1.039057166628616662e-04
8.523529411764705355e-01 9.732990780235916631e-05
8.535598980458792839e-01 1.348544456947016110e-04
8.547702779353374414e-01 1.568871320072317828e-04
8.559840954274353653e-01 1.480100053508757627e-04
8.572013651877133933e-01 1.891485787026452785e-04
8.584221019652520379e-01 2.510312778016788801e-04
8.596463205932686202e-01 2.282803756716627534e-04
8.608740359897171235e-01 1.537569908398528297e-04
8.621052631578948189e-01 1.040595282714959523e-04
8.633400171870524442e-01 9.595214861630293123e-05
8.645783132530120429e-01 1.222201148597501345e-04
8.658201666187876899e-01 1.378923211674850497e-04
8.670655926352128784e-01 1.268683645746124212e-04
8.683146067415729030e-01 1.132394347726999430e-04
8.695672244662433492e-01 7.969167074273168110e-05
8.708234614273331342e-01 3.706919458472479145e-05
8.720833333333333215e-01 3.330511310111788816e-05
8.733468559837727074e-01 8.698896417150312301e-05
8.746140452698781820e-01 1.976661772527298425e-04
8.758849171752397522e-01 3.072851741033774632e-04
8.771594877764842257e-01 4.131418386424213574e-04
8.784377732439522246e-01 6.002003375847363761e-04
8.797197898423817497e-01 7.606695959756499658e-04
8.810055539315988504e-01 7.576851933232905565e-04
8.822950819672129574e-01 7.014518499148475559e-04
8.835883905013192097e-01 7.632443774812383780e-04
8.848854961832061106e-01 1.213297750489506161e-03
8.861864157600704006e-01 2.166458179733657657e-03
8.874911660777383693e-01 3.143185449048614862e-03
8.887997640813919409e-01 3.740913202864096405e-03
8.901122268163024209e-01 4.203688049964036076e-03
8.914285714285713480e-01 5.440666538074788970e-03
8.927488151658767856e-01 8.327340431911021620e-03
8.940729753782259426e-01 1.119700714143588571e-02
8.954010695187166746e-01 1.120740747056143266e-02
8.967331151443023174e-01 9.928851863069331971e-03
8.980691299165671770e-01 1.128524534271723063e-02
8.994091316025066840e-01 1.577148530340446650e-02
9.007531380753136530e-01 2.181685037468894528e-02
9.021011673151752008e-01 2.680935042695773568e-02
9.034532374100718854e-01 2.942520800546935197e-02
9.048093665565896115e-01 3.513569986476832580e-02
9.061695730607336463e-01 4.596017888060256046e-02
9.075338753387532931e-01 5.253140369577961183e-02
9.089022919179734483e-01 5.562460759417540979e-02
9.102748414376320429e-01 7.248567869283363552e-02
9.116515426497278085e-01 1.088425978198161725e-01
9.130324144198727065e-01 1.530479751989310133e-01
9.144174757281552379e-01 1.937654736573115599e-01
9.158067456700091924e-01 2.251603993836646112e-01
9.172002434570906138e-01 2.499412916649612348e-01
9.185979884181650901e-01 2.726461148720035199e-01
9.199999999999999289e-01 2.822742337024632953e-01
9.214062977682664357e-01 2.694049322176225170e-01
9.228169014084508515e-01 2.482375850150089769e-01
9.242318307267710642e-01 2.298249965418165952e-01
9.256511056511056434e-01 2.050753269231784526e-01
9.270747462319286480e-01 1.702618274317695690e-01
9.285027726432530937e-01 1.333737192079951228e-01
9.299352051835854116e-01 9.944645090813471200e-02
9.313720642768851254e-01 7.141659381362699954e-02
9.328133704735376286e-01 5.084172538311849954e-02
9.342591444513328458e-01 3.499792682092068424e-02
9.357094070164543309e-01 2.283315323089117263e-02
9.371641791044776904e-01 1.530514773226671066e-02
9.386234817813765563e-01 1.088967911502666461e-02
9.400873362445414383e-01 8.218560715651426762e-03
9.415557638238050142e-01 6.992551851116325483e-03
9.430287859824778574e-01 6.067580704997099263e-03
9.445064243183954877e-01 5.011936345137167799e-03
9.459887005649717517e-01 4.197089677909867332e-03
9.474756365922665236e-01 3.523919544041395624e-03
9.489672544080602901e-01 3.017405684902202141e-03
9.504635761589401710e-01 2.723326341124477929e-03
9.519646241313961532e-01 2.454819316509610633e-03
9.534704207529263176e-01 2.209535837109704789e-03
9.549809885931558329e-01 1.976457480475855323e-03
9.564963503649633880e-01 1.769100262866529988e-03
9.580165289256196148e-01 1.661187446775942147e-03
9.595415472779370569e-01 1.562442038136728191e-03
9.610714285714284655e-01 1.457610644954382461e-03
9.626061961034813041e-01 1.335917542605428304e-03
9.641458733205372500e-01 1.125568468136387478e-03
9.656904838192885698e-01 9.685139104200104869e-04
9.672400513478819351e-01 9.172510051466105721e-04
9.687945998071358922e-01 8.553660362860597511e-04
9.703541532517706569e-01 8.096809360969456316e-04
9.719187358916476782e-01 7.695553190401718856e-04
9.734883720930230799e-01 6.825442658242888939e-04
9.750630863798124270e-01 6.004838061329116888e-04
9.766429034348671490e-01 5.393330727733448805e-04
9.782278481012657290e-01 5.139750680444656354e-04
9.798179453836149966e-01 5.119536366419416345e-04
9.814132204493648537e-01 4.569338248258503861e-04
9.830136986301366564e-01 3.854472555560715008e-04
9.846194054230644754e-01 3.448561020444401650e-04
9.862303664921464597e-01 3.121093338987592576e-04
9.878466076696165166e-01 2.987242456003516284e-04
9.894681549573209889e-01 2.781707028814786619e-04
9.910950345281158702e-01 2.381644945110496139e-04
9.927272727272726804e-01 2.243972735299419553e-04
9.943648960739028819e-01 2.162231716764695421e-04
9.960079312623925096e-01 2.070355753606761210e-04
9.976564051638528996e-01 2.202796624268271871e-04
9.993103448275862943e-01 2.286307028648831147e-04
1.000969777482563883e+00 2.351794135059360276e-04
1.002634730538922048e+00 2.509804175218941598e-04
1.004305231589470049e+00 2.678119627794139880e-04
1.005981308411214803e+00 3.052896067885340617e-04
1.007662988966900652e+00 3.566595439058036984e-04
1.009350301406563899e+00 4.033644066847583750e-04
1.011043274069104436e+00 4.370880044884729344e-04
1.012741935483870703e+00 4.562937860895076997e-04
1.014446314372265068e+00 5.032409769575038952e-04
1.016156439649359422e+00 5.716815540855639879e-04
1.017872340425531874e+00 6.229087836713122304e-04
1.019594046008118982e+00 6.776845149228680285e-04
1.021321585903083529e+00 7.072880877134155595e-04
1.023054989816700289e+00 6.976430783427594326e-04
1.024794287657259551e+00 7.283204246493528650e-04
1.026539509536784633e+00 7.932573679435121500e-04
1.028290685772773827e+00 8.404858893679170674e-04
1.030047846889951879e+00 8.738743896708267090e-04
1.031811023622047019e+00 8.798795640171985831e-04
1.033580246913580414e+00 8.641579552569904257e-04
1.035355547921676278e+00 8.606882876369323625e-04
1.037136958017893962e+00 8.865029666076482563e-04
1.038924508790072254e+00 9.297674506267057269e-04
1.040718232044198777e+00 9.247165568056145424e-04
1.042518159806295364e+00 8.694206872417543702e-04
1.044324324324324316e+00 8.257042262629115314e-04
1.046136758070114636e+00 7.769286538104975756e-04
1.047955493741307142e+00 7.352905198883129441e-04
1.049780564263322669e+00 7.309755832599224836e-04
1.051612002791346923e+00 6.938573130688344007e-04
1.053449842712338214e+00 6.175878701057644108e-04
1.055294117647058716e+00 5.592386008865456951e-04
1.057144861452121942e+00 5.094119842322838683e-04
1.059002108222065974e+00 4.716147625971237154e-04
1.060865892291446677e+00 4.519288096983781026e-04
1.062736248236953340e+00 4.261083746602190481e-04
1.064613210879547855e+00 3.914706609975386500e-04
1.066496815286623878e+00 3.481932683994987576e-04
1.068387096774193301e+00 3.138092504054249823e-04
1.070284090909090935e+00 3.007074513663034296e-04
1.072187833511205834e+00 2.833918423285791449e-04
1.074098360655737716e+00 2.668202425810268499e-04
1.076015708675472693e+00 2.529857715721397344e-04
1.077939914163089874e+00 2.231890398003006357e-04
1.079871013973486171e+00 1.999272123434510081e-04
1.081809045226130417e+00 1.895874459224388526e-04
1.083754045307443237e+00 1.771134012363378659e-04
1.085706051873198685e+00 1.684077041045674045e-04
1.087665102850956522e+00 1.557375448886252716e-04
1.089631236442516027e+00 1.391209610147495863e-04
1.091604491126403342e+00 1.269030035576388716e-04
1.093584905660377249e+00 1.136607525779790266e-04
1.095572519083969132e+00 1.075767925007421695e-04
1.097567370721048707e+00 1.038982083268628003e-04
1.099569500182415061e+00 9.227064900777816586e-05
1.101578947368420991e+00 8.401705564722226861e-05
1.103595752471622005e+00 7.490557936991249410e-05
1.105619955979456837e+00 6.381591541676685537e-05
1.107651598676957061e+00 5.908021316279931859e-05
1.109690721649484679e+00 5.230701434225309228e-05
1.111737366285503459e+00 4.501190844996851671e-05
1.113791574279379137e+00 3.866058663017582503e-05
1.115853387634209382e+00 2.956728647963476352e-05
1.117922848664688384e+00 2.453038267839043800e-05
1.119999999999999885e+00 1.947583988081079580e-05
