9.000000000000001332e-01 3.145017758991911589e-04
9.009271182075716533e-01 3.113827181731383307e-04
9.018561484918794502e-01 3.162185857928670680e-04
9.027870967741936647e-01 3.027000211968207052e-04
9.037199690002584163e-01 2.639348004099931785e-04
9.046547711404190339e-01 2.379780938532307332e-04
9.055915091897489555e-01 2.370872372411094635e-04
9.065301891681784019e-01 2.343908085004969496e-04
9.074708171206227192e-01 2.316477007094044265e-04
9.084133991171124967e-01 2.488769570925940689e-04
9.093579412529244621e-01 2.711602318310709411e-04
9.103044496487120441e-01 2.787177731355671177e-04
9.112529304506383765e-01 2.798710208905158298e-04
9.122033898305085264e-01 2.813604912394124594e-04
9.131558339859046081e-01 2.882374260201463504e-04
9.141102691403188985e-01 3.204423443304520018e-04
9.150667015432906171e-01 3.752803692152421725e-04
9.160251374705420391e-01 4.249197525424774999e-04
9.169855832241153859e-01 4.741880890135608526e-04
9.179480451325112700e-01 5.405448444248532906e-04
9.189125295508274727e-01 5.943322733547836204e-04
9.198790428608993874e-01 6.110337424633240869e-04
9.208475914714399080e-01 6.325177146964927177e-04
9.218181818181819809e-01 7.019212902245179110e-04
9.227908203640200480e-01 8.099756124633827404e-04
9.237655135991552635e-01 9.375693112167257518e-04
9.247422680412373808e-01 1.068210357948856095e-03
9.257210902355123006e-01 1.172498774200379269e-03
9.267019867549670664e-01 1.247124519994579359e-03
9.276849642004775243e-01 1.312059400346816647e-03
9.286700292009558710e-01 1.352379312575441349e-03
9.296571884135000907e-01 1.368640939576718472e-03
9.306464485235436124e-01 1.445508398789767130e-03
9.316378162450067446e-01 1.626963343140093313e-03
9.326312983204479989e-01 1.802515029588426087e-03
9.336269015212171896e-01 1.858337053978968700e-03
9.346246326476089772e-01 1.827819673037288286e-03
9.356244985290185223e-01 1.783877565587355715e-03
9.366265060240965834e-01 1.725642928652081553e-03
9.376306620209060583e-01 1.649873829849772718e-03
9.386369734370808571e-01 1.601276555897330990e-03
9.396454472199841090e-01 1.610650297738119244e-03
9.406560903468675905e-01 1.660042742639411149e-03
9.416689098250337064e-01 1.690896272279599584e-03
9.426839126919970280e-01 1.631307520909858243e-03
9.437011060156462738e-01 1.484018053278835913e-03
9.447204968944100667e-01 1.350293726660767822e-03
9.457420924574210241e-01 1.287893472279196243e-03
9.467658998646820701e-01 1.242805977810728909e-03
9.477919263072338563e-01 1.187603890519477569e-03
9.488201790073231834e-01 1.175764882793140821e-03
9.498506652185719767e-01 1.207299564439942704e-03
9.508833922261484828e-01 1.202732021887104735e-03
9.519183673469387985e-01 1.130883428288772131e-03
9.529555979297195112e-01 1.031599882409986891e-03
9.539950913553315592e-01 9.421375900258717028e-04
9.550368550368552034e-01 8.871369961317789087e-04
9.560808964197869964e-01 8.736904145129392642e-04
9.571272229822161970e-01 8.662455069588545324e-04
9.581758422350041826e-01 8.407672105075853983e-04
9.592267617219633058e-01 8.224850654120575760e-04
9.602799890200385269e-01 8.064442646844856115e-04
9.613355317394890465e-01 7.440910710329719322e-04
9.623933975240714922e-01 6.495227260359115462e-04
9.634535940512255481e-01 5.897375767043564788e-04
9.645161290322581404e-01 5.713882451221386632e-04
9.655810102125309546e-01 5.586843571203811655e-04
9.666482453716496170e-01 5.498619584460635217e-04
9.677178423236515448e-01 5.442840183495709083e-04
9.687898089171975702e-01 5.208738982189647405e-04
9.698641530357640095e-01 4.878459890080124651e-04
9.709408825978351754e-01 4.611422653634593394e-04
9.720200055570991093e-01 4.227021476230383656e-04
9.731015299026425369e-01 3.766463227066099272e-04
9.741854636591479322e-01 3.617448127475604396e-04
9.752718148870923587e-01 3.690366974106291877e-04
9.763605916829474207e-01 3.570606084908779375e-04
9.774518021793797695e-01 3.326221981338068614e-04
9.785454545454544961e-01 3.137984722885032887e-04
9.796415569868384132e-01 2.827040730179602177e-04
9.807401177460051134e-01 2.415220832377558088e-04
9.818411451024418035e-01 2.157388786895721535e-04
9.829446473728575828e-01 1.948396870092689818e-04
9.840506329113922757e-01 1.674826088324894084e-04
9.851591101098282621e-01 1.577130131874932787e-04
9.862700873978009763e-01 1.602295097790621574e-04
9.873835732430147338e-01 1.412429719088321154e-04
9.884995761514555612e-01 1.136789000587411658e-04
9.896181046676097992e-01 1.025502156479658869e-04
9.907391673746815952e-01 8.931614410650588612e-05
9.918627728948116173e-01 6.904282684599136796e-05
9.929889298892990990e-01 6.318960876194513088e-05
9.941176470588237724e-01 5.778205833677561951e-05
9.952489331436701336e-01 3.669790305568924633e-05
9.963827969239534843e-01 2.392584406614444800e-05
9.975192472198461946e-01 2.147533082235576678e-05
9.986582928918070756e-01 8.764181232757858571e-06
9.997999428408118616e-01 3.161314415424009875e-06
1.000944206008583803e+00 1.437427800408745954e-05
1.002091091377828924e+00 2.176217856632155928e-05
1.003240607972469167e+00 4.235097748557909130e-05
1.004392764857881204e+00 7.677818621121859340e-05
1.005547571141132579e+00 5.963595174521614691e-05
1.006705035971223294e+00 1.263727365090819892e-05
1.007865168539326062e+00 3.593345874552357955e-05
1.009027978079030996e+00 8.436593454891587061e-05
1.010193473866589864e+00 8.142298843180528398e-05
1.011361665221162109e+00 1.314461299809867637e-04
1.012532561505065098e+00 2.374246421193681707e-04
1.013706172124021920e+00 1.953989733621317826e-04
1.014882506527415407e+00 9.566724171027221710e-05
1.016061574208539042e+00 2.467352162283149180e-04
1.017243384704856091e+00 4.531349038189772904e-04
1.018427947598253391e+00 3.233739984437868044e-04
1.019615272515301596e+00 1.682437308484172349e-04
1.020805369127516959e+00 4.463675854412780608e-04
1.021998247151621353e+00 7.534633038886728038e-04
1.023193916349810051e+00 5.688778736286610261e-04
1.024392386530014853e+00 2.998359060605212934e-04
1.025593667546174315e+00 4.728538469781361393e-04
1.026797769298503304e+00 7.644717145618508446e-04
1.028004701733764348e+00 7.215098175792777771e-04
1.029214474845542737e+00 5.408239780500509507e-04
1.030427098674521202e+00 5.437358411365128151e-04
1.031642583308758576e+00 6.525062640514775860e-04
1.032860938883968016e+00 6.806367035242506629e-04
1.034082175583801666e+00 6.089870721453820778e-04
1.035306303640130432e+00 5.133433021955904722e-04
1.036533333333333529e+00 4.655508882967481291e-04
1.037763274992584028e+00 4.518561138885694652e-04
1.038996138996139296e+00 4.072115144508997283e-04
1.040231935771632532e+00 3.982723793955100420e-04
1.041470675796368317e+00 5.780102497769894600e-04
1.042712369597615707e+00 9.204168339151848083e-04
1.043957027752909772e+00 1.210911032876551803e-03
1.045204660890349802e+00 1.289434123137217112e-03
1.046455279688902396e+00 1.209095090065090026e-03
1.047708894878706332e+00 1.195133434686825079e-03
1.048965517241379430e+00 1.381611747298070250e-03
1.050225157610327420e+00 1.590199290293996129e-03
1.051487826871055020e+00 1.579943610167556774e-03
1.052753535961480802e+00 1.449452869972263878e-03
1.054022295872250936e+00 1.565537872807276198e-03
1.055294117647058938e+00 2.200203596368559538e-03
1.056569012382966077e+00 3.251746494612315318e-03
1.057846991230722900e+00 4.167988892563779905e-03
1.059128065395095630e+00 4.484580048808630044e-03
1.060412246135192582e+00 4.639313787740731963e-03
1.061699544764795444e+00 5.605165266851535287e-03
1.062989972652689241e+00 7.536237439634756868e-03
1.064283541222999840e+00 9.497861666445825413e-03
1.065580261955528574e+00 1.059389990045679457e-02
1.066880146386093298e+00 1.097681619199646942e-02
1.068183206106870120e+00 1.204975933296926170e-02
1.069489452766738014e+00 1.546833704356028773e-02
1.070798898071625427e+00 2.110526247240896228e-02
1.072111553784860671e+00 2.666601540314650354e-02
1.073427431727523862e+00 3.040452549071482463e-02
1.074746543778801966e+00 3.334497263680639978e-02
1.076068901876345629e+00 3.815068681960273600e-02
1.077394518016630665e+00 4.679132991385601820e-02
1.078723404255319096e+00 5.901194719788593196e-02
1.080055572707625755e+00 7.205362963090826411e-02
1.081391035548686208e+00 8.342186136645247940e-02
1.082729805013927571e+00 9.502117570410499592e-02
1.084071893399442210e+00 1.122095138032586509e-01
1.085417313062364331e+00 1.378204663478906078e-01
1.086766076421248783e+00 1.691115321335675270e-01
1.088118195956454093e+00 2.004755959936297682e-01
1.089473684210526372e+00 2.283118677907950422e-01
1.090832553788587456e+00 2.553016180095590837e-01
1.092194817358726366e+00 2.892231806149033191e-01
1.093560487652391444e+00 3.329473042488661494e-01
1.094929577464788917e+00 3.771277662761452487e-01
1.096302099655280582e+00 4.089602761179626511e-01
1.097678067147787928e+00 4.259984641758122748e-01
1.099057492931197144e+00 4.348701473979987298e-01
1.100440390059767237e+00 4.393491451206454346e-01
1.101826771653543258e+00 4.362069849635116792e-01
1.103216650898769968e+00 4.209022744779377101e-01
1.104610041048310842e+00 3.932740732538336781e-01
1.106006955422067950e+00 3.587130364641010205e-01
1.107407407407407618e+00 3.241820063681029040e-01
1.108811410459587865e+00 2.917578378695633856e-01
1.110218978102189613e+00 2.580661215092505123e-01
1.111630123927550118e+00 2.210543921110708909e-01
1.113044861597200175e+00 1.834856893530290300e-01
1.114463204842306654e+00 1.489245038295753665e-01
1.115885167464115035e+00 1.185764438399627418e-01
1.117310763334398160e+00 9.267759961032602523e-02
1.118740006395906761e+00 7.150854842509324349e-02
1.120172910662824428e+00 5.483369511272617042e-02
1.121609490221224803e+00 4.215086788632454312e-02
1.123049759229534761e+00 3.291816722658034294e-02
1.124493731918997375e+00 2.613031210934022713e-02
1.125941422594142427e+00 2.081193089964517365e-02
1.127392845633258256e+00 1.670975318655730166e-02
1.128848015488867595e+00 1.373594982852487795e-02
1.130306946688206748e+00 1.151893588060936072e-02
1.131769653833710754e+00 9.830941917036265659e-03
1.133236151603498554e+00 8.602472302795569764e-03
1.134706454751865268e+00 7.635707156715205307e-03
1.136180578109776018e+00 6.841534027463127068e-03
1.137658536585365976e+00 6.282534204284278070e-03
1.139140345164441737e+00 5.836818695322679336e-03
1.140626018910987804e+00 5.346182902603094367e-03
1.142115572967678849e+00 4.874410428796354354e-03
1.143609022556391075e+00 4.471174043051877670e-03
1.145106382978723580e+00 4.088077697591096724e-03
1.146607669616519276e+00 3.770860496025394814e-03
1.148112897932392462e+00 3.542402385072519061e-03
1.149622083470259737e+00 3.309145431460807068e-03
1.151135241855873792e+00 3.076647932856076736e-03
1.152652388797364091e+00 2.913462742134131402e-03
1.154173540085780436e+00 2.755074981695377050e-03
1.155698711595639194e+00 2.545600581632583102e-03
1.157227919285478190e+00 2.340436160286344519e-03
1.158761179198410263e+00 2.145619134424073086e-03
1.160298507462686812e+00 1.943033917508359696e-03
1.161839920292262018e+00 1.790025392205707140e-03
1.163385433987363049e+00 1.687672410801922948e-03
1.164935064935065157e+00 1.569843166102302071e-03
1.166488829609870104e+00 1.458091758804109291e-03
1.168046744574290585e+00 1.388451221869973964e-03
1.169608826479438424e+00 1.313256917417371297e-03
1.171175092065617651e+00 1.220684964262650721e-03
1.172745558162923363e+00 1.143703821772767059e-03
1.174320241691843014e+00 1.061162230938421640e-03
1.175899159663865490e+00 9.719807964224037216e-04
1.177482329182093723e+00 9.245589560685763247e-04
1.179069767441860650e+00 8.998298061616371137e-04
1.180661491731353374e+00 8.531795380731246013e-04
1.182257519432240445e+00 8.089173875191453880e-04
1.183857868020304460e+00 7.750120722221605970e-04
1.185462555066079338e+00 7.191676674879196943e-04
1.187071598235494019e+00 6.571304430996796880e-04
1.188685015290519731e+00 6.070247096482113500e-04
1.190302824089826794e+00 5.433830917688292281e-04
1.191925042589437878e+00 4.785111240417598685e-04
1.193551688843398351e+00 4.430830416702406490e-04
1.195182781004441752e+00 4.116978654637494257e-04
1.196818337324666581e+00 3.685582871787504021e-04
1.198458376156218197e+00 3.364354445064468417e-04
1.200102915951972493e+00 3.065286878625513457e-04
1.201751975266231565e+00 2.679214943217097709e-04
1.203405572755418262e+00 2.450199658790396385e-04
1.205063727178780741e+00 2.343996009401409005e-04
1.206726457399103225e+00 2.184129966749725831e-04
1.208393782383419879e+00 2.180839125021110823e-04
1.210065721203736011e+00 2.382966668940827190e-04
1.211742293037755713e+00 2.592736511785076231e-04
1.213423517169615051e+00 2.950865367183102715e-04
1.215109412990621918e+00 3.491910718901108869e-04
1.216800000000000104e+00 3.939436232682281039e-04
1.218495297805642696e+00 4.449832094079710846e-04
1.220195326124869251e+00 5.242551674843559748e-04
1.221900104785190289e+00 6.025597285197245969e-04
1.223609653725078683e+00 6.818101888122592635e-04
1.225323992994746147e+00 7.944652796089890154e-04
1.227043142756927274e+00 9.185499044557113388e-04
1.228767123287671348e+00 1.045254450099225704e-03
1.230495954977136819e+00 1.206936347352778084e-03
1.232229658330398214e+00 1.362307489846937636e-03
1.233968253968254158e+00 1.459420592572420938e-03
1.235711762628046717e+00 1.553783764484423235e-03
1.237460205164485405e+00 1.677908241550931257e-03
1.239213602550478299e+00 1.786426455126321642e-03
1.240971975877971145e+00 1.898749225576532636e-03
1.242735346358792459e+00 2.045871951100254865e-03
1.244503735325507066e+00 2.174038633390211472e-03
1.246277164232276524e+00 2.284957440264630095e-03
1.248055654655726210e+00 2.428185705107921508e-03
1.249839228295819948e+00 2.535446686601285169e-03
1.251627906976744420e+00 2.550830157398869136e-03
1.253421712647796671e+00 2.557763653640393771e-03
1.255220667384284283e+00 2.589311458544761146e-03
1.257024793388429762e+00 2.610451156232555282e-03
1.258834112990284471e+00 2.670901509070348640e-03
1.260648648648648562e+00 2.772792240261171687e-03
1.262468422952002900e+00 2.815710423376372503e-03
1.264293458619443644e+00 2.826210275599389671e-03
1.266123778501628605e+00 2.881858548392204639e-03
1.267959405581732701e+00 2.893070551686885167e-03
1.269800362976406527e+00 2.805334299684852928e-03
1.271646673936750238e+00 2.721630606136120952e-03
1.273498361849290106e+00 2.659034606530330525e-03
1.275355450236966837e+00 2.577223993963431541e-03
1.277217962760131664e+00 2.548295252681113347e-03
1.279085923217550214e+00 2.566655828759735903e-03
1.280959355547418799e+00 2.510203188334855437e-03
1.282838283828382941e+00 2.407868196100462765e-03
1.284722732280573210e+00 2.343280638203774219e-03
1.286612725266642165e+00 2.246713947482909413e-03
1.288508287292817744e+00 2.097408283930336532e-03
1.290409443009959523e+00 1.984223398158302138e-03
1.292316217214628749e+00 1.882720834719510362e-03
1.294228634850166593e+00 1.756016149843218780e-03
1.296146721007780611e+00 1.688800646710529596e-03
1.298070500927643867e+00 1.667615591916040384e-03
1.300000000000000044e+00 1.589057341111856916e-03
