1.100000000000000089e+00 8.517072731065711538e-04
1.100981923677750718e+00 8.146036088956082029e-04
1.101965601965602115e+00 7.805847587873771887e-04
1.102951039570758240e+00 7.569409450880880842e-04
1.103938241217274907e+00 7.415072852691035601e-04
1.104927211646136609e+00 7.256644177848385136e-04
1.105917955615333126e+00 7.016876933935078595e-04
1.106910477899932799e+00 6.693284176990609534e-04
1.107904783292162687e+00 6.371251077251104036e-04
1.108900876601483398e+00 6.175122559883916909e-04
1.109898762654668358e+00 6.189201465401172973e-04
1.110898446295879305e+00 6.400274972254155073e-04
1.111899932386748002e+00 6.698955615576641888e-04
1.112903225806451735e+00 6.938869625865195026e-04
1.113908331451795242e+00 7.016003215330923921e-04
1.114915254237288433e+00 6.919062457942023190e-04
1.115923999095227437e+00 6.722044511962237514e-04
1.116934570975775420e+00 6.527961096437017536e-04
1.117946974847042974e+00 6.402642941807819288e-04
1.118961215695169154e+00 6.340777900221655598e-04
1.119977298524404086e+00 6.282176526660172931e-04
1.120995228357191564e+00 6.162104727009701200e-04
1.122015010234250543e+00 5.958462089848540807e-04
1.123036649214659732e+00 5.703810882099348122e-04
1.124060150375939982e+00 5.456726724936284681e-04
1.125085518814139318e+00 5.255576006160497977e-04
1.126112759643916883e+00 5.089005496208396815e-04
1.127141877998629305e+00 4.904288727155434961e-04
1.128172879030413966e+00 4.647246545861610095e-04
1.129205767910277158e+00 4.305194881003705895e-04
1.130240549828178898e+00 3.922502169552130927e-04
1.131277229993121081e+00 3.577590547137936912e-04
1.132315813633234081e+00 3.336784439890087112e-04
1.133356305995864899e+00 3.215877340427838278e-04
1.134398712347666205e+00 3.174383667535802156e-04
1.135443037974683600e+00 3.144834923377163357e-04
1.136489288182446655e+00 3.076103315636084822e-04
1.137537468296057064e+00 2.961512862914018581e-04
1.138587583660281677e+00 2.834422238872564594e-04
1.139639639639639768e+00 2.737052051058467585e-04
1.140693641618497178e+00 2.686285274019659347e-04
1.141749595001157136e+00 2.660862500611179847e-04
1.142807505211952845e+00 2.618078679991559183e-04
1.143867377695339860e+00 2.526789771614697906e-04
1.144929217915990005e+00 2.392305137660632737e-04
1.145993031358885084e+00 2.255090756344988660e-04
1.147058823529411908e+00 2.164139330770475825e-04
1.148126599953456228e+00 2.143742460913006351e-04
1.149196366177498430e+00 2.176738972067035862e-04
1.150268127768711013e+00 2.215453308076927833e-04
1.151341890315052741e+00 2.212210799476550110e-04
1.152417659425368113e+00 2.148201898350487289e-04
1.153495440729483512e+00 2.041479783242589887e-04
1.154575239878305570e+00 1.930079377447675563e-04
1.155657062543921532e+00 1.843556021734283690e-04
1.156740914419695399e+00 1.783493190692522572e-04
1.157826801220370960e+00 1.726052814225363078e-04
1.158914728682170603e+00 1.643302797872156333e-04
1.160004702562896783e+00 1.526760941433400419e-04
1.161096728642033504e+00 1.395670301596150674e-04
1.162190812720848010e+00 1.284184790015876240e-04
1.163286960622494703e+00 1.217133697835579053e-04
1.164385178192117287e+00 1.192127054028593983e-04
1.165485471296952458e+00 1.180862631981834701e-04
1.166587845826436487e+00 1.148471494259022547e-04
1.167692307692307807e+00 1.076897698421526504e-04
1.168798862828713814e+00 9.758235670009390232e-05
1.169907517192317004e+00 8.740118221421356518e-05
1.171018276762402222e+00 7.980770327798080387e-05
1.172131147540983909e+00 7.543223784138644312e-05
1.173246135552913572e+00 7.263622840737958542e-05
1.174363246845989028e+00 6.892886576984301190e-05
1.175482487491065209e+00 6.291003048589563344e-05
1.176603863582160958e+00 5.527658485248384976e-05
1.177727381236571835e+00 4.818041690810260055e-05
1.178853046594982246e+00 4.347939619892792200e-05
1.179980865821574021e+00 4.123857594198179679e-05
1.181110845104141660e+00 3.962106545940209857e-05
1.182242990654205794e+00 3.623772418977015529e-05
1.183377308707123987e+00 2.993162243011940381e-05
1.184513805522209307e+00 2.165429810786067562e-05
1.185652487382840681e+00 1.380052591874865816e-05
1.186793360596583913e+00 8.543958510170869745e-06
1.187936431495304701e+00 6.466217522854259679e-06
1.189081706435285879e+00 6.522768948873662026e-06
1.190229191797346431e+00 7.327126594503926395e-06
1.191378893986959842e+00 8.672631280933190334e-06
1.192530819434372891e+00 1.197636372723270328e-05
1.193684974594725334e+00 1.913595781527289137e-05
1.194841365948171585e+00 3.055702328715428125e-05
1.196000000000000174e+00 4.387913617055781891e-05
1.197160883280757204e+00 5.457841875314963989e-05
1.198324022346368922e+00 5.834571801583848138e-05
1.199489423778264285e+00 5.382361562759361087e-05
1.200657094183499973e+00 4.389044496618207968e-05
1.201827040194884511e+00 3.452919394609212453e-05
1.202999268471104832e+00 3.185614409546274278e-05
1.204173785696851517e+00 3.905869303233876937e-05
1.205350598582946686e+00 5.500886115159974219e-05
1.206529713866471232e+00 7.519841091510266523e-05
1.207711138310893606e+00 9.418685669805338138e-05
1.208894878706199494e+00 1.079591393000395489e-04
1.210080941869021487e+00 1.149281888314571522e-04
1.211269334642769646e+00 1.154323430376317768e-04
1.212460063897763618e+00 1.105928098028135116e-04
1.213653136531365417e+00 1.015950020733904016e-04
1.214848559468111322e+00 8.980566043396657355e-05
1.216046339659847542e+00 7.726188348426661157e-05
1.217246484085862557e+00 6.672089803635580742e-05
1.218448999753025674e+00 6.090399733355063446e-05
1.219653893695921143e+00 6.137680339196511278e-05
1.220861172976986042e+00 6.793526514854512086e-05
1.222070844686648616e+00 7.899512395713639671e-05
1.223282915943466609e+00 9.260590205048969525e-05
1.224497393894266706e+00 1.071160866794755503e-04
1.225714285714285756e+00 1.208140007359968608e-04
1.226933598607311549e+00 1.309120038410980223e-04
1.228155339805825363e+00 1.331531047223048336e-04
1.229379516571144082e+00 1.231737092098072496e-04
1.230606136193564737e+00 9.941285218810795229e-05
1.231835205992509286e+00 6.574139716600732315e-05
1.233066733316671160e+00 3.148617627215250371e-05
1.234300725544158039e+00 7.888724401184385795e-06
1.235537190082644621e+00 2.587780856717737216e-06
1.236776134369516500e+00 1.561923920003655222e-05
1.238017565872020054e+00 3.998685893083840745e-05
1.239261492087415206e+00 6.692335186151553313e-05
1.240507920543123088e+00 9.236932092595938728e-05
1.241756858796879026e+00 1.196821988268199140e-04
1.243008314436886197e+00 1.557782768267623307e-04
1.244262295081967284e+00 2.028238912666900954e-04
1.245518808381721909e+00 2.518909516416693319e-04
1.246777862016679173e+00 2.851331088001701221e-04
1.248039463698456863e+00 2.879742605986017031e-04
1.249303621169916445e+00 2.652751917509493578e-04
1.250570342205323149e+00 2.506510812941891635e-04
1.251839634610505181e+00 3.002677578569548211e-04
1.253111506223012483e+00 4.714659730193947792e-04
1.254385964912281048e+00 7.973275771175033274e-04
1.255663018579791235e+00 1.273438630391743581e-03
1.256942675159235634e+00 1.867897220638508205e-03
1.258224942616679609e+00 2.551779822347109358e-03
1.259509828950727606e+00 3.332854721191103476e-03
1.260797342192691239e+00 4.270109141606528817e-03
1.262087490406753831e+00 5.455753153663229528e-03
1.263380281690140938e+00 6.971052872655539127e-03
1.264675724173288884e+00 8.841298631750069831e-03
1.265973826020015514e+00 1.102095665376539267e-02
1.267274595427690942e+00 1.342695343924905395e-02
1.268578040627410530e+00 1.601173764958406173e-02
1.269884169884170300e+00 1.884277875898040383e-02
1.271192991497037017e+00 2.214685567286056242e-02
1.272504513799329384e+00 2.629192761031903802e-02
1.273818745158791899e+00 3.171058551299024697e-02
1.275135693977772045e+00 3.879967824147389360e-02
1.276455368693402370e+00 4.784331675840698683e-02
1.277777777777777679e+00 5.899390157005621887e-02
1.279102929738138439e+00 7.231433419739068114e-02
1.280430833117051748e+00 8.785158641607430929e-02
1.281761496492595631e+00 1.056952756067700977e-01
1.283094928478543784e+00 1.259833692291717488e-01
1.284431137724550975e+00 1.488452632073750670e-01
1.285770132916341124e+00 1.743046495630229120e-01
1.287111922775893591e+00 2.021841431637658726e-01
1.288456516061635027e+00 2.320518770357466176e-01
1.289803921568627665e+00 2.632302043553946813e-01
1.291154148128762280e+00 2.948598829990351500e-01
1.292507204610951366e+00 3.259926631455238866e-01
1.293863099921321647e+00 3.556787865661253378e-01
1.295221843003413031e+00 3.830235753842451407e-01
1.296583442838370903e+00 4.072034956896133928e-01
1.297947908445146181e+00 4.274498341774056742e-01
1.299315248880695384e+00 4.430219625289709695e-01
1.300685473240179135e+00 4.531986289116109456e-01
1.302058590657165560e+00 4.573124675923442295e-01
1.303434610303831009e+00 4.548387021898199212e-01
1.304813541391166565e+00 4.455255104007832534e-01
1.306195393169182095e+00 4.295275728242521351e-01
1.307580174927113870e+00 4.074876955152614832e-01
1.308967895993632391e+00 3.805160647855251876e-01
1.310358565737052006e+00 3.500473389244381228e-01
1.311752193565540958e+00 3.176039418844324724e-01
1.313148788927335886e+00 2.845388626578203572e-01
1.314548361310951430e+00 2.518490454579563886e-01
1.315950920245398947e+00 2.201273136084385407e-01
1.317356475300400565e+00 1.896630319065943093e-01
1.318765036086608111e+00 1.606353266170653105e-01
1.320176612255820281e+00 1.333009919130964116e-01
1.321591213501205564e+00 1.080849141164159921e-01
1.323008849557522293e+00 8.553243154524121927e-02
1.324429530201342464e+00 6.615425052981596665e-02
1.325853265251276669e+00 5.024802584128201799e-02
1.327280064568200135e+00 3.778867878821019766e-02
1.328709938055480766e+00 2.843928023795171817e-02
1.330142895659207181e+00 2.166961034902284422e-02
1.331578947368421195e+00 1.691660088228585240e-02
1.333018103215347416e+00 1.370768319387347632e-02
1.334460373275629053e+00 1.169863683516165175e-02
1.335905767668562394e+00 1.063092349031232071e-02
1.337354296557332844e+00 1.025734392367616023e-02
1.338805970149253843e+00 1.029496780862786814e-02
1.340260798696006450e+00 1.043823124859599195e-02
1.341718792493880930e+00 1.042202932466875474e-02
1.343179961884018558e+00 1.009216242311366911e-02
1.344644317252657650e+00 9.437388297905295598e-03
1.346111869031378028e+00 8.562845918077181470e-03
1.347582627697350599e+00 7.620587806157618806e-03
1.349056603773584939e+00 6.736427733456835758e-03
1.350533807829181754e+00 5.970106239331134969e-03
1.352014250479583346e+00 5.321799806601813440e-03
1.353497942386831410e+00 4.769245910471953120e-03
1.354984894259818828e+00 4.304466103130025201e-03
1.356475116854550578e+00 3.945150610262175561e-03
1.357968620974401519e+00 3.716813047326953355e-03
1.359465417470377524e+00 3.622607870981748007e-03
1.360965517241379263e+00 3.624808373797510936e-03
1.362468931234465552e+00 3.652214275122085685e-03
1.363975670445120247e+00 3.629315117322755389e-03
1.365485745917520255e+00 3.508862616340063800e-03
1.366999168744804871e+00 3.288481524726920551e-03
1.368515950069348230e+00 3.003440807822951777e-03
1.370036101083032420e+00 2.702947752075954280e-03
1.371559633027523040e+00 2.426034443337875615e-03
1.373086557194545199e+00 2.190445652047815980e-03
1.374616884926163518e+00 1.997154968323791493e-03
1.376150627615063016e+00 1.842495972146158262e-03
1.377687796704831102e+00 1.726587324885209577e-03
1.379228403690243132e+00 1.651910714845447733e-03
1.380772460117548395e+00 1.614978701943860662e-03
1.382319977584757664e+00 1.599720536177011215e-03
1.383870967741935631e+00 1.579762537772076833e-03
1.385425442291491338e+00 1.529683980449720107e-03
1.386983412988473496e+00 1.438175466982959333e-03
1.388544891640867140e+00 1.314127364795459035e-03
1.390109890109890056e+00 1.181281658420586670e-03
1.391678420310296094e+00 1.064734856025687524e-03
1.393250494210675150e+00 9.778273881649378156e-04
1.394826123833757592e+00 9.172881702695912225e-04
1.396405321256722454e+00 8.686904426853756401e-04
1.397988098611504748e+00 8.175576177359485542e-04
1.399574468085106327e+00 7.583894699068274717e-04
1.401164441919909187e+00 6.961809026712820333e-04
1.402758032413989442e+00 6.406188755735433811e-04
1.404355251921434622e+00 5.979638312620122074e-04
1.405956112852664530e+00 5.664950634004389547e-04
1.407560627674750320e+00 5.381875405647495135e-04
1.409168808911739568e+00 5.046602407352835783e-04
1.410780669144981569e+00 4.627359768635189293e-04
1.412396221013455744e+00 4.158106484123874408e-04
1.414015477214101590e+00 3.706188134260317941e-04
1.415638450502151979e+00 3.322315514531260536e-04
1.417265153691467994e+00 3.009761922996604614e-04
1.418895599654874884e+00 2.731261037139257400e-04
1.420529801324503349e+00 2.443128329382174778e-04
1.422167771692130378e+00 2.128481685891212255e-04
1.423809523809523858e+00 1.806155390078229310e-04
1.425455070788789191e+00 1.512620902802202464e-04
1.427104425802719012e+00 1.273900847405701230e-04
1.428757602085143352e+00 1.089055452012670689e-04
1.430414612931284468e+00 9.351616980795986569e-05
1.432075471698113223e+00 7.866765153586627150e-05
1.433740191804708131e+00 6.329739333031014954e-05
1.435408786732615738e+00 4.821447869081817470e-05
1.437081270026216329e+00 3.514440555861232202e-05
1.438757655293088300e+00 2.544138782667424727e-05
1.440437956204379866e+00 1.947646246873082639e-05
1.442122186495176983e+00 1.692734056139690924e-05
1.443810359964881496e+00 1.740571285008201300e-05
1.445502490477585722e+00 2.072787247264076463e-05
1.447198591962452374e+00 2.667181218571253661e-05
1.448898678414097141e+00 3.467664800390230515e-05
1.450602763892973046e+00 4.401524921740125064e-05
1.452310862525758361e+00 5.443782877570940433e-05
1.454022988505747183e+00 6.667238534249325362e-05
1.455739156093242892e+00 8.211549394164120567e-05
1.457459379615952733e+00 1.016983690714764522e-04
1.459183673469387932e+00 1.247426166676336571e-04
1.460912052117263826e+00 1.488578146462390722e-04
1.462644530091906425e+00 1.712475621273256939e-04
1.464381121994657198e+00 1.906408100702660518e-04
1.466121842496285188e+00 2.083876144632400100e-04
1.467866706337399796e+00 2.277064543681669702e-04
1.469615728328865112e+00 2.514211937998812440e-04
1.471368923352222247e+00 2.797729553352759115e-04
1.473126306360107662e+00 3.100037286272726593e-04
1.474887892376681719e+00 3.381765052599128838e-04
1.476653696498054780e+00 3.619831113048505022e-04
1.478423733892717973e+00 3.824216656065956951e-04
1.480198019801980180e+00 4.029608105475380011e-04
1.481976569540402577e+00 4.266891396264461543e-04
1.483759398496240722e+00 4.535738570765236602e-04
1.485546522131888203e+00 4.800229148063300593e-04
1.487337955984323390e+00 5.012957553169744562e-04
1.489133715665559965e+00 5.151142958709274775e-04
1.490933816863100780e+00 5.237643696438141691e-04
1.492738275340393495e+00 5.329466185903795113e-04
1.494547106937291980e+00 5.480096528646333578e-04
1.496360327570518844e+00 5.702285773785744109e-04
1.498177953234132831e+00 5.958997082339735239e-04
1.500000000000000000e+00 6.190257197521199274e-04
