1.080000000000000071e+00 5.578101943960062266e-03
1.080977110286799991e+00 5.624394168086023840e-03
1.081955990220049069e+00 5.714185919976871690e-03
1.082936644611619537e+00 5.826772730067614030e-03
1.083919078290846327e+00 5.939596265172129158e-03
1.084903296104603676e+00 6.047835968604667496e-03
1.085889302917385946e+00 6.162387610732059616e-03
1.086877103611388895e+00 6.289414892461584784e-03
1.087866703086588283e+00 6.411118152738148890e-03
1.088858106260822023e+00 6.487271596951148418e-03
1.089851318069871233e+00 6.480117226516767664e-03
1.090846343467543278e+00 6.384988893016579382e-03
1.091843187425751704e+00 6.242245181420218690e-03
1.092841854934601731e+00 6.118884071381400572e-03
1.093842351002471958e+00 6.071002931373361937e-03
1.094844680656098079e+00 6.113135728150058922e-03
1.095848848940658593e+00 6.215512385647570595e-03
1.096854860919856733e+00 6.329198085256043833e-03
1.097862721676008402e+00 6.418482944920968387e-03
1.098872436310126322e+00 6.475987169596558041e-03
1.099884009942005081e+00 6.511449590335637028e-03
1.100897447710310395e+00 6.527157691798336075e-03
1.101912754772664371e+00 6.503436198469662172e-03
1.102929936305732550e+00 6.408164998172482217e-03
1.103948997505312946e+00 6.223052083867416234e-03
1.104969943586423753e+00 5.964181599123834568e-03
1.105992779783393498e+00 5.677972230327713379e-03
1.107017511349948968e+00 5.413270287830132532e-03
1.108044143559306471e+00 5.189809384954334123e-03
1.109072681704260654e+00 4.986765058616802158e-03
1.110103131097277984e+00 4.759887496317490550e-03
1.111135497070585121e+00 4.474149136799356746e-03
1.112169784976263731e+00 4.128083058378759565e-03
1.113206000186341305e+00 3.753786073290560528e-03
1.114244148092884412e+00 3.395623728602102653e-03
1.115284234108093075e+00 3.085441662904993016e-03
1.116326263664393137e+00 2.831768604013306517e-03
1.117370242214533071e+00 2.627213968817501254e-03
1.118416175231676579e+00 2.464005756903308274e-03
1.119464068209500507e+00 2.343521491386452247e-03
1.120513926662290105e+00 2.273250760842258651e-03
1.121565756125034952e+00 2.255955039140311244e-03
1.122619562153528205e+00 2.281310420168126355e-03
1.123675350324461641e+00 2.326808614539421175e-03
1.124733126235526681e+00 2.366670626089426802e-03
1.125792895505512314e+00 2.382072066159202518e-03
1.126854663774403686e+00 2.366505461250740378e-03
1.127918436703483795e+00 2.324580564451431911e-03
1.128984219975432302e+00 2.266667659663568115e-03
1.130052019294429222e+00 2.203050771131467942e-03
1.131121840386253963e+00 2.140250172163579191e-03
1.132193688998389236e+00 2.080588489128258264e-03
1.133267570900123422e+00 2.024630516404816397e-03
1.134343491882654265e+00 1.974650158805116296e-03
1.135421457759194119e+00 1.936196000828049922e-03
1.136501474365071651e+00 1.915527086304699700e-03
1.137583547557840635e+00 1.913794369467648228e-03
1.138667683217382987e+00 1.922439007373576321e-03
1.139753887246017339e+00 1.924822545489552911e-03
1.140842165568604960e+00 1.904895499802986957e-03
1.141932524132657889e+00 1.857494108289676604e-03
1.143024968908447514e+00 1.792205292018496463e-03
1.144119505889112487e+00 1.726956674710447429e-03
1.145216141090769524e+00 1.675774275247451884e-03
1.146314880552624205e+00 1.640354784281606139e-03
1.147415730337078887e+00 1.612117739129665609e-03
1.148518696529847283e+00 1.582359671396510849e-03
1.149623785240065477e+00 1.551008393384672264e-03
1.150731002600404507e+00 1.525910164035725438e-03
1.151840354767184049e+00 1.513467870131132622e-03
1.152951847920486328e+00 1.509640217159821185e-03
1.154065488264271355e+00 1.500139956319237284e-03
1.155181282026491507e+00 1.470234478998147737e-03
1.156299235459208541e+00 1.415730518472168220e-03
1.157419354838709724e+00 1.345718396291905846e-03
1.158541646465625963e+00 1.275208840915569497e-03
1.159666116665049040e+00 1.214624978046745891e-03
1.160792771786651079e+00 1.165008550228955426e-03
1.161921618204803996e+00 1.121634055199587348e-03
1.163052662318699415e+00 1.080801654612166931e-03
1.164185910552470116e+00 1.042752199525177935e-03
1.165321369355310832e+00 1.008845061440951686e-03
1.166459045201601041e+00 9.774377199676805798e-04
1.167598944591029086e+00 9.436993558361980641e-04
1.168741074048713857e+00 9.035466352374069187e-04
1.169885440125330467e+00 8.569705451316367469e-04
1.171032049397236152e+00 8.068171089430367041e-04
1.172180908466594840e+00 7.546282741489394701e-04
1.173332023961504378e+00 6.989502645593224147e-04
1.174485402536125100e+00 6.388097879496832049e-04
1.175641050870805948e+00 5.784650934924268116e-04
1.176798975672215031e+00 5.266924414525911077e-04
1.177959183673469301e+00 4.890590483593743607e-04
1.179121681634264229e+00 4.603152855573844197e-04
1.180286476341005475e+00 4.266624977237139845e-04
1.181453574606941670e+00 3.796556525613712686e-04
1.182622983272295203e+00 3.312377848663613697e-04
1.183794709204398998e+00 3.150916309820386276e-04
1.184968759297828189e+00 3.692079828289321483e-04
1.186145140474535786e+00 5.110721514782758882e-04
1.187323859683990790e+00 7.251819137622342619e-04
1.188504923903312527e+00 9.739320406241505808e-04
1.189688340137409206e+00 1.223702076886897146e-03
1.190874115419117141e+00 1.464994372345773850e-03
1.192062256809338860e+00 1.710593811667157800e-03
1.193252771397183665e+00 1.974861227638987152e-03
1.194445666300110176e+00 2.253704356756994643e-03
1.195640948664064895e+00 2.524110064309460950e-03
1.196838625663628308e+00 2.765074664203612427e-03
1.198038704502155882e+00 2.983136984316458584e-03
1.199241192411923951e+00 3.221116887056086567e-03
1.200446096654275152e+00 3.541395780615437007e-03
1.201653424519762536e+00 3.994472451326075250e-03
1.202863183328299446e+00 4.594772001702718267e-03
1.204075380429305620e+00 5.321349410861876163e-03
1.205290023201856187e+00 6.145030015838051467e-03
1.206507119054831989e+00 7.066117479919128974e-03
1.207726675427069685e+00 8.138172500410739696e-03
1.208948699787514069e+00 9.459010423567859940e-03
1.210173199635369068e+00 1.112907919155445638e-02
1.211400182500253386e+00 1.320114064182262292e-02
1.212629655942352613e+00 1.565832225371895786e-02
1.213861627552575539e+00 1.844574552360510322e-02
1.215096104952710254e+00 2.154408674493401774e-02
1.216333095795581798e+00 2.503398153899378045e-02
1.217572607765209369e+00 2.909240295562334419e-02
1.218814648576966198e+00 3.390416344180877811e-02
1.220059225977739192e+00 3.954157276941276666e-02
1.221306347746090148e+00 4.590769445091693463e-02
1.222556021692417838e+00 5.280671351217464116e-02
1.223808255659121214e+00 6.010710163005526102e-02
1.225063057520762833e+00 6.787068333113151219e-02
1.226320435184235169e+00 7.631743120826302296e-02
1.227580396588924261e+00 8.560527855311705903e-02
1.228842949706880683e+00 9.555548025833622561e-02
1.230108102542983417e+00 1.055267251279770613e-01
1.231375863135113047e+00 1.145621933443295298e-01
1.232646239554317624e+00 1.217467693641960252e-01
1.233919239904988085e+00 1.265543809685818755e-01
1.235194872325028115e+00 1.289637966236748812e-01
1.236473144986029338e+00 1.292840909296060492e-01
1.237754066093442296e+00 1.278365150900292180e-01
1.239037643886757190e+00 1.247297724026568272e-01
1.240323886639676187e+00 1.198743594113763911e-01
1.241612802660293058e+00 1.131874900108378601e-01
1.242904400291272360e+00 1.048005651430291979e-01
1.244198687910028189e+00 9.510172325618065914e-02
1.245495673928906699e+00 8.459671215172913372e-02
1.246795366795366844e+00 7.371893655025524295e-02
1.248097774992165343e+00 6.274428480796225005e-02
1.249402907037540533e+00 5.186026761575021626e-02
1.250710771485397332e+00 4.130346514190635920e-02
1.252021376925495089e+00 3.143069847475607470e-02
1.253334731983635653e+00 2.265866514654608921e-02
1.254650845321852337e+00 1.532325755918985399e-02
1.255969725638599765e+00 9.570356674127679375e-03
1.257291381668946606e+00 5.351419325643375600e-03
1.258615822184767863e+00 2.506033614791183198e-03
1.259943055994938277e+00 8.537297822767106513e-04
1.261273091945529279e+00 2.326066099658151095e-04
1.262605938920004389e+00 4.844037771385921432e-04
1.263941605839416171e+00 1.430642177059273474e-03
1.265280101662607404e+00 2.876402649101147957e-03
1.266621435386409367e+00 4.637460444839286433e-03
1.267965616045845456e+00 6.560599852856370887e-03
1.269312652714331247e+00 8.520188904756266154e-03
1.270662554503881658e+00 1.040593420704054653e-02
1.272015330565314573e+00 1.212837152831863601e-02
1.273370990088457999e+00 1.364614427246114460e-02
1.274729542302357910e+00 1.498763253013860909e-02
1.276090996475488515e+00 1.623540289834233749e-02
1.277455361915962762e+00 1.747339015963815176e-02
1.278822647971743498e+00 1.873384204005558787e-02
1.280192864030858191e+00 1.998588997603692463e-02
1.281566019521613198e+00 2.117286122394006903e-02
1.282942123912810262e+00 2.226282781309460099e-02
1.284321186713963225e+00 2.326659736066884199e-02
1.285703217475519411e+00 2.420913072962924475e-02
1.287088225789077001e+00 2.508429829861509586e-02
1.288476221287609302e+00 2.583825777001688348e-02
1.289867213645687238e+00 2.640033989345416318e-02
1.291261212579704054e+00 2.673749421439697294e-02
1.292658227848101138e+00 2.688777266778194161e-02
1.294058269251597615e+00 2.694634526718704334e-02
1.295461346633416388e+00 2.701558281062876876e-02
1.296867469879517953e+00 2.715538574975363134e-02
1.298276648918830878e+00 2.736377351718427206e-02
1.299688893723485172e+00 2.759167726700192599e-02
1.301104214309049434e+00 2.777438374114171021e-02
1.302522620734765102e+00 2.785934113833085646e-02
1.303944123103786934e+00 2.782062905047314252e-02
1.305368731563421703e+00 2.766030235924156477e-02
1.306796456305370224e+00 2.739961909281861396e-02
1.308227307565969610e+00 2.706361776314631512e-02
1.309661295626438848e+00 2.666625544803946646e-02
1.311098430813124160e+00 2.620712403575691310e-02
1.312538723497747917e+00 2.568596451639169193e-02
1.313982184097657324e+00 2.512637012891778127e-02
1.315428823076076226e+00 2.458708222619386194e-02
1.316878650942356455e+00 2.414341577900330077e-02
1.318331678252234518e+00 2.384422967047380992e-02
1.319787915608085838e+00 2.367383487741630058e-02
1.321247373659183877e+00 2.355060521945177496e-02
1.322710063101959488e+00 2.336895512388686980e-02
1.324175994680261370e+00 2.305771330538377087e-02
1.325645179185620748e+00 2.261415785214219640e-02
1.327117627457514049e+00 2.209157427339661708e-02
1.328593350383631799e+00 2.155396465523022262e-02
1.330072358900144858e+00 2.103478538257141581e-02
1.331554663991975751e+00 2.052915783004299888e-02
1.333040276693071347e+00 2.001927093252474713e-02
1.334529208086674856e+00 1.950670895018070256e-02
1.336021469305602061e+00 1.902345426119484220e-02
1.337517071532519974e+00 1.861368110394444678e-02
1.339016026000224180e+00 1.830196144515120957e-02
1.340518343991921935e+00 1.807177768895301337e-02
1.342024036841514389e+00 1.786822061681910337e-02
1.343533115933880584e+00 1.762162793405685351e-02
1.345045592705166992e+00 1.727774950696333439e-02
1.346561478643074405e+00 1.681945914998816960e-02
1.348080785287148808e+00 1.627134794627788789e-02
1.349603524229074925e+00 1.568644582656947631e-02
1.351129707112970646e+00 1.512148779650021764e-02
1.352659345635684351e+00 1.461258426538619183e-02
1.354192451547092668e+00 1.416413751687856104e-02
1.355729036650402675e+00 1.375728022946998315e-02
1.357269112802453659e+00 1.337148123339656006e-02
1.358812691914022430e+00 1.300308952648793377e-02
1.360359785950130851e+00 1.266592996683773426e-02
1.361910406930354478e+00 1.237316185547221274e-02
1.363464566929133870e+00 1.211569452636719613e-02
1.365022278076088114e+00 1.185660441542606136e-02
1.366583552556330794e+00 1.154869032106077900e-02
1.368148402610786407e+00 1.116325205857450140e-02
1.369716840536512770e+00 1.070851455454567731e-02
1.371288878687019430e+00 1.022407418869287869e-02
1.372864529472595629e+00 9.756343604220561391e-03
1.374443805360635151e+00 9.333495474548626769e-03
1.376026718875964505e+00 8.956408536975756299e-03
1.377613282601175992e+00 8.607964381434825632e-03
1.379203509176959441e+00 8.269641024923831546e-03
1.380797411302438382e+00 7.932038409859471645e-03
1.382395001735508444e+00 7.594218928576475063e-03
1.383996293293177304e+00 7.256558109799478296e-03
1.385601298851907748e+00 6.915058015821891509e-03
1.387210031347962502e+00 6.561220329471851263e-03
1.388822503777751960e+00 6.186091197005843395e-03
1.390438729198184342e+00 5.784920823990799023e-03
1.392058720727018528e+00 5.360156864796294940e-03
1.393682491543217106e+00 4.922161215560195979e-03
1.395310054887305862e+00 4.487295121137801698e-03
1.396941424061732606e+00 4.073041253817602687e-03
1.398576612431230215e+00 3.691362022828933737e-03
1.400215633423180339e+00 3.343781758404717596e-03
1.401858500527983109e+00 3.021883702179084790e-03
1.403505227299424396e+00 2.713589858845815404e-03
1.405155827355051068e+00 2.411071562226918975e-03
1.406810314376545579e+00 2.114652446809242668e-03
1.408468702110102555e+00 1.830373082482754507e-03
1.410131004366812046e+00 1.564149026761573347e-03
1.411797235023041441e+00 1.317852439746676138e-03
1.413467408020820937e+00 1.090144843087876561e-03
1.415141537368233893e+00 8.801859867331634016e-04
1.416819637139807853e+00 6.900335876505648723e-04
1.418501721476908450e+00 5.235099605807964560e-04
1.420187804588137537e+00 3.831039652792676852e-04
1.421877900749732415e+00 2.681730810616958440e-04
1.423572024305969297e+00 1.759555385522618056e-04
1.425270189669569199e+00 1.039566557582686552e-04
1.426972411322106726e+00 5.126245614802023287e-05
1.428678703814420636e+00 1.793724655403571014e-05
1.430389081767029724e+00 3.756760443674269934e-06
1.432103559870550047e+00 7.829271411742358625e-06
1.433822152886115475e+00 2.919236291859728504e-05
1.435544875645800911e+00 6.722766237440387313e-05
1.437271743053049278e+00 1.211580869463856324e-04
1.439002770083102289e+00 1.892769166236772107e-04
1.440737971783431881e+00 2.690755020509500426e-04
1.442477363274176083e+00 3.584145112028161223e-04
1.444220959748579780e+00 4.565831638527907536e-04
1.445968776473435913e+00 5.641189387831378787e-04
1.447720828789531122e+00 6.815985913385612903e-04
1.449477132112094946e+00 8.086495237803289398e-04
1.451237701931252122e+00 9.439475353466736688e-04
1.453002553812477116e+00 1.085641758717775709e-03
1.454771703397053528e+00 1.231226561961824492e-03
1.456545166402535507e+00 1.376965831132911586e-03
1.458322958623214927e+00 1.518150223474239993e-03
1.460105095930588126e+00 1.650963564695358482e-03
1.461891594273828421e+00 1.774756931556443476e-03
1.463682469680264608e+00 1.892360413481747154e-03
1.465477738255856588e+00 2.007509947129990525e-03
1.467277416185680750e+00 2.121463681609573985e-03
1.469081519734415364e+00 2.232219655234548173e-03
1.470890065246829970e+00 2.337513267610421067e-03
1.472703069148280752e+00 2.438817111965481833e-03
1.474520547945205484e+00 2.541976000864539821e-03
1.476342518225627121e+00 2.652961410577656196e-03
1.478168996659656065e+00 2.772068882526688375e-03
1.479999999999999982e+00 2.891904353761007729e-03
