1.279999999999999805e+00 3.308213472666173406e-04
1.281020082881734190e+00 3.408030048214822261e-04
1.282041792949433656e+00 3.642384698128943899e-04
1.283065134099616866e+00 3.807368377013389143e-04
1.284090110241252303e+00 3.769578516356173630e-04
1.285116725295810669e+00 3.594139186686323185e-04
1.286144983197311520e+00 3.494798850241705732e-04
1.287174887892376773e+00 3.645917714516599246e-04
1.288206443340278673e+00 4.023547053307201032e-04
1.289239653512993300e+00 4.421800442998578612e-04
1.290274522395247869e+00 4.635713309667204712e-04
1.291311053984575574e+00 4.649288372520977075e-04
1.292349252291365103e+00 4.656331272772746763e-04
1.293389121338912151e+00 4.887527215704565555e-04
1.294430665163472272e+00 5.393603879849440987e-04
1.295473887814313496e+00 5.982098870745293289e-04
1.296518793353766519e+00 6.374961056692957789e-04
1.297565385857281317e+00 6.455957143551828642e-04
1.298613669413475558e+00 6.387343459289367142e-04
1.299663648124191440e+00 6.481260187748779820e-04
1.300715326104547653e+00 6.927087041026266760e-04
1.301768707482993337e+00 7.612390855962216599e-04
1.302823796401361367e+00 8.204770009357321894e-04
1.303880597014925202e+00 8.436938321370832669e-04
1.304939113492449954e+00 8.351508082282318437e-04
1.305999350016249450e+00 8.283954365845260176e-04
1.307061310782240859e+00 8.583705376946281981e-04
1.308124999999999982e+00 9.306994607786265184e-04
1.309190421892816314e+00 1.015309463177680067e-03
1.310257580697750113e+00 1.071351092113119767e-03
1.311326480665687910e+00 1.082877635540801077e-03
1.312397126061397579e+00 1.074039743715363756e-03
1.313469521163588727e+00 1.089050479814649645e-03
1.314543670264965769e+00 1.152706504268699583e-03
1.315619577672286766e+00 1.245494476819840107e-03
1.316697247706422047e+00 1.316431025743499848e-03
1.317776684702410162e+00 1.324796368961504408e-03
1.318857893009517390e+00 1.275898341192155611e-03
1.319940876991295919e+00 1.219187346844674774e-03
1.321025641025641129e+00 1.208197970610226353e-03
1.322112189504852653e+00 1.255064889117361296e-03
1.323200526835693003e+00 1.318742316374873916e-03
1.324290657439446184e+00 1.338647766683650694e-03
1.325382585751978981e+00 1.286550085930546553e-03
1.326476316223799357e+00 1.192497774864298204e-03
1.327571853320119066e+00 1.121244314111461424e-03
1.328669201520912724e+00 1.117635626002129760e-03
1.329768365320979306e+00 1.167131026099737677e-03
1.330869349230004994e+00 1.206315990326867725e-03
1.331972157772621790e+00 1.176165775168097095e-03
1.333076795488472355e+00 1.073336612570660251e-03
1.334183266932270850e+00 9.547449013427219142e-04
1.335291576673865999e+00 8.896836581973948613e-04
1.336401729298303920e+00 8.992941127911718282e-04
1.337513729405890972e+00 9.358438478060144162e-04
1.338627581612258366e+00 9.215638219767811543e-04
1.339743290548424559e+00 8.154703091940042727e-04
1.340860860860860759e+00 6.507838939254739470e-04
1.341980297211554651e+00 5.089686945736229514e-04
1.343101604278074790e+00 4.506659827048871869e-04
1.344224786753637657e+00 4.626159053135705710e-04
1.345349849347171167e+00 4.681980102319454099e-04
1.346476796783380836e+00 3.951983924476349698e-04
1.347605633802816838e+00 2.434184553877687465e-04
1.348736365161939954e+00 9.200882498651981702e-05
1.349868995633187962e+00 3.690854208921702723e-05
1.351003530005042697e+00 1.105927222075222752e-04
1.352139973082099766e+00 2.550704257075082351e-04
1.353278329685132064e+00 3.752611076668206603e-04
1.354418604651162816e+00 4.285350998523479774e-04
1.355560802833529976e+00 4.694871393615234465e-04
1.356704929101957946e+00 6.029315495051006200e-04
1.357850988342625520e+00 8.784370870608796972e-04
1.358998985458234943e+00 1.218489778408190453e-03
1.360148925368082518e+00 1.454300329628947785e-03
1.361300813008130106e+00 1.455820388153072215e-03
1.362454653331073295e+00 1.255346387130637075e-03
1.363610451306413340e+00 1.054130954165917629e-03
1.364768211920529772e+00 1.086781365881872314e-03
1.365927940176750566e+00 1.436517998183174790e-03
1.367089641095424524e+00 1.948492954739679045e-03
1.368253319713993887e+00 2.325336023187875127e-03
1.369418981087067611e+00 2.349048240033077897e-03
1.370586630286493968e+00 2.064321059733533262e-03
1.371756272401433829e+00 1.772598101984077011e-03
1.372927912538435491e+00 1.823129255854663783e-03
1.374101555821507947e+00 2.346844551004988871e-03
1.375277207392197276e+00 3.135497868121648896e-03
1.376454872409659025e+00 3.770258504764042486e-03
1.377634556050737258e+00 3.918258494186259606e-03
1.378816263510036055e+00 3.582360750831250183e-03
1.379999999999999893e+00 3.114166628594169147e-03
1.381185770750988251e+00 2.970501695971716847e-03
1.382373581011351771e+00 3.384480560510215973e-03
1.383563436047512418e+00 4.189970002214046113e-03
1.384755341144038532e+00 4.929931230894697702e-03
1.385949301603724759e+00 5.173949855082711838e-03
1.387145322747669995e+00 4.819941549884526263e-03
1.388343409915356652e+00 4.169055148602192687e-03
1.389543568464730150e+00 3.727210285703584820e-03
1.390745803772279077e+00 3.877675409474556391e-03
1.391950121233114013e+00 4.648771881048388219e-03
1.393156526261050354e+00 5.719821572634609802e-03
1.394365024288688470e+00 6.636998561863761102e-03
1.395575620767494307e+00 7.078100065677473372e-03
1.396788321167883096e+00 6.999446466318388731e-03
1.398003130979300623e+00 6.604878079265120300e-03
1.399220055710306498e+00 6.201787008052579708e-03
1.400439100888656530e+00 6.059249582429032145e-03
1.401660272061388213e+00 6.338372219557548461e-03
1.402883574794903332e+00 7.083236173693249586e-03
1.404109014675052336e+00 8.220422647363648597e-03
1.405336597307221602e+00 9.544706250247792997e-03
1.406566328316415815e+00 1.072683874765214922e-02
1.407798213347346117e+00 1.139787508280121729e-02
1.409032258064516041e+00 1.131328151881931705e-02
1.410268468152307664e+00 1.051790589592164690e-02
1.411506849315068424e+00 9.395128272754101409e-03
1.412747407277201717e+00 8.535441703779608758e-03
1.413990147783251494e+00 8.473457074207798104e-03
1.415235076597992636e+00 9.435252730898572443e-03
1.416482199506521100e+00 1.123838823312169055e-02
1.417731522314341186e+00 1.339232718279821828e-02
1.418983050847457461e+00 1.532666187893207653e-02
1.420236790952465356e+00 1.661382503230311725e-02
1.421492748496639535e+00 1.708658384929211474e-02
1.422750929368029826e+00 1.683898643738248116e-02
1.424011339475549365e+00 1.616656197732574060e-02
1.425273984749068967e+00 1.550027594498390622e-02
1.426538871139509945e+00 1.533758124233777428e-02
1.427806004618937585e+00 1.613552033106349995e-02
1.429075391180654409e+00 1.815213161059766808e-02
1.430347036839295427e+00 2.128981475742962662e-02
1.431620947630922736e+00 2.504371763451977706e-02
1.432897129613121878e+00 2.863172025207664020e-02
1.434175588865096440e+00 3.128292039996448393e-02
1.435456331487765747e+00 3.255605188357792168e-02
1.436739363603861230e+00 3.252815070171682227e-02
1.438024691358024798e+00 3.176454314338929275e-02
1.439312320916905641e+00 3.110472001062547162e-02
1.440602258469259489e+00 3.138740206948136685e-02
1.441894510226049642e+00 3.323568792741769806e-02
1.443189082420542446e+00 3.694727933379573365e-02
1.444485981308410993e+00 4.245828836740127288e-02
1.445785213167835925e+00 4.933598902302048506e-02
1.447086784299603801e+00 5.680636480857290116e-02
1.448390701027211902e+00 6.387448507247671381e-02
1.449696969696969706e+00 6.958203479195682051e-02
1.451005596678100584e+00 7.335693269966377106e-02
1.452316588362847716e+00 7.530812503642711486e-02
1.453629951166576451e+00 7.629247184913050261e-02
1.454945691527878227e+00 7.767015450901011697e-02
1.456263815908679149e+00 8.082425151085402548e-02
1.457584330794341687e+00 8.664778927602714842e-02
1.458907242693773698e+00 9.521551194320984624e-02
1.460232558139534786e+00 1.057551739274341512e-01
1.461560283687943329e+00 1.168892081342264577e-01
1.462890425919184612e+00 1.270231247641115113e-01
1.464222991437420296e+00 1.347510498479367047e-01
1.465557986870897222e+00 1.391977628115438625e-01
1.466895418872056878e+00 1.402550302074989097e-01
1.468235294117647083e+00 1.386649397924327454e-01
1.469577619308831684e+00 1.358838014585047049e-01
1.470922401171303129e+00 1.336881718118334839e-01
1.472269646455394820e+00 1.335876185694567786e-01
1.473619361936193695e+00 1.362408991568607175e-01
1.474971554413653907e+00 1.411365810104292795e-01
1.476326230712711407e+00 1.467224058904525452e-01
1.477683397683397626e+00 1.509661962245264499e-01
1.479043062200956937e+00 1.521133732224593249e-01
1.480405231165960789e+00 1.493042462725924779e-01
1.481769911504424941e+00 1.427925056055456554e-01
1.483137110167927597e+00 1.337159670126800426e-01
1.484506834133727304e+00 1.235837191614621716e-01
1.485879090404880865e+00 1.137413028719682639e-01
1.487253886010362569e+00 1.050231981720274321e-01
1.488631228005186102e+00 9.766143526074558268e-02
1.490011123470522669e+00 9.139225006691564790e-02
1.491393579513824452e+00 8.565573439669545153e-02
1.492778603268945181e+00 7.981026502519865395e-02
1.494166201896263368e+00 7.332862535482581601e-02
1.495556382582805988e+00 6.595774171147950060e-02
1.496949152542373040e+00 5.780743121537902651e-02
1.498344519015659904e+00 4.932361115282343778e-02
1.499742489270386336e+00 4.113257018228889256e-02
1.501143070601419716e+00 3.380841135137895026e-02
1.502546270330902933e+00 2.766924436514260274e-02
1.503952095808383405e+00 2.270209543994480481e-02
1.505360554410938523e+00 1.864621881296470857e-02
1.506771653543306888e+00 1.517387876326159804e-02
1.508185400638018425e+00 1.205823654905983228e-02
1.509601803155522060e+00 9.241299862427419104e-03
1.511020868584320276e+00 6.789495753535673521e-03
1.512442604441099236e+00 4.794402452460016194e-03
1.513867018270860676e+00 3.295033860455248882e-03
1.515294117647058902e+00 2.262022466357357497e-03
1.516723910171730694e+00 1.629561091424161067e-03
1.518156403475632743e+00 1.331728892843975090e-03
1.519591605218377994e+00 1.312172514135208920e-03
1.521029523088569313e+00 1.510531096495171298e-03
1.522470164803940262e+00 1.851596658340556607e-03
1.523913538111490329e+00 2.256106133187823961e-03
1.525359650787625920e+00 2.666417930005772399e-03
1.526808510638297811e+00 3.062863709080993445e-03
1.528260125499144362e+00 3.453910661633099576e-03
1.529714503235630074e+00 3.847569437369885437e-03
1.531171651743189033e+00 4.229168886224925206e-03
1.532631578947368567e+00 4.564932656698805422e-03
1.534094292803970250e+00 4.827073419055777359e-03
1.535559801299197558e+00 5.016375057530057108e-03
1.537028112449799311e+00 5.160642593942952119e-03
1.538499234303216223e+00 5.289726035924350103e-03
1.539973174937727451e+00 5.409627361548125825e-03
1.541449942462600475e+00 5.499524216608910922e-03
1.542929545018237647e+00 5.535009580413147688e-03
1.544411990776325849e+00 5.516882240867669422e-03
1.545897287939988374e+00 5.479081024126247236e-03
1.547385444743935468e+00 5.467275290879773132e-03
1.548876469454615767e+00 5.505512341192538364e-03
1.550370370370370621e+00 5.579273436103489303e-03
1.551867155821587074e+00 5.649501858557354900e-03
1.553366834170854194e+00 5.685622107421434146e-03
1.554869413813116941e+00 5.689457972945795305e-03
1.556374903175832713e+00 5.690259388373130126e-03
1.557883310719131886e+00 5.716321666100916514e-03
1.559394644935972130e+00 5.768704102718721916e-03
1.560908914352301391e+00 5.820191738603737799e-03
1.562426127527216213e+00 5.839631548325393412e-03
1.563946293053123160e+00 5.819806685290780136e-03
1.565469419555901798e+00 5.783982831069335757e-03
1.566995515695067231e+00 5.765514624154959716e-03
1.568524590163934418e+00 5.778846100067805414e-03
1.570056651689783145e+00 5.807697225496465804e-03
1.571591709034024342e+00 5.820790836216349802e-03
1.573129770992366394e+00 5.800942056612340587e-03
1.574670846394984114e+00 5.761471709439454011e-03
1.576214944106687721e+00 5.735185847614491898e-03
1.577762073027090706e+00 5.745565022742065396e-03
1.579312242090783913e+00 5.785722983609351174e-03
1.580865460267506073e+00 5.824018817776664345e-03
1.582421736562315440e+00 5.831767429121991267e-03
1.583981080015766540e+00 5.808915214635473022e-03
1.585543499704083592e+00 5.785097476665680347e-03
1.587109004739336360e+00 5.794890499689930516e-03
1.588677604269618460e+00 5.848599709806213270e-03
1.590249307479224328e+00 5.923855705582810501e-03
1.591824123588829520e+00 5.985174327533897796e-03
1.593402061855670127e+00 6.014319614661982512e-03
1.594983131573724844e+00 6.025033052727100415e-03
1.596567342073897500e+00 6.049506233949127933e-03
1.598154702724199572e+00 6.108721562646148538e-03
1.599745222929936483e+00 6.192797578186279989e-03
1.601338912133891235e+00 6.268551721960822533e-03
1.602935779816514028e+00 6.307545153516749131e-03
1.604535835496107010e+00 6.309934855556038023e-03
1.606139088729016784e+00 6.303229496776873580e-03
1.607745549109822036e+00 6.317162365791013229e-03
1.609355226271525829e+00 6.356918391849380665e-03
1.610968129885748779e+00 6.398429841251452796e-03
1.612584269662921566e+00 6.410082120042337288e-03
1.614203655352480560e+00 6.381914943575671406e-03
1.615826296743063883e+00 6.336637642473838886e-03
1.617452203662709032e+00 6.312454197296027067e-03
1.619081385979049381e+00 6.332156301830353488e-03
1.620713853599516030e+00 6.384873593789496850e-03
1.622349616471538303e+00 6.435906608451974487e-03
1.623988684582743813e+00 6.455812277705133204e-03
1.625631067961165188e+00 6.443498039159668324e-03
1.627276776675440573e+00 6.423712622261687315e-03
1.628925820835022353e+00 6.421923987373162786e-03
1.630578210590383437e+00 6.439310452149950466e-03
1.632233956133225083e+00 6.450239758696120658e-03
1.633893067696686296e+00 6.424595122121807417e-03
1.635555555555555651e+00 6.355253833646859821e-03
1.637221430026482238e+00 6.266296036492432532e-03
1.638890701468189048e+00 6.194276974850337035e-03
1.640563380281690353e+00 6.158476265194820498e-03
1.642239476910503093e+00 6.145807492234766495e-03
1.643919001840867145e+00 6.123461511872780455e-03
1.645601965601965810e+00 6.068339002035675299e-03
1.647288378766140982e+00 5.987817500806635190e-03
1.648978251949117846e+00 5.913998191714768364e-03
1.650671595810228043e+00 5.876613141979550661e-03
1.652368421052631930e+00 5.878164830165679214e-03
1.654068738423543961e+00 5.892670758038821843e-03
1.655772558714462495e+00 5.888655348164241812e-03
1.657479892761394513e+00 5.855951607152524302e-03
1.659190751445086764e+00 5.812821861332028404e-03
1.660905145691258689e+00 5.787421723588684688e-03
1.662623086470831568e+00 5.790280464044844297e-03
1.664344584800165894e+00 5.802400659350258512e-03
1.666069651741293844e+00 5.789875900238400201e-03
1.667798298402158208e+00 5.732609365685400853e-03
1.669530535936850857e+00 5.642193238621457871e-03
1.671266375545851668e+00 5.553233214166372438e-03
1.673005828476269663e+00 5.495343421192813022e-03
1.674748906022087924e+00 5.469727452495595429e-03
1.676495619524405623e+00 5.450217782710223280e-03
1.678245980371685375e+00 5.407450356485626886e-03
1.680000000000000160e+00 5.334960201361061208e-03
