9.800000000000000933e-01 1.207532517838719047e-03
9.809509485226336478e-01 1.184652179702647959e-03
9.819037443543296995e-01 1.137533631547366954e-03
9.828583928831853278e-01 1.082051306673316839e-03
9.838148995182718348e-01 1.041063153883985690e-03
9.847732696897376625e-01 1.027820501683166399e-03
9.857335088489105335e-01 1.036753724796512371e-03
9.866956224684009236e-01 1.049449937460937262e-03
9.876596160422063120e-01 1.049541985837593172e-03
9.886254950858149870e-01 1.032713819165995443e-03
9.895932651363126276e-01 1.004281215406385317e-03
9.905629317524866639e-01 9.697745163561184148e-04
9.915345005149333035e-01 9.299826197819410344e-04
9.925079770261648893e-01 8.852185232477979620e-04
9.934833669107170362e-01 8.420990300993456664e-04
9.944606758152575443e-01 8.127823158491571161e-04
9.954399094086952005e-01 8.051661515772873517e-04
9.964210733822880250e-01 8.135872834826383525e-04
9.974041734497560707e-01 8.206599551178480429e-04
9.983892153473906683e-01 8.102117250925117749e-04
9.993762048341654491e-01 7.798046213934487847e-04
1.000365147691851142e+00 7.412603142817634702e-04
1.001356049725125263e+00 7.092626170023156673e-04
1.002348916761687692e+00 6.894823879071941553e-04
1.003343754652374908e+00 6.771285885423879332e-04
1.004340569271273464e+00 6.653965930179612989e-04
1.005339366515837440e+00 6.533399221556950801e-04
1.006340152307003244e+00 6.445879059296758537e-04
1.007342932589308182e+00 6.394047897233509420e-04
1.008347713331006146e+00 6.303498910031952616e-04
1.009354500524187737e+00 6.077052487313545741e-04
1.010363300184898616e+00 5.695534637764150445e-04
1.011374118353258966e+00 5.255378240315646292e-04
1.012386961093585835e+00 4.895605520282114405e-04
1.013401834494511711e+00 4.683180814233612287e-04
1.014418744669108641e+00 4.569873748138099877e-04
1.015437697755009916e+00 4.457896288568691224e-04
1.016458699914534636e+00 4.298564723303076773e-04
1.017481757334809833e+00 4.120145543337809611e-04
1.018506876227898150e+00 3.965372777826529742e-04
1.019534062830921517e+00 3.820104233864292788e-04
1.020563323406188605e+00 3.620352143271140795e-04
1.021594664241322281e+00 3.331318422065560883e-04
1.022628091649385729e+00 3.005960322787047537e-04
1.023663611969014342e+00 2.749823973616827874e-04
1.024701231564543180e+00 2.622761880351768735e-04
1.025740956826137751e+00 2.580719019566526115e-04
1.026782794169925461e+00 2.520344429487085753e-04
1.027826750038127512e+00 2.379642301575259186e-04
1.028872830899191015e+00 2.189714077093372262e-04
1.029921043247924217e+00 2.028726501638380151e-04
1.030971393605629727e+00 1.935551478744764570e-04
1.032023888520239074e+00 1.879039977271458356e-04
1.033078534566450379e+00 1.810003766729798708e-04
1.034135338345864685e+00 1.728182810121372094e-04
1.035194306487123406e+00 1.683954210407981225e-04
1.036255445646046214e+00 1.715694838119046525e-04
1.037318762505772041e+00 1.801543971581906359e-04
1.038384263776899186e+00 1.886690114893175868e-04
1.039451956197624982e+00 1.954745329935019872e-04
1.040521846533889461e+00 2.054575823225195043e-04
1.041593941579517235e+00 2.243326023458885464e-04
1.042668248156361388e+00 2.508094045167514252e-04
1.043744773114449576e+00 2.762300458873840920e-04
1.044823523332127468e+00 2.931931748227550915e-04
1.045904505716207300e+00 3.039226746484072705e-04
1.046987727202113083e+00 3.183395571303970491e-04
1.048073194754030490e+00 3.427998771393671296e-04
1.049160915365056512e+00 3.713985514650890857e-04
1.050250896057348005e+00 3.899432460738491940e-04
1.051343143882273568e+00 3.893114451835824217e-04
1.052437665920566756e+00 3.743616819290480359e-04
1.053534469282476405e+00 3.588491191947685362e-04
1.054633561107923834e+00 3.517033391619275775e-04
1.055734948566654730e+00 3.493096006680416316e-04
1.056838638858397461e+00 3.416930156082676720e-04
1.057944639213018956e+00 3.250659569948598552e-04
1.059052956890681685e+00 3.062670548742344834e-04
1.060163599182004424e+00 2.939753947426194816e-04
1.061276573408220347e+00 2.869959612562663839e-04
1.062391886921339124e+00 2.735904060354695574e-04
1.063509547104308117e+00 2.435660213926142074e-04
1.064629561371175814e+00 2.001505018276370754e-04
1.065751937167255692e+00 1.583170071789284270e-04
1.066876681969289642e+00 1.309168580051483664e-04
1.068003803285616504e+00 1.173825466662717750e-04
1.069133308656337933e+00 1.067977743448168381e-04
1.070265205653486040e+00 9.113680353680811235e-05
1.071399501881193483e+00 7.353710754943833315e-05
1.072536204975863550e+00 6.282272976289548757e-05
1.073675322606340687e+00 6.153434898592621426e-05
1.074816862474084367e+00 6.184413723775459366e-05
1.075960832313341831e+00 5.397165176086684993e-05
1.077107239891321955e+00 3.697359202234609725e-05
1.078256093008373107e+00 1.962771776795082910e-05
1.079407399498158338e+00 1.173235471319096786e-05
1.080561167227833907e+00 1.755455362296522552e-05
1.081717404098229363e+00 3.888533222006010777e-05
1.082876118044025615e+00 8.068907742560085577e-05
1.084037317033939463e+00 1.472610057260398256e-04
1.085201009070903666e+00 2.300120492389144385e-04
1.086367202192252357e+00 3.039660065768583848e-04
1.087535904469905113e+00 3.456645415054914643e-04
1.088707124010554139e+00 3.598221769777787166e-04
1.089880868955851678e+00 3.840460737001024196e-04
1.091057147482596967e+00 4.571314738940571317e-04
1.092235967802928087e+00 5.767850719565321103e-04
1.093417338164512698e+00 6.933377484904444622e-04
1.094601266850739218e+00 7.560345248508930447e-04
1.095787762180911562e+00 7.708856548281695694e-04
1.096976832510444533e+00 8.057018195664342793e-04
1.098168486231057672e+00 9.242847042496115783e-04
1.099362731770975099e+00 1.109355693544673317e-03
1.100559577595122907e+00 1.259936903966803233e-03
1.101759032205329447e+00 1.283198784804464839e-03
1.102961104140527171e+00 1.199343622577635996e-03
1.104165801976954020e+00 1.147423618884699193e-03
1.105373134328358153e+00 1.266521502236743349e-03
1.106583109846204671e+00 1.555602952248566788e-03
1.107795737219878562e+00 1.854093639736087472e-03
1.109011025176896759e+00 1.979578437534033810e-03
1.110228982483114857e+00 1.901842826311815789e-03
1.111449617942938950e+00 1.782444934584053158e-03
1.112672940399537902e+00 1.829393817811131437e-03
1.113898958735056066e+00 2.098676165859604970e-03
1.115127681870829113e+00 2.436081250850128093e-03
1.116359118767599856e+00 2.622630948171506080e-03
1.117593278425736525e+00 2.586600793962411538e-03
1.118830169885452142e+00 2.474941110623963148e-03
1.120069802227023681e+00 2.512553656894425842e-03
1.121312184571016779e+00 2.787097296501037796e-03
1.122557326078507778e+00 3.169633320174934134e-03
1.123805235951309101e+00 3.444449340370260224e-03
1.125055923432196403e+00 3.515337914738631084e-03
1.126309397805136392e+00 3.488893181519452536e-03
1.127565668395516196e+00 3.567962768899806281e-03
1.128824744570375849e+00 3.874047881323051251e-03
1.130086635738639655e+00 4.365696140637141329e-03
1.131351351351351786e+00 4.899598499906967185e-03
1.132618900901910530e+00 5.341844722435537714e-03
1.133889293926308328e+00 5.628591846909785854e-03
1.135162540003368692e+00 5.776472148037674510e-03
1.136438648754988678e+00 5.899392830704785172e-03
1.137717629846379364e+00 6.219507846228771071e-03
1.138999492986310980e+00 6.977211684169219198e-03
1.140284247927358940e+00 8.215416222155248749e-03
1.141571904466151421e+00 9.615455453114801071e-03
1.142862472443615607e+00 1.064508108740204462e-02
1.144155961745232597e+00 1.103969092500769501e-02
1.145452382301286098e+00 1.123011117194708079e-02
1.146751744087119329e+00 1.220585892121144392e-02
1.148054057123389038e+00 1.474145324059941177e-02
1.149359331476323076e+00 1.860809178970295949e-02
1.150667577257981966e+00 2.262267748991700703e-02
1.151978804626517139e+00 2.573540564728622748e-02
1.153293023786435612e+00 2.829086600407948113e-02
1.154610244988864443e+00 3.217617836782998147e-02
1.155930478531816519e+00 3.942135878239193258e-02
1.157253734760460562e+00 5.033923824021833970e-02
1.158580024067389136e+00 6.302123251988719921e-02
1.159909356892892207e+00 7.499948270645424853e-02
1.161241743725231146e+00 8.583152494223887652e-02
1.162577195100914507e+00 9.816966760821820015e-02
1.163915721604974030e+00 1.159180968316875504e-01
1.165257333871246859e+00 1.406973320898922686e-01
1.166602042582655763e+00 1.696847204584069069e-01
1.167949858471492242e+00 1.970592717327555032e-01
1.169300792319704074e+00 2.182088460191461410e-01
1.170654854959180424e+00 2.332284818999755260e-01
1.172012057272042496e+00 2.465713862268478496e-01
1.173372410190935078e+00 2.629436269124935110e-01
1.174735924699320311e+00 2.828728354255538036e-01
1.176102611831772782e+00 3.017821153100938569e-01
1.177472482674276621e+00 3.133964499756509703e-01
1.178845548364527041e+00 3.145403817276968272e-01
1.180221820092230534e+00 3.072265665647143096e-01
1.181601309099409969e+00 2.963972911550255551e-01
1.182984026680709455e+00 2.854986929226422943e-01
1.184369984183703650e+00 2.738127094982024112e-01
1.185759193009207957e+00 2.576990782954966530e-01
1.187151664611590940e+00 2.343729027359567618e-01
1.188547410499089185e+00 2.047793995692865909e-01
1.189946442234124380e+00 1.732130027087996071e-01
1.191348771433622389e+00 1.443228019021799702e-01
1.192754409769335444e+00 1.202477914903906375e-01
1.194163368968164995e+00 1.001249796235063189e-01
1.195575660812489227e+00 8.189628006467827848e-02
1.196991297140489019e+00 6.447536674877697715e-02
1.198410289846482346e+00 4.845170388100345643e-02
1.199832650881253571e+00 3.514207744141423229e-02
1.201258392252391616e+00 2.523379737931032152e-02
1.202687526024627029e+00 1.828991409418195477e-02
1.204120064320171712e+00 1.330075567215956676e-02
1.205556019319062866e+00 9.499898676386982557e-03
1.206995403259507160e+00 6.658438312941433214e-03
1.208438228438228679e+00 4.784710209940701287e-03
1.209884507210819304e+00 3.731506376234948897e-03
1.211334251992091549e+00 3.139807457347475531e-03
1.212787475256433600e+00 2.675414034675449235e-03
1.214244189538165930e+00 2.222420788010904050e-03
1.215704407431904555e+00 1.835093668829877213e-03
1.217168141592920527e+00 1.560796474094853798e-03
1.218635404737508310e+00 1.355288362787195316e-03
1.220106209643353035e+00 1.149913631509097423e-03
1.221580569149900652e+00 9.422371165999016748e-04
1.223058496158732300e+00 7.867055435119072035e-04
1.224540003633941110e+00 7.124479851730368494e-04
1.226025104602510574e+00 6.837272272501780613e-04
1.227513812154696238e+00 6.485358802007911566e-04
1.229006139444410728e+00 6.031471796942335095e-04
1.230502099689611217e+00 5.881882872044534843e-04
1.232001706172689337e+00 6.280638444078373746e-04
1.233504972240863973e+00 6.975695971380376816e-04
1.235011911306579169e+00 7.579194088003605523e-04
1.236522536847899145e+00 8.109037036382122287e-04
1.238036862408915750e+00 8.978151929078660547e-04
1.239554901600147252e+00 1.044233112419791455e-03
1.241076668098950453e+00 1.223310510039269739e-03
1.242602175649929475e+00 1.386569927448116826e-03
1.244131438065349871e+00 1.524074487881542286e-03
1.245664469225556070e+00 1.677279761167837146e-03
1.247201283079390599e+00 1.886867146847891023e-03
1.248741893644617740e+00 2.139616855094731134e-03
1.250286315008348526e+00 2.380097354944100442e-03
1.251834561327472173e+00 2.572890386481094943e-03
1.253386646829087070e+00 2.739396808621193287e-03
1.254942585810936651e+00 2.926072447519393119e-03
1.256502392641849708e+00 3.145813396238038816e-03
1.258066081762180266e+00 3.365928950959233470e-03
1.259633667684256775e+00 3.555661835254173876e-03
1.261205164992826644e+00 3.731319594372850285e-03
1.262780588345512767e+00 3.940703892135324210e-03
1.264359952473266491e+00 4.205197155887111307e-03
1.265943272180827917e+00 4.490984003101225822e-03
1.267530562347188416e+00 4.744370029363817291e-03
1.269121837926056262e+00 4.946671326421054823e-03
1.270717113946326693e+00 5.121725334680984031e-03
1.272316405512554427e+00 5.291218242271126214e-03
1.273919727805431723e+00 5.440173050089514538e-03
1.275527096082266221e+00 5.540869998195226478e-03
1.277138525677468550e+00 5.604980860925120115e-03
1.278754032003035945e+00 5.691231377821665167e-03
1.280373630549046959e+00 5.847353155376534134e-03
1.281997336884154626e+00 6.049970067181147798e-03
1.283625166656085392e+00 6.217324242189545096e-03
1.285257135592143163e+00 6.287361412219890158e-03
1.286893259499713782e+00 6.274364637178222667e-03
1.288533554266777292e+00 6.239296858868954333e-03
1.290178035862421080e+00 6.210226289544544705e-03
1.291826720337358791e+00 6.149496253601552040e-03
1.293479623824451474e+00 6.009023486092210375e-03
1.295136762539235153e+00 5.807712662244834088e-03
1.296798152780450408e+00 5.634041849038829916e-03
1.298463810930576168e+00 5.562323688367376215e-03
1.300133753456369723e+00 5.574082802907239127e-03
1.301807996909407183e+00 5.574435216095655239e-03
1.303486557926632816e+00 5.487167262735436098e-03
1.305169453230908161e+00 5.324231357471809548e-03
1.306856699631568919e+00 5.156972121920400109e-03
1.308548314024982284e+00 5.028982394013465501e-03
1.310244313395114046e+00 4.912773058502587810e-03
1.311944714814093915e+00 4.755334202768614349e-03
1.313649535442791283e+00 4.552524296201491787e-03
1.315358792531390542e+00 4.362610699883550693e-03
1.317072503419972618e+00 4.245091050775991366e-03
1.318790685539104057e+00 4.198156066233165416e-03
1.320513356410423889e+00 4.165058549951312049e-03
1.322240533647243588e+00 4.096007296639821681e-03
1.323972234955143712e+00 3.991064039891139767e-03
1.325708478132581636e+00 3.880128894098957247e-03
1.327449281071499065e+00 3.774475349342667867e-03
1.329194661757938434e+00 3.653341216069304429e-03
1.330944638272661518e+00 3.498399988926662908e-03
1.332699228791773827e+00 3.326909955411010578e-03
1.334458451587354100e+00 3.178506628486048140e-03
1.336222325028088243e+00 3.071904319450136783e-03
1.337990867579908816e+00 2.986278482772065576e-03
1.339764097806639853e+00 2.889834046618266952e-03
1.341542034370645897e+00 2.777950994529738461e-03
1.343324696033486365e+00 2.672384826559359022e-03
1.345112101656576797e+00 2.584352166870923159e-03
1.346904270201851883e+00 2.491609393281698104e-03
1.348701220732439365e+00 2.362117485909726901e-03
1.350502972413332614e+00 2.196520690585160220e-03
1.352309544512072970e+00 2.035200890052462318e-03
1.354120956399437636e+00 1.917687252691501138e-03
1.355937227550130908e+00 1.841184597428011625e-03
1.357758377543482942e+00 1.767420171867224677e-03
1.359584426064151641e+00 1.669131401138658011e-03
1.361415392902835197e+00 1.560178694380377155e-03
1.363251297956981967e+00 1.474218660936450114e-03
1.365092161231516998e+00 1.419773178036056642e-03
1.366938002839564792e+00 1.367237603516385618e-03
1.368788843003182043e+00 1.283125352310084295e-03
1.370644702054098385e+00 1.169284125767165597e-03
1.372505600434458239e+00 1.060130164178341118e-03
1.374371558697573326e+00 9.828813545142156289e-04
1.376242597508678944e+00 9.293641607414038176e-04
1.378118737645695591e+00 8.711389521499927815e-04
1.380000000000000115e+00 7.959819452348296112e-04
