9.400000000000000577e-01 2.453877864109259548e-03
9.409393893968921452e-01 2.635753836486228168e-03
9.418806582303805852e-01 2.741285446767318442e-03
9.428238121463976551e-01 2.700942632489186906e-03
9.437688568135116363e-01 2.571661753709595429e-03
9.447157979230422775e-01 2.449702054604545494e-03
9.456646411891730386e-01 2.366931254078422434e-03
9.466153923490674416e-01 2.300030116903958519e-03
9.475680571629848670e-01 2.247335697192553300e-03
9.485226414143957951e-01 2.245339879878962067e-03
9.494791509100992677e-01 2.305045303729120771e-03
9.504375914803412373e-01 2.368988703031683907e-03
9.513979689789319183e-01 2.355933115153645459e-03
9.523602892833662459e-01 2.239988106567651453e-03
9.533245582949424479e-01 2.072393512815642446e-03
9.542907819388841695e-01 1.929434991562859652e-03
9.552589661644599328e-01 1.849071236122775286e-03
9.562291169451074824e-01 1.816679851779178737e-03
9.572012402785543550e-01 1.799662792103571152e-03
9.581753421869436682e-01 1.783053074688684646e-03
9.591514287169560227e-01 1.766779788589184410e-03
9.601295059399379550e-01 1.737169376998086391e-03
9.611095799520238403e-01 1.661921065628362134e-03
9.620916568742655661e-01 1.528075503845177435e-03
9.630757428527590980e-01 1.375824706507494319e-03
9.640618440587722660e-01 1.271597263590687433e-03
9.650499666888742167e-01 1.241134662446505277e-03
9.660401169650644215e-01 1.245827948937478858e-03
9.670323011349047926e-01 1.234412820066066105e-03
9.680265254716495793e-01 1.199883673602354563e-03
9.690227962743785950e-01 1.166820631265354929e-03
9.700211198681296665e-01 1.137772721059472332e-03
9.710215026040325270e-01 1.085091746668578145e-03
9.720239508594434863e-01 1.000068621087984218e-03
9.730284710380820989e-01 9.204475448348066295e-04
9.740350695701649464e-01 8.899394770837077903e-04
9.750437529125459690e-01 9.063497289045280769e-04
9.760545275488521355e-01 9.298373909853237425e-04
9.770673999896229978e-01 9.328619014487111397e-04
9.780823767724511342e-01 9.200071216926341893e-04
9.790994644621223708e-01 9.016844467014229576e-04
9.801186696507572238e-01 8.728433958091114976e-04
9.811399989579534520e-01 8.269976147429861134e-04
9.821634590309289425e-01 7.755538620664586972e-04
9.831890565446665953e-01 7.402989944159841466e-04
9.842167982020593175e-01 7.325076701604196425e-04
9.852466907340553526e-01 7.459074216532925487e-04
9.862787408998062721e-01 7.630944898621669662e-04
9.873129554868138591e-01 7.629455031432772665e-04
9.883493413110796544e-01 7.309910514658714492e-04
9.893879052172542821e-01 6.728455709347060196e-04
9.904286540787881066e-01 6.122965516938301805e-04
9.914715947980835553e-01 5.672242839424534956e-04
9.925167343066464420e-01 5.326282631127070202e-04
9.935640795652402879e-01 4.963181390456707434e-04
9.946136375640415306e-01 4.630651170063298356e-04
9.956654153227937343e-01 4.470525606924305559e-04
9.967194198909649083e-01 4.436773038316856824e-04
9.977756583479046038e-01 4.288239729857442717e-04
9.988341378030024531e-01 3.913273640206284352e-04
9.998948653958475985e-01 3.489600448957385411e-04
1.000957848296390784e+00 3.226329609776464134e-04
1.002023093705102896e+00 3.094361434572607834e-04
1.003090608853140164e+00 2.945971322837184422e-04
1.004160401002506475e+00 2.781358551301498427e-04
1.005232477446217798e+00 2.715825911700223074e-04
1.006306845508470271e+00 2.739433818164213781e-04
1.007383512544802739e+00 2.699060151208590333e-04
1.008462485942269726e+00 2.523965605088911461e-04
1.009543773119605525e+00 2.305292171407863236e-04
1.010627381527397617e+00 2.120909386731442692e-04
1.011713318648256532e+00 1.932523153087925972e-04
1.012801591996988160e+00 1.711850531404278440e-04
1.013892209120766719e+00 1.528899275430861942e-04
1.014985177599310173e+00 1.431300108781838993e-04
1.016080505045054760e+00 1.351000412516714351e-04
1.017178199103332847e+00 1.224243636249560654e-04
1.018278267452549457e+00 1.102392848212513816e-04
1.019380717804363234e+00 1.040038882003104062e-04
1.020485557903864082e+00 9.703074684195462393e-05
1.021592795529756348e+00 8.191417724741284826e-05
1.022702438494542010e+00 6.640349965635106470e-05
1.023814494644701867e+00 6.316781790083305303e-05
1.024928971860882942e+00 6.937438643577654312e-05
1.026045878058083227e+00 7.229281741284111404e-05
1.027165221185839972e+00 7.123209245562631023e-05
1.028287009228417093e+00 7.606382713451266292e-05
1.029411250204996575e+00 8.533575471378792015e-05
1.030537952169868099e+00 8.564426567980313102e-05
1.031667123212622439e+00 7.520329270610558777e-05
1.032798771458344866e+00 6.787350469830970724e-05
1.033932905067808772e+00 6.833443531193835146e-05
1.035069532237673950e+00 6.396527070313108251e-05
1.036208661200682224e+00 4.950185368771585438e-05
1.037350300225857946e+00 3.747052086722924967e-05
1.038494457618706290e+00 3.263499885742821970e-05
1.039641141721415751e+00 2.165608114896378698e-05
1.040790360913060431e+00 6.412968822163210576e-06
1.041942123609804538e+00 1.908540422631570710e-05
1.043096438265108228e+00 7.393752028445863033e-05
1.044253313369932989e+00 1.299133399351799951e-04
1.045412757452950592e+00 1.431862617364618574e-04
1.046574779080753803e+00 1.369320017188877100e-04
1.047739386858064892e+00 1.641715565522140210e-04
1.048906589427950786e+00 2.117193925722448094e-04
1.050076395472034907e+00 2.112490453802162911e-04
1.051248813710712993e+00 1.554247243422718534e-04
1.052423852903370260e+00 1.232844393397418404e-04
1.053601521848598566e+00 1.542100756678871875e-04
1.054781829384417113e+00 1.785530251323074185e-04
1.055964784388493172e+00 1.402889423599552020e-04
1.057150395778364116e+00 1.120927551578617765e-04
1.058338672511661915e+00 1.834468358723340814e-04
1.059529623586338731e+00 2.887639687360791336e-04
1.060723258040894512e+00 2.908099414182128625e-04
1.061919584954604590e+00 2.259305079266294943e-04
1.063118613447750382e+00 2.966800464539717038e-04
1.064320352681851656e+00 5.643486203946194643e-04
1.065524811859899446e+00 8.159178820095117470e-04
1.066732000226590316e+00 8.622500754997958206e-04
1.067941927068564389e+00 8.325927333391726446e-04
1.069154601714642716e+00 9.852532621751326856e-04
1.070370033536065524e+00 1.304358229846691629e-03
1.071588231946736469e+00 1.518113264928027187e-03
1.072809206403463778e+00 1.520881434581783940e-03
1.074032966406205380e+00 1.529827486552843684e-03
1.075259521498315607e+00 1.731017180167433766e-03
1.076488881266792541e+00 2.004826703405044631e-03
1.077721055342528489e+00 2.188739908300452956e-03
1.078956053400561554e+00 2.424150579450620648e-03
1.080193885160328104e+00 2.955410940940721067e-03
1.081434560385918564e+00 3.659732444789834914e-03
1.082678088886333434e+00 4.114244176972223742e-03
1.083924480515742861e+00 4.209749781540381500e-03
1.085173745173745319e+00 4.395596008118087678e-03
1.086425892805630955e+00 5.092932035549298415e-03
1.087680933402645378e+00 6.047246650918170971e-03
1.088938877002255445e+00 6.560776854240555830e-03
1.090199733688415273e+00 6.362265512057548901e-03
1.091463513591838908e+00 6.009199530023034801e-03
1.092730226890268552e+00 6.321548362313834935e-03
1.093999883808749241e+00 7.514568280359849167e-03
1.095272494619903503e+00 8.963442708058121100e-03
1.096548069644208923e+00 9.786196523115443802e-03
1.097826619250277025e+00 9.656903700094088272e-03
1.099108153855133274e+00 9.116546881850116912e-03
1.100392683924501958e+00 9.081900694802465951e-03
1.101680219973088404e+00 9.955698477370090310e-03
1.102970772564868529e+00 1.121712077779024944e-02
1.104264352313375941e+00 1.201489222178548158e-02
1.105560969881993927e+00 1.220760458062405268e-02
1.106860635984247443e+00 1.268381232491449205e-02
1.108163361384099321e+00 1.454843207383143405e-02
1.109469156896247144e+00 1.806132924906576551e-02
1.110778033386421226e+00 2.245065015256987248e-02
1.112090001771688375e+00 2.670398192151446706e-02
1.113405073020753200e+00 3.053140438787799865e-02
1.114723258154264984e+00 3.476245948730807833e-02
1.116044568245125435e+00 4.093886188341672172e-02
1.117369014418797768e+00 5.025144658847543327e-02
1.118696607853620906e+00 6.251582152645307477e-02
1.120027359781121667e+00 7.636729952413690015e-02
1.121361281486333406e+00 9.106211491859429741e-02
1.122698384308114417e+00 1.082038711048591839e-01
1.124038679639467686e+00 1.309360264194903978e-01
1.125382178927867294e+00 1.606469073065105446e-01
1.126728893675581933e+00 1.946456801584893759e-01
1.128078835440004646e+00 2.279508186949066040e-01
1.129432015833983005e+00 2.578088321051998366e-01
1.130788446526151514e+00 2.860950002606951204e-01
1.132148139241267337e+00 3.168447548948116199e-01
1.133511105760548920e+00 3.514975361815670385e-01
1.134877357922015273e+00 3.867173442806750572e-01
1.136246907620829250e+00 4.165750304683961125e-01
1.137619766809641719e+00 4.364615681256320268e-01
1.138995947498941508e+00 4.451152544465606931e-01
1.140375461757403563e+00 4.437081876631060462e-01
1.141758321712241564e+00 4.336695735539614072e-01
1.143144539549566074e+00 4.154394023913883793e-01
1.144534127514738930e+00 3.889868759705516488e-01
1.145927097912736503e+00 3.552342816504932554e-01
1.147323463108511632e+00 3.167616643407673571e-01
1.148723235527359110e+00 2.769092948530675891e-01
1.150126427655286054e+00 2.380793636810767389e-01
1.151533052039381166e+00 2.009617860875701767e-01
1.152943121288189765e+00 1.654081700891284756e-01
1.154356648072089708e+00 1.318353411118301788e-01
1.155773645123672866e+00 1.015824847432926226e-01
1.157194125238124593e+00 7.604210686564030763e-02
1.158618101273611201e+00 5.574467116400513844e-02
1.160045586151666530e+00 4.030325804792356942e-02
1.161476592857583645e+00 2.893709188470972027e-02
1.162911134440807848e+00 2.085283096718145920e-02
1.164349224015334361e+00 1.530612308267322377e-02
1.165790874760106455e+00 1.161441235121554554e-02
1.167236099919419789e+00 9.224254818547307500e-03
1.168684912803326537e+00 7.709619012361886708e-03
1.170137326788044385e+00 6.706656542856758753e-03
1.171593355316369101e+00 5.927231930211187411e-03
1.173053011898087528e+00 5.237593111342727162e-03
1.174516310110397477e+00 4.642374710993605463e-03
1.175983263598326500e+00 4.161007142052892439e-03
1.177453886075157996e+00 3.759632539331513208e-03
1.178928191322857311e+00 3.400495474599078694e-03
1.180406193192502950e+00 3.086689492320422810e-03
1.181887905604719791e+00 2.825752379767762328e-03
1.183373342550116281e+00 2.594127604193105160e-03
1.184862518089724981e+00 2.367530546874600794e-03
1.186355446355446208e+00 2.151346700023444754e-03
1.187852141550495011e+00 1.953837825342914607e-03
1.189352617949851476e+00 1.760531710787824290e-03
1.190856889900714588e+00 1.563052646927961826e-03
1.192364971822959419e+00 1.385650243416918339e-03
1.193876878209598535e+00 1.252300342726163666e-03
1.195392623627245632e+00 1.147999232473084210e-03
1.196912222716583152e+00 1.041820486900125629e-03
1.198435690192833913e+00 9.309981110785382329e-04
1.199963040846237394e+00 8.328203844210036681e-04
1.201494289542525351e+00 7.472249295214723796e-04
1.203029451223407653e+00 6.587751888700463460e-04
1.204568540907055452e+00 5.677064158113362792e-04
1.206111573688592786e+00 4.896734946703569080e-04
1.207658564740589080e+00 4.283304792693417564e-04
1.209209529313555631e+00 3.739389250579502541e-04
1.210764482736449654e+00 3.265333873670379678e-04
1.212323440417176323e+00 2.958754367572552762e-04
1.213886417843099474e+00 2.795337013076734417e-04
1.215453430581552974e+00 2.645651498033668942e-04
1.217024494280359415e+00 2.511296531071106571e-04
1.218599624668349257e+00 2.523464175389600848e-04
1.220178837555886631e+00 2.704348877371493139e-04
1.221762148835398687e+00 2.951320393420462556e-04
1.223349574481907398e+00 3.266181904425573767e-04
1.224941130553568014e+00 3.774587252393466624e-04
1.226536833192210185e+00 4.502149542659942367e-04
1.228136698623883305e+00 5.360654465858847662e-04
1.229740743159407179e+00 6.368070711271084112e-04
1.231348983194925806e+00 7.621459884759472416e-04
1.232961435212466483e+00 9.020251958833869687e-04
1.234578115780502472e+00 1.031294049593237377e-03
1.236199041554519873e+00 1.149823086875132860e-03
1.237824229277591614e+00 1.287209766592014139e-03
1.239453695780951881e+00 1.455510640497405901e-03
1.241087457984577869e+00 1.629927677196798836e-03
1.242725532897776208e+00 1.794802939442481562e-03
1.244367937619771158e+00 1.975083978491917573e-03
1.246014689340303239e+00 2.193584253100431397e-03
1.247665805340224310e+00 2.424373443273389415e-03
1.249321302992104865e+00 2.621884897801236240e-03
1.250981199760845097e+00 2.775857959716691598e-03
1.252645513204283967e+00 2.905384394404773168e-03
1.254314260973822925e+00 3.020444671578856061e-03
1.255987460815046974e+00 3.128100650662643967e-03
1.257665130568356382e+00 3.257506118970895492e-03
1.259347288169597956e+00 3.431160551218653994e-03
1.261033951650706531e+00 3.620564787320843664e-03
1.262725139140347563e+00 3.778248012101862157e-03
1.264420868864567282e+00 3.907443784513966838e-03
1.266121159147448383e+00 4.045576459263585875e-03
1.267826028411768391e+00 4.178435893239899890e-03
1.269535495179667128e+00 4.236473373705921391e-03
1.271249578073313957e+00 4.198172081489627561e-03
1.272968295815588569e+00 4.137330194009780290e-03
1.274691667230758885e+00 4.131596871359041745e-03
1.276419711245170507e+00 4.172810461373516536e-03
1.278152446887938609e+00 4.208160732183201073e-03
1.279889893291646930e+00 4.223009257015032311e-03
1.281632069693051212e+00 4.229465887396641373e-03
1.283378995433789971e+00 4.209370474428077158e-03
1.285130689961100359e+00 4.131905325899476629e-03
1.286887172828538262e+00 4.009464882323336699e-03
1.288648463696708601e+00 3.878028840382386887e-03
1.290414582333995863e+00 3.736388304713104784e-03
1.292185548617306168e+00 3.565416355250533489e-03
1.293961382532811122e+00 3.397695040279710612e-03
1.295742104176701437e+00 3.297404383285929344e-03
1.297527733755942991e+00 3.262880564539520287e-03
1.299318291589042884e+00 3.215961958973645972e-03
1.301113798106819486e+00 3.108048286016589293e-03
1.302914273853179372e+00 2.975589225282802234e-03
1.304719739485900254e+00 2.863823211426691408e-03
1.306530215777423010e+00 2.756936301556179528e-03
1.308345723615646605e+00 2.625209215708503453e-03
1.310166284004731230e+00 2.489166075094032676e-03
1.311991918065909646e+00 2.385156661182746829e-03
1.313822647038303204e+00 2.305486276745377736e-03
1.315658492279745628e+00 2.224942111906302086e-03
1.317499475267613462e+00 2.154717654808810477e-03
1.319345617599663623e+00 2.113776858050637423e-03
1.321196940994878277e+00 2.071600456652703329e-03
1.323053467294316166e+00 1.980989384187148081e-03
1.324915218461971467e+00 1.854696806893909190e-03
1.326782216585640661e+00 1.748873435011717150e-03
1.328654483877796055e+00 1.675970975408748280e-03
1.330532042676464410e+00 1.595294431219681629e-03
1.332414915446119119e+00 1.492284235855492877e-03
1.334303124778573046e+00 1.403981995005496508e-03
1.336196693393883583e+00 1.350674067144953068e-03
1.338095644141263474e+00 1.300381639730976936e-03
1.340000000000000080e+00 1.225485445088004112e-03
