1.380000000000000115e+00 5.070660867061952022e-03
1.381037945169418579e+00 4.984208813204890967e-03
1.382077452862143119e+00 4.894558451200998681e-03
1.383118526609167454e+00 4.814482847704779772e-03
1.384161169952131898e+00 4.751003598073435565e-03
1.385205386443363107e+00 4.703030389155897148e-03
1.386251179645917597e+00 4.662057253844697699e-03
1.387298553133618162e+00 4.615655262090436785e-03
1.388347510491097170e+00 4.552486937289149625e-03
1.389398055313836089e+00 4.467007149476462727e-03
1.390450191208209008e+00 4.362111592856958084e-03
1.391503921791519938e+00 4.248716492119664068e-03
1.392559250692048112e+00 4.142347569842720102e-03
1.393616181549087285e+00 4.057894261084204861e-03
1.394674718012988590e+00 4.004362034734022975e-03
1.395734863745201837e+00 3.981487242400513424e-03
1.396796622418318146e+00 3.979448734177570314e-03
1.397859997716113023e+00 3.981836782006190588e-03
1.398924993333587663e+00 3.970899188764339185e-03
1.399991612977012023e+00 3.933279048262883736e-03
1.401059860363969234e+00 3.864274182683074405e-03
1.402129739223397342e+00 3.769152723643340568e-03
1.403201253295632611e+00 3.661078113862900347e-03
1.404274406332453928e+00 3.556374033856231787e-03
1.405349202097126327e+00 3.468783079419672250e-03
1.406425644364444505e+00 3.404718814247277396e-03
1.407503736920777238e+00 3.361158062665137343e-03
1.408583483564113337e+00 3.326893046204196756e-03
1.409664888104103619e+00 3.286686556183229715e-03
1.410747954362106871e+00 3.226859877489856709e-03
1.411832686171235585e+00 3.140346613074091082e-03
1.412919087376399707e+00 3.029437735360622930e-03
1.414007161834353932e+00 2.905254173796795441e-03
1.415096913413741664e+00 2.784126886867503096e-03
1.416188345995141429e+00 2.682139676333739498e-03
1.417281463471112612e+00 2.609722326036633972e-03
1.418376269746243867e+00 2.568153733383465604e-03
1.419472768737196189e+00 2.549161624111471146e-03
1.420570964372751543e+00 2.537727421026867054e-03
1.421670860593860386e+00 2.517101096900926406e-03
1.422772461353686513e+00 2.474285462945413454e-03
1.423875770617657244e+00 2.404116765609682401e-03
1.424980792363509385e+00 2.310585946996124296e-03
1.426087530581336749e+00 2.205022300408743079e-03
1.427195989273638999e+00 2.101850684584137801e-03
1.428306172455369394e+00 2.013453661913241349e-03
1.429418084153984081e+00 1.945940368673962188e-03
1.430531728409489389e+00 1.897261571577601568e-03
1.431647109274492458e+00 1.858255348438378040e-03
1.432764230814248751e+00 1.816170099755394680e-03
1.433883097106711801e+00 1.759358637353106202e-03
1.435003712242585383e+00 1.681463412422978376e-03
1.436126080325368815e+00 1.583637819673371213e-03
1.437250205471410247e+00 1.474077729615559012e-03
1.438376091809956625e+00 1.365101308278877544e-03
1.439503743483203646e+00 1.268868107504540462e-03
1.440633164646345943e+00 1.193272829150935190e-03
1.441764359467629930e+00 1.139439973954279326e-03
1.442897332128403765e+00 1.101637694709363749e-03
1.444032086823168859e+00 1.069552750854242586e-03
1.445168627759631841e+00 1.032042263454404068e-03
1.446306959158757177e+00 9.809932381259173044e-04
1.447447085254818688e+00 9.139380695768194477e-04
1.448589010295451951e+00 8.345696706132021882e-04
1.449732738541708033e+00 7.510794923105429009e-04
1.450878274268105006e+00 6.730163252747034617e-04
1.452025621762682572e+00 6.078561726085724435e-04
1.453174785327054908e+00 5.585181077462920670e-04
1.454325769276464397e+00 5.226601833850472601e-04
1.455478577939836260e+00 4.939067402033573860e-04
1.456633215659831393e+00 4.644535621109016415e-04
1.457789686792902328e+00 4.280277163367748774e-04
1.458947995709348078e+00 3.821055505445500951e-04
1.460108146793368311e+00 3.286239372412594838e-04
1.461270144443118202e+00 2.730154420363015925e-04
1.462433993070765936e+00 2.220254862831869927e-04
1.463599697102547115e+00 1.811914094562199948e-04
1.464767260978820484e+00 1.529324802931438171e-04
1.465936689154125894e+00 1.359299100773999345e-04
1.467107986097239580e+00 1.259214947774884869e-04
1.468281156291231904e+00 1.175163414187154203e-04
1.469456204233524188e+00 1.062652352285371152e-04
1.470633134435946010e+00 9.017905371053072487e-05
1.471811951424792930e+00 7.015820750470700860e-05
1.472992659740884891e+00 4.925969533691172377e-05
1.474175263939625502e+00 3.119208304110593556e-05
1.475359768591056886e+00 1.870787756438057486e-05
1.476546178279924515e+00 1.255432729350821217e-05
1.477734497605730057e+00 1.136514015947924311e-05
1.478924731182795771e+00 1.245442671544090030e-05
1.480116883640321124e+00 1.309265333797077308e-05
1.481310959622443857e+00 1.166292401029240110e-05
1.482506963788301046e+00 8.186131654968098638e-06
1.483704900812088612e+00 4.018942292593227429e-06
1.484904775383122377e+00 9.250213049486370104e-07
1.486106592205900467e+00 1.761359005739138878e-08
1.487310356000162148e+00 1.133348610250593805e-06
1.488516071500952664e+00 2.989685975346534297e-06
1.489723743458683636e+00 4.090278687025818323e-06
1.490933376639194785e+00 3.949226431379735118e-06
1.492144975823818998e+00 3.994504960960934137e-06
1.493358545809442495e+00 7.598604334394161937e-06
1.494574091408571226e+00 1.905674280569298409e-05
1.495791617449391042e+00 4.184216664342937204e-05
1.497011128775834976e+00 7.688721247189271146e-05
1.498232630247643860e+00 1.217571459538265054e-04
1.499456126740435380e+00 1.713034979100851337e-04
1.500681623145764476e+00 2.197772176236608116e-04
1.501909124371191728e+00 2.636808840834962671e-04
1.503138635340346418e+00 3.041513314407286043e-04
1.504370160992995142e+00 3.476476950666846830e-04
1.505603706285105536e+00 4.042632728374443438e-04
1.506839276188913113e+00 4.839375611564205779e-04
1.508076875692990093e+00 5.918668946638465074e-04
1.509316509802310025e+00 7.250617031292217731e-04
1.510558183538316390e+00 8.719252114260583669e-04
1.511801901938989889e+00 1.015829632424073174e-03
1.513047670058918159e+00 1.142168194737118404e-03
1.514295492969362389e+00 1.246779349073002868e-03
1.515545375758326152e+00 1.342610731475120433e-03
1.516797323530626906e+00 1.461536048890246060e-03
1.518051341407961941e+00 1.649534630772470523e-03
1.519307434528981204e+00 1.955698305742503435e-03
1.520565608049356365e+00 2.418023512314180275e-03
1.521825867141850752e+00 3.050746188282138591e-03
1.523088216996391964e+00 3.838268328247172647e-03
1.524352662820140480e+00 4.739142599685026470e-03
1.525619209837564050e+00 5.700416541645332569e-03
1.526887863290508074e+00 6.678827304335676479e-03
1.528158628438267552e+00 7.662206725687279764e-03
1.529431510557661467e+00 8.683280060475492487e-03
1.530706514943103613e+00 9.819564556440929168e-03
1.531983646906678986e+00 1.117715920700503886e-02
1.533262911778213944e+00 1.286176974160641376e-02
1.534544314905353035e+00 1.494554376666114813e-02
1.535827861653632498e+00 1.744126480600522930e-02
1.537113557406555087e+00 2.029476389188765093e-02
1.538401407565665791e+00 2.340174763803456320e-02
1.539691417550627106e+00 2.664766399388053542e-02
1.540983592799295199e+00 2.996095039770235030e-02
1.542277938767796730e+00 3.336379889679112754e-02
1.543574460930604131e+00 3.700285215829926533e-02
1.544873164780615316e+00 4.114621798741983916e-02
1.546174055829228511e+00 4.614228266041901089e-02
1.547477139606422192e+00 5.234763970689516877e-02
1.548782421660832798e+00 6.004244323090800195e-02
1.550089907559832891e+00 6.935790518599926902e-02
1.551399602889611762e+00 8.023982233198445613e-02
1.552711513255253806e+00 9.246335459957093217e-02
1.554025644280817797e+00 1.056996877893838088e-01
1.555342001609419489e+00 1.196187405073654147e-01
1.556660590903310881e+00 1.339987438038575951e-01
1.557981417843961269e+00 1.488081207632574177e-01
1.559304488132139177e+00 1.642297282178315221e-01
1.560629807487994514e+00 1.806122868608010801e-01
1.561957381651142285e+00 1.983548038263517332e-01
1.563287216380741862e+00 2.177510964393055415e-01
1.564619317455583802e+00 2.388367302358824773e-01
1.565953690674171783e+00 2.612845450364321143e-01
1.567290341854808089e+00 2.843853296620387772e-01
1.568629276835675768e+00 3.071289095704649585e-01
1.569970501474926117e+00 3.283733808995387693e-01
1.571314021650763726e+00 3.470641520444455175e-01
1.572659843261530854e+00 3.624475926685151728e-01
1.574007972225794250e+00 3.742219269972159035e-01
1.575358414482433522e+00 3.825820032710712248e-01
1.576711175990726188e+00 3.881415238741290352e-01
1.578066262730437375e+00 3.917491073099751975e-01
1.579423680701905752e+00 3.942440670535737879e-01
1.580783435926133240e+00 3.962155449209129876e-01
1.582145534444875379e+00 3.978292606480089422e-01
1.583509982320728149e+00 3.987690392834020159e-01
1.584876785637219010e+00 3.983099131039293805e-01
1.586245950498898827e+00 3.955042806887617557e-01
1.587617483031429799e+00 3.894321640472870882e-01
1.588991389381680275e+00 3.794495421731032825e-01
1.590367675717812235e+00 3.653697891678800991e-01
1.591746348229378993e+00 3.475319994155014469e-01
1.593127413127413350e+00 3.267410257916008587e-01
1.594510876644522845e+00 3.040985599070966661e-01
1.595896745034983466e+00 2.807728791600935803e-01
1.597285024574833789e+00 2.577692624383305375e-01
1.598675721561969576e+00 2.357599588189580042e-01
1.600068842316239026e+00 2.150134740770047459e-01
1.601464393179538703e+00 1.954338105286513305e-01
1.602862380515909679e+00 1.766897784363610779e-01
1.604262810711633680e+00 1.583912566145195266e-01
1.605665690175331672e+00 1.402595081501274155e-01
1.607071025338059789e+00 1.222443749447990891e-01
1.608478822653410134e+00 1.045598280364282012e-01
1.609889088597606710e+00 8.763477704596901730e-02
1.611301829669606445e+00 7.200046496485033864e-02
1.612717052391199557e+00 5.815218348025977257e-02
1.614134763307107701e+00 4.642722864853826570e-02
1.615554968985086548e+00 3.693265465021428745e-02
1.616977676016027710e+00 2.953889908648792140e-02
1.618402891014058653e+00 2.393465206929801942e-02
1.619830620616647066e+00 1.972086405617729313e-02
1.621260871484702992e+00 1.651251936591512787e-02
1.622693650302682089e+00 1.401785231641289667e-02
1.624128963778691981e+00 1.207483852506798308e-02
1.625566818644593292e+00 1.064013425690397974e-02
1.627007221656107783e+00 9.740947694029462173e-03
1.628450179592922709e+00 9.410824957416985895e-03
1.629895699258799180e+00 9.633140955455844756e-03
1.631343787481675855e+00 1.031099250511293558e-02
1.632794451113778855e+00 1.127152780759771433e-02
1.634247697031729896e+00 1.230044248608809163e-02
1.635703532136653315e+00 1.319257350348706712e-02
1.637161963354286653e+00 1.380022997705809135e-02
1.638622997635090117e+00 1.406307836272421667e-02
1.640086641954356717e+00 1.401080852512530048e-02
1.641552903312324174e+00 1.373956998188632407e-02
1.643021788734285060e+00 1.337183926265990766e-02
1.644493305270700034e+00 1.301413221869028060e-02
1.645967459997310867e+00 1.272650036181162750e-02
1.647444260015252793e+00 1.251259319950425580e-02
1.648923712451169754e+00 1.233132062027524414e-02
1.650405824457328086e+00 1.212363945139708146e-02
1.651890603211731534e+00 1.184327450484754830e-02
1.653378055918238942e+00 1.147969973353121093e-02
1.654868189806678380e+00 1.106533695312486056e-02
1.656361012132966604e+00 1.066515179371271306e-02
1.657856530179224741e+00 1.035330800999046189e-02
1.659354751253897531e+00 1.018599684317278951e-02
1.660855682691873003e+00 1.018054629603337528e-02
1.662359331854601496e+00 1.030821019953770401e-02
1.663865706130216449e+00 1.050296717431328970e-02
1.665374812933654081e+00 1.068281396076465467e-02
1.666886659706776852e+00 1.077581613204125349e-02
1.668401253918495364e+00 1.074182313731514293e-02
1.669918603064890483e+00 1.058263409633819659e-02
1.671438714669336800e+00 1.033773117607558398e-02
1.672961596282629859e+00 1.006783369430377766e-02
1.674487255483106507e+00 9.832632109723073513e-03
1.676015699876774567e+00 9.670743341961145906e-03
1.677546937097437407e+00 9.588708726872813282e-03
1.679080974806821835e+00 9.562297385801206070e-03
1.680617820694705111e+00 9.548843837626216219e-03
1.682157482479043509e+00 9.505486774060562666e-03
1.683699967906102435e+00 9.406324831896887076e-03
1.685245284750585437e+00 9.252234905204138882e-03
1.686793440815764544e+00 9.070039838834633925e-03
1.688344443933612604e+00 8.901724913440427212e-03
1.689898301964934735e+00 8.788009177296100816e-03
1.691455022799502661e+00 8.752501411198466974e-03
1.693014614356184833e+00 8.792280906978302765e-03
1.694577084583083426e+00 8.878257538993773734e-03
1.696142441457669792e+00 8.965042068712118783e-03
1.697710692986917236e+00 9.006629549910355470e-03
1.699281847207440910e+00 8.972187599678804401e-03
1.700855912185633034e+00 8.856325699465882745e-03
1.702432896017801678e+00 8.680312695872082970e-03
1.704012806830309534e+00 8.484006185921051657e-03
1.705595652779712923e+00 8.311552669365085758e-03
1.707181442052903453e+00 8.196039831635193451e-03
1.708770182867247023e+00 8.148511270666795175e-03
1.710361883470728372e+00 8.155061805416684642e-03
1.711956552142091637e+00 8.182773081055227590e-03
1.713554197190984896e+00 8.192109209584486421e-03
1.715154826958105838e+00 8.151187575087755904e-03
1.716758449815342980e+00 8.046822790562558475e-03
1.718365074165925988e+00 7.888543788229436179e-03
1.719974708444569567e+00 7.704388630519288204e-03
1.721587361117622450e+00 7.530227085852454066e-03
1.723203040683215503e+00 7.396594898996287394e-03
1.724821755671410495e+00 7.317778566117947268e-03
1.726443514644351751e+00 7.286945646887608985e-03
1.728068326196414484e+00 7.278861605085188737e-03
1.729696198954359332e+00 7.259009132986081643e-03
1.731327141577483575e+00 7.195708169374663912e-03
1.732961162757774787e+00 7.070890778199116940e-03
1.734598271220065380e+00 6.885805044470658977e-03
1.736238475722188257e+00 6.659833700910880103e-03
1.737881785055132244e+00 6.423096646655453677e-03
1.739528208043200186e+00 6.205665038009435842e-03
1.741177753544165707e+00 6.027297802408866818e-03
1.742830430449433310e+00 5.891275714403476985e-03
1.744486247684195801e+00 5.784324160888626616e-03
1.746145214207598606e+00 5.682389404827504348e-03
1.747807339012898531e+00 5.559975676916573996e-03
1.749472631127626077e+00 5.399583273537410938e-03
1.751141099613752417e+00 5.197890387836664843e-03
1.752812753567849047e+00 4.966608906115543669e-03
1.754487602121255652e+00 4.727915186389462093e-03
1.756165654440247081e+00 4.506285845677595291e-03
1.757846919726198331e+00 4.319773253766695000e-03
1.759531407215754184e+00 4.173836652320399299e-03
1.761219126180998629e+00 4.059818065048611223e-03
1.762910085929624282e+00 3.958426062834571879e-03
1.764604295805103140e+00 3.846806009338744978e-03
1.766301765186859996e+00 3.706568521920067857e-03
1.768002503490443633e+00 3.529922814221478009e-03
1.769706520167703134e+00 3.321856189546310706e-03
1.771413824706961071e+00 3.097788279209265274e-03
1.773124426633190476e+00 2.877749085457161071e-03
1.774838335508192033e+00 2.679301352306030087e-03
1.776555560930772826e+00 2.511754870123688536e-03
1.778276112536923526e+00 2.373627674879964528e-03
1.780000000000000249e+00 2.254053802048071407e-03
