1.500000000000000444e+00 6.000396296226614815e-05
1.501056896248018635e+00 5.106952960374131590e-05
1.502115282919090911e+00 4.519842032002485531e-05
1.503175163168107620e+00 4.036310709377479973e-05
1.504236540158870428e+00 3.499634370755062233e-05
1.505299417064123180e+00 2.854398803980208189e-05
1.506363797065582766e+00 2.160181577365315298e-05
1.507429683353971761e+00 1.559937924036099884e-05
1.508497079129049734e+00 1.216456827392268397e-05
1.509565987599645887e+00 1.242063799803256769e-05
1.510636411983691030e+00 1.649033928929881122e-05
1.511708355508249335e+00 2.340160108340609335e-05
1.512781821409551197e+00 3.143577062605067010e-05
1.513856812933025653e+00 3.878937884408257376e-05
1.514933333333333687e+00 4.429686607420399577e-05
1.516011385874399764e+00 4.793137347128698989e-05
1.517090973829446465e+00 5.087670584314320319e-05
1.518172100481026465e+00 5.512017312795081228e-05
1.519254769121055615e+00 6.269725172041321700e-05
1.520338983050848025e+00 7.485833465540323636e-05
1.521424745581146265e+00 9.147205299469567574e-05
1.522512060032160219e+00 1.109085621633097886e-04
1.523600929733595954e+00 1.304809872543640729e-04
1.524691358024691912e+00 1.473202327202814330e-04
1.525783348254252880e+00 1.593900017443092092e-04
1.526876903780684858e+00 1.662782091738800765e-04
1.527972027972028135e+00 1.694587117140529701e-04
1.529068724205993490e+00 1.718893962496599224e-04
1.530166995869995050e+00 1.770434628563767533e-04
1.531266846361186040e+00 1.876807895004559156e-04
1.532368279086495644e+00 2.047795116364957695e-04
1.533471297462659866e+00 2.270187599556159610e-04
1.534575904916261724e+00 2.510342072934898506e-04
1.535682104883762999e+00 2.724104658917815363e-04
1.536789900811542209e+00 2.871139267585171235e-04
1.537899296155928797e+00 2.928972767457909679e-04
1.539010294383240440e+00 2.901876211059496225e-04
1.540122898969817689e+00 2.821190001891382020e-04
1.541237113402062153e+00 2.736447188488755236e-04
1.542352941176470704e+00 2.699772392380453022e-04
1.543470385799674327e+00 2.748478551767350288e-04
1.544589450788472096e+00 2.891674074366464920e-04
1.545710139669871364e+00 3.105643222024503112e-04
1.546832455981121957e+00 3.340032329719825601e-04
1.547956403269755032e+00 3.533311143175550651e-04
1.549081985093619718e+00 3.632755388422987774e-04
1.550209205020920633e+00 3.612427715044788006e-04
1.551338066630256973e+00 3.482991668905877688e-04
1.552468573510658034e+00 3.289658304690551427e-04
1.553600729261622959e+00 3.098401389061813992e-04
1.554734537493158486e+00 2.974548734330619893e-04
1.555870001825817139e+00 2.960624464224984541e-04
1.557007125890736532e+00 3.060886669081486471e-04
1.558145913329676668e+00 3.238082622794337677e-04
1.559286367795059691e+00 3.424065802280349584e-04
1.560428492950009405e+00 3.541308521409955966e-04
1.561572292468389467e+00 3.528528163911610156e-04
1.562717770034843578e+00 3.361951622009603613e-04
1.563864929344834120e+00 3.064841544823358743e-04
1.565013774104683453e+00 2.701554403565311919e-04
1.566164308031612107e+00 2.357475177523532701e-04
1.567316534853779864e+00 2.111022167565683005e-04
1.568470458310326165e+00 2.006883683008209393e-04
1.569626082151409197e+00 2.039642584213508609e-04
1.570783410138248959e+00 2.153829527564609845e-04
1.571942446043165909e+00 2.261135727697845179e-04
1.573103193649621812e+00 2.269715546069503366e-04
1.574265656752263265e+00 2.116171748237568337e-04
1.575429839156960998e+00 1.789491755581052953e-04
1.576595744680851396e+00 1.338488989009887695e-04
1.577763377152379354e+00 8.595907121300891385e-05
1.578932740411340241e+00 4.684317382232016318e-05
1.580103838308919428e+00 2.644434276285031872e-05
1.581276674707738250e+00 3.004345246378903791e-05
1.582451253481894415e+00 5.679046746011480983e-05
1.583627578517004864e+00 1.003717758294901072e-04
1.584805653710247730e+00 1.516351117156794395e-04
1.585985482970408089e+00 2.022693269756974783e-04
1.587167070217917919e+00 2.481935826253218081e-04
1.588350419384902734e+00 2.913172018475502058e-04
1.589535534415221107e+00 3.388389979454201994e-04
1.590722419264514187e+00 4.001141968262717777e-04
1.591911077900243221e+00 4.820592931385584172e-04
1.593101514301739297e+00 5.847580460891661216e-04
1.594293732460243529e+00 6.990984416516622842e-04
1.595487736378955690e+00 8.077880950096953542e-04
1.596683530073074841e+00 8.900538565059884456e-04
1.597881117569848630e+00 9.290240141132395223e-04
1.599080502908613477e+00 9.196384849633384420e-04
1.600281690140845425e+00 8.743522948238997838e-04
1.601484683330201664e+00 8.241671795426994997e-04
1.602689486552567599e+00 8.136723499666714040e-04
1.603896103896104375e+00 8.905386519068616809e-04
1.605104539461292612e+00 1.091796652748155136e-03
1.606314797360980595e+00 1.430644278126511201e-03
1.607526881720430456e+00 1.887958474430095164e-03
1.608740796677365026e+00 2.411865005635751430e-03
1.609956546382014464e+00 2.926750366502778311e-03
1.611174134997164442e+00 3.350449248780889688e-03
1.612393566698202774e+00 3.615741942802729557e-03
1.613614845673168263e+00 3.690543886598270183e-03
1.614837976122797336e+00 3.590885684614077925e-03
1.616062962260573110e+00 3.382207508182679453e-03
1.617289808312773358e+00 3.167378731295402913e-03
1.618518518518518912e+00 3.063493863798778197e-03
1.619749097129823401e+00 3.172891772685091424e-03
1.620981548411642104e+00 3.555981533172990292e-03
1.622215876641919463e+00 4.213601457243771470e-03
1.623452086111640602e+00 5.084576018462619827e-03
1.624690181124881505e+00 6.060282796763879869e-03
1.625930165998855648e+00 7.013366557380406631e-03
1.627172045063968397e+00 7.833522326628997168e-03
1.628415822663864088e+00 8.460760027254047438e-03
1.629661503155479307e+00 8.906605661856845102e-03
1.630909090909091308e+00 9.256459981907739012e-03
1.632158590308370405e+00 9.651226026416274278e-03
1.633410005750431715e+00 1.025208167555004442e-02
1.634663341645885559e+00 1.119732662758538173e-02
1.635918602418890755e+00 1.256308621901443094e-02
1.637175792507204797e+00 1.433934808982758463e-02
1.638434916362238480e+00 1.642922031795432738e-02
1.639695978449105418e+00 1.867323526665422978e-02
1.640958983246678660e+00 2.089354087381145586e-02
1.642223935247639544e+00 2.294683871476923750e-02
1.643490838958534539e+00 2.477170247414126406e-02
1.644759698899826539e+00 2.641653030889076076e-02
1.646030519605949927e+00 2.803892381840035822e-02
1.647303305625362757e+00 2.987472198788557534e-02
1.648578061520604043e+00 3.218335187380327173e-02
1.649854791868345050e+00 3.518329308179957149e-02
1.651133501259446357e+00 3.899521321185397266e-02
1.652414194299011374e+00 4.360944770604538445e-02
1.653696875606443406e+00 4.888890776882513084e-02
1.654981549815498720e+00 5.460943582040100192e-02
1.656268221574344501e+00 6.052935118248639612e-02
1.657556895545614140e+00 6.647117232702376421e-02
1.658847576406463187e+00 7.239375317979968028e-02
1.660140268848626866e+00 7.843388378023555263e-02
1.661434977578475802e+00 8.490293089444712893e-02
1.662731707317073537e+00 9.223496276699089114e-02
1.664030462800234700e+00 1.008954086683962470e-01
1.665331248778581630e+00 1.112704326533545118e-01
1.666634070017602332e+00 1.235638426137851686e-01
1.667938931297710203e+00 1.377285059576260906e-01
1.669245837414299993e+00 1.534524732892085519e-01
1.670554793177808417e+00 1.702076524530342916e-01
1.671865803413773222e+00 1.873537546229187278e-01
1.673178872962890473e+00 2.042760166241423536e-01
1.674494006681077174e+00 2.205254946503579228e-01
1.675811209439528326e+00 2.359281570426249586e-01
1.677130486124778885e+00 2.506345783818803019e-01
1.678451841638763486e+00 2.650945482848163781e-01
1.679775280898876844e+00 2.799579907726855721e-01
1.681100808838035476e+00 2.959211496339308467e-01
1.682428430404738773e+00 3.135501635762544814e-01
1.683758150563130052e+00 3.331210807782688521e-01
1.685089974293059623e+00 3.545129338913288741e-01
1.686423906590144739e+00 3.771797374733720787e-01
1.687759952465835322e+00 4.002103298718348579e-01
1.689098116947473249e+00 4.224656991130696371e-01
1.690438405078357853e+00 4.427662097713582767e-01
1.691780821917808542e+00 4.600899372665457343e-01
1.693125372541228302e+00 4.737406906837097198e-01
1.694472062040167426e+00 4.834508594689552741e-01
1.695820895522388572e+00 4.893984400352052733e-01
1.697171878111930265e+00 4.921362326713422108e-01
1.698525014949173073e+00 4.924500267716725999e-01
1.699880311190904214e+00 4.911774121695894335e-01
1.701237772010381510e+00 4.890264497154672152e-01
1.702597402597402887e+00 4.864322898647272519e-01
1.703959208158368543e+00 4.834804351848243087e-01
1.705323193916350011e+00 4.799100320676087938e-01
1.706689365111156098e+00 4.751929316228951650e-01
1.708057726999399062e+00 4.686682581355271493e-01
1.709428284854563884e+00 4.597013212836671414e-01
1.710801043967075108e+00 4.478320754602792553e-01
1.712176009644364338e+00 4.328824135578690502e-01
1.713553187210939299e+00 4.150020864110725016e-01
1.714932582008452888e+00 3.946473001288264837e-01
1.716314199395770679e+00 3.725007072245309914e-01
1.717698044749042863e+00 3.493533246124788105e-01
1.719084123461771529e+00 3.259754680928383941e-01
1.720472440944882164e+00 3.030040061648563987e-01
1.721863002626793593e+00 2.808675154184267497e-01
1.723255813953488591e+00 2.597609751372058073e-01
1.724650880388585605e+00 2.396700015702011854e-01
1.726048207413409141e+00 2.204340103964766706e-01
1.727447800527063038e+00 2.018303796922496507e-01
1.728849665246500411e+00 1.836590042110047005e-01
1.730253807106599373e+00 1.658087605086554228e-01
1.731660231660232085e+00 1.482934094187918217e-01
1.733068944478340700e+00 1.312526173334793156e-01
1.734479951150010413e+00 1.149220219805113657e-01
1.735893257282542734e+00 9.958272164432740992e-02
1.737308868501529435e+00 8.550394800976231224e-02
1.738726790450928705e+00 7.289255218866226571e-02
1.740147028793139095e+00 6.185971330809863361e-02
1.741569589209074342e+00 5.241006791987909419e-02
1.742994477398241315e+00 4.445270209759773911e-02
1.744421699078813059e+00 3.782855887400987660e-02
1.745851259987707849e+00 3.234583654422586163e-02
1.747283165880664679e+00 2.781435426881446668e-02
1.748717422532321208e+00 2.407147869716309840e-02
1.750154035736291025e+00 2.099535982790101674e-02
1.751593011305241809e+00 1.850494516432945116e-02
1.753034355070973271e+00 1.654953953659261609e-02
1.754478072884496864e+00 1.509279507514293961e-02
1.755924170616113944e+00 1.409658612617571520e-02
1.757372654155496150e+00 1.350932003106223786e-02
1.758823529411764897e+00 1.326129586073320973e-02
1.760276802313571753e+00 1.326739750876188007e-02
1.761732478809179492e+00 1.343535826785291834e-02
1.763190564866542687e+00 1.367656413490352281e-02
1.764651066473390095e+00 1.391610229352808689e-02
1.766113989637305925e+00 1.409943842212282861e-02
1.767579340385812214e+00 1.419440600250560652e-02
1.769047124766452317e+00 1.418866813914552820e-02
1.770517348846873285e+00 1.408403168940616443e-02
1.771990018714909798e+00 1.388964701030070970e-02
1.773465140478668323e+00 1.361610516468942517e-02
1.774942720266611262e+00 1.327184448912775011e-02
1.776422764227642448e+00 1.286235061649223209e-02
1.777905278531191957e+00 1.239169349034971099e-02
1.779390269367300492e+00 1.186527288588571510e-02
1.780877742946709086e+00 1.129240977121158916e-02
1.782367705500941257e+00 1.068762992308772315e-02
1.783860163282395384e+00 1.007014545120655559e-02
1.785355122564425079e+00 9.461463585210419872e-03
1.786852589641434896e+00 8.882016729647333395e-03
1.788352570828961596e+00 8.347760326100649164e-03
1.789855072463768515e+00 7.867732970067264908e-03
1.791360100903931496e+00 7.443244077497863063e-03
1.792867662528929484e+00 7.068829028118828878e-03
1.794377763739735343e+00 6.734587794047163303e-03
1.795890410958904670e+00 6.429154567263870718e-03
1.797405610630669059e+00 6.142433055174107565e-03
1.798923369221026469e+00 5.867388524694551119e-03
1.800443693217832708e+00 5.600543185489358609e-03
1.801966589130895136e+00 5.341250447814017283e-03
1.803492063492063924e+00 5.090187855969721675e-03
1.805020122855327980e+00 4.847701079180010038e-03
1.806550773796905318e+00 4.612606999539039208e-03
1.808084022915340983e+00 4.381848485184906827e-03
1.809619876831599417e+00 4.151070348827274117e-03
1.811158342189161052e+00 3.915866099247755465e-03
1.812699425654116681e+00 3.673229966088260249e-03
1.814243133915265593e+00 3.422699494421107755e-03
1.815789473684211064e+00 3.166795221294719121e-03
1.817338451695458046e+00 2.910605844845318840e-03
1.818890074706510651e+00 2.660645342502356448e-03
1.820444349497970959e+00 2.423332308618001644e-03
1.822001282873637384e+00 2.203544003166299677e-03
1.823560881660603927e+00 2.003653580707471897e-03
1.825123152709360319e+00 1.823291679662714018e-03
1.826688102893891053e+00 1.659843166957342738e-03
1.828255739111779077e+00 1.509472231290328453e-03
1.829826068284303719e+00 1.368330775898950408e-03
1.831399097356544603e+00 1.233583080602853503e-03
1.832974833297483563e+00 1.103971646728574155e-03
1.834553283100108123e+00 9.798170051491957543e-04
1.836134453781512965e+00 8.625290799794518891e-04
1.837718352383006737e+00 7.538498622126897121e-04
1.839304985970214190e+00 6.551055437285261893e-04
1.840894361633182541e+00 5.667100328102849796e-04
1.842486486486487163e+00 4.880514545767317049e-04
1.844081367669336169e+00 4.177516345426874971e-04
1.845679012345679437e+00 3.541650114033641824e-04
1.847279427704314303e+00 2.959170901106296034e-04
1.848882620958993694e+00 2.422902738568078764e-04
1.850488599348534713e+00 1.933373648789655250e-04
1.852097370136927434e+00 1.497098147120146886e-04
1.853708940613443934e+00 1.122893371885139488e-04
1.855323318092750196e+00 8.177308365633013173e-05
1.856940509915014692e+00 5.836594539821541596e-05
1.858560523446019852e+00 4.168198573158758512e-05
1.860183366077276190e+00 3.087279984481688293e-05
1.861809045226131110e+00 2.491606294680504238e-05
1.863437568335884809e+00 2.294306034047349004e-05
1.865068942875903080e+00 2.447748656173699290e-05
1.866703176341730996e+00 2.949895644281044720e-05
1.868340276255207710e+00 3.831600402096622845e-05
1.869980250164582358e+00 5.130721562613326322e-05
1.871623105644630192e+00 6.863810034963461028e-05
1.873268850296768928e+00 9.006797106706756692e-05
1.874917491749175325e+00 1.149241521975071873e-04
1.876569037656904193e+00 1.422549770329997764e-04
1.878223495702006307e+00 1.711033603978845549e-04
1.879880873593646973e+00 2.007953309579497438e-04
1.881541179068227487e+00 2.311303994217139292e-04
1.883204419889503045e+00 2.623958511784469099e-04
1.884870603848706638e+00 2.951921114587322198e-04
1.886539738764667185e+00 3.301274108417728663e-04
1.888211832483935870e+00 3.674909501016451925e-04
1.889886892880905389e+00 4.070256394847101807e-04
1.891564927857935841e+00 4.478892920920431327e-04
1.893245945345479075e+00 4.888277756619784954e-04
1.894929953302201930e+00 5.285080296539086848e-04
1.896616959715112793e+00 5.658999505470395418e-04
1.898306972599688613e+00 6.005752631702212943e-04
1.900000000000000355e+00 6.328167509472751957e-04
