7.800000000000001377e-01 7.116348266963273307e-06
7.808853073037853587e-01 6.689397513487420494e-06
7.817726265553095466e-01 6.301788974019287345e-06
7.826619646208977654e-01 5.591731496792272351e-06
7.835533283981550579e-01 5.035369326496509545e-06
7.844467248161451911e-01 4.382738048618431820e-06
7.853421608355687367e-01 4.035337751523564163e-06
7.862396434489458130e-01 3.581970533186529692e-06
7.871391796807964969e-01 3.293985578918792438e-06
7.880407765878244541e-01 2.801896513054981934e-06
7.889444412591022360e-01 2.471733670144757021e-06
7.898501808162563531e-01 2.047403038007041688e-06
7.907580024136544594e-01 1.861858884723224311e-06
7.916679132385940898e-01 1.581610814097221039e-06
7.925799205114915091e-01 1.441877775258309123e-06
7.934940314860735588e-01 1.252111463543769761e-06
7.944102534495701695e-01 1.259520371229667121e-06
7.953285937229062075e-01 1.399065247361778053e-06
7.962490596608993165e-01 1.813444753094626181e-06
7.971716586524536519e-01 2.507119109869194575e-06
7.980963981207587210e-01 3.403646804945061620e-06
7.990232855234888909e-01 4.759427061009835246e-06
7.999523283530028950e-01 6.470455869864235374e-06
8.008835341365463378e-01 9.093296150584262623e-06
8.018169104364548661e-01 1.226001543802097828e-05
8.027524648503588933e-01 1.625051268857790682e-05
8.036902050113895468e-01 2.028970800739780122e-05
8.046301385883868340e-01 2.621620365324097012e-05
8.055722732861073654e-01 3.384521217675907798e-05
8.065166168454370732e-01 4.471110640190396987e-05
8.074631770436007105e-01 5.722974517756822119e-05
8.084119616943776787e-01 7.102449174641119916e-05
8.093629786483148569e-01 8.375415060220293419e-05
8.103162357929452053e-01 1.012707169227319528e-04
8.112717410530041473e-01 1.225869163740004393e-04
8.122295023906500600e-01 1.453595195101273967e-04
8.131895278056853194e-01 1.625128630728965085e-04
8.141518253357790114e-01 1.742668734702726614e-04
8.151164030566910856e-01 1.816087412805338498e-04
8.160832690824981750e-01 1.969555548850709839e-04
8.170524315658216352e-01 2.158426646901752670e-04
8.180238986980560290e-01 2.294687769566319314e-04
8.189976787096007182e-01 2.334813143005485148e-04
8.199737798700912350e-01 2.366731258614576921e-04
8.209522104886345373e-01 2.403018819090806232e-04
8.219329789140435993e-01 2.556393137221410895e-04
8.229160935350757766e-01 2.799543357971832013e-04
8.239015627806719477e-01 2.964746073412358640e-04
8.248893951201967667e-01 2.965744816694248012e-04
8.258795990636818019e-01 2.965212885292616831e-04
8.268721831620696738e-01 2.991548029531880320e-04
8.278671560074606361e-01 3.075013652665094309e-04
8.288645262333595998e-01 3.184223539853871807e-04
8.298643025149268215e-01 3.103801744593600643e-04
8.308664935692290365e-01 2.820738494727088441e-04
8.318711081554925890e-01 2.600103051476317984e-04
8.328781550753587837e-01 2.493486522273853125e-04
8.338876431731412353e-01 2.412852646462077444e-04
8.348995813360841067e-01 2.351242922540139248e-04
8.359139784946236773e-01 2.205487396779714235e-04
8.369308436226509107e-01 1.986935136160668084e-04
8.379501857377749108e-01 1.834046938464968263e-04
8.389720139015914846e-01 1.842920848734844782e-04
8.399963372199500400e-01 1.879019681084359485e-04
8.410231648432249241e-01 1.910074876102249119e-04
8.420525059665873169e-01 1.879518776369903477e-04
8.430843698302802336e-01 1.793534003050643129e-04
8.441187657198946370e-01 1.687887707242296739e-04
8.451557029666484366e-01 1.724455204540854749e-04
8.461951909476663758e-01 1.790582605998961333e-04
8.472372390862632496e-01 1.768230094592971669e-04
8.482818568522287883e-01 1.639859569434163635e-04
8.493290537621135394e-01 1.499524988227836060e-04
8.503788393795193024e-01 1.355075909312554417e-04
8.514312233153891185e-01 1.302472303430826628e-04
8.524862152283007033e-01 1.307781093663334406e-04
8.535438248247628756e-01 1.242531921395030972e-04
8.546040618595118765e-01 1.112237812802805310e-04
8.556669361358125725e-01 1.006151637889673994e-04
8.567324575057595482e-01 9.466387765159816410e-05
8.578006358705817513e-01 9.065808834210871891e-05
8.588714811809501359e-01 9.366445062833651520e-05
8.599450034372853047e-01 9.348117100993057638e-05
8.610212126900695928e-01 8.719034625115472533e-05
8.621001190401605951e-01 7.725389603816162421e-05
8.631817326391069134e-01 7.429893269318894357e-05
8.642660636894669013e-01 7.060121415781079907e-05
8.653531224451294079e-01 6.943017813173252696e-05
8.664429192116367417e-01 6.529793782335553535e-05
8.675354643465104099e-01 5.742866168107375603e-05
8.686307682595797441e-01 4.598931987089331202e-05
8.697288414133116374e-01 3.968611080654182478e-05
8.708296943231441656e-01 3.578178326338357732e-05
8.719333375578229850e-01 3.141426353216507860e-05
8.730397817397373972e-01 2.727753433336526693e-05
8.741490375452641848e-01 2.178114549332500939e-05
8.752611157051080060e-01 1.746896089210604256e-05
8.763760270046495604e-01 1.266973835086117289e-05
8.774937822842932000e-01 1.158048612003265308e-05
8.786143924398188698e-01 8.859404507481038248e-06
8.797378684227353807e-01 7.898837835120376725e-06
8.808642212406377903e-01 5.702769732588103186e-06
8.819934619575670043e-01 7.572918669407005910e-06
8.831256016943713760e-01 9.854494672411035861e-06
8.842606516290728580e-01 1.406916331577474538e-06
8.853986229972331534e-01 1.432348457701809391e-05
8.865395270923266402e-01 1.468940105570941596e-05
8.876833752661120736e-01 1.021807252990483472e-05
8.888301789290099508e-01 5.484096768265227047e-06
8.899799495504819857e-01 4.499461058728050752e-05
8.911326986594133581e-01 3.885039325761722138e-05
8.922884378444979614e-01 2.199898595217739290e-05
8.934471787546265364e-01 3.938817545286660065e-05
8.946089330992785804e-01 3.571328007830403640e-05
8.957737126489161428e-01 1.035893880012069018e-04
8.969415292353825064e-01 2.519128190635844494e-04
8.981123947523008688e-01 1.658940292086525943e-04
8.992863211554801284e-01 1.009725025421332953e-04
9.004633204633205601e-01 2.134227031558529378e-04
9.016434047572244870e-01 2.883604274107991737e-04
9.028265861820091720e-01 2.792615224555095683e-04
9.040128769463244840e-01 4.509217629989882787e-04
9.052022893230710077e-01 6.472180697639881748e-04
9.063948356498255920e-01 6.552002432155064251e-04
9.075905283292660108e-01 6.353984652672161563e-04
9.087893798296017289e-01 8.372891258095598857e-04
9.099914026850078885e-01 8.813758673136152383e-04
9.111966094960599616e-01 8.558036711045426299e-04
9.124050129301771728e-01 1.288690300517652751e-03
9.136166257220637021e-01 2.218336973121694342e-03
9.148314606741574373e-01 2.278218332847372751e-03
9.160495306570801688e-01 1.576262648173426106e-03
9.172708486100928926e-01 1.355105664424106557e-03
9.184954275415527780e-01 1.809148380416579754e-03
9.197232805293765745e-01 2.320469168213180715e-03
9.209544207215049072e-01 1.820940936979520940e-03
9.221888613363716791e-01 1.519862517641395756e-03
9.234266156633784695e-01 2.072695342172636845e-03
9.246676970633694870e-01 3.015867114009405849e-03
9.259121189691139620e-01 3.166217828363766720e-03
9.271598948857894262e-01 2.648373533182632900e-03
9.284110383914717657e-01 2.430405668859130040e-03
9.296655631376260498e-01 2.654675185405431896e-03
9.309234828496043557e-01 2.866172909596881486e-03
9.321848113271460345e-01 2.731795520833800103e-03
9.334495624448818640e-01 2.748829708492493348e-03
9.347177501528430854e-01 2.889447375479710541e-03
9.359893884769743266e-01 2.491101363379011249e-03
9.372644915196514104e-01 1.435706010063279338e-03
9.385430734602006053e-01 1.895882720261055435e-03
9.398251485554266482e-01 3.626611536309083152e-03
9.411107311401410991e-01 4.851841240511312221e-03
9.423998356276969135e-01 4.062228914258897081e-03
9.436924765105275670e-01 3.012658459438999955e-03
9.449886683606897320e-01 3.074703537175676148e-03
9.462884258304107288e-01 4.357277200223722696e-03
9.475917636526410837e-01 5.075286129592623992e-03
9.488986966416110835e-01 4.398849827779291975e-03
9.502092396933914387e-01 3.759347925147017710e-03
9.515234077864602735e-01 4.949822175529507151e-03
9.528412159822727823e-01 8.488186035664480045e-03
9.541626794258375455e-01 1.245408647132687646e-02
9.554878133462956225e-01 1.568148361518348702e-02
9.568166330575065270e-01 1.980855988541262158e-02
9.581491539586380890e-01 2.667802573128757321e-02
9.594853915347606454e-01 3.652219594861087770e-02
9.608253613574474494e-01 4.611287073204697190e-02
9.621690790853788533e-01 5.279951656081963152e-02
9.635165604649535975e-01 6.123744219596856386e-02
9.648678213309024310e-01 8.341242025415064598e-02
9.662228776069097247e-01 1.213597727384474606e-01
9.675817453062374174e-01 1.572969389497977377e-01
9.689444405323570653e-01 1.816385629165801763e-01
9.703109794795853338e-01 2.104605404943772906e-01
9.716813784337265947e-01 2.555011997008415636e-01
9.730556537727178545e-01 3.130345050596502476e-01
9.744338219672828982e-01 3.485717287909147477e-01
9.758158995815902070e-01 3.546644476994550432e-01
9.772019032739154287e-01 3.657314205255937090e-01
9.785918497973119523e-01 3.794498407138219287e-01
9.799857560002849244e-01 3.819522081557567006e-01
9.813836388274732592e-01 3.481090766419137617e-01
9.827855153203343130e-01 2.849078610034856962e-01
9.841914026178385511e-01 2.284977110081493068e-01
9.856013179571666560e-01 1.918984171524932836e-01
9.870152786744137430e-01 1.551137777080442703e-01
9.884333022053015672e-01 1.106395328301739700e-01
9.898554060858931747e-01 7.067660411774802365e-02
9.912816079533176561e-01 4.350418776343541183e-02
9.927119255464975645e-01 2.659027690979144307e-02
9.941463767068856594e-01 1.578042013437790103e-02
9.955849793792055369e-01 9.365189618705565405e-03
9.970277516122021400e-01 6.267908611440349727e-03
9.984747115593936018e-01 4.918601489687969737e-03
9.999258774798343019e-01 4.168873455264242994e-03
1.001381267738883807e+00 3.489923320262747122e-03
1.002840900808979141e+00 2.757524616920136850e-03
1.004304795270418493e+00 2.133211956184771860e-03
1.005772969812148476e+00 1.723782436727248858e-03
1.007245443232559934e+00 1.530138864198718994e-03
1.008722234440290411e+00 1.444879099036419081e-03
1.010203362455032838e+00 1.377808803280314558e-03
1.011688846408352438e+00 1.275563308039080095e-03
1.013178705544510949e+00 1.155129919281819902e-03
1.014672959221296633e+00 9.993448058175295572e-04
1.016171626910863601e+00 8.221520661836251341e-04
1.017674728200576917e+00 7.094108601494441288e-04
1.019182282793867245e+00 6.975561849311988274e-04
1.020694310511089942e+00 7.930226513600775263e-04
1.022210831290394584e+00 9.664436464314579396e-04
1.023731865188602486e+00 1.112896884339091260e-03
1.025257432382087996e+00 1.133257567003972564e-03
1.026787553167674227e+00 1.228370924825579946e-03
1.028322247963530556e+00 1.316809225256181928e-03
1.029861537310081676e+00 1.406356181686698771e-03
1.031405441870924200e+00 1.598155094632354445e-03
1.032953982433751472e+00 1.817903791341814179e-03
1.034507179911285046e+00 2.013224793142937268e-03
1.036065055342218377e+00 2.157052747511435144e-03
1.037627629892165171e+00 2.337833467899642307e-03
1.039194924854618396e+00 2.491909141309574770e-03
1.040766961651917510e+00 2.634816011156459765e-03
1.042343761836224791e+00 2.757520816917884750e-03
1.043925347090509215e+00 2.879963390982436672e-03
1.045511739229541881e+00 2.908936917260277269e-03
1.047102960200898103e+00 2.900523497848078638e-03
1.048699032085969041e+00 2.967892493689938509e-03
1.050299977100984883e+00 3.142943567315027026e-03
1.051905817598043136e+00 3.237837468756349629e-03
1.053516576066151345e+00 3.160788387765607263e-03
1.055132275132275366e+00 3.040521227755165010e-03
1.056752937562399408e+00 2.945243691271361066e-03
1.058378586262595400e+00 2.854635128063885349e-03
1.060009244280102125e+00 2.796843133377675469e-03
1.061644934804413243e+00 2.836954994506036588e-03
1.063285681168379737e+00 2.863826659217172041e-03
1.064931506849315257e+00 2.735466164579059781e-03
1.066582435470118773e+00 2.513310855822484865e-03
1.068238490800403895e+00 2.356497568365648748e-03
1.069899696757639518e+00 2.266736569395883406e-03
1.071566077408301787e+00 2.185833017378965761e-03
1.073237656969035392e+00 2.125514208410925025e-03
1.074914459807827738e+00 2.083295403516825187e-03
1.076596510445192001e+00 1.985248076742430340e-03
1.078283833555364168e+00 1.788947096433456856e-03
1.079976453967506744e+00 1.610912828479705130e-03
1.081674396666928883e+00 1.511779192762887454e-03
1.083377686796315409e+00 1.461083591948409951e-03
1.085086349656967375e+00 1.403575240644223086e-03
1.086800410710054621e+00 1.342181059620211562e-03
1.088519895577881869e+00 1.283166008429732254e-03
1.090244830045162816e+00 1.191589383435734395e-03
1.091975240060313102e+00 1.083410497296550656e-03
1.093711151736746157e+00 1.006799702756332789e-03
1.095452591354191707e+00 9.880883685112053054e-04
1.097199585360019380e+00 9.840033776486840304e-04
1.098952160370577635e+00 9.607450278410956850e-04
1.100710343172546457e+00 9.206863404459065875e-04
1.102474160724301155e+00 8.770145408245270512e-04
1.104243640157290818e+00 8.220578600166305629e-04
1.106018808777429641e+00 7.610635367451491686e-04
1.107799694066500473e+00 7.289832830598945304e-04
1.109586323683574127e+00 7.225043167473969808e-04
1.111378725466440898e+00 7.155868054962764933e-04
1.113176927433055852e+00 6.761357476354782833e-04
1.114980957782999882e+00 6.267757898373168494e-04
1.116790844898953194e+00 5.811787271978143465e-04
1.118606617348183452e+00 5.380037575398001004e-04
1.120428303884048793e+00 5.005563290052579160e-04
1.122255933447516618e+00 4.770729940990968117e-04
1.124089535168695475e+00 4.693012011836968024e-04
1.125929138368382487e+00 4.493118232329697845e-04
1.127774772559626548e+00 4.146351520449876064e-04
1.129626467449306615e+00 3.751434510637027559e-04
1.131484252939725543e+00 3.475039900209644971e-04
1.133348159130219912e+00 3.241836661682122507e-04
1.135218216318785611e+00 3.035583701865164738e-04
1.137094455003718751e+00 2.896704277129898727e-04
1.138976905885274560e+00 2.769426286010866212e-04
1.140865599867341373e+00 2.593998600971671002e-04
1.142760568059131510e+00 2.293367346110928640e-04
1.144661841776890565e+00 2.041761644377171369e-04
1.146569452545621370e+00 1.839898860172340712e-04
1.148483432100826596e+00 1.697535929689721003e-04
1.150403812390268676e+00 1.552862148894463559e-04
1.152330625575747725e+00 1.420580192077097509e-04
1.154263904034896537e+00 1.313639083890549852e-04
1.156203680362994923e+00 1.170126807410912473e-04
1.158149987374800460e+00 1.045612471492793583e-04
1.160102858106399237e+00 9.332918383397792081e-05
1.162062325817076358e+00 9.024686550641355779e-05
1.164028423991202210e+00 8.958124646894861172e-05
1.166001186340140716e+00 9.101023055521033757e-05
1.167980646804176237e+00 9.479702504036720734e-05
1.169966839554459792e+00 9.874227233385694683e-05
1.171959798994975044e+00 1.062910086574071100e-04
1.173959559764525373e+00 1.102970004461823887e-04
1.175966156738740276e+00 1.208065887493364147e-04
1.177979625032103739e+00 1.342653895005433394e-04
1.180000000000000382e+00 1.537482888710920510e-04
