8.599999999999999867e-01 8.619726603574608993e-04
8.609140670670140105e-01 7.931610155354906636e-04
8.618300792679682854e-01 7.388062552769675880e-04
8.627480428183417205e-01 7.371406198868049250e-04
8.636679639601216874e-01 7.380562375557501997e-04
8.645898489619469052e-01 7.475448870862520540e-04
8.655137041192499936e-01 8.121540219424147264e-04
8.664395357543991372e-01 8.188936750804364385e-04
8.673673502168441907e-01 7.258186719701421093e-04
8.682971538832610081e-01 6.368371218212733531e-04
8.692289531576972150e-01 5.909355222768108897e-04
8.701627544717193130e-01 5.848559219335617296e-04
8.710985642845621157e-01 5.808128128161965057e-04
8.720363890832750764e-01 5.598928272217848718e-04
8.729762353828744992e-01 5.538796899881635698e-04
8.739181097264929754e-01 5.165699533209091188e-04
8.748620186855321501e-01 4.397100013087540523e-04
8.758079688598152668e-01 3.936053869094310854e-04
8.767559668777398230e-01 3.802666169209522923e-04
8.777060193964349999e-01 3.921557147043193696e-04
8.786581331019147623e-01 4.067749238821331153e-04
8.796123147092361760e-01 3.939698056221563154e-04
8.805685709626569491e-01 3.864718705129181991e-04
8.815269086357948591e-01 3.694213408815195032e-04
8.824873345317861828e-01 3.269852085350042747e-04
8.834498554834488981e-01 3.048187103609854690e-04
8.844144783534423349e-01 3.042190010364024589e-04
8.853812100344318203e-01 3.187611870451762018e-04
8.863500574492532147e-01 3.274348202550195425e-04
8.873210275510762246e-01 2.980187433324003985e-04
8.882941273235729351e-01 2.681503401930431007e-04
8.892693637810836771e-01 2.439459169943396970e-04
8.902467439687862250e-01 2.087005161032111974e-04
8.912262749628652170e-01 1.906972968779485015e-04
8.922079638706835736e-01 1.838031557789057409e-04
8.931918178309532497e-01 1.799117536160364295e-04
8.941778440139096507e-01 1.728774229088217234e-04
8.951660496214843832e-01 1.446665484455565210e-04
8.961564418874813365e-01 1.238228475722481662e-04
8.971490280777538739e-01 1.139432649469044120e-04
8.981438154903808035e-01 1.007153653290177026e-04
8.991408114558473441e-01 9.873495926413404847e-05
9.001400233372229831e-01 9.843028072666311151e-05
9.011414585303445524e-01 1.028961773834696466e-04
9.021451244639973055e-01 1.099788288787035038e-04
9.031510286001005472e-01 1.019216124582253050e-04
9.041591784338897098e-01 1.019391619803733699e-04
9.051695814941052021e-01 1.099042009316696013e-04
9.061822453431785940e-01 1.206200173583887679e-04
9.071971775774206881e-01 1.445552282266188788e-04
9.082143858272131443e-01 1.655862901192761878e-04
9.092338777571982167e-01 1.971690832632087690e-04
9.102556610664718217e-01 2.275359107897829579e-04
9.112797434887777159e-01 2.292173274643878112e-04
9.123061327927016739e-01 2.409378676046401095e-04
9.133348367818684421e-01 2.662035967428616804e-04
9.143658632951403575e-01 3.024527866529696900e-04
9.153992202068147455e-01 3.554049443455962695e-04
9.164349154268258690e-01 3.869778824841474353e-04
9.174729569009458796e-01 4.214925999965592543e-04
9.185133526109883206e-01 4.547575232667406707e-04
9.195561105750129638e-01 4.453670944196292400e-04
9.206012388475307562e-01 4.477716080307430160e-04
9.216487455197132084e-01 4.735898985208030171e-04
9.226986387195991179e-01 5.212834951516231432e-04
9.237509266123056229e-01 5.972988633047306671e-04
9.248056174002398100e-01 6.248741886353713013e-04
9.258627193233126551e-01 6.296819977163864955e-04
9.269222406591519636e-01 6.442193552018266305e-04
9.279841897233201964e-01 6.145629854185933249e-04
9.290485748695304080e-01 5.916484957451669880e-04
9.301154044898661821e-01 5.916731982815194840e-04
9.311846870150026767e-01 6.043667111684252087e-04
9.322564309144270034e-01 6.474121952184427441e-04
9.333306446966641579e-01 6.236715844038396780e-04
9.344073369094999526e-01 5.507645166358662771e-04
9.354865161402091678e-01 5.088924971554177916e-04
9.365681910157831469e-01 4.487907296550780749e-04
9.376523702031603902e-01 4.034874344480606509e-04
9.387390624094570368e-01 3.801432585566084108e-04
9.398282763822011221e-01 3.459081394667377148e-04
9.409200209095662792e-01 3.448545729747699135e-04
9.420143048206082170e-01 3.142148228334105085e-04
9.431111369855039728e-01 2.511172793658391386e-04
9.442105263157893891e-01 2.238795026418620676e-04
9.453124817646029188e-01 1.857001433137664404e-04
9.464170123269265433e-01 1.625676214413571043e-04
9.475241270398316873e-01 1.551307550548183790e-04
9.486338349827253547e-01 1.223160744624445374e-04
9.497461452775987079e-01 1.172722271874213393e-04
9.508610670892763128e-01 9.964502127019231206e-05
9.519786096256686037e-01 6.205004259802512749e-05
9.530987821380244585e-01 5.276631354496144079e-05
9.542215939211874387e-01 2.801404937999793046e-05
9.553470543138528059e-01 9.820654983552963986e-06
9.564751726988250935e-01 5.911760375059932480e-06
9.576059585032808963e-01 2.793067320864073161e-05
9.587394211990294401e-01 7.385575461672120527e-05
9.598755703027791464e-01 4.925197965962824730e-05
9.610144153764016428e-01 8.091652388391229402e-05
9.621559660272022141e-01 1.359210036279747671e-04
9.633002319081881426e-01 3.667263205154937424e-05
9.644472227183426005e-01 7.406988709721240420e-05
9.655969482028970985e-01 1.710897151529051853e-04
9.667494181536073761e-01 6.332500554754034018e-05
9.679046424090338441e-01 1.392169381781624123e-04
9.690626308548183632e-01 2.338966186522505606e-04
9.702233934239684610e-01 8.502840332851228466e-05
9.713869400971398838e-01 3.240980697897371805e-04
9.725532809029237002e-01 6.761767963861950665e-04
9.737224259181341823e-01 3.591524997593710999e-04
9.748943852680991284e-01 1.034588748080037852e-04
9.760691691269505199e-01 6.413975635923831967e-04
9.772467877179223938e-01 1.149043564924148025e-03
9.784272513136439420e-01 8.026899264047249443e-04
9.796105702364393819e-01 1.386300011918680485e-04
9.807967548586306039e-01 6.422616398857675102e-05
9.819858156028369311e-01 5.010695589704030955e-04
9.831777629422832065e-01 7.257048724022645541e-04
9.843726074011059923e-01 4.669959587424033897e-04
9.855703595546635443e-01 1.599771877170392902e-04
9.867710300298471182e-01 1.682776274728465648e-04
9.879746295053973837e-01 2.513534110618080228e-04
9.891811687122183949e-01 2.201253884408927027e-04
9.903906584336983343e-01 2.136685714043199931e-04
9.916031095060294787e-01 2.592943844855701463e-04
9.928185328185327174e-01 3.087376711686527818e-04
9.940369393139842913e-01 2.856798427942713295e-04
9.952583399889416427e-01 2.646505659337576566e-04
9.964827458940763716e-01 4.792910073077353791e-04
9.977101681345076356e-01 7.518422254207961404e-04
9.989406178701363270e-01 7.907936068160778846e-04
1.000174106315984357e+00 6.422486037335647631e-04
1.001410644742535938e+00 5.637712365666611375e-04
1.002650244476078312e+00 9.350593323184841661e-04
1.003892916899052024e+00 1.500354224275760257e-03
1.005138673450393982e+00 1.555650026023199656e-03
1.006387525625892954e+00 1.228413664707273629e-03
1.007639484978540834e+00 1.057574269777383303e-03
1.008894563118889254e+00 1.306877105209770925e-03
1.010152771715408182e+00 1.851824973522109025e-03
1.011414122494849410e+00 1.957430063158870515e-03
1.012678627242608265e+00 1.375387256361201415e-03
1.013946297803091978e+00 7.360168078046858088e-04
1.015217146080090282e+00 4.053018669525006211e-04
1.016491184037146223e+00 5.056918234789039429e-04
1.017768423697932967e+00 9.525141023380313951e-04
1.019048877146631726e+00 1.248908001796068465e-03
1.020332556528311230e+00 1.298304666917886709e-03
1.021619474049315857e+00 1.442270123566487825e-03
1.022909641977647555e+00 1.830537197000504587e-03
1.024203072643358414e+00 2.250797117293635435e-03
1.025499778438944132e+00 2.292204972973144704e-03
1.026799771819737694e+00 2.047642567658079522e-03
1.028103065304309283e+00 2.015347916200446472e-03
1.029409671474868171e+00 2.335087815762173970e-03
1.030719602977667515e+00 2.940155888672761966e-03
1.032032872523412248e+00 3.586133322297235804e-03
1.033349492887669863e+00 4.007533757507423730e-03
1.034669476911285635e+00 4.631053044798529895e-03
1.035992837500799402e+00 6.173742658291157120e-03
1.037319587628866113e+00 8.923234643924601514e-03
1.038649740334679716e+00 1.253070160210302542e-02
1.039983308724401478e+00 1.617838896474729782e-02
1.041320305971588533e+00 1.980513239049727994e-02
1.042660745317628868e+00 2.452529763095967832e-02
1.044004640072178969e+00 3.162985829867678844e-02
1.045352003613602587e+00 4.179692818755678663e-02
1.046702849389416601e+00 5.444481534325606303e-02
1.048057190916736880e+00 6.898666915381548859e-02
1.049415041782729707e+00 8.645925446396188208e-02
1.050776415645067408e+00 1.073634170337675886e-01
1.052141326232383101e+00 1.304920353628793162e-01
1.053509787344735660e+00 1.548626575932859351e-01
1.054881812854073120e+00 1.797232834898091769e-01
1.056257416704701191e+00 2.042629846986200315e-01
1.057636612913755991e+00 2.278377110579466736e-01
1.059019415571680778e+00 2.492814967765496492e-01
1.060405838842704673e+00 2.678000562187722311e-01
1.061795896965327390e+00 2.821069041205258587e-01
1.063189604252805731e+00 2.878469225339890247e-01
1.064586975093645194e+00 2.810017573898672127e-01
1.065988023952095798e+00 2.630596631020208354e-01
1.067392765368649910e+00 2.402953143463127661e-01
1.068801213960546503e+00 2.186580934119045083e-01
1.070213384422276315e+00 1.982254398922371208e-01
1.071629291526096539e+00 1.747403518535321776e-01
1.073048950122540868e+00 1.476010490352262228e-01
1.074472375140943292e+00 1.210275853309346894e-01
1.075899581589958354e+00 9.853882227111952774e-02
1.077330584558090054e+00 8.087352857251110805e-02
1.078765399214224097e+00 6.674755682414709734e-02
1.080204040808161681e+00 5.446732491857494973e-02
1.081646524671162402e+00 4.411810680304884685e-02
1.083092866216487149e+00 3.671934511525890704e-02
1.084543080939947668e+00 3.214812744283330331e-02
1.085997184420459893e+00 2.922442553991049310e-02
1.087455192320601505e+00 2.637811777792546664e-02
1.088917120387174808e+00 2.270953518192087364e-02
1.090382984451773840e+00 1.885493725396455295e-02
1.091852800431354131e+00 1.588061467304980809e-02
1.093326584328811579e+00 1.403683047439239703e-02
1.094804352233560873e+00 1.271979684314493431e-02
1.096286120322122359e+00 1.124553159241614524e-02
1.097771904858711123e+00 9.777125522977821864e-03
1.099261722195833624e+00 8.777845279840186879e-03
1.100755588774886329e+00 8.119475500901375195e-03
1.102253521126760782e+00 7.445812365190261281e-03
1.103755535872453564e+00 6.537701070413624513e-03
1.105261649723681350e+00 5.513366093736325572e-03
1.106771879483500864e+00 4.764875765098388304e-03
1.108286242046931713e+00 4.341991463086664407e-03
1.109804754401589433e+00 4.034547415819593474e-03
1.111327433628318540e+00 3.764928377259984821e-03
1.112854296901834239e+00 3.527908509181166153e-03
1.114385361491366799e+00 3.345864400872257307e-03
1.115920644761314362e+00 3.148125840955213767e-03
1.117460164171897752e+00 2.834949414936688110e-03
1.119003937279823280e+00 2.480638507755325919e-03
1.120551981738950209e+00 2.195724506148641255e-03
1.122104315300962885e+00 2.022822462376382049e-03
1.123660955816050633e+00 1.940415208970634221e-03
1.125221921233590328e+00 1.899257603642780625e-03
1.126787229602837836e+00 1.871702088828091411e-03
1.128356899073622799e+00 1.792750980859129668e-03
1.129930947897049620e+00 1.648811003109355681e-03
1.131509394426206461e+00 1.507340342484979204e-03
1.133092257116877555e+00 1.393000950502894849e-03
1.134679554528262413e+00 1.318733117202340599e-03
1.136271305323700798e+00 1.284586646646758597e-03
1.137867528271405471e+00 1.263662688369945495e-03
1.139468242245199381e+00 1.250056613365826920e-03
1.141073466225258848e+00 1.236336477225220051e-03
1.142683219298864516e+00 1.200522649084420418e-03
1.144297520661156975e+00 1.123828966960301002e-03
1.145916389615901476e+00 1.037506458731661269e-03
1.147539845576255546e+00 9.808162478473023832e-04
1.149167908065545696e+00 9.320354154493884361e-04
1.150800596718050794e+00 8.898970637709281619e-04
1.152437931279789440e+00 8.640879224223229141e-04
1.154079931609318210e+00 8.349020360081422110e-04
1.155726617678533241e+00 7.940396683200019517e-04
1.157378009573480249e+00 7.304739461176942101e-04
1.159034127495170763e+00 6.621534665596396241e-04
1.160694991760407024e+00 6.156664267282796216e-04
1.162360622802611765e+00 5.804734747729905315e-04
1.164031041172666647e+00 5.541827790838730044e-04
1.165706267539756702e+00 5.271859031832963833e-04
1.167386322692224532e+00 4.967718270374771490e-04
1.169071227538428293e+00 4.726555654394601672e-04
1.170761003107610110e+00 4.401983629526807574e-04
1.172455670550770712e+00 4.014922743325019029e-04
1.174155251141552503e+00 3.631252039865795847e-04
1.175859766277128404e+00 3.290396889929965451e-04
1.177569237479101583e+00 3.097414051314380419e-04
1.179283686394409170e+00 2.924049738126966737e-04
1.181003134796238196e+00 2.738761809253095563e-04
1.182727604584945524e+00 2.544474638498333110e-04
1.184457117788988878e+00 2.311055248714192264e-04
1.186191696565863873e+00 2.124642561752024066e-04
1.187931363203050594e+00 1.918482055840144086e-04
1.189676140118969050e+00 1.727667042303159407e-04
1.191426049863940628e+00 1.609961065781763260e-04
1.193181115121160651e+00 1.537003877536194374e-04
1.194941358707678702e+00 1.567264161946895959e-04
1.196706803575386058e+00 1.614254736122620458e-04
1.198477472812014444e+00 1.680922644788665715e-04
1.200253389642142565e+00 1.792378836953307023e-04
1.202034577428211293e+00 1.919089073883699197e-04
1.203821059671546401e+00 2.141688290871592373e-04
1.205612860013395737e+00 2.380278995374960347e-04
1.207410002235969282e+00 2.682090262698767834e-04
1.209212510263491858e+00 3.108301596310952927e-04
1.211020408163265172e+00 3.621267993256127474e-04
1.212833720146739624e+00 4.290811394852038171e-04
1.214652470570593001e+00 4.913908023142254423e-04
1.216476683937824044e+00 5.463275787420426681e-04
1.218306384898849570e+00 6.043882416148511471e-04
1.220141598252617365e+00 6.618870957674183016e-04
1.221982348947725727e+00 7.306880801877043037e-04
1.223828662083553898e+00 7.973073912377064316e-04
1.225680562911402038e+00 8.716793511588907979e-04
1.227538076835644532e+00 9.636558086267313318e-04
1.229401229414889496e+00 1.048392657600958483e-03
1.231270046363152515e+00 1.133201920033619949e-03
1.233144553551039024e+00 1.176522211633659974e-03
1.235024777006937580e+00 1.183534196322794585e-03
1.236910742918225559e+00 1.218958020929055168e-03
1.238802477632484411e+00 1.248152117993455703e-03
1.240700007658727122e+00 1.279423254471252682e-03
1.242603359668635443e+00 1.315365756363099086e-03
1.244512560497810449e+00 1.330465520358070294e-03
1.246427637147033973e+00 1.368197669815753460e-03
1.248348616783540033e+00 1.381428390455150933e-03
1.250275526742301579e+00 1.355565569275726150e-03
1.252208394527324797e+00 1.321364594854937445e-03
1.254147247812959831e+00 1.260544711074316126e-03
1.256092114445219732e+00 1.237110106549159285e-03
1.258043022443115611e+00 1.232263519521161052e-03
1.260000000000000009e+00 1.211925143079735324e-03
