1.120000000000000107e+00 1.269154821367038605e-03
1.120986610288935870e+00 1.243225108422886267e-03
1.121974960324457982e+00 1.260103802568855605e-03
1.122965054712319333e+00 1.316463363363752203e-03
1.123956898074545130e+00 1.380378145955778960e-03
1.124950495049505061e+00 1.411842465836351222e-03
1.125945850291983907e+00 1.389641197332523422e-03
1.126942968473255480e+00 1.324665148848077137e-03
1.127941854281155898e+00 1.250233661680018619e-03
1.128942512420155975e+00 1.197310115208477348e-03
1.129944947611436712e+00 1.173429672026647577e-03
1.130949164592961464e+00 1.160630383716619194e-03
1.131955168119551880e+00 1.132786368495379385e-03
1.132962962962963172e+00 1.078104488096171421e-03
1.133972553911958725e+00 1.009238873592300688e-03
1.134983945772386926e+00 9.536255671856010488e-04
1.135997143367255990e+00 9.320675252780528984e-04
1.137012151536811899e+00 9.423780872329300898e-04
1.138028975138615895e+00 9.605486442651621406e-04
1.139047619047619087e+00 9.581961143327377478e-04
1.140068088156244608e+00 9.227415244439559619e-04
1.141090387374462223e+00 8.651977544661229895e-04
1.142114521629869150e+00 8.103987897863843383e-04
1.143140495867768669e+00 7.779474543936723985e-04
1.144168315051249829e+00 7.687028288332751385e-04
1.145197984161267168e+00 7.665827038962130455e-04
1.146229508196721314e+00 7.532087965015935244e-04
1.147262892174540250e+00 7.232033057393397234e-04
1.148298141129760142e+00 6.881164544972511506e-04
1.149335260115607271e+00 6.664358032674934807e-04
1.150374254203579971e+00 6.681411078029344652e-04
1.151415128483532779e+00 6.862024141047707790e-04
1.152457888063756597e+00 7.015169670875067657e-04
1.153502538071066175e+00 6.970536508245077801e-04
1.154549083650880270e+00 6.699836860243149096e-04
1.155597529967308246e+00 6.326143169200952945e-04
1.156647882203235778e+00 6.020291992033314750e-04
1.157700145560407679e+00 5.870693206658905011e-04
1.158754325259515605e+00 5.828521436560464997e-04
1.159810426540284434e+00 5.765315742186996346e-04
1.160868454661558191e+00 5.589320591235677439e-04
1.161928414901388207e+00 5.323259526010123369e-04
1.162990312557119488e+00 5.082130546822506787e-04
1.164054152945481313e+00 4.973069959096049859e-04
1.165119941402673609e+00 5.001770037077394974e-04
1.166187683284457544e+00 5.062131988301842370e-04
1.167257383966245010e+00 5.016499614306122682e-04
1.168329048843187667e+00 4.800637482734702323e-04
1.169402683330270198e+00 4.469462475649350094e-04
1.170478292862398906e+00 4.149270440501339765e-04
1.171555882894494527e+00 3.937809467792247227e-04
1.172635458901585048e+00 3.833556156108541683e-04
1.173717026378896966e+00 3.748958612166791693e-04
1.174800590841949877e+00 3.592719258283890880e-04
1.175886157826649736e+00 3.350897621554359339e-04
1.176973732889382340e+00 3.099932427345050744e-04
1.178063321607110137e+00 2.942258131067695872e-04
1.179154929577464817e+00 2.918909942281053879e-04
1.180248562418846570e+00 2.971507501356064488e-04
1.181344225770516454e+00 2.984703296580845286e-04
1.182441925292696538e+00 2.874361410047754188e-04
1.183541666666666936e+00 2.650259275669755981e-04
1.184643455594861505e+00 2.403884388913856806e-04
1.185747297800969102e+00 2.233049933791539615e-04
1.186853199030031725e+00 2.165296779109342022e-04
1.187961165048543544e+00 2.141123574850463114e-04
1.189071201644552378e+00 2.068080216976026745e-04
1.190183314627759170e+00 1.899364301810093638e-04
1.191297509829620127e+00 1.672317553075188391e-04
1.192413793103448416e+00 1.476724705824680717e-04
1.193532170324516972e+00 1.380607975958406813e-04
1.194652647390161526e+00 1.374833297275043450e-04
1.195775230219883634e+00 1.380831241478521810e-04
1.196899924755455258e+00 1.313449421263212201e-04
1.198026736961024463e+00 1.146861475970229209e-04
1.199155672823219110e+00 9.309533491630043794e-05
1.200286738351254545e+00 7.475562566092724015e-05
1.201419939577039298e+00 6.446530017474610312e-05
1.202555282555282767e+00 6.022932224765572656e-05
1.203692773363602031e+00 5.557174260752035806e-05
1.204832418102632197e+00 4.532048634059505422e-05
1.205974222896133652e+00 2.994778621039421545e-05
1.207118193891102420e+00 1.504206532280407370e-05
1.208264337257880960e+00 6.711350351016367029e-06
1.209412659190268302e+00 7.021093577589238779e-06
1.210563165905631733e+00 1.323248230011113210e-05
1.211715863645020042e+00 2.109537627689353462e-05
1.212870758673274985e+00 2.890890481859175734e-05
1.214027857279145195e+00 3.855912268085827133e-05
1.215187165775401201e+00 5.263475610559824829e-05
1.216348690498948670e+00 7.039845266916753001e-05
1.217512437810945425e+00 8.657356855410502689e-05
1.218678414096916462e+00 9.450923799733441813e-05
1.219846625766871195e+00 9.136913896291624611e-05
1.221017079255421356e+00 8.098309879817487569e-05
1.222189781021898014e+00 7.173050937557814088e-05
1.223364737550471038e+00 7.089694646821865229e-05
1.224541955350269662e+00 7.990699431869278816e-05
1.225721440955499952e+00 9.413097244949242682e-05
1.226903200925568926e+00 1.071538869739463120e-04
1.228087241845204014e+00 1.157198953806478747e-04
1.229273570324574960e+00 1.211761051407267116e-04
1.230462192999420168e+00 1.264708580267089825e-04
1.231653116531165493e+00 1.317999745489208542e-04
1.232846347607053028e+00 1.332722990109576030e-04
1.234041892940263896e+00 1.262659186948742417e-04
1.235239759270044813e+00 1.107375089955808795e-04
1.236439953361834654e+00 9.351631938228184223e-05
1.237642482007391687e+00 8.472612225375914679e-05
1.238847352024922355e+00 9.040500958311134907e-05
1.240054570259208955e+00 1.070531889011123154e-04
1.241264143581740198e+00 1.229720621189237483e-04
1.242476078890841773e+00 1.262285051826272421e-04
1.243690383111806241e+00 1.137320549830055902e-04
1.244907063197026043e+00 9.454058852773408739e-05
1.246126126126126277e+00 8.439295377372597396e-05
1.247347578906096821e+00 9.482268030334843926e-05
1.248571428571428665e+00 1.243613619378435443e-04
1.249797682184246694e+00 1.583034539810137164e-04
1.251026346834447800e+00 1.780747448083405617e-04
1.252257429639834774e+00 1.751331315209437450e-04
1.253490937746257305e+00 1.612896394412136362e-04
1.254726878327745876e+00 1.687891776123383292e-04
1.255965258586656086e+00 2.382789049965918513e-04
1.257206085753803881e+00 3.986479813506495261e-04
1.258449367088607884e+00 6.475985316945274788e-04
1.259695109879231945e+00 9.439426643103517598e-04
1.260943321442727028e+00 1.220098810835227492e-03
1.262194009125173766e+00 1.414797744241967073e-03
1.263447180301827011e+00 1.513333736682819517e-03
1.264702842377261049e+00 1.572304918340532804e-03
1.265961002785515266e+00 1.706837852029785595e-03
1.267221668990240913e+00 2.035980420906676434e-03
1.268484848484848548e+00 2.610442942654393923e-03
1.269750548792656364e+00 3.368622629069610575e-03
1.271018777467039618e+00 4.162118997567726582e-03
1.272289542091581849e+00 4.854400355523804875e-03
1.273562850280224534e+00 5.443344710976872128e-03
1.274838709677419413e+00 6.125557366916165210e-03
1.276117127958283470e+00 7.238854935633086927e-03
1.277398112828749488e+00 9.090131452997123745e-03
1.278681672025723692e+00 1.176046873989214196e-02
1.279967813317239855e+00 1.501878605438451003e-02
1.281256544502618056e+00 1.842967716795537031e-02
1.282547873412618555e+00 2.162408060575977953e-02
1.283841807909604560e+00 2.458195497362177656e-02
1.285138355887699424e+00 2.773888733021284345e-02
1.286437525272947857e+00 3.181534796871756526e-02
1.287739324023477128e+00 3.743904462260065624e-02
1.289043760129659821e+00 4.478190564869356100e-02
1.290350841614277044e+00 5.345609181320435527e-02
1.291660576532683846e+00 6.277380655522972475e-02
1.292972972972973089e+00 7.224805655734857501e-02
1.294288039056143313e+00 8.203719789071484136e-02
1.295605782936265937e+00 9.303912687604479204e-02
1.296926212800652234e+00 1.065366060824854411e-01
1.298249336870026749e+00 1.235706274066884214e-01
1.299575163398692945e+00 1.444004970931986598e-01
1.300903700674708841e+00 1.683732178727443685e-01
1.302234957020057315e+00 1.942832620811545397e-01
1.303568940790821529e+00 2.210046861341503355e-01
1.304905660377358556e+00 2.480113062696326642e-01
1.306245124204475472e+00 2.754758736673005859e-01
1.307587340731607206e+00 3.039085018335163091e-01
1.308932318452993515e+00 3.335836181948104162e-01
1.310280065897858393e+00 3.641264404366523211e-01
1.311630591630591924e+00 3.945088528657674232e-01
1.312983904250928813e+00 4.234262326882545224e-01
1.314340012394133783e+00 4.497795351521906015e-01
1.315698924731182995e+00 4.729343735110391189e-01
1.317060649968950559e+00 4.926003399557429274e-01
1.318425196850393943e+00 5.084472186001534055e-01
1.319792574154739828e+00 5.197616602850839707e-01
1.321162790697674394e+00 5.254224743926143582e-01
1.322535855331531840e+00 5.242554184957942676e-01
1.323911776945484675e+00 5.155688613185520630e-01
1.325290564465736454e+00 4.995446667676627373e-01
1.326672226855713399e+00 4.772458201292469893e-01
1.328056773116260025e+00 4.502407375692031311e-01
1.329444212285833871e+00 4.200735511430535585e-01
1.330834553440702894e+00 3.878828258144346175e-01
1.332227805695142653e+00 3.543508436600168454e-01
1.333623978201635030e+00 3.199427234164307077e-01
1.335023080151070074e+00 2.852204348547279222e-01
1.336425120772946951e+00 2.509989353614732743e-01
1.337830109335576223e+00 2.182467077036810144e-01
1.339238055146285022e+00 1.878174516070416633e-01
1.340648967551622439e+00 1.602070935951230013e-01
1.342062855937566024e+00 1.354971019531353293e-01
1.343479729729729844e+00 1.135072920038644462e-01
1.344899598393574536e+00 9.404104009799411912e-02
1.346322471434617141e+00 7.705685438696120715e-02
1.347748358398644486e+00 6.266606849309366845e-02
1.349177268871925683e+00 5.098161007821606222e-02
1.350609212481426624e+00 4.193823510914692493e-02
1.352044198895027804e+00 3.521062872927645249e-02
1.353482237821739931e+00 3.027867049620110856e-02
1.354923339011925076e+00 2.658945701545218851e-02
1.356367512257514507e+00 2.371130153706400498e-02
1.357814767392232280e+00 2.139513295801585141e-02
1.359265114291817955e+00 1.952966205259992066e-02
1.360718562874251747e+00 1.804454109704269754e-02
1.362175123099978791e+00 1.683678585130093941e-02
1.363634804972139181e+00 1.576401391521013717e-02
1.365097618536794899e+00 1.469364306879487707e-02
1.366563573883161631e+00 1.356032208541943507e-02
1.368032681143840135e+00 1.238618849966937815e-02
1.369504950495049833e+00 1.125154200642755099e-02
1.370980392156863070e+00 1.023934898156933677e-02
1.372459016393442699e+00 9.390787490300497517e-03
1.373940833513280335e+00 8.695417130787643292e-03
1.375425853869433945e+00 8.112855813864222956e-03
1.376914087859770763e+00 7.603686213013202688e-03
1.378405545927209763e+00 7.147175422020452841e-03
1.379900238559965464e+00 6.738357230256013415e-03
1.381398176291793511e+00 6.373483817344487330e-03
1.382899369702238923e+00 6.038955159148689383e-03
1.384403829416884335e+00 5.712535521977012316e-03
1.385911566107602244e+00 5.374223967302467313e-03
1.387422590492804364e+00 5.017028598693795693e-03
1.388936913337699419e+00 4.649469142440141103e-03
1.390454545454545610e+00 4.288991877781409001e-03
1.391975497702909959e+00 3.952032128723758503e-03
1.393499780989925885e+00 3.647538353545630788e-03
1.395027406270554771e+00 3.376733084083687747e-03
1.396558384547849085e+00 3.136835017752023086e-03
1.398092726873214842e+00 2.924428539969188470e-03
1.399630444346678271e+00 2.735996110553100182e-03
1.401171548117154941e+00 2.566468037379371868e-03
1.402716049382716212e+00 2.408518914040926832e-03
1.404263959390863237e+00 2.254310154507712001e-03
1.405815289438798299e+00 2.098825077766694035e-03
1.407370050873700595e+00 1.942228325983222674e-03
1.408928255093002901e+00 1.789239540095853218e-03
1.410489913544668905e+00 1.645765172850950772e-03
1.412055037727474760e+00 1.515082557911450172e-03
1.413623639191290859e+00 1.396128927748894804e-03
1.415195729537366942e+00 1.284833042021038107e-03
1.416771320418615199e+00 1.177265944816640762e-03
1.418350423539902039e+00 1.072276755127959990e-03
1.419933050658335194e+00 9.718910142674857481e-04
1.421519213583556818e+00 8.794628942638196964e-04
1.423108924178036361e+00 7.970811717184875678e-04
1.424702194357366780e+00 7.240385616783777270e-04
1.426299036090562744e+00 6.572404959585763070e-04
1.427899461400359282e+00 5.930484810213879684e-04
1.429503482363513989e+00 5.292014400161504459e-04
1.431111111111111445e+00 4.656170902028315163e-04
1.432722359828867420e+00 4.037875430728463111e-04
1.434337240757439291e+00 3.454340749632410046e-04
1.435955766192733130e+00 2.914408074680120112e-04
1.437577948486218116e+00 2.417003446648191393e-04
1.439203800045238735e+00 1.957514784610880269e-04
1.440833333333333410e+00 1.535464067158196974e-04
1.442466560870550918e+00 1.157092404354390683e-04
1.444103495233772350e+00 8.314693317002608091e-05
1.445744149057032635e+00 5.641520939442049156e-05
1.447388535031847390e+00 3.540058200836940238e-05
1.449036665907538435e+00 1.956245519245555675e-05
1.450688554491564197e+00 8.481515118923023682e-06
1.452344213649851890e+00 2.211092611879508909e-06
1.454003656307129910e+00 1.131112925133584551e-06
1.455666895447266240e+00 5.468774340382762053e-06
1.457333944113605506e+00 1.495582213761849347e-05
1.459004815409310041e+00 2.895823540941330635e-05
1.460679522497704275e+00 4.695600294319808972e-05
1.462358078602620015e+00 6.889150964095574071e-05
1.464040497008743946e+00 9.499957632881010465e-05
1.465726791061967349e+00 1.252280371683923478e-04
1.467416974169741817e+00 1.588094682648221172e-04
1.469111059801431418e+00 1.944985649958732817e-04
1.470809061488673297e+00 2.314159863197745581e-04
1.472510992825735165e+00 2.698131465218062846e-04
1.474216867469879455e+00 3.109882300864895183e-04
1.475926699141730580e+00 3.562125748292904607e-04
1.477640501625638869e+00 4.053997015989472055e-04
1.479358288770053598e+00 4.566071700563980955e-04
1.481080074487895804e+00 5.069111603652330005e-04
1.482805872756933319e+00 5.541078682622554681e-04
1.484535697620158690e+00 5.979635999408082622e-04
1.486269563186171316e+00 6.400240213370957153e-04
1.488007483629560479e+00 6.821359524463836439e-04
1.489749473191290141e+00 7.249071381529390706e-04
1.491495546179090415e+00 7.674006922448463027e-04
1.493245716967847914e+00 8.083149926136909760e-04
1.495000000000000107e+00 8.475926569369424384e-04
1.496758409785932775e+00 8.869706507452606832e-04
1.498520960904380805e+00 9.288567044735354271e-04
1.500287668002829644e+00 9.743905270669008661e-04
1.502058545797922973e+00 1.022339605134712235e-03
1.503833609075868827e+00 1.069838159617532338e-03
1.505612872692853932e+00 1.114393450107418549e-03
1.507396351575456261e+00 1.155428752017171636e-03
1.509184060721062703e+00 1.193985551528992236e-03
1.510976015198290279e+00 1.230854124242553721e-03
1.512772230147408692e+00 1.264926983364466880e-03
1.514572720780766657e+00 1.293546493698570325e-03
1.516377502383222220e+00 1.314906182572404044e-03
1.518186590312574857e+00 1.330561488442361714e-03
1.520000000000000240e+00 1.345626769259679551e-03
