9.600000000000000755e-01 1.724114905914826560e-03
9.609452540370225782e-01 1.703953696819238616e-03
9.618923713778829709e-01 1.570443935409994397e-03
9.628413575374901168e-01 1.413265350417712346e-03
9.637922180525380078e-01 1.314896775517688989e-03
9.647449584816132351e-01 1.254707688508156392e-03
9.656995844053039013e-01 1.192520142844667817e-03
9.666561014263075347e-01 1.152385911937694758e-03
9.676145151695419999e-01 1.161476179872272720e-03
9.685748312822548556e-01 1.175811922694422517e-03
9.695370554341349312e-01 1.139407988126736951e-03
9.705011933174226835e-01 1.071365177514274018e-03
9.714672506470238833e-01 1.023561427564219578e-03
9.724352331606219701e-01 9.879112107720570968e-04
9.734051466187912949e-01 9.231958208152299394e-04
9.743769968051119168e-01 8.515805178433996734e-04
9.753507895262844007e-01 8.417898175252210360e-04
9.763265306122449472e-01 8.948021511633520069e-04
9.773042259162828538e-01 9.292467342727005848e-04
9.782838813151565338e-01 9.006431874775837126e-04
9.792655027092114217e-01 8.591017724669179319e-04
9.802490960224991001e-01 8.534990288109064278e-04
9.812346672028958716e-01 8.491510420808793917e-04
9.822222222222225518e-01 7.961491435488525026e-04
9.832117670763652617e-01 7.248632163915154532e-04
9.842033077853975520e-01 7.036938736864728049e-04
9.851968503937010846e-01 7.330265213019061680e-04
9.861924009700892002e-01 7.516368117802741571e-04
9.871899656079305974e-01 7.338922987799262419e-04
9.881895504252735662e-01 7.114690591801861976e-04
9.891911615649707779e-01 6.995259530368875753e-04
9.901948051948052942e-01 6.697022506258694429e-04
9.912004875076174670e-01 6.121823675834910583e-04
9.922082147214316139e-01 5.646508953664821110e-04
9.932179930795849154e-01 5.528777245472392757e-04
9.942298288508557569e-01 5.519654978062069192e-04
9.952437283295942905e-01 5.370372011876116836e-04
9.962596978358513322e-01 5.268735566131394453e-04
9.972777437155120328e-01 5.390916017002801014e-04
9.982978723404256627e-01 5.421134625906544671e-04
9.993200901085398380e-01 4.998928407549507302e-04
1.000344403444034524e+00 4.362325368041423631e-04
1.001370818797455486e+00 4.025830508919911194e-04
1.002399342645850622e+00 3.995271711926299488e-04
1.003429981492905743e+00 3.843677312593409370e-04
1.004462741869081910e+00 3.484951443935957569e-04
1.005497630331753545e+00 3.298620488463060627e-04
1.006534653465346540e+00 3.429256034160475981e-04
1.007573817881478595e+00 3.508147984597522742e-04
1.008615130219099099e+00 3.255801511159166109e-04
1.009658597144630798e+00 2.896181331205727833e-04
1.010704225352112795e+00 2.718281338091209560e-04
1.011752021563342430e+00 2.621192399227140223e-04
1.012801992528020056e+00 2.402310020768248886e-04
1.013854145023893816e+00 2.170545600909883717e-04
1.014908485856905296e+00 2.119214003125120132e-04
1.015965021861336970e+00 2.131384721916452184e-04
1.017023759899958524e+00 1.976744035775439474e-04
1.018084706864177180e+00 1.724499901404836024e-04
1.019147869674185802e+00 1.596907148616856184e-04
1.020213255279113662e+00 1.545314927285123033e-04
1.021280870657178985e+00 1.349001277262117950e-04
1.022350722815839275e+00 1.055844249669617239e-04
1.023422818791946520e+00 9.393360818957100823e-05
1.024497165651900188e+00 1.034069887949834248e-04
1.025573770491803316e+00 1.083624226837635635e-04
1.026652640437618391e+00 9.772897175413748150e-05
1.027733782645324334e+00 8.828364866905767173e-05
1.028817204301075261e+00 8.835233871651488897e-05
1.029902912621359246e+00 8.348669328344552416e-05
1.030990914853158635e+00 6.898925456580589396e-05
1.032081218274111922e+00 6.340246526434658138e-05
1.033173830192674503e+00 7.536690772979976979e-05
1.034268757948283213e+00 8.812493719037386183e-05
1.035366008911521529e+00 9.303308883885875666e-05
1.036465590484282329e+00 1.071842267808386918e-04
1.037567510099936419e+00 1.378941981521894316e-04
1.038671775223499516e+00 1.608612977956775118e-04
1.039778393351800778e+00 1.586771846270626876e-04
1.040887372013652001e+00 1.519003998599076420e-04
1.041998718770019483e+00 1.623676200805134785e-04
1.043112441214194108e+00 1.730510836960823663e-04
1.044228546971966543e+00 1.595099922629880640e-04
1.045347043701799539e+00 1.372283722823890877e-04
1.046467939095003130e+00 1.366981968435047239e-04
1.047591240875912488e+00 1.494502418249219042e-04
1.048716956802063338e+00 1.433036813366443641e-04
1.049845094664372036e+00 1.192071895048274380e-04
1.050975662287314316e+00 1.062027947139914297e-04
1.052108667529107366e+00 1.062661342198989233e-04
1.053244118281891017e+00 9.258626180029837010e-05
1.054382022471910263e+00 6.238457804460903640e-05
1.055522388059701555e+00 4.305460766101712445e-05
1.056665223040277102e+00 4.130730706414700707e-05
1.057810535443312494e+00 3.367077782845996772e-05
1.058958333333333446e+00 1.434505821309391734e-05
1.060108624809906530e+00 4.724200011257015794e-06
1.061261418007829471e+00 8.139415967888111031e-06
1.062416721097321881e+00 6.021782111589818371e-06
1.063574542284219548e+00 5.700113674113978566e-06
1.064734889810167839e+00 3.362770487699695549e-05
1.065897771952817985e+00 7.436422485994877087e-05
1.067063197026022259e+00 8.840951787630053189e-05
1.068231173380035148e+00 1.010777851566524980e-04
1.069401709401709422e+00 1.793133012290489838e-04
1.070574813514699297e+00 2.957949082415277159e-04
1.071750494179661839e+00 3.400139259841340007e-04
1.072928759894459239e+00 3.225876637147630471e-04
1.074109619194365095e+00 4.148615079764359642e-04
1.075293080652269806e+00 6.621874381337271688e-04
1.076479152878888401e+00 8.184589131905350068e-04
1.077667844522968377e+00 6.797855300880812019e-04
1.078859164271501525e+00 4.632851030825388904e-04
1.080053120849933546e+00 5.537802198441186315e-04
1.081249723022379650e+00 9.062029751919516542e-04
1.082448979591836835e+00 1.062438764369598183e-03
1.083650899400399936e+00 8.592250028563581899e-04
1.084855491329479893e+00 7.402772020699778435e-04
1.086062764300022243e+00 1.103101690929545560e-03
1.087272727272727169e+00 1.642375101191823322e-03
1.088485389248271318e+00 1.743382013337271743e-03
1.089700759267530294e+00 1.371577334195612499e-03
1.090918846411804255e+00 1.114564317157696769e-03
1.092139659803043950e+00 1.336469909827835102e-03
1.093363208604078096e+00 1.737461418359525014e-03
1.094589502018842531e+00 1.901821193205265091e-03
1.095818549292611799e+00 1.892795642729582298e-03
1.097050359712230305e+00 2.025528626764510048e-03
1.098284942606347236e+00 2.323892752985991413e-03
1.099522307345651262e+00 2.549218989550349011e-03
1.100762463343108566e+00 2.632288007658448517e-03
1.102005420054200657e+00 2.734814252901210732e-03
1.103251186977165066e+00 2.908763172422277818e-03
1.104499773653236705e+00 2.997747440884543108e-03
1.105751189666893231e+00 2.934437689376114163e-03
1.107005444646098180e+00 2.905031510657627922e-03
1.108262548262548330e+00 3.119867433676510628e-03
1.109522510231923720e+00 3.559749545883643482e-03
1.110785340314136116e+00 4.011117687160886160e-03
1.112051048313582591e+00 4.248126863418259271e-03
1.113319644079397763e+00 4.178813493504801233e-03
1.114591137505710483e+00 3.962236236602818124e-03
1.115865538531900292e+00 3.985887498054273628e-03
1.117142857142857215e+00 4.523667241505420142e-03
1.118423103369241334e+00 5.344207737495417290e-03
1.119706287287746793e+00 5.851767385307536651e-03
1.120992419021364483e+00 5.748977145519084363e-03
1.122281508739650713e+00 5.437079793039113589e-03
1.123573566658991663e+00 5.649669277494127895e-03
1.124868603042876947e+00 6.786008109023123486e-03
1.126166628202169395e+00 8.648293758096373476e-03
1.127467652495378836e+00 1.065122375323091994e-02
1.128771686328938095e+00 1.221685229452808101e-02
1.130078740157480333e+00 1.326543206423180625e-02
1.131388824484118150e+00 1.459624798697099074e-02
1.132701949860724255e+00 1.756058409642230478e-02
1.134018126888217459e+00 2.290667200601031669e-02
1.135337366216845112e+00 2.990258178009224527e-02
1.136659678546471097e+00 3.697892905159699817e-02
1.137985074626865822e+00 4.353073021727566633e-02
1.139313565257996652e+00 5.111225949471386032e-02
1.140645161290322562e+00 6.278435768553536356e-02
1.141979873625087905e+00 8.098426972926371648e-02
1.143317713214620390e+00 1.053509445145900114e-01
1.144658691062631961e+00 1.322595848346877490e-01
1.146002818224518771e+00 1.573582789937663096e-01
1.147350105807665166e+00 1.801065741482483773e-01
1.148700564971751437e+00 2.060214795254638742e-01
1.150054206929059575e+00 2.425189969977490367e-01
1.151411042944785246e+00 2.904564188931320068e-01
1.152771084337349539e+00 3.399830636783288673e-01
1.154134342478713604e+00 3.769095147943324897e-01
1.155500828794695956e+00 3.947405075175799971e-01
1.156870554765291548e+00 4.000636290499179903e-01
1.158243531924994185e+00 4.051067969830537407e-01
1.159619771863117821e+00 4.150139172197886417e-01
1.160999286224125626e+00 4.230518321973166795e-01
1.162382086707956175e+00 4.181123974786105091e-01
1.163768185070355399e+00 3.958742661746558200e-01
1.165157593123209212e+00 3.621725472179510019e-01
1.166550322734879463e+00 3.264041240232208319e-01
1.167946385830540779e+00 2.930095411536260408e-01
1.169345794392523397e+00 2.596311341845465859e-01
1.170748560460652454e+00 2.223940060164207588e-01
1.172154696132596818e+00 1.815810233581548194e-01
1.173564213564213699e+00 1.418983616123097036e-01
1.174977124969901476e+00 1.081785323227004714e-01
1.176393442622950980e+00 8.179942197523894232e-02
1.177813178855901421e+00 6.109962741046712220e-02
1.179236346060898999e+00 4.414862223058840796e-02
1.180662956690055498e+00 3.037967232985843910e-02
1.182093023255814002e+00 2.000861355576554618e-02
1.183526558331312151e+00 1.288912806225171043e-02
1.184963574550752741e+00 8.319820700428358015e-03
1.186404084609773868e+00 5.536644940860493969e-03
1.187848101265822853e+00 3.974221195645799912e-03
1.189295637338533052e+00 3.170863809598097223e-03
1.190746705710102660e+00 2.736161287855982949e-03
1.192201319325677966e+00 2.449102837272752308e-03
1.193659491193737932e+00 2.240212581519694483e-03
1.195121234386480547e+00 2.058823470220776802e-03
1.196586562040215851e+00 1.840870687675538568e-03
1.198055487355757620e+00 1.581898460909166287e-03
1.199528023598820159e+00 1.337053227332713791e-03
1.201004184100418648e+00 1.137176990941533199e-03
1.202483982257269490e+00 9.670338969572224268e-04
1.203967431532198429e+00 8.194476909380043507e-04
1.205454545454545556e+00 7.071631219308594169e-04
1.206945337620578762e+00 6.212266773021259559e-04
1.208439821693907845e+00 5.318549262070331688e-04
1.209938011405901515e+00 4.335194606500534153e-04
1.211439920556107275e+00 3.468666914037905934e-04
1.212945563012677086e+00 2.780083328487113195e-04
1.214454952712792579e+00 2.147342364262447463e-04
1.215968103663094935e+00 1.591849716001043392e-04
1.217485029940119867e+00 1.273338284217382808e-04
1.219005745690732168e+00 1.188968748105515759e-04
1.220530265132566683e+00 1.197233111808959166e-04
1.222058602554470630e+00 1.288521436146545845e-04
1.223590772316951014e+00 1.541782120938002998e-04
1.225126788852623605e+00 1.899627851407803341e-04
1.226666666666666572e+00 2.277121509909278815e-04
1.228210420337276787e+00 2.791607935207823712e-04
1.229758064516129235e+00 3.597427457549760821e-04
1.231309613928841751e+00 4.610088177732361197e-04
1.232865083375442206e+00 5.672612720296265829e-04
1.234424487730837461e+00 6.839483975530328977e-04
1.235987841945288768e+00 8.198689774919357739e-04
1.237555161044889829e+00 9.601673619068280168e-04
1.239126460132046859e+00 1.091310387775502313e-03
1.240701754385964861e+00 1.232927223541641993e-03
1.242281059063136350e+00 1.406541899066557615e-03
1.243864389497833622e+00 1.593631673661525085e-03
1.245451761102603694e+00 1.768421431912782721e-03
1.247043189368770788e+00 1.950810985098806651e-03
1.248638689866939711e+00 2.173952664449846535e-03
1.250238278247501889e+00 2.414908035910162763e-03
1.251841970241149182e+00 2.615523713308710949e-03
1.253449781659388362e+00 2.764334687394798436e-03
1.255061728395061582e+00 2.900528095604222763e-03
1.256677826422868849e+00 3.043542733135250634e-03
1.258298091799896934e+00 3.180982041919979807e-03
1.259922540666150281e+00 3.323331214984551977e-03
1.261551189245088134e+00 3.501480567143438506e-03
1.263184053844162547e+00 3.702595259654803666e-03
1.264821150855365506e+00 3.876716875433435482e-03
1.266462496755774714e+00 4.018423113439082046e-03
1.268108108108108034e+00 4.169802755233069889e-03
1.269758001561280603e+00 4.324362035345281387e-03
1.271412193850964378e+00 4.407342057653921424e-03
1.273070701800156579e+00 4.387467210602017526e-03
1.274733542319749446e+00 4.336157112322258471e-03
1.276400732409102901e+00 4.330645401698917339e-03
1.278072289156626518e+00 4.362583274086009703e-03
1.279748229740361953e+00 4.390093711971730997e-03
1.281428571428571361e+00 4.414295387267952453e-03
1.283113331580331362e+00 4.443388027171081729e-03
1.284802527646129677e+00 4.438543503342249480e-03
1.286496177168468424e+00 4.365546436791692755e-03
1.288194297782470965e+00 4.256349869109864355e-03
1.289896907216495192e+00 4.151977485749846868e-03
1.291604023292747483e+00 4.026621522163959833e-03
1.293315663927908865e+00 3.842227492439519859e-03
1.295031847133757852e+00 3.641851727572593955e-03
1.296752591017805045e+00 3.506211340013302199e-03
1.298477913783927740e+00 3.439046272035086154e-03
1.300207833733013629e+00 3.374652069275161682e-03
1.301942369263607180e+00 3.283139109344152679e-03
1.303681538872562218e+00 3.188329002642871762e-03
1.305425361155698294e+00 3.091785956901311767e-03
1.307173854808465041e+00 2.963824591038946403e-03
1.308927038626609418e+00 2.813206094101482636e-03
1.310684931506849615e+00 2.686613619622991826e-03
1.312447552447552512e+00 2.588917785696523075e-03
1.314214920549421128e+00 2.478119125915436479e-03
1.315987055016181184e+00 2.351731534679568983e-03
1.317763975155279654e+00 2.262681645556930722e-03
1.319545700378583097e+00 2.228564418792012940e-03
1.321332250203086867e+00 2.196848344575106672e-03
1.323123644251626763e+00 2.127467085748921492e-03
1.324919902253597792e+00 2.043404088852722022e-03
1.326721044045677145e+00 1.969104680621924439e-03
1.328527089572556497e+00 1.884086053565131374e-03
1.330338058887677199e+00 1.775233077918507776e-03
1.332153972153972132e+00 1.675411825336905504e-03
1.333974849644614435e+00 1.607569062446814528e-03
1.335800711743772240e+00 1.542705022940260486e-03
1.337631578947368283e+00 1.456206734018368259e-03
1.339467471863848624e+00 1.376506392848762632e-03
1.341308411214953367e+00 1.331585705356650405e-03
1.343154417836498693e+00 1.292253049772843117e-03
1.345005512679162019e+00 1.218477833210431785e-03
1.346861716809274023e+00 1.123880614500112531e-03
1.348723051409618456e+00 1.044200470712723259e-03
1.350589537780237936e+00 9.755957897583879181e-04
1.352461197339245969e+00 8.954502755531455142e-04
1.354338051623646955e+00 8.153613124905220808e-04
1.356220122290161312e+00 7.608452414797576419e-04
1.358107431116059027e+00 7.205462937771063428e-04
1.359999999999999876e+00 6.659638607650875640e-04
