1.020000000000000240e+00 1.000616999967485297e-03
1.020961855815927244e+00 9.448834360879553376e-04
1.021925527396290834e+00 8.662395274356774746e-04
1.022891019887571362e+00 7.865058099368031240e-04
1.023858338455719386e+00 7.365363190049902670e-04
1.024827488286241817e+00 7.208210959059452565e-04
1.025798474584300735e+00 7.124724124819568124e-04
1.026771302574802203e+00 6.884473630962269306e-04
1.027745977502491970e+00 6.561368581612786726e-04
1.028722504632049173e+00 6.349937318036902745e-04
1.029700889248181150e+00 6.230320478646512962e-04
1.030681136655719143e+00 5.983990831499487332e-04
1.031663252179713108e+00 5.517686762857338008e-04
1.032647241165530083e+00 5.001913040936246122e-04
1.033633108978949000e+00 4.637365556569424617e-04
1.034620861006259496e+00 4.419277165259079959e-04
1.035610502654359388e+00 4.226460651798939175e-04
1.036602039350854598e+00 4.038987237709380134e-04
1.037595476544156625e+00 3.927041618057190643e-04
1.038590819703582913e+00 3.867911782390576181e-04
1.039588074319458766e+00 3.732121566823505153e-04
1.040587245903215274e+00 3.478783374476251597e-04
1.041588339987493450e+00 3.231700883279983011e-04
1.042591362126245924e+00 3.092039313488165642e-04
1.043596317894838421e+00 2.983291523345814821e-04
1.044603212890154120e+00 2.790630577747778762e-04
1.045612052730696906e+00 2.584691523902290112e-04
1.046622843056697061e+00 2.567366081363382465e-04
1.047635589530214517e+00 2.802924303141116741e-04
1.048650297835246548e+00 3.133045711988805470e-04
1.049666973677832127e+00 3.390208289246202859e-04
1.050685622786161399e+00 3.576791398986072542e-04
1.051706250910680707e+00 3.769167890242425701e-04
1.052728863824201389e+00 3.958593273824186792e-04
1.053753467322011028e+00 4.106859879485898960e-04
1.054780067221978701e+00 4.290078458603589361e-04
1.055808669364669328e+00 4.634197425035246095e-04
1.056839279613451144e+00 5.115661197011776547e-04
1.057871903854609608e+00 5.579201681148968387e-04
1.058906547997457315e+00 5.992756975417570190e-04
1.059943217974448570e+00 6.528216574653761305e-04
1.060981919741290858e+00 7.279058268302955733e-04
1.062022659277061187e+00 8.018258123173641321e-04
1.063065442584319564e+00 8.408467472522719068e-04
1.064110275689223117e+00 8.411525987361227058e-04
1.065157164641645116e+00 8.312667179703368218e-04
1.066206115515288877e+00 8.326103500526519166e-04
1.067257134407807229e+00 8.362201509065234290e-04
1.068310227440919746e+00 8.267337969297269221e-04
1.069365400760531548e+00 8.118426733086681621e-04
1.070422660536853199e+00 8.103798302411729720e-04
1.071482012964520836e+00 8.205723755900745479e-04
1.072543464262717627e+00 8.209442197799738349e-04
1.073607020675293899e+00 8.013481783292948114e-04
1.074672688470891924e+00 7.722316562420558812e-04
1.075740473943067599e+00 7.381310249650081942e-04
1.076810383410413463e+00 6.833776814430521460e-04
1.077882423216685925e+00 5.990510501448215305e-04
1.078956599730928723e+00 5.087761852493311292e-04
1.080032919347598597e+00 4.465130161411882655e-04
1.081111388486694525e+00 4.151721396520623771e-04
1.082192013593882951e+00 3.892576156573972993e-04
1.083274801140627464e+00 3.577506256944876987e-04
1.084359757624317799e+00 3.399177707259870107e-04
1.085446889568399742e+00 3.503172632703232940e-04
1.086536203522505240e+00 3.713086590271277268e-04
1.087627706062584965e+00 3.784937782549068993e-04
1.088721403791040432e+00 3.770100376110766308e-04
1.089817303336856558e+00 3.885641516079647775e-04
1.090915411355735998e+00 4.116774209874874335e-04
1.092015734530233484e+00 4.236445845996858104e-04
1.093118279569892826e+00 4.224138177001938608e-04
1.094223053211380137e+00 4.355343288224995646e-04
1.095330062218625278e+00 4.748941982549033359e-04
1.096439313382955971e+00 5.100640370521575262e-04
1.097550813523240132e+00 5.097025621711712747e-04
1.098664569486021758e+00 4.889460666662891111e-04
1.099780588145665261e+00 4.843580211657815839e-04
1.100898876404494242e+00 4.931104205820648892e-04
1.102019441192936267e+00 4.753556230072177599e-04
1.103142289469662529e+00 4.194855170974927405e-04
1.104267428221735070e+00 3.650747300344009405e-04
1.105394864464750881e+00 3.432709046071962910e-04
1.106524605242986459e+00 3.296949098476318653e-04
1.107656657629546348e+00 2.872224956411783365e-04
1.108791028726509476e+00 2.279737451908183342e-04
1.109927725665077691e+00 1.898809466667294543e-04
1.111066755605726541e+00 1.671217183373255777e-04
1.112208125738353592e+00 1.180029590681211707e-04
1.113351843282431197e+00 4.681204452073109423e-05
1.114497915487158597e+00 2.081030527322793615e-05
1.115646349631614243e+00 7.716766675804698293e-05
1.116797153024911227e+00 1.603660745005394477e-04
1.117950333006350494e+00 1.973800889161991486e-04
1.119105896945578715e+00 1.998442889475447032e-04
1.120263852242744163e+00 2.329065283001492692e-04
1.121424206328655249e+00 3.051877231229403287e-04
1.122586966664938624e+00 3.648485144561390667e-04
1.123752140744200601e+00 4.038738442231576495e-04
1.124919736090186584e+00 4.759648210107831744e-04
1.126089760257944050e+00 5.774623529651465260e-04
1.127262220833984196e+00 6.072213929990197398e-04
1.128437125436447808e+00 5.282069590529967721e-04
1.129614481715269569e+00 4.892835871816032236e-04
1.130794297352342381e+00 6.463876217763281275e-04
1.131976580061686555e+00 8.888730290310341807e-04
1.133161337589617679e+00 9.256814117482541201e-04
1.134348577714914486e+00 7.101995724607793091e-04
1.135538308248990713e+00 6.013751103424446213e-04
1.136730537036065192e+00 9.219938677032680358e-04
1.137925271953334594e+00 1.452015771897643319e-03
1.139122520911147296e+00 1.616163045640820438e-03
1.140322291853178349e+00 1.223805981670835884e-03
1.141524592756603118e+00 7.861175289641508237e-04
1.142729431632276249e+00 9.157742575593774215e-04
1.143936816524909084e+00 1.545151777255235033e-03
1.145146755513247960e+00 1.987811521243373035e-03
1.146359256710254737e+00 1.776098110111228555e-03
1.147574328263289090e+00 1.208229544716250521e-03
1.148791978354289478e+00 9.593620303578298102e-04
1.150012215199957666e+00 1.314573959328421910e-03
1.151235047051943239e+00 1.949327721975181510e-03
1.152460482197030345e+00 2.374018902879806384e-03
1.153688528957323323e+00 2.395776793958704406e-03
1.154919195690436995e+00 2.149601531719865736e-03
1.156152490789684739e+00 1.880248814680069878e-03
1.157388422684269669e+00 1.792356949498301105e-03
1.158626999839477811e+00 1.978651641895851250e-03
1.159868230756869734e+00 2.345459627119748317e-03
1.161112123974476162e+00 2.650963235999509535e-03
1.162358688066992718e+00 2.738576357566029247e-03
1.163607931645977756e+00 2.724885733811160515e-03
1.164859863360051984e+00 2.861304710279226338e-03
1.166114491895094085e+00 3.220392643656916701e-03
1.167371825974446109e+00 3.632564004861439395e-03
1.168631874359112865e+00 3.948327822701862971e-03
1.169894645847965986e+00 4.229541923597488276e-03
1.171160149277949314e+00 4.604251262059899999e-03
1.172428393524284074e+00 5.043067265991548268e-03
1.173699387500677815e+00 5.410926703935738623e-03
1.174973140159531138e+00 5.692139521399302779e-03
1.176249660492150628e+00 6.028121897841144314e-03
1.177528957528957587e+00 6.539268730439065994e-03
1.178811040339702965e+00 7.241884560457326897e-03
1.180095918033680524e+00 8.155706453644381154e-03
1.181383599759943337e+00 9.332020660510399745e-03
1.182674094707521162e+00 1.069084858781737396e-02
1.183967412105637385e+00 1.199365955153721894e-02
1.185263561223931505e+00 1.318374386827566962e-02
1.186562551372678076e+00 1.471301498199039000e-02
1.187864391903011851e+00 1.729797831619957899e-02
1.189169092207150502e+00 2.122314675403158546e-02
1.190476661718621321e+00 2.595456576462223247e-02
1.191787109912488374e+00 3.052581608909500990e-02
1.193100446305581652e+00 3.433046831731469128e-02
1.194416680456727109e+00 3.767720729815749597e-02
1.195735821966977808e+00 4.186471870042193094e-02
1.197057880479849956e+00 4.879126789775804079e-02
1.198382865681554055e+00 5.998955528860037967e-02
1.199710787301235815e+00 7.523703433230105597e-02
1.201041655111209749e+00 9.178760807124282384e-02
1.202375478927203201e+00 1.055799714910547332e-01
1.203712268608594371e+00 1.143347979264707631e-01
1.205052034058656796e+00 1.202222149664236295e-01
1.206394785224803812e+00 1.292792324380186153e-01
1.207740532098834363e+00 1.471385014540252945e-01
1.209089284717181467e+00 1.740381591858836952e-01
1.210441053161160463e+00 2.033292179575598435e-01
1.211795847557222139e+00 2.253405192000651480e-01
1.213153678077203423e+00 2.341498930134951750e-01
1.214514554938583180e+00 2.319979824222487552e-01
1.215878488404739333e+00 2.274003251633231470e-01
1.217245488785204666e+00 2.279967165444046484e-01
1.218615566435927944e+00 2.339493687271942124e-01
1.219988731759535705e+00 2.377393419413456610e-01
1.221364995205595383e+00 2.307569094435595602e-01
1.222744367270879318e+00 2.108353491786770506e-01
1.224126858499632542e+00 1.839702613317171220e-01
1.225512479483841899e+00 1.590187430801729418e-01
1.226901240863505160e+00 1.406705469655293306e-01
1.228293153326904807e+00 1.269879747574268747e-01
1.229688227610880924e+00 1.128185583241616274e-01
1.231086474501108752e+00 9.497268557214967599e-02
1.232487904832375358e+00 7.443998452751936223e-02
1.233892529488859857e+00 5.466701532133224489e-02
1.235300359404415627e+00 3.849780474546158487e-02
1.236711405562853638e+00 2.660921142326611380e-02
1.238125678998227785e+00 1.804838431791389725e-02
1.239543190795122873e+00 1.160777661135376469e-02
1.240963952088945277e+00 6.673934124900906747e-03
1.242387974066211598e+00 3.180504747502655057e-03
1.243815267964845761e+00 1.130490503176747935e-03
1.245245845074472557e+00 2.824568721394032250e-04
1.246679716736715182e+00 2.165733310735762297e-04
1.248116894345495664e+00 5.720580818652739631e-04
1.249557389347337066e+00 1.149165714684871999e-03
1.251001213241666354e+00 1.820776964602059331e-03
1.252448377581121042e+00 2.450869016542372558e-03
1.253898893971857387e+00 2.951293366849977277e-03
1.255352774073859479e+00 3.360430047755098241e-03
1.256810029601253875e+00 3.785359649781292000e-03
1.258270672322622019e+00 4.267001206220998911e-03
1.259734714061318428e+00 4.752472421081550477e-03
1.261202166695789106e+00 5.196631074947168430e-03
1.262673042159893066e+00 5.629739931037243753e-03
1.264147352443225181e+00 6.103582240428194472e-03
1.265625109591443032e+00 6.619002285400406999e-03
1.267106325706594872e+00 7.137097677489850911e-03
1.268591012947448693e+00 7.621508713373395007e-03
1.270079183529825961e+00 8.031859704214699275e-03
1.271570849726936459e+00 8.314662536181257821e-03
1.273066023869716012e+00 8.461491897058049175e-03
1.274564718347166004e+00 8.562391786820541806e-03
1.276066945606694869e+00 8.737483865410677897e-03
1.277572718154463605e+00 9.005017616588090190e-03
1.279082048555732820e+00 9.269276903048321789e-03
1.280594949435212238e+00 9.454995235825594188e-03
1.282111433477411522e+00 9.597034251436816626e-03
1.283631513426996440e+00 9.760307030952380600e-03
1.285155202089144799e+00 9.921556513486792794e-03
1.286682512329907047e+00 9.993274207000510390e-03
1.288213457076566204e+00 9.942184607770063187e-03
1.289748049318005796e+00 9.816973063927524404e-03
1.291286302105074890e+00 9.660000736539177055e-03
1.292828228550958247e+00 9.461012628739081179e-03
1.294373841831550020e+00 9.223070613418574495e-03
1.295923155185827902e+00 9.013131096240684439e-03
1.297476181916232374e+00 8.895049876179905030e-03
1.299032935389045740e+00 8.843111165309716290e-03
1.300593429034776927e+00 8.773490239188620407e-03
1.302157676348547843e+00 8.646521517521776196e-03
1.303725690890481070e+00 8.488652655238409714e-03
1.305297486286093323e+00 8.320841696838141704e-03
1.306873076226688468e+00 8.122907587191540574e-03
1.308452474469756766e+00 7.883449130156780157e-03
1.310035694839373210e+00 7.634453146493821660e-03
1.311622751226603878e+00 7.405433847977865337e-03
1.313213657589908712e+00 7.181225266149023241e-03
1.314808427955552972e+00 6.945396947279727264e-03
1.316407076418019573e+00 6.738667983462010014e-03
1.318009617140422307e+00 6.622919080214551696e-03
1.319616064354927287e+00 6.591938520906645387e-03
1.321226432363170611e+00 6.564170212800275912e-03
1.322840735536685353e+00 6.472393910001214903e-03
1.324458988317328556e+00 6.322286766632980066e-03
1.326081205217711112e+00 6.150208037757452437e-03
1.327707400821632522e+00 5.964876000166486648e-03
1.329337589784517215e+00 5.760304181198086862e-03
1.330971786833855752e+00 5.554945363762707825e-03
1.332610006769647359e+00 5.375909962025340362e-03
1.334252264464846904e+00 5.216715723181396952e-03
1.335898574865815425e+00 5.050671929203882742e-03
1.337548952992773099e+00 4.883864311338792334e-03
1.339203413940256437e+00 4.754659298174113494e-03
1.340861972877577912e+00 4.670518412740664801e-03
1.342524645049290033e+00 4.581079164139195345e-03
1.344191445775653415e+00 4.435277631776389506e-03
1.345862390453104629e+00 4.239655802894931255e-03
1.347537494554732929e+00 4.036101101466326932e-03
1.349216773630755872e+00 3.843664328721266461e-03
1.350900243309002713e+00 3.654144698293700869e-03
1.352587919295396679e+00 3.472036147771904047e-03
1.354279817374445249e+00 3.319808164469116325e-03
1.355975953409731538e+00 3.199984105497516440e-03
1.357676343344410341e+00 3.085658970146156789e-03
1.359381003201707738e+00 2.961726025494863627e-03
1.361089949085423578e+00 2.848213509645394076e-03
1.362803197180439296e+00 2.763605003102527057e-03
1.364520763753229726e+00 2.686784967312713657e-03
1.366242665152375801e+00 2.581042652076349486e-03
1.367968917809084806e+00 2.443518357160546790e-03
1.369699538237712622e+00 2.304104202436260424e-03
1.371434543036291087e+00 2.180897768627359894e-03
1.373173948887056905e+00 2.064755272012465219e-03
1.374917772556987883e+00 1.949815328486247893e-03
1.376666030898340720e+00 1.850450551556901508e-03
1.378418740849195023e+00 1.775021495503164431e-03
1.380175919433998644e+00 1.705127455418739254e-03
1.381937583764120570e+00 1.619841891443706298e-03
1.383703751038405150e+00 1.525978167881309648e-03
1.385474438543732756e+00 1.443585759051571864e-03
1.387249663655583554e+00 1.370572742841846868e-03
1.389029443838604161e+00 1.284774670913907575e-03
1.390813796647183631e+00 1.179198524814169561e-03
1.392602739726027661e+00 1.072729453039692046e-03
1.394396290810741457e+00 9.813268896243919782e-04
1.396194467728415933e+00 8.985612872220322686e-04
1.397997288398218130e+00 8.141350505998551541e-04
1.399804770831986733e+00 7.344565582330406066e-04
1.401616933134830933e+00 6.700986731591844752e-04
1.403433793505736160e+00 6.144991762009864317e-04
1.405255370238172707e+00 5.523429487840641637e-04
1.407081681720709909e+00 4.835229613355522429e-04
1.408912746437634533e+00 4.220653316424058171e-04
1.410748582969574949e+00 3.728146884621859271e-04
1.412589209994128847e+00 3.254235415492672673e-04
1.414434646286498065e+00 2.738218843302727399e-04
1.416284910720125634e+00 2.265669184901469076e-04
1.418140022267339040e+00 1.917588748163231310e-04
1.420000000000000151e+00 1.643062401723615132e-04
