8.800000000000001155e-01 3.736882006792145695e-04
8.809206947060054249e-01 3.585767114267202050e-04
8.818433179723502713e-01 3.478652294631533843e-04
8.827678758649613044e-01 3.221003547633115240e-04
8.836943744752310259e-01 2.920328797631589280e-04
8.846228199201515707e-01 2.951538392391375872e-04
8.855532183424484893e-01 3.242589792507193699e-04
8.864855759107181932e-01 3.298991306544573395e-04
8.874198988195616256e-01 3.010522651034832774e-04
8.883561932897237057e-01 2.731538951027462012e-04
8.892944655682298860e-01 2.564717925384577988e-04
8.902347219285262625e-01 2.292433879303982949e-04
8.911769686706181304e-01 1.976901731046253464e-04
8.921212121212122037e-01 1.904715627291881709e-04
8.930674586338566145e-01 1.988671492588074945e-04
8.940157145890847978e-01 1.880483007503287610e-04
8.949659863945580440e-01 1.580053674820832452e-04
8.959182804852098281e-01 1.358847289317223982e-04
8.968726033233915818e-01 1.243126503277192866e-04
8.978289613990191320e-01 1.084252681621869746e-04
8.987873612297183623e-01 9.344242902969965617e-05
8.997478093609746486e-01 9.153678774397768620e-05
9.007103123662817401e-01 9.385053249356319093e-05
9.016748768472906406e-01 8.839334286322146237e-05
9.026415094339623746e-01 8.091958577601213068e-05
9.036102167847177569e-01 7.727740251882121096e-05
9.045810055865923793e-01 7.310936977242733922e-05
9.055538825553883786e-01 7.125865227333811279e-05
9.065288544358313105e-01 8.014270669968047065e-05
9.075059280017245822e-01 9.504085795275483170e-05
9.084851100561072146e-01 1.085811557021753378e-04
9.094664074314106061e-01 1.272365613229762453e-04
9.104498269896194040e-01 1.516724790491291079e-04
9.114353756224292669e-01 1.661150953367094380e-04
9.124230602514088462e-01 1.719279970466998635e-04
9.134128878281623232e-01 1.959488632544590335e-04
9.144048653344918343e-01 2.436435664240246661e-04
9.153989997825615621e-01 2.885804300041385569e-04
9.163952982150631588e-01 3.242998354262757450e-04
9.173937677053826123e-01 3.713414184120784976e-04
9.183944153577662250e-01 4.215142207257935487e-04
9.193972483074908109e-01 4.410924638459473536e-04
9.204022737210320049e-01 4.406160177265559656e-04
9.214094987962356820e-01 4.722467118875010470e-04
9.224189307624891532e-01 5.481194884919121917e-04
9.234305768808950265e-01 6.279958414089203012e-04
9.244444444444445130e-01 6.897947898461544939e-04
9.254605407781930637e-01 7.452144267903771388e-04
9.264788732394365622e-01 7.885844368883291678e-04
9.274994492178895156e-01 7.972245947921362480e-04
9.285222761358625787e-01 7.822015792591355049e-04
9.295473614484435210e-01 7.847664992708844019e-04
9.305747126436781924e-01 8.246690088725211953e-04
9.316043372427529334e-01 8.849866434707711737e-04
9.326362428001774285e-01 9.323626061886265866e-04
9.336704369039697804e-01 9.333166740542173968e-04
9.347069271758436937e-01 8.791119635167205307e-04
9.357457212713937711e-01 8.042681878411725395e-04
9.367868268802849174e-01 7.486263588575652571e-04
9.378302517264424099e-01 7.098515990235155278e-04
9.388760035682428562e-01 6.722559562327870379e-04
9.399240901987050423e-01 6.515619189883575715e-04
9.409745194456863304e-01 6.550493419065895164e-04
9.420272991720742839e-01 6.379944338239466189e-04
9.430824372759857299e-01 5.673257392030377905e-04
9.441399416909621589e-01 4.855544938864258630e-04
9.451998203861697867e-01 4.444836246997869284e-04
9.462620813665995056e-01 4.262031043021848346e-04
9.473267326732673910e-01 3.953477174663473951e-04
9.483937823834197589e-01 3.698878723191470963e-04
9.494632386107353383e-01 3.724986442352476381e-04
9.505351095055319943e-01 3.719419102481913647e-04
9.516094032549728965e-01 3.365616338420314652e-04
9.526861280832767953e-01 2.902319256129244759e-04
9.537652922519257448e-01 2.643872012066367889e-04
9.548469040598777102e-01 2.495437360339237704e-04
9.559309718437785097e-01 2.315009495511252723e-04
9.570175039781768644e-01 2.203621812533867997e-04
9.581065088757395598e-01 2.175599518504849690e-04
9.591979949874688272e-01 2.049282734251350999e-04
9.602919708029197254e-01 1.798303139040796411e-04
9.613884448504226299e-01 1.571402093928667642e-04
9.624874256973021680e-01 1.381002127637808732e-04
9.635889219501032610e-01 1.161744815794239517e-04
9.646929422548123911e-01 9.973821023518651826e-05
9.657994952970865299e-01 9.496146943533140142e-05
9.669085898024804004e-01 8.784852058890456155e-05
9.680202345366751837e-01 6.941072544335339344e-05
9.691344383057092227e-01 5.180216747272185746e-05
9.702512099562112802e-01 4.245183774708027468e-05
9.713705583756345741e-01 3.197316758781435376e-05
9.724924924924925884e-01 1.678617329961795048e-05
9.736170212765959953e-01 5.937798495902529142e-06
9.747441537392915745e-01 4.214452567380758717e-06
9.758738989337043535e-01 9.105662022906709383e-06
9.770062659549778594e-01 1.737712664469070255e-05
9.781412639405204779e-01 2.447513043057847961e-05
9.792789020702489244e-01 3.085720833331174242e-05
9.804191895668376011e-01 4.350278834992793182e-05
9.815621356959665089e-01 5.340002973616684749e-05
9.827077497665732686e-01 3.988940687918740997e-05
9.838560411311055853e-01 2.237045556932234900e-05
9.850070191857744906e-01 5.431585014269663472e-05
9.861606933708128020e-01 1.303043202535066883e-04
9.873170731707318071e-01 1.712004874348510141e-04
9.884761681145809442e-01 1.410835693720116873e-04
9.896379877762107036e-01 9.055097050270270276e-05
9.908025417745350838e-01 5.449809994171567564e-05
9.919698397737983786e-01 2.335032306854047490e-05
9.931398914838407421e-01 3.458517180079051452e-05
9.943127066603685282e-01 1.366651488391356034e-04
9.954882951052260731e-01 2.399490159509546847e-04
9.966666666666667007e-01 1.945194630597060434e-04
9.978478312396305006e-01 5.208879545577935015e-05
9.990317987660181087e-01 3.658278467165355685e-05
1.000218579234972704e+00 1.984078036618413393e-04
1.001408182683158898e+00 3.200488587534238089e-04
1.002600619195046505e+00 2.472057106253825018e-04
1.003795898903194983e+00 1.058286621587312652e-04
1.004994031988541536e+00 8.463226870753132213e-05
1.006195028680688441e+00 1.725813576837025281e-04
1.007398899258195701e+00 2.310381629031587963e-04
1.008605654048874145e+00 2.130609332944990260e-04
1.009815303430079192e+00 1.970026255191588177e-04
1.011027857829010390e+00 2.471737801039147883e-04
1.012243327723010289e+00 3.275306588852572569e-04
1.013461723639865308e+00 3.733650592644743643e-04
1.014683056158110608e+00 4.039479512934281862e-04
1.015907335907336062e+00 4.885142226122306296e-04
1.017134573568494682e+00 5.942519942069474136e-04
1.018364779874214143e+00 5.871659399761696612e-04
1.019597965609106316e+00 4.500259086500258830e-04
1.020834141610087453e+00 3.626651508877718117e-04
1.022073318766690830e+00 4.463846686415887392e-04
1.023315508021390485e+00 5.574709491294790181e-04
1.024560720369919853e+00 4.894224732864366169e-04
1.025808966861598615e+00 2.824228059729791667e-04
1.027060258599658660e+00 1.736327023437476752e-04
1.028314606741573156e+00 2.980792877160224784e-04
1.029572022499388728e+00 5.609666663921956389e-04
1.030832517140058746e+00 7.657612417037546696e-04
1.032096101985780834e+00 7.901738153797410735e-04
1.033362788414334821e+00 6.741854994476105447e-04
1.034632587859425135e+00 5.785725686905865547e-04
1.035905511811023860e+00 6.270221405384038054e-04
1.037181571815718240e+00 7.882627942110557225e-04
1.038460779477059726e+00 9.478868054935826390e-04
1.039743146455915257e+00 1.066852606842349236e-03
1.041028684470820975e+00 1.223813113671533585e-03
1.042317405298341493e+00 1.525088707196170078e-03
1.043609320773426052e+00 1.990681559785197150e-03
1.044904442789774235e+00 2.506523345021658029e-03
1.046202783300198780e+00 2.940976629333048441e-03
1.047504354316994402e+00 3.402125975720009330e-03
1.048809167912306828e+00 4.317741431067203574e-03
1.050117236218508499e+00 6.075243386128785332e-03
1.051428571428571601e+00 8.535700289982040348e-03
1.052743185796449099e+00 1.106851757785068738e-02
1.054061091637456204e+00 1.326773649388305470e-02
1.055382301328653849e+00 1.569954288036005605e-02
1.056706827309237262e+00 1.977460425889690510e-02
1.058034682080924771e+00 2.655473268854310204e-02
1.059365878208354594e+00 3.557144264522739407e-02
1.060700428319476085e+00 4.518997482622361811e-02
1.062038345105953629e+00 5.462083297536243776e-02
1.063379641323566549e+00 6.555639232803583960e-02
1.064724329792614999e+00 8.128160844749419967e-02
1.066072423398328750e+00 1.036634585873018599e-01
1.067423935091277976e+00 1.311078865824730488e-01
1.068778877887788692e+00 1.602501479334865753e-01
1.070137264870361093e+00 1.902449782818820545e-01
1.071499109188088772e+00 2.245030900700626664e-01
1.072864424057084820e+00 2.662220558374779888e-01
1.074233222760908602e+00 3.117952298711109682e-01
1.075605518650996517e+00 3.510080187059874679e-01
1.076981325147096324e+00 3.758390512851758070e-01
1.078360655737705009e+00 3.877810041833962273e-01
1.079743523980507991e+00 3.941708615236235724e-01
1.081129943502824764e+00 3.983537978112109967e-01
1.082519928002057430e+00 3.965293226249139713e-01
1.083913491246137895e+00 3.840336329405689142e-01
1.085310647073988166e+00 3.610439844873231108e-01
1.086711409395973105e+00 3.307615836926450781e-01
1.088115792194365605e+00 2.951246878218410918e-01
1.089523809523809561e+00 2.550007107113041460e-01
1.090935475511790598e+00 2.130686610645015633e-01
1.092350804359107475e+00 1.736996990030100219e-01
1.093769810340348148e+00 1.398729098849211538e-01
1.095192507804370496e+00 1.117015304280392501e-01
1.096618911174785049e+00 8.803386889794170833e-02
1.098049034950443481e+00 6.827339627063805372e-02
1.099482893705928443e+00 5.237012602287240831e-02
1.100920502092050501e+00 4.002884100948157081e-02
1.102361874836344402e+00 3.061223680897949898e-02
1.103807026743576447e+00 2.355111775148316378e-02
1.105255972696245870e+00 1.844899934789632698e-02
1.106708727655099755e+00 1.486825144878881587e-02
1.108165306659647520e+00 1.227981437465847959e-02
1.109625724828676940e+00 1.025989056530526508e-02
1.111089997360781290e+00 8.618486652678572502e-03
1.112558139534884027e+00 7.311018740578660753e-03
1.114030166710769931e+00 6.295504911166044902e-03
1.115506094329623998e+00 5.491584932063013451e-03
1.116985937914565907e+00 4.821049671912407651e-03
1.118469713071201133e+00 4.253399976728907544e-03
1.119957435488161845e+00 3.809251410436025054e-03
1.121449120937666688e+00 3.501235449790660124e-03
1.122944785276073665e+00 3.271130143284504185e-03
1.124444444444444580e+00 3.027421027110784296e-03
1.125948114469109473e+00 2.749122346069028579e-03
1.127455811462239055e+00 2.494906745754633254e-03
1.128967551622418908e+00 2.301843466934162807e-03
1.130483351235230804e+00 2.141445735483742986e-03
1.132003226673837126e+00 1.987143172751325206e-03
1.133527194399569060e+00 1.855599098952032859e-03
1.135055270962523677e+00 1.761197650329040555e-03
1.136587473002159898e+00 1.685036538337469003e-03
1.138123817247904901e+00 1.605814726645638955e-03
1.139664320519761853e+00 1.522186680883133320e-03
1.141208999728923867e+00 1.438248456757717847e-03
1.142757871878392839e+00 1.355776621172198257e-03
1.144310954063604280e+00 1.279729140713833013e-03
1.145868263473053927e+00 1.211538205091326368e-03
1.147429817388934570e+00 1.142163554999124642e-03
1.148995633187773091e+00 1.063801428509814073e-03
1.150565728341076843e+00 9.822543230941741411e-04
1.152140120415982461e+00 9.112965742343029276e-04
1.153718827075911335e+00 8.574595910275889347e-04
1.155301866081229534e+00 8.112408625903305085e-04
1.156889255289914820e+00 7.562055887318882468e-04
1.158481012658227671e+00 6.907108898579797070e-04
1.160077156241388741e+00 6.322195004119414300e-04
1.161677704194260530e+00 5.931673494171378234e-04
1.163282674772036396e+00 5.658298018863427070e-04
1.164892086330935328e+00 5.391949733451501404e-04
1.166505957328900056e+00 5.139633538010759863e-04
1.168124306326304263e+00 4.921005465846045980e-04
1.169747151986662903e+00 4.679559548225150950e-04
1.171374513077351187e+00 4.368491453027223870e-04
1.173006408470326001e+00 4.006259938030793202e-04
1.174642857142857322e+00 3.638257970953286732e-04
1.176283878178262077e+00 3.323797017353877312e-04
1.177929490766647991e+00 3.104927139588583370e-04
1.179579714205659879e+00 2.935280792131734953e-04
1.181234567901234600e+00 2.728002143642144933e-04
1.182894071368361777e+00 2.479913002701749128e-04
1.184558244231851409e+00 2.240441140303265884e-04
1.186227106227106143e+00 2.001653838608570871e-04
1.187900677200903088e+00 1.737538446822770467e-04
1.189578977112178526e+00 1.482898816174409867e-04
1.191262026032823940e+00 1.278153648968282567e-04
1.192949844148483818e+00 1.118284485149044841e-04
1.194642451759364343e+00 1.000646260372307049e-04
1.196339869281045631e+00 9.302627486922225900e-05
1.198042117245304627e+00 8.841261315532422292e-05
1.199749216300940446e+00 8.551141823541765440e-05
1.201461187214612147e+00 8.800392435199855300e-05
1.203178050871677618e+00 9.692957369886409679e-05
1.204899828277046447e+00 1.096809922026960283e-04
1.206626540556033245e+00 1.275189144428790790e-04
1.208358208955223834e+00 1.540430346522501470e-04
1.210094854843345891e+00 1.894387104317591817e-04
1.211836499712147353e+00 2.341844516627759659e-04
1.213583165177284595e+00 2.890741429270938297e-04
1.215334872979214831e+00 3.474464690382931837e-04
1.217091644984099608e+00 4.023205367746146761e-04
1.218853503184713416e+00 4.601099629220916135e-04
1.220620469701362731e+00 5.292730163173134123e-04
1.222392566782810830e+00 6.039700123191181708e-04
1.224169816807211486e+00 6.787742380099046893e-04
1.225952242283051996e+00 7.641085438816811164e-04
1.227739865850102197e+00 8.672365170215300427e-04
1.229532710280373919e+00 9.754757584501293688e-04
1.231330798479087330e+00 1.071039369293987726e-03
1.233134153485647477e+00 1.144429562911589496e-03
1.234942798474626180e+00 1.194011040525924444e-03
1.236756756756756781e+00 1.233508947983154996e-03
1.238576051779935350e+00 1.286877785463151408e-03
1.240400707130229874e+00 1.355397279571670440e-03
1.242230746532900776e+00 1.415094101398380998e-03
1.244066193853428093e+00 1.461248003766141106e-03
1.245907073098549978e+00 1.514513050814600241e-03
1.247753408417308751e+00 1.570605122782130041e-03
1.249605224102107393e+00 1.594142506249990494e-03
1.251462544589774017e+00 1.573970101646974097e-03
1.253325394462637687e+00 1.538381469274308988e-03
1.255193798449612430e+00 1.513674700179482111e-03
1.257067781427291919e+00 1.506278081103168236e-03
1.258947368421052371e+00 1.513805394189859368e-03
1.260832584606169426e+00 1.522379742767402191e-03
1.262723455308937925e+00 1.513630302090233004e-03
1.264620006007810327e+00 1.490254098226526406e-03
1.266522262334536686e+00 1.464414735582608316e-03
1.268430250075323951e+00 1.423671158293538267e-03
1.270343995171997697e+00 1.351503848001872708e-03
1.272263523723179190e+00 1.268751033874201441e-03
1.274188861985472210e+00 1.208583391009560937e-03
1.276120036374658984e+00 1.169913996185632972e-03
1.278057073466909443e+00 1.132950719542562441e-03
1.279999999999999805e+00 1.091228032722991277e-03
