1.060000000000000275e+00 2.403357340006122386e-04
1.060972164901178738e+00 2.357602931762856633e-04
1.061946114655528683e+00 2.117857509112922455e-04
1.062921854182937720e+00 1.999013925219217543e-04
1.063899388421391645e+00 2.047397289617577162e-04
1.064878722327058824e+00 1.963867795870050852e-04
1.065859860874372567e+00 1.610022808528903838e-04
1.066842809056116836e+00 1.258041600182513659e-04
1.067827571883509741e+00 1.168563788462559822e-04
1.068814154386289017e+00 1.189209935446778921e-04
1.069802561612798852e+00 1.026385683314967210e-04
1.070792798630073817e+00 7.296687204384848778e-05
1.071784870523926569e+00 5.920433215813213285e-05
1.072778782399035791e+00 6.540448687417957602e-05
1.073774539379032111e+00 6.476435801988516020e-05
1.074772146606586931e+00 4.548881574223592186e-05
1.075771609243502347e+00 2.919587003218508092e-05
1.076772932470796418e+00 3.208164336983799564e-05
1.077776121488796868e+00 3.755292455421029284e-05
1.078781181517228571e+00 2.701334191249990337e-05
1.079788117795305036e+00 1.251628584261919720e-05
1.080796935581819218e+00 1.265107620485860719e-05
1.081807640155234562e+00 1.689166618937998877e-05
1.082820236813778481e+00 7.353270587128796970e-06
1.083834730875532948e+00 7.171833557959567161e-07
1.084851127678529759e+00 2.621701014728654823e-05
1.085869432580842231e+00 6.750250977118104267e-05
1.086889650960680465e+00 7.706921455481944411e-05
1.087911788216485931e+00 5.726775781778153501e-05
1.088935849767026065e+00 6.966196916785149119e-05
1.089961841051491076e+00 1.350048175329635102e-04
1.090989767529589427e+00 1.847042776039648252e-04
1.092019634681644646e+00 1.701525677592570821e-04
1.093051448008692805e+00 1.665757402283657147e-04
1.094085213032581549e+00 2.704164646933824548e-04
1.095120935296066689e+00 4.160316830860776396e-04
1.096158620362913005e+00 4.286684440386542578e-04
1.097198273817991954e+00 3.007357713286792585e-04
1.098239901267385132e+00 2.718990622698465396e-04
1.099283508338480875e+00 5.057310992707938829e-04
1.100329100680078387e+00 7.871180744099125388e-04
1.101376683962488778e+00 7.532619148436990293e-04
1.102426263877638535e+00 4.352399916373970589e-04
1.103477846139171215e+00 3.319485100647877026e-04
1.104531436482551365e+00 7.847454970136332614e-04
1.105587040665169551e+00 1.433829161874294097e-03
1.106644664466446493e+00 1.562104982520792296e-03
1.107704313687940090e+00 9.894462494082086577e-04
1.108765994153448009e+00 3.769514786714533213e-04
1.109829711709118927e+00 4.917545368518780107e-04
1.110895472223556002e+00 1.308092668469163118e-03
1.111963281587927233e+00 2.034346317545975436e-03
1.113033145716072703e+00 1.999949544251699261e-03
1.114105070544614273e+00 1.336691704025932481e-03
1.115179062033065271e+00 7.503202383399842088e-04
1.116255126163941069e+00 7.786914133057617690e-04
1.117333268942869662e+00 1.366429953327948435e-03
1.118413496398704465e+00 2.040025733789523500e-03
1.119495814583635562e+00 2.337784144388097268e-03
1.120580229573303610e+00 2.109822080716708837e-03
1.121666747466912195e+00 1.580397646387905969e-03
1.122755374387344407e+00 1.189320169483281146e-03
1.123846116481274748e+00 1.264778794352212953e-03
1.124938979919288373e+00 1.740840498468649395e-03
1.126033970895994774e+00 2.211202731591474686e-03
1.127131095630145685e+00 2.318590775348118322e-03
1.128230360364753659e+00 2.083660221687569109e-03
1.129331771367208637e+00 1.826649319672188961e-03
1.130435334929398739e+00 1.813626608806495925e-03
1.131541057367829284e+00 2.043885105318610663e-03
1.132648945023743137e+00 2.346156272964934793e-03
1.133759004263243053e+00 2.573306522220945771e-03
1.134871241477412251e+00 2.676105217571690936e-03
1.135985663082437425e+00 2.682606197584035210e-03
1.137102275519732864e+00 2.682109618802494284e-03
1.138221085256063470e+00 2.781472527594078346e-03
1.139342098783670654e+00 2.993382176704981971e-03
1.140465322620397570e+00 3.180465395243869692e-03
1.141590763309813905e+00 3.188640786469857519e-03
1.142718427421346439e+00 3.052305961373829452e-03
1.143848321550403169e+00 3.004640280875619900e-03
1.144980452318503650e+00 3.247573386868848281e-03
1.146114826373408890e+00 3.741908797207579851e-03
1.147251450389249916e+00 4.244164275626513723e-03
1.148390331066660108e+00 4.515171264386206619e-03
1.149531475132906211e+00 4.481233371745824492e-03
1.150674889342020446e+00 4.265788274276801316e-03
1.151820580474934186e+00 4.140379509386500449e-03
1.152968555339612511e+00 4.402323580910501646e-03
1.154118820771187659e+00 5.167751988987091816e-03
1.155271383632096693e+00 6.208803574871201575e-03
1.156426250812216061e+00 7.040270230775746985e-03
1.157583429228998817e+00 7.260321978877774980e-03
1.158742925827615622e+00 6.875146455035167914e-03
1.159904747581089968e+00 6.340430593042672459e-03
1.161068901490440064e+00 6.312319017711712568e-03
1.162235394584819392e+00 7.289448573250927217e-03
1.163404233921657260e+00 9.317972262856971319e-03
1.164575426586802243e+00 1.189001882861570082e-02
1.165748979694664289e+00 1.415574213321065845e-02
1.166924900388359498e+00 1.542948425977288748e-02
1.168103195839854669e+00 1.570064942203830416e-02
1.169283873250114070e+00 1.576745312608170482e-02
1.170466939849243992e+00 1.686913295066819543e-02
1.171652402896642631e+00 2.003110301366088988e-02
1.172840269681147962e+00 2.544738297638672597e-02
1.174030547521185630e+00 3.218972181118889830e-02
1.175223243764921044e+00 3.853100070408473771e-02
1.176418365790410370e+00 4.299597733121501147e-02
1.177615921005751520e+00 4.566574672283279374e-02
1.178815916849238254e+00 4.870938270694997324e-02
1.180018360789514054e+00 5.542383916560074397e-02
1.181223260325726443e+00 6.822735969341268969e-02
1.182430622987683311e+00 8.695763595963633408e-02
1.183640456336010782e+00 1.085899309104609162e-01
1.184852767962308873e+00 1.285515507534462365e-01
1.186067565489311582e+00 1.431107313888711763e-01
1.187284856571047653e+00 1.519172558175287679e-01
1.188504648892998450e+00 1.592217848642470679e-01
1.189726950172263154e+00 1.721663262917914883e-01
1.190951768157718638e+00 1.961098120866580641e-01
1.192179110630185113e+00 2.298486329426613906e-01
1.193408985402589328e+00 2.649181636088471237e-01
1.194641400320132218e+00 2.905444832272875977e-01
1.195876363260453878e+00 3.009400627012673857e-01
1.197113882133802543e+00 2.992002398840698518e-01
1.198353964883203115e+00 2.946891932530072422e-01
1.199596619484627258e+00 2.960664703121825281e-01
1.200841853947163695e+00 3.052297913932248696e-01
1.202089676313191857e+00 3.162492568593517905e-01
1.203340094658553294e+00 3.195917493733712589e-01
1.204593117092726873e+00 3.085857634719764708e-01
1.205848751759003745e+00 2.838751967219116379e-01
1.207107006834663876e+00 2.529042604831044927e-01
1.208367890531153677e+00 2.247541465501405877e-01
1.209631411094264752e+00 2.041016336247566121e-01
1.210897576804312648e+00 1.888954027038240446e-01
1.212166395976319144e+00 1.733046890151335728e-01
1.213437876960193229e+00 1.530190448975261297e-01
1.214712028140914724e+00 1.283019204449564743e-01
1.215988857938718803e+00 1.028276541304579128e-01
1.217268374809280962e+00 8.030317934925483569e-02
1.218550587243903749e+00 6.219757170476740427e-02
1.219835503769705509e+00 4.792039459278598507e-02
1.221123132949807344e+00 3.628223109790301021e-02
1.222413483383526289e+00 2.654439411963198034e-02
1.223706563706563832e+00 1.852876503141111242e-02
1.225002382591200201e+00 1.227778756477016994e-02
1.226300948746488650e+00 7.771201546512965241e-03
1.227602270918448646e+00 4.809389613451475233e-03
1.228906357890264145e+00 3.023656058513402023e-03
1.230213218482480109e+00 1.997143754051479512e-03
1.231522861553201897e+00 1.414229041686529799e-03
1.232835295998295111e+00 1.102856570499837841e-03
1.234150530751587205e+00 9.582306054306651477e-04
1.235468574785069995e+00 8.794980753272314735e-04
1.236789437109103718e+00 7.942625851576524823e-04
1.238113126772622641e+00 6.940429748315230874e-04
1.239439652863341790e+00 6.024918302567342692e-04
1.240769024507963669e+00 5.237843810410925706e-04
1.242101250872389429e+00 4.477170839444271299e-04
1.243436341161928471e+00 3.857676596984481259e-04
1.244774304621509620e+00 3.658393157249313524e-04
1.246115150535897165e+00 3.941508013496834001e-04
1.247458888229902696e+00 4.497999170597413179e-04
1.248805527068602483e+00 5.164105924565291729e-04
1.250155076457556635e+00 5.932049359744547955e-04
1.251507545843024927e+00 6.726448334847852243e-04
1.252862944712189508e+00 7.352097824796785053e-04
1.254221282593375397e+00 7.779633700111300305e-04
1.255582569056276299e+00 8.265758042732134240e-04
1.256946813712174649e+00 9.046509465803953456e-04
1.258314026214173209e+00 1.008813113884526056e-03
1.259684216257418221e+00 1.129468781481648499e-03
1.261057393579331887e+00 1.277791377462030508e-03
1.262433567959840630e+00 1.468529162535302159e-03
1.263812749221609355e+00 1.686905339837351013e-03
1.265194947230272815e+00 1.899101201664902486e-03
1.266580171894673423e+00 2.092604406771218350e-03
1.267968433167095954e+00 2.280438843043360898e-03
1.269359741043507128e+00 2.464290913600981816e-03
1.270754105563794534e+00 2.622758324855873312e-03
1.272151536812008654e+00 2.748566668589671070e-03
1.273552044916607118e+00 2.872567518340975526e-03
1.274955640050697170e+00 3.030068337028247669e-03
1.276362332432283475e+00 3.219411501058761470e-03
1.277772132324515475e+00 3.415450551046299733e-03
1.279185050035937410e+00 3.610332003576464596e-03
1.280601095920739452e+00 3.813113028422431428e-03
1.282020280379010391e+00 4.015495334393924011e-03
1.283442613856992320e+00 4.191201185846846894e-03
1.284868106847337099e+00 4.335944585830404582e-03
1.286296769889364811e+00 4.477514397094264735e-03
1.287728613569321334e+00 4.629257946293314011e-03
1.289163648520643912e+00 4.758229348513972126e-03
1.290601885424220496e+00 4.825090883108578213e-03
1.292043335008655980e+00 4.841058875724492568e-03
1.293488008050539539e+00 4.857061492652199608e-03
1.294935915374713309e+00 4.902875264681186805e-03
1.296387067854541497e+00 4.966275912188679656e-03
1.297841476412183725e+00 5.032188823540274109e-03
1.299299152018869252e+00 5.108130870339259652e-03
1.300760105695170754e+00 5.195392477324861126e-03
1.302224348511284990e+00 5.262861055963660543e-03
1.303691891587310581e+00 5.277053218333070672e-03
1.305162746093529780e+00 5.245293697315401432e-03
1.306636923250692028e+00 5.202380577525360372e-03
1.308114434330299058e+00 5.160039401839858209e-03
1.309595290654893329e+00 5.097079522010005553e-03
1.311079503598345353e+00 5.001972200969072475e-03
1.312567084586146349e+00 4.898344420533212208e-03
1.314058045095700678e+00 4.816792947418158978e-03
1.315552396656621381e+00 4.762784265238805687e-03
1.317050150851027723e+00 4.728214118251349365e-03
1.318551319313842729e+00 4.715554258806963113e-03
1.320055913733097608e+00 4.725574578765637593e-03
1.321563945850231514e+00 4.730270635457813067e-03
1.323075427460399522e+00 4.687001967449813504e-03
1.324590370412778162e+00 4.584796472751077358e-03
1.326108786610878498e+00 4.455994846215404620e-03
1.327630688012853444e+00 4.334418775926173611e-03
1.329156086631814837e+00 4.220582404021511191e-03
1.330684994536147636e+00 4.099463108483028355e-03
1.332217423849830107e+00 3.974362511057547356e-03
1.333753386752752679e+00 3.862941550214842815e-03
1.335292895481041242e+00 3.769295798136086933e-03
1.336835962327382221e+00 3.682547555255600603e-03
1.338382599641348980e+00 3.601407736228061200e-03
1.339932819829733113e+00 3.537133543751832653e-03
1.341486635356873736e+00 3.485538895064249545e-03
1.343044058744993219e+00 3.416126441594872880e-03
1.344605102574533806e+00 3.303627957377917781e-03
1.346169779484494011e+00 3.158895730907490453e-03
1.347738102172773456e+00 3.013997030549828756e-03
1.349310083396512372e+00 2.884955933659599098e-03
1.350885735972441104e+00 2.765523986746046183e-03
1.352465072777225608e+00 2.652386409897616350e-03
1.354048106747820057e+00 2.555325282959174538e-03
1.355634850881818787e+00 2.478035707451985842e-03
1.357225318237813338e+00 2.407235283581744215e-03
1.358819521935749286e+00 2.331941116889760593e-03
1.360417475157288170e+00 2.260797254591505150e-03
1.362019191146170760e+00 2.206210836805380313e-03
1.363624683208581212e+00 2.159282849435211621e-03
1.365233964713518544e+00 2.096776799108996270e-03
1.366847049093164568e+00 2.011013879135983059e-03
1.368463949843260252e+00 1.917529889714022573e-03
1.370084680523479648e+00 1.831383112393410780e-03
1.371709254757811136e+00 1.751098146692014199e-03
1.373337686234937793e+00 1.672334956400363132e-03
1.374969988708623081e+00 1.602989285085023273e-03
1.376606175998096093e+00 1.551770349100167670e-03
1.378246261988443466e+00 1.510156822508325466e-03
1.379890260631001286e+00 1.460735623933076110e-03
1.381538185943751440e+00 1.400933964859810794e-03
1.383190052011717741e+00 1.344163776961548266e-03
1.384845872987370496e+00 1.296269848517493531e-03
1.386505663091029072e+00 1.245040344535320405e-03
1.388169436611267793e+00 1.178928703322269008e-03
1.389837207905328276e+00 1.104117048123525293e-03
1.391508991399531103e+00 1.033455570746955737e-03
1.393184801589691268e+00 9.674602512226816112e-04
1.394864653041538505e+00 8.986732765273920285e-04
1.396548560391139171e+00 8.297452435665421573e-04
1.398236538345319468e+00 7.726194272027944038e-04
1.399928601682096208e+00 7.291894205884308236e-04
1.401624765251105798e+00 6.861762201369465790e-04
1.403325043974040343e+00 6.339504892292521484e-04
1.405029452845083959e+00 5.793565126487362337e-04
1.406738006931355089e+00 5.325710058960391033e-04
1.408450721373348813e+00 4.904904526760807577e-04
1.410167611385384268e+00 4.434365186079623614e-04
1.411888692256056732e+00 3.924003989658481485e-04
1.413613979348689487e+00 3.475403618669182897e-04
1.415343488101792335e+00 3.114170714387059472e-04
1.417077234029521682e+00 2.758102889073858928e-04
1.418815232722143937e+00 2.368436346157355948e-04
1.420557499846503369e+00 2.020372360555181131e-04
1.422304051146493054e+00 1.775155779059557528e-04
1.424054902443528281e+00 1.576143492805977026e-04
1.425810069637024835e+00 1.343115267503136102e-04
1.427569568704880387e+00 1.098476441971054567e-04
1.429333415703959886e+00 9.146264645446157545e-05
1.431101626770582058e+00 7.854897426193120191e-05
1.432874218121013232e+00 6.456483541305873175e-05
1.434651206051962280e+00 4.916414364927604655e-05
1.436432606941081325e+00 3.856896203080407997e-05
1.438218437247466897e+00 3.415646420986829509e-05
1.440008713512167970e+00 3.025634509748679059e-05
1.441803452358696447e+00 2.481219353442284123e-05
1.443602670493542073e+00 2.296823231203196116e-05
1.445406384706690917e+00 2.692131957285969643e-05
1.447214611872146284e+00 3.118848388242033865e-05
1.449027368948456296e+00 3.276963492449210295e-05
1.450844672979243466e+00 3.733204687271514226e-05
1.452666541093740271e+00 4.856979231252303315e-05
1.454492990507323835e+00 5.961547462916628245e-05
1.456324038522062159e+00 6.402449031526767143e-05
1.458159702527257906e+00 6.802988842175015699e-05
1.459999999999999964e+00 8.029417880477446767e-05
