8.400000000000001910e-01 2.008033578134299328e-03
8.409072254023114423e-01 2.035305034644192736e-03
8.418164125851445023e-01 1.889233578457829524e-03
8.427275679186061463e-01 1.661578718249320623e-03
8.436406978004119539e-01 1.630646925743637699e-03
8.445558086560365219e-01 1.768109610617929180e-03
8.454729069388643437e-01 1.899533282352936295e-03
8.463919991303404666e-01 1.845195047430322902e-03
8.473130917401242579e-01 1.758132403107681924e-03
8.482361913062427261e-01 1.587212477089725319e-03
8.491613043952450646e-01 1.390008567094319072e-03
8.500884376023585265e-01 1.277312881521087528e-03
8.510175975516450775e-01 1.334594832388207551e-03
8.519487908961594913e-01 1.380706346027243308e-03
8.528820243181073346e-01 1.281189993677696618e-03
8.538173045290055052e-01 1.121182484363376745e-03
8.547546382698432144e-01 1.023516335657559612e-03
8.556940323112431912e-01 9.393598314144022392e-04
8.566354934536254406e-01 8.838765646022591705e-04
8.575790285273711122e-01 9.031422491761103080e-04
8.585246443929871463e-01 9.878930428069668430e-04
8.594723479412740286e-01 1.003804613924834865e-03
8.604221460934912136e-01 9.041708759341552173e-04
8.613740458015268775e-01 8.309212976301232198e-04
8.623280540480674494e-01 8.064654783055852675e-04
8.632841778467681415e-01 8.082128732396353255e-04
8.642424242424243674e-01 8.103267491318766422e-04
8.652028003111458254e-01 8.650948106497965929e-04
8.661653131605295819e-01 8.780859118440338933e-04
8.671299699298365971e-01 7.926057503900729327e-04
8.680967777901663629e-01 6.660389605608156571e-04
8.690657439446368704e-01 6.240561750128003704e-04
8.700368756285620231e-01 6.082003208407127598e-04
8.710101801096320484e-01 6.054321526937131827e-04
8.719856646880952411e-01 5.785636483996291646e-04
8.729633366969392627e-01 5.708184901778562675e-04
8.739432035020766598e-01 5.137008224108278792e-04
8.749252725025286059e-01 4.445130981063434203e-04
8.759095511306110859e-01 3.890394691077467206e-04
8.768960468521233009e-01 3.921499706797539173e-04
8.778847671665354069e-01 4.023440482469626948e-04
8.788757196071793620e-01 4.101560149462556127e-04
8.798689117414398853e-01 3.921954474379195279e-04
8.808643511709470797e-01 3.819753218001135215e-04
8.818620455317704998e-01 3.465075827352357926e-04
8.828620024946141065e-01 3.119074416164239788e-04
8.838642297650132207e-01 2.923471446426615479e-04
8.848687350835323651e-01 3.072572509707461545e-04
8.858755262259643271e-01 3.159873284431441508e-04
8.868846110035313313e-01 2.985234031723392923e-04
8.878959972630859898e-01 2.645048766639478024e-04
8.889096928873161385e-01 2.352874791283446777e-04
8.899257057949481187e-01 2.063530371694150282e-04
8.909440439409544998e-01 1.820262448688320339e-04
8.919647153167603593e-01 1.737288811642331333e-04
8.929877279504531140e-01 1.741574039469491388e-04
8.940130899069929082e-01 1.671750280782327027e-04
8.950408092884241107e-01 1.435969974702744128e-04
8.960708942340893657e-01 1.270009295275070186e-04
8.971033529208436441e-01 1.163238601002939966e-04
8.981381935632717362e-01 1.139074662789346041e-04
8.991754244139049668e-01 1.129329791207882132e-04
9.002150537634411309e-01 1.234253607416382263e-04
9.012570899409656500e-01 1.384656319401058179e-04
9.023015413141733942e-01 1.501377904455464490e-04
9.033484162895930591e-01 1.480423467031131350e-04
9.043977233128124293e-01 1.555948943146839684e-04
9.054494708687058635e-01 1.719726786842331072e-04
9.065036674816628892e-01 2.019640948421813967e-04
9.075603217158180192e-01 2.298427053591711765e-04
9.086194421752832318e-01 2.728568403178827464e-04
9.096810375043816732e-01 3.059973424746095620e-04
9.107451163878819145e-01 3.261087444067619560e-04
9.118116875512357611e-01 3.121356731626946462e-04
9.128807597608162849e-01 3.321506438050375164e-04
9.139523418241579655e-01 3.573057333104298302e-04
9.150264425901988297e-01 4.125317744040553109e-04
9.161030709495235902e-01 4.271869664718736404e-04
9.171822358346097825e-01 4.655603611960694812e-04
9.182639462200732350e-01 4.571991515696028816e-04
9.193482111229190901e-01 4.634122565927091173e-04
9.204350396027900505e-01 4.175945987304732136e-04
9.215244407622206202e-01 4.432037545698420261e-04
9.226164237468896800e-01 4.517997548198412496e-04
9.237109977458773935e-01 5.149646653271430135e-04
9.248081719919232224e-01 4.857231063419762654e-04
9.259079557616840539e-01 4.975394200764050520e-04
9.270103583759973231e-01 4.370574535657363742e-04
9.281153892001431371e-01 4.318449676141463268e-04
9.292230576441103951e-01 3.565268576202326105e-04
9.303333731628631309e-01 3.683100081965341656e-04
9.314463452566097423e-01 3.266465004078838476e-04
9.325619834710745515e-01 3.417164135189126807e-04
9.336802973977696984e-01 2.533402827045551971e-04
9.348012966742708096e-01 2.280922404039990869e-04
9.359249909844935544e-01 1.489420483865008045e-04
9.370513900589724221e-01 1.376423539452936956e-04
9.381805036751417193e-01 7.181386973228132359e-05
9.393123416576186768e-01 6.823451011761233335e-05
9.404469138784877780e-01 1.099675716440017769e-05
9.415842302575887501e-01 6.447550196323678640e-05
9.427243007628042237e-01 1.049295736202046037e-05
9.438671354103529421e-01 1.062754301971447613e-04
9.450127442650807508e-01 4.079693854708066380e-05
9.461611374407584707e-01 2.664620204868393548e-04
9.473123251003772172e-01 1.474537664036770388e-04
9.484663174564502697e-01 1.803331921894649680e-04
9.496231247713136092e-01 5.355024435266626456e-04
9.507827573574310076e-01 8.119243736426149771e-05
9.519452255776993388e-01 4.121136764696955567e-04
9.531105398457586642e-01 4.110659973487053678e-04
9.542787106263025398e-01 1.068861669776208234e-04
9.554497484353910997e-01 3.982044730127592622e-04
9.566236638407670245e-01 7.147807424424209482e-04
9.578004674621726222e-01 2.854794418369541718e-04
9.589801699716715699e-01 2.220366585812242775e-04
9.601627820939698799e-01 6.046871092565090245e-04
9.613483146067419716e-01 6.708785257321871372e-04
9.625367783409570777e-01 2.027093326526831771e-04
9.637281841812107563e-01 2.255311392173793572e-04
9.649225430660554048e-01 6.065547617437968718e-04
9.661198659883362128e-01 7.084974738596672064e-04
9.673201639955275599e-01 1.864706328794837594e-04
9.685234481900736325e-01 2.249624932261129928e-04
9.697297297297298169e-01 7.507651832892322337e-04
9.709390198279089779e-01 1.124687144033462973e-03
9.721513297540269605e-01 8.089581513783235343e-04
9.733666708338543083e-01 6.466987886927372253e-04
9.745850544498686485e-01 6.192787728258178966e-04
9.758064920416092969e-01 4.202659231910534044e-04
9.770309951060360820e-01 2.118537548615621391e-04
9.782585751978892796e-01 4.283444782550946428e-04
9.794892439300542097e-01 9.434759521763052929e-04
9.807230129739263891e-01 1.313461794838352180e-03
9.819598940597806802e-01 8.010165452250104200e-04
9.831998989771437714e-01 4.229766188534124006e-04
9.844430395751675444e-01 4.372952555391248337e-04
9.856893277630079941e-01 9.317838552683174779e-04
9.869387755102041471e-01 1.370993686872463025e-03
9.881913948470621989e-01 1.313674550552028147e-03
9.894471978650404287e-01 1.051075403228109596e-03
9.907061967171399974e-01 1.214317682233694365e-03
9.919684036182957465e-01 1.805529738651093577e-03
9.932338308457714371e-01 2.411170282480612492e-03
9.945024907395583202e-01 2.210658349905730152e-03
9.957743957027755943e-01 2.118034844560232922e-03
9.970495582020748593e-01 2.482202585092868445e-03
9.983279907680474574e-01 3.304347001355274413e-03
9.996097059956350339e-01 3.690766177914351492e-03
1.000894716544543428e+00 2.905304270228846290e-03
1.002183035139657896e+00 1.549158258622886477e-03
1.003474674571465552e+00 1.070166665179882312e-03
1.004769647696477142e+00 1.650190483011603100e-03
1.006067967437653587e+00 2.999649293215131060e-03
1.007369646784836537e+00 3.686495779591428441e-03
1.008674698795181124e+00 3.763453106127036783e-03
1.009983136593592068e+00 3.835695789001335697e-03
1.011294973373165540e+00 4.566551753445825985e-03
1.012610222395630366e+00 5.911379659369254101e-03
1.013928896991796114e+00 7.496108693459239275e-03
1.015251010562003176e+00 8.625692216095456541e-03
1.016576576576576629e+00 9.918163345309616644e-03
1.017905608576284537e+00 1.171301719114797163e-02
1.019238120172797801e+00 1.445725688617348001e-02
1.020574125049154679e+00 1.766214914768176117e-02
1.021913636960231075e+00 2.168827548410871484e-02
1.023256669733210833e+00 2.691892686425027825e-02
1.024603237268061573e+00 3.465315982916918752e-02
1.025953353538015644e+00 4.466432564012571410e-02
1.027307032590051517e+00 5.707574296901499200e-02
1.028664288545382721e+00 7.123376849953041989e-02
1.030025135599947239e+00 8.728586191546768014e-02
1.031389588024904214e+00 1.034185702561137565e-01
1.032757660167131109e+00 1.190925003105289121e-01
1.034129366449727971e+00 1.358303019563125991e-01
1.035504721372523029e+00 1.577450619046534552e-01
1.036883739512585167e+00 1.808928163926747934e-01
1.038266435524736631e+00 1.960579938601418881e-01
1.039652824142075049e+00 2.001034572443082249e-01
1.041042920176494357e+00 1.987318159805788187e-01
1.042436738519212813e+00 1.983685929578863361e-01
1.043834294141305907e+00 1.956256033604334421e-01
1.045235602094241045e+00 1.804794030168991870e-01
1.046640677510418227e+00 1.519919646727801721e-01
1.048049535603715610e+00 1.252366852746062686e-01
1.049462191670036626e+00 1.066669122974740064e-01
1.050878661087866428e+00 9.039992605445879015e-02
1.052298959318827221e+00 7.132985266420234505e-02
1.053723101908242255e+00 5.170565992084929369e-02
1.055151104485703151e+00 3.630146446081928407e-02
1.056582982765640111e+00 2.756983279614181465e-02
1.058018752547900787e+00 2.325697470173707787e-02
1.059458429718329375e+00 2.135678031341892505e-02
1.060902030249353034e+00 2.015189070154280171e-02
1.062349570200573412e+00 1.991019081270977223e-02
1.063801065719360839e+00 2.020897847461938790e-02
1.065256533041456066e+00 2.035486372239536310e-02
1.066715988491574674e+00 2.041994930444882006e-02
1.068179448484017247e+00 2.013074790764813812e-02
1.069646929523286438e+00 1.860951856859365677e-02
1.071118448204705143e+00 1.793179538316182903e-02
1.072594021215043547e+00 1.777265019131845855e-02
1.074073665333149741e+00 1.769052328367492002e-02
1.075557397430584539e+00 1.702845079122233124e-02
1.077045234472264745e+00 1.593696935484365321e-02
1.078537193517107751e+00 1.462649662303834239e-02
1.080033291718685229e+00 1.363952009554151266e-02
1.081533546325878614e+00 1.257841877701933696e-02
1.083037974683544347e+00 1.129248931229386889e-02
1.084546594233180006e+00 1.004123116319487717e-02
1.086059422513600436e+00 9.235065719199011744e-03
1.087576477161614763e+00 8.576278901987408054e-03
1.089097775912715393e+00 7.922894567450241080e-03
1.090623336601765248e+00 7.104738771852130153e-03
1.092153177163697864e+00 6.402612315592986873e-03
1.093687315634218615e+00 5.830239732448672108e-03
1.095225770150513700e+00 5.368686038486313213e-03
1.096768558951965344e+00 4.855922837170983941e-03
1.098315700380872117e+00 4.493648754061456765e-03
1.099867212883175682e+00 4.196263217052842269e-03
1.101423115009195319e+00 4.013156570017733030e-03
1.102983425414364893e+00 3.802223481657678993e-03
1.104548162859980254e+00 3.590820385570468124e-03
1.106117346213951080e+00 3.280990916767029166e-03
1.107690994451557831e+00 3.002012403171593850e-03
1.109269126656218907e+00 2.785401771568959614e-03
1.110851762020260036e+00 2.682587339153574748e-03
1.112438919845692542e+00 2.558603188244108675e-03
1.114030619544999379e+00 2.431533310264875035e-03
1.115626880641926055e+00 2.248911909146319998e-03
1.117227722772277554e+00 2.098466384274630565e-03
1.118833165684725017e+00 1.936004431505741578e-03
1.120443229241617766e+00 1.805400985487625072e-03
1.122057933419801312e+00 1.707943902321507404e-03
1.123677298311445139e+00 1.689253788013299513e-03
1.125301344124873815e+00 1.664336444709374127e-03
1.126930091185410543e+00 1.606468821350084735e-03
1.128563559936222926e+00 1.499386730062115267e-03
1.130201770939178729e+00 1.412402267512920121e-03
1.131844744875708741e+00 1.336017931177171285e-03
1.133492502547678082e+00 1.277360440219028502e-03
1.135145064878262389e+00 1.223315990231680934e-03
1.136802452912834438e+00 1.201925442918994188e-03
1.138464687819856769e+00 1.198480159653114545e-03
1.140131790891785402e+00 1.182716488779947828e-03
1.141803783545974671e+00 1.121688781814508557e-03
1.143480687325598488e+00 1.041163202519338003e-03
1.145162523900573603e+00 9.753022724139700107e-04
1.146849315068493302e+00 9.298168556560544497e-04
1.148541082755568654e+00 8.935215761513472113e-04
1.150237849017580194e+00 8.551322765135923893e-04
1.151939636040834491e+00 8.276018547411509788e-04
1.153646466143132709e+00 7.980282980170303212e-04
1.155358361774744491e+00 7.588679628767184453e-04
1.157075345519394061e+00 6.909965659532757085e-04
1.158797440095252540e+00 6.278568312679468251e-04
1.160524668355940037e+00 5.746272414119442265e-04
1.162257053291536391e+00 5.476228825956895628e-04
1.163994618029601247e+00 5.167138753925910140e-04
1.165737385836203233e+00 4.941146622692169305e-04
1.167485380116959348e+00 4.606735575618170681e-04
1.169238624418081240e+00 4.398959016263004102e-04
1.170997142427432802e+00 4.028147064109990146e-04
1.172760957975598872e+00 3.717874477190414705e-04
1.174530095036959043e+00 3.305444686786387031e-04
1.176304577730775236e+00 3.130011101655148201e-04
1.178084430322287934e+00 2.932133638772055611e-04
1.179869677223821967e+00 2.903662445713279432e-04
1.181660342995902502e+00 2.715792125694218998e-04
1.183456452348381482e+00 2.652989682704666474e-04
1.185258030141574270e+00 2.472964077965539970e-04
1.187065101387406729e+00 2.446211146270139774e-04
1.188877691250572743e+00 2.296114781705127148e-04
1.190695825049702172e+00 2.319069148074235644e-04
1.192519528258539241e+00 2.313775447583378087e-04
1.194348826507133365e+00 2.540974170964662555e-04
1.196183745583039082e+00 2.720766077625685181e-04
1.198024311432528188e+00 3.013858542484972860e-04
1.199870550161812544e+00 3.193412968008098990e-04
1.201722488038277747e+00 3.512022116773939862e-04
1.203580151491730144e+00 3.797137303193769695e-04
1.205443567115652703e+00 4.203854986327484346e-04
1.207312761668476009e+00 4.588531728138635943e-04
1.209187762074856343e+00 5.159060372569913323e-04
1.211068595426971761e+00 5.860761673341942889e-04
1.212955288985823499e+00 6.687243432922328461e-04
1.214847870182556022e+00 7.381327294779977148e-04
1.216746366619784636e+00 7.882407612937725443e-04
1.218650806072938186e+00 8.407627467718563731e-04
1.220561216491613088e+00 8.993929168696643359e-04
1.222477626000942230e+00 9.557152004503013162e-04
1.224400062902972319e+00 1.024116451523465797e-03
1.226328555678059873e+00 1.087716820643894492e-03
1.228263132986275652e+00 1.165535589901525943e-03
1.230203823668826413e+00 1.250551592042844357e-03
1.232150656749485984e+00 1.286165072235744651e-03
1.234103661436044108e+00 1.281023643375505706e-03
1.236062867121765718e+00 1.258128586266096284e-03
1.238028303386866202e+00 1.268528870381040782e-03
1.240000000000000213e+00 1.274583462504893031e-03
