6.200000000000001066e-01 4.493954227767145919e-08
6.208142359971109414e-01 4.469984961026543873e-08
6.216306134525610982e-01 4.409754822301060999e-08
6.224491408255976577e-01 4.349634076425111736e-08
6.232698266200805692e-01 4.331186789599704163e-08
6.240926793847779708e-01 4.293209030071610438e-08
6.249177077136626179e-01 4.226371834011135275e-08
6.257449202462108673e-01 4.193528582733415662e-08
6.265743256677051010e-01 4.169014570388736495e-08
6.274059327095361516e-01 4.115318464366849964e-08
6.282397501495116110e-01 4.076041248056447483e-08
6.290757868121632512e-01 4.048684805054824790e-08
6.299140515690586639e-01 4.000989451920098627e-08
6.307545533391155645e-01 3.966564925268044650e-08
6.315973010889170958e-01 3.943299563244721009e-08
6.324423038330324598e-01 3.894733132566886959e-08
6.332895706343358855e-01 3.856986191376584836e-08
6.341391106043331449e-01 3.840447585075463154e-08
6.349909329034858496e-01 3.798797214746776786e-08
6.358450467415429630e-01 3.756613289764085247e-08
6.367014613778706478e-01 3.741049146553284466e-08
6.375601861217885524e-01 3.708900151023214569e-08
6.384212303329056537e-01 3.666757630023407569e-08
6.392846034214619833e-01 3.651140682495220011e-08
6.401503148486694661e-01 3.630777601219688864e-08
6.410183741270595315e-01 3.592477431053725358e-08
6.418887908208298354e-01 3.572583508470524895e-08
6.427615745461963126e-01 3.561107396219452155e-08
6.436367349717477815e-01 3.529572729295623412e-08
6.445142818188016598e-01 3.498318213172482144e-08
6.453942248617654531e-01 3.481290246596176178e-08
6.462765739284982436e-01 3.452883382494465805e-08
6.471613389006778405e-01 3.406700755383178003e-08
6.480485297141682643e-01 3.366134452257355221e-08
6.489381563593933366e-01 3.331734999629036516e-08
6.498302288817101591e-01 3.285455404477297259e-08
6.507247573817882547e-01 3.235855084412038569e-08
6.516217520159902632e-01 3.205199417564670051e-08
6.525212229967563005e-01 3.191446365692857416e-08
6.534231805929920922e-01 3.183810529520863812e-08
6.543276351304589955e-01 3.196677826733720331e-08
6.552345969921685720e-01 3.245254539095907158e-08
6.561440766187800477e-01 3.304765492161478200e-08
6.570560845090001045e-01 3.351809525592718338e-08
6.579706312199875562e-01 3.401442724351492129e-08
6.588877273677608004e-01 3.437375392217663274e-08
6.598073836276086013e-01 3.405382181980339986e-08
6.607296107345027592e-01 3.310481209953902776e-08
6.616544194835188852e-01 3.185938471664886550e-08
6.625818207302544005e-01 3.014391473966081500e-08
6.635118253912557496e-01 2.808096501764755150e-08
6.644444444444445041e-01 2.649932365607924416e-08
6.653796889295519046e-01 2.586899600794145694e-08
6.663175699485518466e-01 2.619965119512531315e-08
6.672580986661020841e-01 2.779724689429487078e-08
6.682012863099866529e-01 3.072783206132915087e-08
6.691471441715620694e-01 3.410016851656041732e-08
6.700956836062090805e-01 3.682242186578977948e-08
6.710469160337851902e-01 3.818620768238634391e-08
6.720008529390860685e-01 3.736253282254976249e-08
6.729575058723041847e-01 3.372208279683787619e-08
6.739168864494974320e-01 2.789821596777217523e-08
6.748790063530587524e-01 2.156208020199011768e-08
6.758438773321896464e-01 1.662948166888871732e-08
6.768115112033789016e-01 1.521769991752111439e-08
6.777819198508854281e-01 1.913987440143377630e-08
6.787551152272238708e-01 2.865908664106876621e-08
6.797311093536559934e-01 4.212695604513563605e-08
6.807099143206856162e-01 5.654359190258680609e-08
6.816915422885573284e-01 6.798405194656419714e-08
6.826760054877608619e-01 7.239326289438389153e-08
6.836633162195385749e-01 6.743509768495831717e-08
6.846534868563981524e-01 5.396174982787981157e-08
6.856465298426283050e-01 3.562642378391038777e-08
6.866424576948217950e-01 1.766569494052551830e-08
6.876412830024003497e-01 5.782085479164921842e-09
6.886430184281449041e-01 4.173416576685155083e-09
6.896476767087317272e-01 1.306599517876770251e-08
6.906552706552706589e-01 2.863718713995847027e-08
6.916658131538518939e-01 4.484708955372387688e-08
6.926793171660928783e-01 5.516367692447204056e-08
6.936957957296940869e-01 5.530525796556647695e-08
6.947152619589977984e-01 4.587914538619731368e-08
6.957377290455516450e-01 3.211590794793381611e-08
6.967632102586780452e-01 2.102012909546995737e-08
6.977917189460477454e-01 1.809692178639544789e-08
6.988232685342598005e-01 2.466057887378844438e-08
6.998578725294248848e-01 3.663358874659266383e-08
7.008955445177552646e-01 4.629284789735116833e-08
7.019362981661593226e-01 4.665703199829512362e-08
7.029801472228419668e-01 3.591184476750743338e-08
7.040271055179091464e-01 1.922886091765031704e-08
7.050771869639794742e-01 6.727067421181897268e-09
7.061304055568005111e-01 8.159230349336497200e-09
7.071867753758696029e-01 2.685663845853828891e-08
7.082463105850625995e-01 5.633652739307937856e-08
7.093090254332659050e-01 8.233009651318064266e-08
7.103749342550154111e-01 9.028159619867678336e-08
7.114440514711416474e-01 7.413769686180188742e-08
7.125163915894191513e-01 4.113463705192424216e-08
7.135919692052230534e-01 9.832853594063408212e-09
7.146707990021922141e-01 7.613689376225480492e-10
7.157528957528959124e-01 2.356996477330305409e-08
7.168382743195087503e-01 6.977605321102822273e-08
7.179269496544916640e-01 1.160052588913713981e-07
7.190189368012778193e-01 1.356948501361225988e-07
7.201142508949653909e-01 1.154594167169251549e-07
7.212129071630178911e-01 6.636358411850127015e-08
7.223149209259684955e-01 1.884787554511591237e-08
7.234203075981329167e-01 4.718884186776546218e-09
7.245290826883287183e-01 3.812003034430067145e-08
7.256412618005987358e-01 1.039457053442762090e-07
7.267568606349450455e-01 1.637041747405288944e-07
7.278758949880669293e-01 1.803361829058021638e-07
7.289983807541060568e-01 1.432511215957777550e-07
7.301243339253996600e-01 7.612183562011987023e-08
7.312537705932400378e-01 2.511531937825798390e-08
7.323867069486404979e-01 3.091917933882963113e-08
7.335231592831097380e-01 9.915555772051191289e-08
7.346631439894321103e-01 1.936446712749199573e-07
7.358066775624563238e-01 2.589043336788974006e-07
7.369537765998910306e-01 2.546769516902933176e-07
7.381044578031072945e-01 1.824101014809868378e-07
7.392587379779498313e-01 8.703216284993808506e-08
7.404166340355550213e-01 2.765447264033117511e-08
7.415781629931760266e-01 3.769980551685732146e-08
7.427433419750177901e-01 1.055895223577820791e-07
7.439121882130773633e-01 1.850023909886595193e-07
7.450847190479943372e-01 2.261978692778962894e-07
7.462609519299078231e-01 2.110894424782027541e-07
7.474409044193218721e-01 1.604378309250626439e-07
7.486245941879801080e-01 1.052871583853014564e-07
7.498120390197480223e-01 6.214516545559597503e-08
7.510032568115021512e-01 3.353378348129308200e-08
7.521982655740313550e-01 1.593901380129909948e-08
7.533970834329428712e-01 1.281243433085945206e-08
7.545997286295794693e-01 4.354640616209999922e-08
7.558062195219442669e-01 1.181609717349939628e-07
7.570165745856354267e-01 2.079598240607439760e-07
7.582308124147888462e-01 2.623307454374493680e-07
7.594489517230299525e-01 2.434728382483263106e-07
7.606710113444364874e-01 1.536215929039951715e-07
7.618970102345072881e-01 5.594086025571369423e-08
7.631269674711439466e-01 3.427905039572302785e-08
7.643609022556392407e-01 1.022018231271662846e-07
7.655988339136773346e-01 1.862442017476800038e-07
7.668407818963420830e-01 2.050351511382401192e-07
7.680867657811357718e-01 1.585375577385497792e-07
7.693368052730084061e-01 1.719453388770263085e-07
7.705909202053957685e-01 4.282651723981025924e-07
7.718491305412688019e-01 1.007521040626000307e-06
7.731114563741924295e-01 1.820620605893751980e-06
7.743779179293964754e-01 2.744753011014934753e-06
7.756485355648535807e-01 3.870376842418484137e-06
7.769233297723724396e-01 5.660382668984983556e-06
7.782023211786979200e-01 8.775417350909680691e-06
7.794855305466238393e-01 1.358512678366175468e-05
7.807729787761169549e-01 1.981912140867227423e-05
7.820646869054513894e-01 2.677074536769564455e-05
7.833606761123539375e-01 3.401698415295008028e-05
7.846609677151631379e-01 4.224196591662908142e-05
7.859655831739963405e-01 5.348172404062285877e-05
7.872745440919310944e-01 7.022530635995025226e-05
7.885878722161983045e-01 9.367483821891369703e-05
7.899055894393851585e-01 1.224028159115394740e-04
7.912277178006528189e-01 1.526505611703780939e-04
7.925542794869646634e-01 1.804374428008276147e-04
7.938852968343270700e-01 2.041212345703739004e-04
7.952207923290436353e-01 2.253516709330652542e-04
7.965607886089812739e-01 2.475458386908900143e-04
7.979053084648494165e-01 2.732429329926662357e-04
7.992543748414911997e-01 3.028614341808087912e-04
8.006080108391905314e-01 3.364088255511113131e-04
8.019662397149885935e-01 3.771881640139819556e-04
8.033290848840174414e-01 4.343728208871253994e-04
8.046965699208443734e-01 5.217219070529206760e-04
8.060687185608321759e-01 6.528339702514605707e-04
8.074455547015116919e-01 8.363493793267905846e-04
8.088271024039694890e-01 1.074682877894759039e-03
8.102133858942497380e-01 1.366957829449592801e-03
8.116044295647694140e-01 1.712660290441651162e-03
8.130002579757504844e-01 2.110615891112231895e-03
8.144008958566629763e-01 2.551142654081503536e-03
8.158063681076884732e-01 3.005986143140452170e-03
8.172166998011929362e-01 3.425027357601549260e-03
8.186319161832193991e-01 3.745856637390008927e-03
8.200520426749936531e-01 3.913113151999267521e-03
8.214771048744461401e-01 3.896797435620308076e-03
8.229071285577509443e-01 3.699957240074943244e-03
8.243421396808788826e-01 3.354134028871048716e-03
8.257821643811686929e-01 2.907579271163475768e-03
8.272272289789132094e-01 2.412687338057875695e-03
8.286773599789640787e-01 1.916940444310510482e-03
8.301325840723505767e-01 1.458144869465677384e-03
8.315929281379189630e-01 1.062054403097494612e-03
8.330584192439863811e-01 7.408142973273506866e-04
8.345290846500134085e-01 4.933283603794499320e-04
8.360049518082942610e-01 3.095945034074676252e-04
8.374860483656656474e-01 1.779467254027820118e-04
8.389724021652320562e-01 9.042639487094847090e-05
8.404640412481109157e-01 4.229366581751238763e-05
8.419609938551962935e-01 2.707185773119299903e-05
8.434632884289410271e-01 3.316080157185174169e-05
8.449709536151578382e-01 4.661849768000874919e-05
8.464840182648402100e-01 5.802717337345315895e-05
8.480025114360032479e-01 6.659020280397054132e-05
8.495264623955433025e-01 7.706845548667248282e-05
8.510559006211180222e-01 9.229852577044968210e-05
8.525908558030480533e-01 1.086495472161655109e-04
8.541313578462371714e-01 1.189018158472554543e-04
8.556774368721150603e-01 1.191600159836231343e-04
8.572291232206002976e-01 1.121592013610777494e-04
8.587864474520847669e-01 1.035928475578169462e-04
8.603494403494404974e-01 9.599286393990548092e-05
8.619181329200474861e-01 8.748107857658302317e-05
8.634925563978447238e-01 7.707611830798430494e-05
8.650727422454022042e-01 7.001918694149044005e-05
8.666587221560180243e-01 7.556704761558826063e-05
8.682505280558362459e-01 9.808029411248979758e-05
8.698481921059896260e-01 1.307596717052949685e-04
8.714517467047654398e-01 1.599316723122347307e-04
8.730612244897958396e-01 1.769415473085653970e-04
8.746766583402719730e-01 1.857051122617903703e-04
8.762980813791825252e-01 1.974776040939897766e-04
8.779255269755782409e-01 2.179523407415794999e-04
8.795590287468602053e-01 2.406576038872159187e-04
8.811986205610961020e-01 2.541867744592005954e-04
8.828443365393594533e-01 2.554159954857042249e-04
8.844962110580971704e-01 2.536435640405742945e-04
8.861542787515230835e-01 2.602491809106719628e-04
8.878185745140388940e-01 2.749993821936610517e-04
8.894891335026813284e-01 2.847126010437386586e-04
8.911659911395986011e-01 2.766813630221810847e-04
8.928491831145527469e-01 2.524959525061859457e-04
8.945387453874539263e-01 2.267797260413505266e-04
8.962347141909186021e-01 2.118885116030598038e-04
8.979371260328616877e-01 2.056295363649105813e-04
8.996460176991151192e-01 1.957857586671356753e-04
9.013614262560777357e-01 1.758412581390211306e-04
9.030833890533958019e-01 1.533921400648407456e-04
9.048119437266723963e-01 1.414421195374314724e-04
9.065471282002108833e-01 1.428968267165971120e-04
9.082889806897874729e-01 1.467652084651846847e-04
9.100375397054577542e-01 1.408830836329731727e-04
9.117928440543929813e-01 1.260258409366175555e-04
9.135549328437529981e-01 1.143875102490200660e-04
9.153238454835899152e-01 1.143595843067691685e-04
9.170996216897856490e-01 1.201375111497803038e-04
9.188823014870249883e-01 1.188304462058662001e-04
9.206719252118024110e-01 1.064995414897058418e-04
9.224685335154647614e-01 9.332673950595707444e-05
9.242721673672890104e-01 9.121846434067554926e-05
9.260828680575962091e-01 9.911159330071910782e-05
9.279006772009028570e-01 1.042864550410883167e-04
9.297256367391092402e-01 9.805521097780840701e-05
9.315577889447236304e-01 8.634348373270991776e-05
9.333971764241287827e-01 8.188137668993010032e-05
9.352438421208824071e-01 8.765310642833613766e-05
9.370978293190602715e-01 9.270454470943871323e-05
9.389591816466381635e-01 8.588791939586602503e-05
9.408279430789132647e-01 6.996359826922782645e-05
9.427041579419683792e-01 5.809703840936812337e-05
9.445878709161753539e-01 5.732683760264095955e-05
9.464791270397437950e-01 6.006417229053363251e-05
9.483779717123081987e-01 5.463766991319343941e-05
9.502844506985625994e-01 4.116777603961181779e-05
9.521986101319368512e-01 3.150738864206894103e-05
9.541204965183167630e-01 3.336597642720746346e-05
9.560501567398119738e-01 4.022447160827336839e-05
9.579876380585672369e-01 4.053229431251988889e-05
9.599329881206214443e-01 3.389520707379476344e-05
9.618862549598128364e-01 3.228717030598413621e-05
9.638474870017330609e-01 4.344423495933697274e-05
9.658167330677289719e-01 5.881027071139780497e-05
9.677940423789539448e-01 6.436610603333338583e-05
9.697794645604678188e-01 6.069335844817001378e-05
9.717730496453901301e-01 6.395223152534147432e-05
9.737748480791019734e-01 8.473927447070797830e-05
9.757849107235007091e-01 1.122378094038298382e-04
9.778032888613092943e-01 1.262569568278396352e-04
9.798300342004353514e-01 1.240930210327967126e-04
9.818651988783880791e-01 1.263002348530849845e-04
9.839088354667498981e-01 1.500717447368975514e-04
9.859609969757011649e-01 1.839350330368789033e-04
9.880217368586059479e-01 1.994490115031380222e-04
9.900911090166510942e-01 1.873523351472171394e-04
9.921691678035472473e-01 1.713968880899412238e-04
9.942559680302870406e-01 1.794628937619857504e-04
9.963515649699653531e-01 2.069247513338199880e-04
9.984560143626570738e-01 2.207241037912318173e-04
1.000569372420361924e+00 2.017690695855025066e-04
1.002691695832007568e+00 1.711092396433962367e-04
1.004823041768519332e+00 1.638820264772547020e-04
1.006963467887953767e+00 1.835674436945070379e-04
1.009113032340698046e+00 1.966306134723459949e-04
1.011271793774735306e+00 1.757533622792619376e-04
1.013439811340979713e+00 1.355991613431719776e-04
1.015617144698678809e+00 1.137389498068043341e-04
1.017803854020884913e+00 1.215880775824259457e-04
1.020000000000000018e+00 1.305554885848237215e-04
