1.479999999999999982e+00 3.124998109177044500e-04
1.481053905860571174e+00 2.909725411445680853e-04
1.482109313760421765e+00 2.712361435000887138e-04
1.483166226912928876e+00 2.503030144417489090e-04
1.484224648540640734e+00 2.263630963295842978e-04
1.485284581875312426e+00 1.992914266701519953e-04
1.486346030157936315e+00 1.705514575382407615e-04
1.487408996638775571e+00 1.425704017651453618e-04
1.488473484577399475e+00 1.178363630471480911e-04
1.489539497242713173e+00 9.804495049097441863e-05
1.490607037912993427e+00 8.358398965977130435e-05
1.491676109875923473e+00 7.350868925071086938e-05
1.492746716428622555e+00 6.597875732521386329e-05
1.493818860877684562e+00 5.896905836986366799e-05
1.494892546539208000e+00 5.098159016407663045e-05
1.495967776738833299e+00 4.150455847537278014e-05
1.497044554811775896e+00 3.107251478163935694e-05
1.498122884102859542e+00 2.093648678518436013e-05
1.499202767966553607e+00 1.249627812788129126e-05
1.500284209767005716e+00 6.726671227037323903e-06
1.501367212878076840e+00 3.818350809967583853e-06
1.502451780683377924e+00 3.160447135461000478e-06
1.503537916576302980e+00 3.652792542878140911e-06
1.504625623960066605e+00 4.206283508316447025e-06
1.505714906247737295e+00 4.218626508349400835e-06
1.506805766862276519e+00 3.826728798128406591e-06
1.507898209236569587e+00 3.829834731255084018e-06
1.508992236813465837e+00 5.312707603101546252e-06
1.510087853045814166e+00 9.122791786322403384e-06
1.511185061396497886e+00 1.542007220034900629e-05
1.512283865338471589e+00 2.349649339804302697e-05
1.513384268354798667e+00 3.195964126753494667e-05
1.514486273938687955e+00 3.923064812405985534e-05
1.515589885593529029e+00 4.417442122106630817e-05
1.516695106832931961e+00 4.661381157757513871e-05
1.517801941180763281e+00 4.750756933497202086e-05
1.518910392171182400e+00 4.868895169639304377e-05
1.520020463348680684e+00 5.222726687478183557e-05
1.521132158268119428e+00 5.962740403686905583e-05
1.522245480494766934e+00 7.116297857828797631e-05
1.523360433604336039e+00 8.561167003608499628e-05
1.524477021183024306e+00 1.005298979719478026e-04
1.525595246827550877e+00 1.130109676256138210e-04
1.526715114145195562e+00 1.206847265612047941e-04
1.527836626753838134e+00 1.226077150863122672e-04
1.528959788281996524e+00 1.197065216219216365e-04
1.530084602368866342e+00 1.145766248887100674e-04
1.531211072664359740e+00 1.106611722900260398e-04
1.532339202829146041e+00 1.110625831347928418e-04
1.533468996534689932e+00 1.173912538737418817e-04
1.534600457463292322e+00 1.290697534148912593e-04
1.535733589308129643e+00 1.433739412269996309e-04
1.536868395773295148e+00 1.562447989590481619e-04
1.538004880573837108e+00 1.636294454231292496e-04
1.539143047435802547e+00 1.629047674753470929e-04
1.540282900096274998e+00 1.538806042375859750e-04
1.541424442303416686e+00 1.390005490912375025e-04
1.542567677816509608e+00 1.226237492684199403e-04
1.543712610405997276e+00 1.095931711172136799e-04
1.544859243853524466e+00 1.035618064273297734e-04
1.546007581951980958e+00 1.056593001815069564e-04
1.547157628505541949e+00 1.139890755825564717e-04
1.548309387329710463e+00 1.241727262921556521e-04
1.549462862251359763e+00 1.307935527629037337e-04
1.550618057108775316e+00 1.292621730634332640e-04
1.551774975751697427e+00 1.174557104835011396e-04
1.552933622041364758e+00 9.653905515667942706e-05
1.554093999850556518e+00 7.065333260926034064e-05
1.555256113063635537e+00 4.556275637205751771e-05
1.556419965576592235e+00 2.674276260109118496e-05
1.557585561297086807e+00 1.762199473230367821e-05
1.558752904144495188e+00 1.866110545462152612e-05
1.559921998049951464e+00 2.765568977478084043e-05
1.561092846956391167e+00 4.118223750676458072e-05
1.562265454818598354e+00 5.663152673001000515e-05
1.563439825603247124e+00 7.397743412128880312e-05
1.564615963288949141e+00 9.644471916712775948e-05
1.565793871866295373e+00 1.295960011347921544e-04
1.566973555337904056e+00 1.789549909967853597e-04
1.568155017718464883e+00 2.469229051690788562e-04
1.569338263034784298e+00 3.301792188483910671e-04
1.570523295325832569e+00 4.187940419310698381e-04
1.571710118642787313e+00 4.978422264217763696e-04
1.572898737049081008e+00 5.514921373040868264e-04
1.574089154620449627e+00 5.685906915251366352e-04
1.575281375444974374e+00 5.480103125944677054e-04
1.576475403623133653e+00 5.017683473722899879e-04
1.577671243267844803e+00 4.543446869928619296e-04
1.578868898504516727e+00 4.376647024864405351e-04
1.580068373471093413e+00 4.826123789824432941e-04
1.581269672318102337e+00 6.092621789848369973e-04
1.582472799208704206e+00 8.188044539946526517e-04
1.583677758318739137e+00 1.090046567671954479e-03
1.584884553836775289e+00 1.382311248795544279e-03
1.586093189964157713e+00 1.644749072530025859e-03
1.587303670915057641e+00 1.830032565227897572e-03
1.588516000916520232e+00 1.908745523992555612e-03
1.589730184208514752e+00 1.880108413420379437e-03
1.590946225043983864e+00 1.775321476344703976e-03
1.592164127688892483e+00 1.651704043150457532e-03
1.593383896422278401e+00 1.578491364020017046e-03
1.594605535536302909e+00 1.617845806384535668e-03
1.595829049336300320e+00 1.806489882780203853e-03
1.597054442140827701e+00 2.143700338048831235e-03
1.598281718281718167e+00 2.589959641735443616e-03
1.599510882104129728e+00 3.077628431226130980e-03
1.600741937966597472e+00 3.531365311961329884e-03
1.601974890241084193e+00 3.892761689090555675e-03
1.603209743313034563e+00 4.141841747309585146e-03
1.604446501581423989e+00 4.308404822316320992e-03
1.605685169458812567e+00 4.468748347504757426e-03
1.606925751371397704e+00 4.727496584335482213e-03
1.608168251759066081e+00 5.188900027774790910e-03
1.609412675075446941e+00 5.925644937520460447e-03
1.610659025787965604e+00 6.954685578800176571e-03
1.611907308377896531e+00 8.228233185364836055e-03
1.613157527340417285e+00 9.643995086459286603e-03
1.614409687184661601e+00 1.107309563527637299e-02
1.615663792433776225e+00 1.239846425789895186e-02
1.616919847624970874e+00 1.355261487133601478e-02
1.618177857309577306e+00 1.454302530383421409e-02
1.619437826053102825e+00 1.545624667672183990e-02
1.620699758435284021e+00 1.643782789340787059e-02
1.621963659050144502e+00 1.765252818967075546e-02
1.623229532506048622e+00 1.923592614755841382e-02
1.624497383425759667e+00 2.125227721216580920e-02
1.625767216446494245e+00 2.367289628935630857e-02
1.627039036219979584e+00 2.638423368823288040e-02
1.628312847412510811e+00 2.922634015003207700e-02
1.629588654705006912e+00 3.205288945418262314e-02
1.630866462793068239e+00 3.479618513167804378e-02
1.632146276387036021e+00 3.751716992644005960e-02
1.633428100212047429e+00 4.042284031519902815e-02
1.634711939008095527e+00 4.384147532743804671e-02
1.635997797530087450e+00 4.815783760760674465e-02
1.637285680547902134e+00 5.372282035121896115e-02
1.638575592846450935e+00 6.076126812692407564e-02
1.639867539225735138e+00 6.930485156173045447e-02
1.641161524500907465e+00 7.917241920749355788e-02
1.642457553502329803e+00 9.000878139910226117e-02
1.643755631075634049e+00 1.013770947040250753e-01
1.645055762081784279e+00 1.128840852900714342e-01
1.646357951397134700e+00 1.243058361022248703e-01
1.647662203913491386e+00 1.356784324143519849e-01
1.648968524538175107e+00 1.473240705963329567e-01
1.650276918194080844e+00 1.597983186787720611e-01
1.651587389819741070e+00 1.737645721653722775e-01
1.652899944369387253e+00 1.898221486912519129e-01
1.654214586813011811e+00 2.083293075190316146e-01
1.655531322136432504e+00 2.292673159713160269e-01
1.656850155341352604e+00 2.521844609441604712e-01
1.658171091445427736e+00 2.762411427498824845e-01
1.659494135482326715e+00 3.003520551073165512e-01
1.660819292501796607e+00 3.233962515217929101e-01
1.662146567569727562e+00 3.444472010349728386e-01
1.663475965768215437e+00 3.629666547883467764e-01
1.664807492195629735e+00 3.789126919305326746e-01
1.666141151966674672e+00 3.927315181237916453e-01
1.667476950212458897e+00 4.052303659274992254e-01
1.668814892080558554e+00 4.173583203704396283e-01
1.670154982735083893e+00 4.299455920576934487e-01
1.671497227356746995e+00 4.434635002033769924e-01
1.672841631142925944e+00 4.578639540148999321e-01
1.674188199307735658e+00 4.725391072404893089e-01
1.675536937082091393e+00 4.864134218344217664e-01
1.676887849713778911e+00 4.981485994888861790e-01
1.678240942467522201e+00 5.064146106242740641e-01
1.679596220625050762e+00 5.101641391611555498e-01
1.680953689485169322e+00 5.088470907616430283e-01
1.682313354363827784e+00 5.025164659828469382e-01
1.683675220594187394e+00 4.918031260450615449e-01
1.685039293526695348e+00 4.777681809886580311e-01
1.686405578529149407e+00 4.616701766080488767e-01
1.687774080986772729e+00 4.447030570057584065e-01
1.689144806302282031e+00 4.277657062490959894e-01
1.690517759895960204e+00 4.113139885695455411e-01
1.691892947205726916e+00 3.953245482027956670e-01
1.693270373687210117e+00 3.793719475995568358e-01
1.694650044813819090e+00 3.627940298043244582e-01
1.696031966076816611e+00 3.449011463311674741e-01
1.697416142985391119e+00 3.251773965595242677e-01
1.698802581066732209e+00 3.034274381995626380e-01
1.700191285866099911e+00 2.798386365754410021e-01
1.701582262946903290e+00 2.549506483611241880e-01
1.702975517890772394e+00 2.295470795765539862e-01
1.704371056297631748e+00 2.045010592946197026e-01
1.705768883785778733e+00 1.806146056412681056e-01
1.707169005991956201e+00 1.584892949861603506e-01
1.708571428571428408e+00 1.384544621871801329e-01
1.709976157198059843e+00 1.205625745968946644e-01
1.711383197564387393e+00 1.046441838767339094e-01
1.712792555381701609e+00 9.040136426412775927e-02
1.714204236380120649e+00 7.751182049645301275e-02
1.715618246308669548e+00 6.571688323030853984e-02
1.717034590935358818e+00 5.487428605449564539e-02
1.718453276047260836e+00 4.496820328722626187e-02
1.719874307450591333e+00 3.608105527562079778e-02
1.721297690970785554e+00 2.834085424785014531e-02
1.722723432452579972e+00 2.186225931447581192e-02
1.724151537760093111e+00 1.669847234790027696e-02
1.725582012776901930e+00 1.281560987790275781e-02
1.727014863406128198e+00 1.009330286915588286e-02
1.728450095570514655e+00 8.347485688593010711e-03
1.729887715212509391e+00 7.365788355447146392e-03
1.731327728294347779e+00 6.943898616541635017e-03
1.732770140798133740e+00 6.912821901436756386e-03
1.734214958725923461e+00 7.151201428201742552e-03
1.735662188099807990e+00 7.582176069903601504e-03
1.737111834961998058e+00 8.158941288434565578e-03
1.738563905374905794e+00 8.845926776175424763e-03
1.740018405421233094e+00 9.602741002920455252e-03
1.741475341204052674e+00 1.037601118751613725e-02
1.742934718846895326e+00 1.110087766875557033e-02
1.744396544493835410e+00 1.171040244760246374e-02
1.745860824309577897e+00 1.214864269316886375e-02
1.747327564479543183e+00 1.238230798013023083e-02
1.748796771209955470e+00 1.240685024436118285e-02
1.750268450727930913e+00 1.224504586148771230e-02
1.751742609281563112e+00 1.193877774696987942e-02
1.753219253140015255e+00 1.153691020728534952e-02
1.754698388593604941e+00 1.108320090989656920e-02
1.756180021953896775e+00 1.060786813012041391e-02
1.757664159553790295e+00 1.012494902845469287e-02
1.759150807747610568e+00 9.635523784461698729e-03
1.760639972911199669e+00 9.134959858298961205e-03
1.762131661442006614e+00 8.621122570266114005e-03
1.763625879759179282e+00 8.100676728133922311e-03
1.765122634303657900e+00 7.590950308357831411e-03
1.766621931538265411e+00 7.117127562947637293e-03
1.768123777947802511e+00 6.705822610977555179e-03
1.769628180039138687e+00 6.377329120158419830e-03
1.771135144341309919e+00 6.139246182568940981e-03
1.772644677405608160e+00 5.983617219676465489e-03
1.774156785805681258e+00 5.888496969201930525e-03
1.775671476137624882e+00 5.823402547019106319e-03
1.777188755020080668e+00 5.756894706647865470e-03
1.778708629094329918e+00 5.663950702826777740e-03
1.780231105024394633e+00 5.530981617473933881e-03
1.781756189497130105e+00 5.357206165368599664e-03
1.783283889222327057e+00 5.152303353533149374e-03
1.784814210932807121e+00 4.931418659902899598e-03
1.786347161384523208e+00 4.709328497347810109e-03
1.787882747356657864e+00 4.495671168578180624e-03
1.789420975651724977e+00 4.292640110125621640e-03
1.790961853095668577e+00 4.095615543501046618e-03
1.792505386537964540e+00 3.896209650478845137e-03
1.794051582851721172e+00 3.686448158023133363e-03
1.795600448933782456e+00 3.462534674311464489e-03
1.797151991704829976e+00 3.226900072310061145e-03
1.798706218109487498e+00 2.987907033193922153e-03
1.800263135116420443e+00 2.757412345103780072e-03
1.801822749718444028e+00 2.547101863829336586e-03
1.803385068932628288e+00 2.364878246058741036e-03
1.804950099800399110e+00 2.212501203717736654e-03
1.806517849387648811e+00 2.085208182120159518e-03
1.808088324784838941e+00 1.973359225139091882e-03
1.809661533107108422e+00 1.865490909250234813e-03
1.811237481494383017e+00 1.751744813291134266e-03
1.812816177111479243e+00 1.626578031941670497e-03
1.814397627148216063e+00 1.489962343305012947e-03
1.815981838819523464e+00 1.346813667121895576e-03
1.817568819365551036e+00 1.204974043700861655e-03
1.819158576051779885e+00 1.072502252061370608e-03
1.820751116169132544e+00 9.551857119230038355e-04
1.822346447034084216e+00 8.550353501561322542e-04
1.823944575988775352e+00 7.701399960928766728e-04
1.825545510401123561e+00 6.957827189323785144e-04
1.827149257664939075e+00 6.263217743631654911e-04
1.828755825200035323e+00 5.571393713765639480e-04
1.830365220452345287e+00 4.860112781573736594e-04
1.831977450894036963e+00 4.135107578319336167e-04
1.833592524023626824e+00 3.424250021251279701e-04
1.835210447366099284e+00 2.764981526205379197e-04
1.836831228473019273e+00 2.190101368330234872e-04
1.838454874922655469e+00 1.717006581142198850e-04
1.840081394320092212e+00 1.343706042251679490e-04
1.841710794297352294e+00 1.052170820172682405e-04
1.843343082513515974e+00 8.168985131373826395e-05
1.844978266654838883e+00 6.149139497624772415e-05
1.846616354434875262e+00 4.333110645611475917e-05
1.848257353594597419e+00 2.717747269805968798e-05
1.849901271902517186e+00 1.396967945275196690e-05
1.851548117154811823e+00 4.963981922885062710e-06
1.853197897175443254e+00 1.019741391450562515e-06
1.854850619816284629e+00 2.131029544156240764e-06
1.856506292957243565e+00 7.389066966723745537e-06
1.858164924506388038e+00 1.537157410445040342e-05
1.859826522400071624e+00 2.477470622436494147e-05
1.861491094603060725e+00 3.500300489775823467e-05
1.863158649108662468e+00 4.645109847366064219e-05
1.864829193938850826e+00 6.033910024316789191e-05
1.866502737144395629e+00 7.815019200944450621e-05
1.868179286804994232e+00 1.008893959796960434e-04
1.869858851029398306e+00 1.284685919547197159e-04
1.871541437955547726e+00 1.594882308587868144e-04
1.873227055750698256e+00 1.915411327680819438e-04
1.874915712611556762e+00 2.219615438165537034e-04
1.876607416764414227e+00 2.487600700523345354e-04
1.878302176465275863e+00 2.713938019806961350e-04
1.880000000000000115e+00 2.910600324460306662e-04
