1.460000000000000187e+00 1.986727996758998454e-03
1.461050851117428939e+00 1.899215536688895686e-03
1.462103216047826892e+00 1.793626566512117370e-03
1.463157098064655992e+00 1.674982944822081023e-03
1.464212500450824406e+00 1.553320511799523296e-03
1.465269426498718941e+00 1.440063851864972115e-03
1.466327879510239685e+00 1.344049775392167512e-03
1.467387862796833975e+00 1.268602386909412896e-03
1.468449379679531708e+00 1.210638514251181777e-03
1.469512433488978642e+00 1.162030010333080839e-03
1.470577027565472594e+00 1.112647417379480181e-03
1.471643165258998964e+00 1.053943813449673616e-03
1.472710849929263599e+00 9.817997406766753709e-04
1.473780084945729429e+00 8.976714879803582205e-04
1.474850873687652442e+00 8.077317898786917595e-04
1.475923219544116316e+00 7.204190594563055763e-04
1.476997125914068620e+00 6.433546000251051840e-04
1.478072596206357003e+00 5.807599889267737233e-04
1.479149633839764055e+00 5.322639293047692552e-04
1.480228242243045278e+00 4.934368134852574377e-04
1.481308424854964167e+00 4.577468789970406049e-04
1.482390185124329518e+00 4.191335649216836783e-04
1.483473526510030505e+00 3.742166921424159415e-04
1.484558452481076651e+00 3.233535381157911495e-04
1.485644966516632470e+00 2.702298142552269689e-04
1.486733072106053655e+00 2.202349692269158811e-04
1.487822772748928157e+00 1.783118848875617517e-04
1.488914071955110829e+00 1.471269917436596891e-04
1.490006973244761168e+00 1.262340804003642884e-04
1.491101480148382175e+00 1.124851044420766146e-04
1.492197596206858545e+00 1.014463342504600237e-04
1.493295324971493976e+00 8.920230415338352707e-05
1.494394670004049130e+00 7.381352995489572869e-05
1.495495634876782276e+00 5.587141505126081049e-05
1.496598223172485254e+00 3.798353301604476582e-05
1.497702438484524556e+00 2.346219687597249145e-05
1.498808284416879077e+00 1.480164168694448038e-05
1.499915764584180300e+00 1.259247206755125892e-05
1.501024882611750266e+00 1.531716074504402102e-05
1.502135642135642435e+00 2.008676494117363952e-05
1.503248046802681204e+00 2.397726524844896907e-05
1.504362100270500990e+00 2.537037126851797989e-05
1.505477806207587310e+00 2.470297244427530355e-05
1.506595168293316966e+00 2.428220206774079742e-05
1.507714190217997130e+00 2.722519329883536408e-05
1.508834875682908194e+00 3.596698874202555133e-05
1.509957228400342411e+00 5.098444855727780645e-05
1.511081252093646521e+00 7.031757482971919535e-05
1.512206950497262392e+00 9.015188157422134941e-05
1.513334327356767650e+00 1.062807775945004055e-04
1.514463386428918090e+00 1.158768397854894797e-04
1.515594131481688978e+00 1.188311546175654156e-04
1.516726566294317902e+00 1.180522810032055413e-04
1.517860694657344967e+00 1.185116931595209559e-04
1.518996520372656978e+00 1.253317274933781573e-04
1.520134047253529186e+00 1.416318761927147366e-04
1.521273279124667699e+00 1.670023443579091019e-04
1.522414219822252335e+00 1.972815535966491237e-04
1.523556873193981032e+00 2.258336345836989474e-04
1.524701243099110259e+00 2.459293516038620021e-04
1.525847333408501649e+00 2.533608980868497880e-04
1.526995148004663960e+00 2.482646943131202829e-04
1.528144690781797266e+00 2.353689896421352359e-04
1.529295965645835809e+00 2.224532204693570510e-04
1.530448976514495074e+00 2.174982122416320896e-04
1.531603727317312647e+00 2.255546156373299763e-04
1.532760221995696170e+00 2.465365543102655474e-04
1.533918464502965984e+00 2.748650219610127661e-04
1.535078458804401524e+00 3.012233485905160303e-04
1.536240208877284630e+00 3.158806661591900301e-04
1.537403718710947942e+00 3.123945062544484282e-04
1.538568992306818206e+00 2.902813193848300874e-04
1.539736033678462013e+00 2.555558288690222752e-04
1.540904846851634202e+00 2.187979106774501023e-04
1.542075435864322053e+00 1.913423939395247171e-04
1.543247804766792353e+00 1.809512720504521759e-04
1.544421957621638253e+00 1.886127098255657058e-04
1.545597898503826562e+00 2.077798808274602363e-04
1.546775631500743264e+00 2.265067423423669285e-04
1.547955160712243261e+00 2.318463269232609396e-04
1.549136490250696774e+00 2.149722512579554283e-04
1.550319624241035754e+00 1.751085111833322811e-04
1.551504566820804953e+00 1.206922067377582493e-04
1.552691322140207664e+00 6.715678735607922547e-05
1.553879894362154124e+00 3.197759447523566893e-05
1.555070287662313033e+00 2.870276165417167568e-05
1.556262506229156406e+00 6.217562826747025486e-05
1.557456554264012416e+00 1.268187585279136075e-04
1.558652435981111140e+00 2.087748393655852058e-04
1.559850155607638511e+00 2.912554925912490700e-04
1.561049717383781621e+00 3.611698437998402730e-04
1.562251125562781562e+00 4.144954663733358595e-04
1.563454384410983167e+00 4.581947678767751158e-04
1.564659498207885413e+00 5.077023176295908814e-04
1.565866471246191605e+00 5.807004723443880698e-04
1.567075307831860664e+00 6.894388626657761698e-04
1.568286012284158426e+00 8.346280423539508778e-04
1.569498588935709815e+00 1.003586628207444502e-03
1.570713042132549475e+00 1.173886683973045372e-03
1.571929376234173947e+00 1.321685052233217495e-03
1.573147595613593630e+00 1.431986056348064562e-03
1.574367704657385625e+00 1.507009079597749525e-03
1.575589707765747249e+00 1.569122960886532069e-03
1.576813609352546219e+00 1.656476573728354147e-03
1.578039413845376604e+00 1.812003701134197974e-03
1.579267125685611006e+00 2.069040439460470473e-03
1.580496749328454298e+00 2.438415879380446700e-03
1.581728289242997132e+00 2.901878283371659567e-03
1.582961749912270788e+00 3.414953942761688680e-03
1.584197135833301129e+00 3.919291807404015268e-03
1.585434451517163446e+00 4.361214369890295019e-03
1.586673701489037747e+00 4.710745050900789349e-03
1.587914890288262271e+00 4.974754710792131385e-03
1.589158022468391884e+00 5.199418854057083657e-03
1.590403102597250262e+00 5.460502944883922731e-03
1.591650135256988507e+00 5.844036794896376522e-03
1.592899125044140218e+00 6.423319607153670473e-03
1.594150076569678554e+00 7.239688387487868380e-03
1.595402994459071966e+00 8.293460839200130288e-03
1.596657883352342155e+00 9.548168749571671332e-03
1.597914747904121358e+00 1.094669432504155257e-02
1.599173592783708298e+00 1.243376371655484369e-02
1.600434422675129253e+00 1.397694751159366845e-02
1.601697242277192679e+00 1.557878073364322817e-02
1.602962056303549598e+00 1.727579681312108387e-02
1.604228869482751785e+00 1.912512251592201826e-02
1.605497686558310599e+00 2.118407881028055648e-02
1.606768512288756501e+00 2.349116706434818333e-02
1.608041351447696998e+00 2.605666121523575116e-02
1.609316208823879268e+00 2.886762156284287950e-02
1.610593089221248553e+00 3.190655537502947586e-02
1.611871997459006778e+00 3.517714898416917507e-02
1.613152938371677392e+00 3.872671575453286857e-02
1.614435916809162430e+00 4.265492060578296440e-02
1.615720937636805132e+00 4.710240187679492346e-02
1.617008005735452558e+00 5.222004742906619784e-02
1.618297126001515096e+00 5.812755219486713532e-02
1.619588303347030189e+00 6.487560031519674919e-02
1.620881542699724509e+00 7.242713785762437684e-02
1.622176849003077237e+00 8.066867753275273889e-02
1.623474227216379573e+00 8.945326978945399021e-02
1.624773682314803791e+00 9.866537817352011297e-02
1.626075219289462082e+00 1.082881876227374390e-01
1.627378843147472942e+00 1.184495131491330316e-01
1.628684558912023350e+00 1.294257247665577815e-01
1.629992371622435821e+00 1.415938916544633719e-01
1.631302286334231022e+00 1.553380374959338339e-01
1.632614308119194391e+00 1.709313961243427715e-01
1.633928442065440523e+00 1.884276349798257311e-01
1.635244693277480454e+00 2.075959716908032382e-01
1.636563066876284944e+00 2.279262802361522733e-01
1.637883567999354861e+00 2.487120087077362429e-01
1.639206201800783580e+00 2.691964133959610095e-01
1.640530973451327590e+00 2.887468061725720903e-01
1.641857888138472443e+00 3.070092271864706124e-01
1.643186951066499590e+00 3.239972068909972025e-01
1.644518167456556546e+00 3.400828882988244928e-01
1.645851542546722612e+00 3.558841851477293483e-01
1.647187081592080382e+00 3.720709033691826928e-01
1.648524789864783013e+00 3.891375734577253165e-01
1.649864672654122844e+00 4.072036085878585898e-01
1.651206735266604886e+00 4.258978777720728304e-01
1.652550983026010778e+00 4.443649797969890236e-01
1.653897421273475388e+00 4.613992662070201534e-01
1.655246055367554314e+00 4.756783369306305520e-01
1.656596890684294499e+00 4.860398614450464061e-01
1.657949932617307054e+00 4.917321649162125219e-01
1.659305186577840097e+00 4.925741738695736394e-01
1.660662657994846025e+00 4.889829905923110953e-01
1.662022352315061458e+00 4.818615626089892690e-01
1.663384275003073398e+00 4.723753404314562920e-01
1.664748431541395179e+00 4.616755063953512650e-01
1.666114827430541512e+00 4.506394972566770130e-01
1.667483468189099316e+00 4.396936842535179579e-01
1.668854359353804551e+00 4.287600764569434175e-01
1.670227506479615043e+00 4.173353592020646041e-01
1.671602915139787315e+00 4.046758423418033157e-01
1.672980590925949196e+00 3.900354378223691021e-01
1.674360539448179530e+00 3.728925015124935349e-01
1.675742766335081013e+00 3.531077104163088953e-01
1.677127277233858127e+00 3.309765768577874745e-01
1.678514077810394189e+00 3.071701274540569182e-01
1.679903173749327738e+00 2.825870629091883912e-01
1.681294570754131357e+00 2.581622310212037252e-01
1.682688274547188279e+00 2.346841319627088751e-01
1.684084290869872103e+00 2.126672151989411341e-01
1.685482625482625840e+00 1.923059450528039060e-01
1.686883284165039409e+00 1.735131398061104946e-01
1.688286272715931569e+00 1.560222062265217147e-01
1.689691596953427632e+00 1.395178519997817834e-01
1.691099262715041851e+00 1.237561672774340760e-01
1.692509275857756457e+00 1.086425790346429998e-01
1.693921642258105376e+00 9.425180728581962486e-02
1.695336367812252387e+00 8.079228996795280449e-02
1.696753458436076389e+00 6.853301722681667818e-02
1.698172920065253111e+00 5.771914654794039340e-02
1.699594758655335713e+00 4.850248677873829350e-02
1.701018980181841167e+00 4.090503765422538046e-02
1.702445590640332629e+00 3.482151157803458491e-02
1.703874596046502266e+00 3.005436154849125754e-02
1.705306002436258517e+00 2.636607676967687303e-02
1.706739815865809362e+00 2.353061580935527503e-02
1.708176042411747586e+00 2.136897422743829628e-02
1.709614688171137598e+00 1.976127205325645120e-02
1.711055759261600695e+00 1.863649546103741603e-02
1.712499261821403218e+00 1.794814264767706849e-02
1.713945202009541591e+00 1.764739492632289367e-02
1.715393586005830917e+00 1.766442357271319138e-02
1.716844420010995353e+00 1.790393983828170860e-02
1.718297710246751819e+00 1.825505768166908738e-02
1.719753462955903034e+00 1.861022598297445985e-02
1.721211684402425224e+00 1.888516663985021632e-02
1.722672380871558051e+00 1.903214882578640674e-02
1.724135558669894319e+00 1.904206765289477923e-02
1.725601224125473232e+00 1.893529007358171062e-02
1.727069383587867435e+00 1.874534380651665319e-02
1.728540043428279382e+00 1.850180691948062617e-02
1.730013210039630378e+00 1.821853194523954597e-02
1.731488889836653167e+00 1.789088564516945826e-02
1.732967089255986970e+00 1.750205985500542447e-02
1.734447814756269857e+00 1.703511214427344544e-02
1.735931072818232668e+00 1.648545012805052376e-02
1.737416869944794051e+00 1.586859881308797654e-02
1.738905212661155941e+00 1.522011852688469856e-02
1.740396107514897261e+00 1.458762672290131630e-02
1.741889561076071846e+00 1.401789080372287805e-02
1.743385579937304586e+00 1.354343723176248265e-02
1.744884170713886684e+00 1.317383370985510463e-02
1.746385340043876910e+00 1.289422703827404308e-02
1.747889094588195080e+00 1.267155290671489500e-02
1.749395441030723752e+00 1.246604067647671087e-02
1.750904386078406150e+00 1.224386418350740732e-02
1.752415936461346302e+00 1.198661961949566181e-02
1.753930098932907411e+00 1.169465335988754441e-02
1.755446880269814658e+00 1.138358302827725647e-02
1.756966287272255345e+00 1.107578136479857658e-02
1.758488326763980147e+00 1.079025754611588790e-02
1.760013005592405033e+00 1.053472179302978630e-02
1.761540330628715179e+00 1.030259962241286166e-02
1.763070308767968219e+00 1.007580704573417946e-02
1.764602946929195948e+00 9.831955073991547125e-03
1.766138252055509561e+00 9.553099130226016394e-03
1.767676231114207575e+00 9.232715263420039967e-03
1.769216891096875743e+00 8.878372773336883073e-03
1.770760239019496751e+00 8.509241402912840965e-03
1.772306281922556792e+00 8.149479827407407617e-03
1.773855026871149931e+00 7.820003291022638997e-03
1.775406480955088240e+00 7.531620326559302324e-03
1.776960651289009707e+00 7.281926624083078815e-03
1.778517545012485490e+00 7.056911645513800312e-03
1.780077169290130268e+00 6.836519636181642191e-03
1.781639531311713265e+00 6.602036446873575833e-03
1.783204638292265276e+00 6.342620988817677247e-03
1.784772497472194352e+00 6.058725241506640255e-03
1.786343116117393715e+00 5.761352974688095825e-03
1.787916501519355661e+00 5.467628592141939199e-03
1.789492660995283924e+00 5.194427444570828660e-03
1.791071601888208020e+00 4.952414281032557937e-03
1.792653331567095165e+00 4.742569848116435886e-03
1.794237857426967953e+00 4.556295863956044863e-03
1.795825186889016933e+00 4.378865322501543714e-03
1.797415327400717411e+00 4.194816686846851612e-03
1.799008286435946458e+00 3.993284334557380653e-03
1.800604071495099268e+00 3.771398361196726199e-03
1.802202690105207505e+00 3.534682304350696049e-03
1.803804149820056102e+00 3.294506254696732885e-03
1.805408458220305157e+00 3.063692602184656978e-03
1.807015622913606956e+00 2.851955831245049124e-03
1.808625651534726542e+00 2.662804624027793367e-03
1.810238551745663838e+00 2.492902181447836322e-03
1.811854331235775106e+00 2.333932442928315486e-03
1.813472997721892410e+00 2.176117271111350799e-03
1.815094558948450842e+00 2.011995680869948892e-03
1.816719022687609542e+00 1.839080351128570979e-03
1.818346396739374260e+00 1.660512369766480511e-03
1.819976688931725706e+00 1.483625341516033470e-03
1.821609907120743443e+00 1.317097288123059411e-03
1.823246059190731128e+00 1.167833770841297759e-03
1.824885153054344400e+00 1.038738004456419813e-03
1.826527196652720120e+00 9.281097566726537748e-04
1.828172197955599820e+00 8.307570484621088934e-04
1.829820164961464046e+00 7.402643660070623577e-04
1.831471105697658919e+00 6.514759848879601335e-04
1.833125028220526920e+00 5.622496360943665412e-04
1.834781940615537899e+00 4.738886446243919517e-04
1.836441850997421632e+00 3.902112074517465989e-04
1.838104767510300608e+00 3.157400707127599841e-04
1.839770698327819920e+00 2.537951378423707288e-04
1.841439651653286269e+00 2.052453165721714219e-04
1.843111635719798747e+00 1.683561123049475263e-04
1.844786658790385170e+00 1.397003411815946755e-04
1.846464729158139084e+00 1.156751716500682296e-04
1.848145855146356320e+00 9.395521446449155308e-05
1.849830045108671328e+00 7.428193591731041046e-05
1.851517307429197068e+00 5.830069807437324365e-05
1.853207650522664451e+00 4.857028123174868142e-05
1.854901082834559567e+00 4.721248842065969191e-05
1.856597612841267786e+00 5.480351338829608500e-05
1.858297249050213207e+00 6.998605826471967226e-05
1.860000000000000098e+00 8.996002050407556885e-05
