7.400000000000001021e-01 3.806584527343673838e-04
7.408694119720379279e-01 4.632301697792866259e-04
7.417408692583662422e-01 3.894102627712423470e-04
7.426143790849674131e-01 3.183497975897124806e-04
7.434899487119025485e-01 1.971609017379026801e-04
7.443675854335124464e-01 1.389977840426685957e-04
7.452472965786208770e-01 1.272824460535887782e-04
7.461290895107377530e-01 1.357864181737767923e-04
7.470129716282651877e-01 1.242739077474274583e-04
7.478989503647038850e-01 1.226976144250329411e-04
7.487870331888618614e-01 1.447944685755739140e-04
7.496772276050646111e-01 2.323686575581244279e-04
7.505695411533654937e-01 3.593163578180324602e-04
7.514639814097598958e-01 5.013791939256446789e-04
7.523605559863987269e-01 6.897182410915223688e-04
7.532592725318043581e-01 8.648426525703492096e-04
7.541601387310890026e-01 1.013174490537342232e-03
7.550631623061726527e-01 7.367327838576032085e-04
7.559683510160043474e-01 5.918666583264658521e-04
7.568757126567845495e-01 6.076065182990999375e-04
7.577852550621885230e-01 6.054707148366545930e-04
7.586969861035914864e-01 6.907319581387012840e-04
7.596109136902970960e-01 6.056514382278547397e-04
7.605270457697642650e-01 4.834465062003993657e-04
7.614453903278393110e-01 5.612319215151722555e-04
7.623659553889863272e-01 6.416633310443829860e-04
7.632887490165225497e-01 6.632503946791048219e-04
7.642137793128521706e-01 5.636640507880593754e-04
7.651410544197052577e-01 4.186942323450368189e-04
7.660705825183746764e-01 4.574103231453736863e-04
7.670023718299582294e-01 4.584815505254931974e-04
7.679364306156001296e-01 3.463797759097773043e-04
7.688727671767361382e-01 2.739715601324698899e-04
7.698113898553379242e-01 2.083661841956038416e-04
7.707523070341625315e-01 2.121533689445281401e-04
7.716955271370006253e-01 2.432138384661242938e-04
7.726410586289285121e-01 1.863235922630074206e-04
7.735889100165613819e-01 1.549352766743624906e-04
7.745390898483081044e-01 1.458669432840218585e-04
7.754916067146283565e-01 1.459312550738464263e-04
7.764464692482917485e-01 1.729549411068577924e-04
7.774036861246379493e-01 1.383008158342699057e-04
7.783632660618404753e-01 9.975887297891447418e-05
7.793252178211703685e-01 9.441534667479687098e-05
7.802895502072636491e-01 8.194204838596376981e-05
7.812562720683888795e-01 6.759951159494338464e-05
7.822253922967191686e-01 4.435489500034218519e-05
7.831969198286033995e-01 2.604527387562941546e-05
7.841708636448424530e-01 2.089028117901870602e-05
7.851472327709643206e-01 1.708115695758254571e-05
7.861260362775043253e-01 1.177557292677583708e-05
7.871072832802846753e-01 9.373087182876540583e-06
7.880909829406986811e-01 8.807278051468750196e-06
7.890771444659951950e-01 1.187103647107923081e-05
7.900657771095659365e-01 2.256439972221078834e-05
7.910568901712350387e-01 3.568963077314597868e-05
7.920504929975507036e-01 4.791888131335484568e-05
7.930465949820788563e-01 6.721615918368428842e-05
7.940452055656992414e-01 8.699613714005203244e-05
7.950463342369036290e-01 1.306977808857661370e-04
7.960499905320962410e-01 1.821707325759283310e-04
7.970561840358971750e-01 1.793957524025667635e-04
7.980649243814466054e-01 1.986463543080313140e-04
7.990762212507129814e-01 2.306623273054309356e-04
8.000900843748017799e-01 2.714908074610953735e-04
8.011065235342693658e-01 3.626168518325876612e-04
8.021255485594351864e-01 3.848746364924333593e-04
8.031471693307012938e-01 3.678985160407460711e-04
8.041713957788689804e-01 4.371541023576045251e-04
8.051982378854627420e-01 5.458813508818484385e-04
8.062277056830533528e-01 6.816728092934357889e-04
8.072598092555848259e-01 8.429422189090740895e-04
8.082945587387042607e-01 7.898326619829144175e-04
8.093319643200925784e-01 7.869138340062476139e-04
8.103720362397995869e-01 9.902727111968988392e-04
8.114147847905811561e-01 1.108527030704157743e-03
8.124602203182375026e-01 1.086192436708247186e-03
8.135083532219572477e-01 9.650696127577018234e-04
8.145591939546601434e-01 7.967522304577773912e-04
8.156127530233462375e-01 8.232414098574483826e-04
8.166690409894452607e-01 9.278610681420125256e-04
8.177280684691696777e-01 8.196086130514362118e-04
8.187898461338700695e-01 7.126285232762820951e-04
8.198543847103946236e-01 6.462467990611775286e-04
8.209216949814489572e-01 5.947794200190117909e-04
8.219917877859611588e-01 6.557173155079511423e-04
8.230646740194479394e-01 7.195120327831548311e-04
8.241403646343854472e-01 6.118414772936459165e-04
8.252188706405810814e-01 5.492130152459602033e-04
8.263002031055494134e-01 5.236852721642055314e-04
8.273843731548908842e-01 4.950118758188185725e-04
8.284713919726729436e-01 5.187600607252895431e-04
8.295612708018155201e-01 4.572440833575280080e-04
8.306540209444773781e-01 3.360674236501116343e-04
8.317496537624481379e-01 2.876421967934759461e-04
8.328481806775408502e-01 2.631125430547244233e-04
8.339496131719897898e-01 2.401541825991661120e-04
8.350539627888499128e-01 2.294331396167149147e-04
8.361612411324009786e-01 1.828873475259430942e-04
8.372714598685521148e-01 1.348905404234227595e-04
8.383846307252543761e-01 1.242133057165337921e-04
8.395007654929108609e-01 1.298434365297139708e-04
8.406198760247952650e-01 1.240159881669424219e-04
8.417419742374692149e-01 1.068408259415743166e-04
8.428670721112079267e-01 7.474432556976725955e-05
8.439951816904236459e-01 5.311000259107848641e-05
8.451263150840985228e-01 5.115185213883320897e-05
8.462604844662148240e-01 4.369752891041084878e-05
8.473977020761944701e-01 1.703160478533634366e-05
8.485379802193366849e-01 3.890989972659419531e-05
8.496813312672641949e-01 1.463542327762280272e-06
8.508277676583688720e-01 1.938611653558237663e-04
8.519773018982640389e-01 1.332192154915398544e-04
8.531299465602383281e-01 9.478837361789905754e-05
8.542857142857144259e-01 3.466979036761101566e-05
8.554446177847115917e-01 4.687536660577330317e-04
8.566066698363107301e-01 1.307185268286585697e-04
8.577718832891247924e-01 2.194096366546968092e-05
8.589402710617721759e-01 1.135820806502636191e-04
8.601118461433541196e-01 1.619542917710923820e-04
8.612866215939357639e-01 6.813101336416539438e-05
8.624646105450319844e-01 7.007122387509989606e-05
8.636458262000960007e-01 2.006340451569426015e-04
8.648302818350134258e-01 3.552058599871788392e-04
8.660179907985994241e-01 1.814141725513507253e-04
8.672089665130991998e-01 8.824168511520486793e-05
8.684032224746953688e-01 1.564567071326500368e-04
8.696007722540164409e-01 2.133828709896355019e-04
8.708016294966512971e-01 1.892954604977850012e-04
8.720058079236673310e-01 1.891424861289858338e-04
8.732133213321333631e-01 1.485378149115863897e-04
8.744241835956459985e-01 4.202923996675503776e-05
8.756384086648616449e-01 1.905225925950972094e-05
8.768560105680317518e-01 9.260115514167202762e-05
8.780770034115437106e-01 2.310771155765899349e-04
8.793014013804644202e-01 2.463846690673033419e-04
8.805292187390909575e-01 1.910573414884794317e-04
8.817604698315041345e-01 1.993003343109588728e-04
8.829951690821257193e-01 2.060783626458759493e-04
8.842333309962843169e-01 2.139437122086584712e-04
8.854749701607808055e-01 2.580813641482074218e-04
8.867201012444633212e-01 5.327631568140415779e-04
8.879687389988030199e-01 8.861072183815477815e-04
8.892208982584786092e-01 1.201909219955111553e-03
8.904765939419614362e-01 1.527753538371709593e-03
8.917358410521106782e-01 1.843532882394762016e-03
8.929986546767684219e-01 2.447019495764623728e-03
8.942650499893641802e-01 3.278481368988402523e-03
8.955350422495208518e-01 3.866943425508071342e-03
8.968086468036693404e-01 4.328449682819470075e-03
8.980858790856657281e-01 5.001039582068781721e-03
8.993667546174144434e-01 5.506390381596595364e-03
9.006512890094980905e-01 5.969730903146473755e-03
9.019394979618109431e-01 7.127392335535004050e-03
9.032313972641983213e-01 8.408336720951944607e-03
9.045270027971026305e-01 8.510506767171695242e-03
9.058263305322130643e-01 7.562570955090000373e-03
9.071293965331225229e-01 7.708660195091586974e-03
9.084362169559895284e-01 9.848787635809938892e-03
9.097468080502058019e-01 1.343164579587542706e-02
9.110611861590697247e-01 1.550878810990016093e-02
9.123793677204660169e-01 1.480798730115442594e-02
9.137013692675506338e-01 1.421484589353547157e-02
9.150272074294421021e-01 1.584889924682679821e-02
9.163568989319189617e-01 1.674485037138285018e-02
9.176904605981227592e-01 1.631873110521262285e-02
9.190279093492678131e-01 1.663820472191482672e-02
9.203692622053565309e-01 2.134551712370530083e-02
9.217145362859022750e-01 3.018588863320272042e-02
9.230637488106565591e-01 3.815800022128948421e-02
9.244169171003445706e-01 3.190624591287938988e-02
9.257740585774059117e-01 2.798926740649249761e-02
9.271351907667427783e-01 5.551716761947138312e-02
9.285003312964735800e-01 1.046534342779988497e-01
9.298694978986949966e-01 1.548712357079026491e-01
9.312427084102488095e-01 1.927896168638127683e-01
9.326199807734970593e-01 2.456462977954355642e-01
9.340013330371028655e-01 3.157549388792734169e-01
9.353867833568196843e-01 3.776733987587919117e-01
9.367763499962862284e-01 4.206907449665577836e-01
9.381700513278288245e-01 4.356257080450382513e-01
9.395679058332713218e-01 4.385371369085145909e-01
9.409699321047529930e-01 4.485550004010750991e-01
9.423761488455503210e-01 4.417362762922646402e-01
9.437865748709124425e-01 3.922989823375495622e-01
9.452012291088962570e-01 3.204239423984148183e-01
9.466201306012160810e-01 2.604483386934263733e-01
9.480432985040970761e-01 2.088688196064572844e-01
9.494707520891367825e-01 1.573632397839744568e-01
9.509025107441756441e-01 1.127290389037713114e-01
9.523385939741751960e-01 7.684475246925943914e-02
9.537790214021025781e-01 4.831718822222294540e-02
9.552238127698252645e-01 2.948974613235555084e-02
9.566729879390124536e-01 1.878230304214520766e-02
9.581265668920460055e-01 1.302324910098014155e-02
9.595845697329377089e-01 1.010868142631763181e-02
9.610470166882573162e-01 8.617360634431523933e-03
9.625139281080670184e-01 7.399919115577957389e-03
9.639853244668654675e-01 6.107418374563436565e-03
9.654612263645412362e-01 5.060926795197004044e-03
9.669416545273327168e-01 4.329557865405056147e-03
9.684266298087997882e-01 3.727452909315124522e-03
9.699161731908021444e-01 3.259924763346486697e-03
9.714103057844875044e-01 2.961637325613303284e-03
9.729090488312891472e-01 2.700496770446922119e-03
9.744124237039326619e-01 2.435205284423178334e-03
9.759204519074518025e-01 2.247155865413772140e-03
9.774331550802138890e-01 2.099313184640081223e-03
9.789505549949546470e-01 1.884838875947825133e-03
9.804726735598228160e-01 1.635124065347813484e-03
9.819995328194347506e-01 1.422535873733261902e-03
9.835311549559386801e-01 1.238957639209383507e-03
9.850675622900881834e-01 1.097475016043080375e-03
9.866087772823280977e-01 1.023445660348039918e-03
9.881548225338870894e-01 9.664779483909500656e-04
9.897057207878835472e-01 8.594461302129076602e-04
9.912614949304409118e-01 7.307806479125342723e-04
9.928221679918129983e-01 6.215418954164513574e-04
9.943877631475201984e-01 5.279917145130164687e-04
9.959583037194981170e-01 4.585124023422406368e-04
9.975338131772523154e-01 4.377014268250783492e-04
9.991143151390322608e-01 4.287466736913000975e-04
1.000699833373006387e+00 3.982061541176133267e-04
1.002290391798458469e+00 3.780760278091255841e-04
1.003886014486985889e+00 3.646711287257412264e-04
1.005486725663716996e+00 4.010274845844614055e-04
1.007092549708536566e+00 4.363694178299026578e-04
1.008703511157322597e+00 4.997779425196390186e-04
1.010319634703196634e+00 5.319268208731819849e-04
1.011940945197785657e+00 5.865633068142630299e-04
1.013567467652495724e+00 6.252698158956015344e-04
1.015199227239797164e+00 7.077866675199441212e-04
1.016836249294525762e+00 8.222322200297431209e-04
1.018478559315190379e+00 9.291852644706111164e-04
1.020126182965299888e+00 1.041176302289622798e-03
1.021779146074698330e+00 1.103912935587453292e-03
1.023437474640915612e+00 1.126884319941410043e-03
1.025101194830529305e+00 1.211176934627649585e-03
1.026770332980542433e+00 1.371632494182285170e-03
1.028444915599771692e+00 1.517357775703131063e-03
1.030124969370252330e+00 1.620396743785379066e-03
1.031810521148654347e+00 1.707693625594614451e-03
1.033501597967713126e+00 1.733384161061324790e-03
1.035198227037675611e+00 1.737637663388793977e-03
1.036900435747759586e+00 1.847038624450593513e-03
1.038608251667627602e+00 2.038966383864385720e-03
1.040321702548874239e+00 2.131524322652410958e-03
1.042040816326530672e+00 2.104051281162821335e-03
1.043765621120582798e+00 2.059478621957008468e-03
1.045496145237503338e+00 1.986269787156593521e-03
1.047232417171801044e+00 1.918515451263779793e-03
1.048974465607585671e+00 1.945514340475694480e-03
1.050722319420144935e+00 1.994766444517046249e-03
1.052476007677543235e+00 1.897325247313099957e-03
1.054235559642230369e+00 1.720751929914578031e-03
1.056001004772670226e+00 1.596775717139323984e-03
1.057772372724985477e+00 1.505822345989516527e-03
1.059549693354616684e+00 1.430702975291427755e-03
1.061332996718000521e+00 1.407353577077214866e-03
1.063122313074264635e+00 1.388241166249735243e-03
1.064917672886937616e+00 1.279095186698494179e-03
1.066719106825678942e+00 1.140553920006871563e-03
1.068526645768025363e+00 1.061516990834740623e-03
1.070340320801154377e+00 1.020516998150639140e-03
1.072160163223667695e+00 9.806864447243406144e-04
1.073986204547390022e+00 9.537640547282787238e-04
1.075818476499189602e+00 9.199964639024422498e-04
1.077657011022814748e+00 8.344892639657797888e-04
1.079501840280750136e+00 7.410905597518748639e-04
1.081352996656092191e+00 6.954373904790273975e-04
1.083210512754444910e+00 6.799611635326699129e-04
1.085074421405833434e+00 6.560011018540012765e-04
1.086944755666638285e+00 6.250135960727373936e-04
1.088821548821548912e+00 5.901628718753707068e-04
1.090704834385540112e+00 5.365749517003152915e-04
1.092594646105865097e+00 4.842646753722986514e-04
1.094491017964071888e+00 4.631747936224092795e-04
1.096393984178040570e+00 4.630473177499727232e-04
1.098303579204040759e+00 4.509579114973656351e-04
1.100219837738811934e+00 4.239894925838019767e-04
1.102142794721663988e+00 3.967835034124609131e-04
1.104072485336601739e+00 3.658411765013419668e-04
1.106008945014470113e+00 3.350405364032178410e-04
1.107952209435122626e+00 3.199833365133852750e-04
1.109902314529613854e+00 3.162405327596513036e-04
1.111859296482412107e+00 3.004887962622144353e-04
1.113823191733639861e+00 2.705731852089882008e-04
1.115794036981332393e+00 2.428453899321773911e-04
1.117771869183727729e+00 2.187356453197540260e-04
1.119756725561573463e+00 1.959790916348663227e-04
1.121748643600462891e+00 1.802065044223383737e-04
1.123747661053194458e+00 1.705337766923719050e-04
1.125753815942158509e+00 1.554555409960280945e-04
1.127767146561745815e+00 1.330541541924531209e-04
1.129787691480784950e+00 1.135089905660056567e-04
1.131815489545006104e+00 9.956385655570362586e-05
1.133850579879529086e+00 8.807947017787793589e-05
1.135893001891380871e+00 7.870456969469582045e-05
1.137942795272038232e+00 7.146550737813868372e-05
1.140000000000000124e+00 6.308836178831770476e-05
