6.399999999999999023e-01 3.328673414022970591e-08
6.408243173621844813e-01 3.297782232854661224e-08
6.416507608976012023e-01 3.255887573228078528e-08
6.424793388429751451e-01 3.235845481728902476e-08
6.433100594776313130e-01 3.218316475669649008e-08
6.441429311237700794e-01 3.186118571071612933e-08
6.449779621467461865e-01 3.163065078308708966e-08
6.458151609553477446e-01 3.151602615941342456e-08
6.466545360020794497e-01 3.132157639802628564e-08
6.474960957834461350e-01 3.112269815108219284e-08
6.483398488402397630e-01 3.101332838224798934e-08
6.491858037578287499e-01 3.087598908436304338e-08
6.500339691664488440e-01 3.070560004619177249e-08
6.508843537414966685e-01 3.055433775099285939e-08
6.517369662038249301e-01 3.032605390194208642e-08
6.525918153200420679e-01 3.004125072318246093e-08
6.534489099028106818e-01 2.981296049570590625e-08
6.543082588111520659e-01 2.953816922141610033e-08
6.551698709507506324e-01 2.916850805764145564e-08
6.560337552742615541e-01 2.889662733932010578e-08
6.568999207816214048e-01 2.873563938681236957e-08
6.577683765203596877e-01 2.855237366355702437e-08
6.586391315859146944e-01 2.847661848024603029e-08
6.595121951219511391e-01 2.863767291916855548e-08
6.603875763206796812e-01 2.885067598106358653e-08
6.612652844231791116e-01 2.896667636306159461e-08
6.621453287197232029e-01 2.904657570983481092e-08
6.630277185501066706e-01 2.904935374306911025e-08
6.639124633039765744e-01 2.873189312468607988e-08
6.647995724211651636e-01 2.790028429674535993e-08
6.656890553920256082e-01 2.664234468900028156e-08
6.665809217577706169e-01 2.520184760224611367e-08
6.674751811108129429e-01 2.363521790956953457e-08
6.683718430951102185e-01 2.202744612269490868e-08
6.692709174065105682e-01 2.096621581895307017e-08
6.701724137931034386e-01 2.102814825173913388e-08
6.710763420555705405e-01 2.213853283632762569e-08
6.719827120475418969e-01 2.422677068272634843e-08
6.728915336759534460e-01 2.751081305988059113e-08
6.738028169014084190e-01 3.139635138413253333e-08
6.747165717385409378e-01 3.456838327556693792e-08
6.756328082563822779e-01 3.640623009608907430e-08
6.765515365787326818e-01 3.660211132016777162e-08
6.774727668845315076e-01 3.418542410720596993e-08
6.783965094082357039e-01 2.896676272073310607e-08
6.793227744401966195e-01 2.255517708169086769e-08
6.802515723270440295e-01 1.654503140278516378e-08
6.811829134720700507e-01 1.189856194802328619e-08
6.821168083356182743e-01 1.045584759116881681e-08
6.830532674354750089e-01 1.393751295372771745e-08
6.839923013472641866e-01 2.159807095753354530e-08
6.849339207048458222e-01 3.133508469566913498e-08
6.858781362007166926e-01 4.147617201247441521e-08
6.868249585864163453e-01 4.948471598934166353e-08
6.877743986729333292e-01 5.175668974891645067e-08
6.887264673311185303e-01 4.670788164491162485e-08
6.896811754920986193e-01 3.604493692145065699e-08
6.906385341476957151e-01 2.287075609922156361e-08
6.915985543508478273e-01 1.081040343098212436e-08
6.925612472160356248e-01 4.209696617619089532e-09
6.935266239197100946e-01 6.475511950266631235e-09
6.944946957007256394e-01 1.779586086206268436e-08
6.954654738607772835e-01 3.500552172891602133e-08
6.964389697648375455e-01 5.294758788838358307e-08
6.974151948416037472e-01 6.576335893559558179e-08
6.983941605839415478e-01 6.864288695079887531e-08
6.993758785493392471e-01 6.019005423660424994e-08
7.003603603603603123e-01 4.344996571029690899e-08
7.013476177051028992e-01 2.471395195590038772e-08
7.023376623376623717e-01 1.127683392702623458e-08
7.033305060785977059e-01 8.577312801881877346e-09
7.043261608154021136e-01 1.743227978718369010e-08
7.053246385029769971e-01 3.356750531081834055e-08
7.063259511641113431e-01 4.949159171136378868e-08
7.073301108899630041e-01 5.722774068962880589e-08
7.083371298405466421e-01 5.208623518290932643e-08
7.093470202452237805e-01 3.589168197386831816e-08
7.103597944031981859e-01 1.637340125485715505e-08
7.113754646840149132e-01 3.496348669976484390e-09
7.123940435280641248e-01 5.224728996467647722e-09
7.134155434470891288e-01 2.314623239298300923e-08
7.144399770246983028e-01 5.053635752346073128e-08
7.154673569168824576e-01 7.514069726694824048e-08
7.164976958525345330e-01 8.493405294190419895e-08
7.175310066339775084e-01 7.427299260022478174e-08
7.185673021374927583e-01 4.752719469268234361e-08
7.196065953138558458e-01 1.769952239125454327e-08
7.206488991888759799e-01 6.871226548197569720e-10
7.216942268639396918e-01 7.048610347079092733e-09
7.227425915165601733e-01 3.528341939986255935e-08
7.237940064009310559e-01 7.228495517605519984e-08
7.248484848484848531e-01 9.984633248727140558e-08
7.259060402684563984e-01 1.027712004166525539e-07
7.269666861484511688e-01 7.805723020833066104e-08
7.280304360550189369e-01 3.914677795418574328e-08
7.290973036342320857e-01 7.818903374739478429e-09
7.301673026122686982e-01 1.466991661347254778e-09
7.312404467960023080e-01 2.522061437173396212e-08
7.323167500735944246e-01 6.763515365578358396e-08
7.333962264150942767e-01 1.045655655355479845e-07
7.344788898730439941e-01 1.151630013708454642e-07
7.355647545830867884e-01 9.491520276787733926e-08
7.366538347645840146e-01 5.508066438754927171e-08
7.377461447212336765e-01 1.661852837667049248e-08
7.388416988416987019e-01 3.879663545487579331e-10
7.399405116002378824e-01 1.232177782781284768e-08
7.410425975573429191e-01 3.897255045619230131e-08
7.421479713603819084e-01 6.063493626204637720e-08
7.432566477442485997e-01 6.483047556251686466e-08
7.443686415320168726e-01 5.137113120374348794e-08
7.454839676356007638e-01 3.457549494003205178e-08
7.466026410564226001e-01 3.458621677573156548e-08
7.477246768860834614e-01 5.529184654496487844e-08
7.488500903070438586e-01 7.763297613256843508e-08
7.499788965933071871e-01 8.089043519845433508e-08
7.511111111111110628e-01 6.131828653766395583e-08
7.522467493196250965e-01 3.387783881749232447e-08
7.533858267716534440e-01 3.052473684464478311e-08
7.545283591143463475e-01 8.285583374182858385e-08
7.556743620899150082e-01 1.857516004528212588e-07
7.568238515363553409e-01 2.907824366560254918e-07
7.579768433881778344e-01 3.441149453357456692e-07
7.591333536771436297e-01 3.182332973272446215e-07
7.602933985330072586e-01 2.234835624586124539e-07
7.614569941842668221e-01 1.156893851652439170e-07
7.626241569589209401e-01 6.851346482706977214e-08
7.637949032852318076e-01 1.082263669268858368e-07
7.649692496924969110e-01 1.879915386239227204e-07
7.661472128118262948e-01 2.307075517912072716e-07
7.673288093769278229e-01 1.881386555326756814e-07
7.685140562248995444e-01 8.400666318025066345e-08
7.697029702970297205e-01 1.740495362163401336e-08
7.708955686396032903e-01 9.080702590329955771e-08
7.720918684047175518e-01 3.105520303367420676e-07
7.732918868511033939e-01 5.654776371833360559e-07
7.744956413449564092e-01 7.056665977362110035e-07
7.757031493607733363e-01 6.674078790125528704e-07
7.769144284821986046e-01 5.677888598198883150e-07
7.781294964028777628e-01 6.593249880371052235e-07
7.793483709273182347e-01 1.129013479370582622e-06
7.805710699717602896e-01 1.928558446680809382e-06
7.817976115650533409e-01 2.817074887092572818e-06
7.830280138495435693e-01 3.596722539533664143e-06
7.842622950819670979e-01 4.400432929824470274e-06
7.855004736343542682e-01 5.823312582406905218e-06
7.867425679949399120e-01 8.681020921930475388e-06
7.879885967690845039e-01 1.344241859521017518e-05
7.892385786802029735e-01 1.973228317603468760e-05
7.904925325707021777e-01 2.634682879274465053e-05
7.917504774029280323e-01 3.196016049615920838e-05
7.930124322601209697e-01 3.619875756097835266e-05
7.942784163473818326e-01 4.022724366389444700e-05
7.955484489926447633e-01 4.619917770915146061e-05
7.968225496476617487e-01 5.585749874947019446e-05
7.981007378889957149e-01 6.915267457263670023e-05
7.993830334190231701e-01 8.395035048830990485e-05
8.006694560669456173e-01 9.737758367588735279e-05
8.019600257898130691e-01 1.081633045243142948e-04
8.032547626735550006e-01 1.181607888128386906e-04
8.045536869340231823e-01 1.315383235022984357e-04
8.058568189180435049e-01 1.519073084340052861e-04
8.071641791044775749e-01 1.792892582642059847e-04
8.084757881052972994e-01 2.091747310250139194e-04
8.097916666666665764e-01 2.348396152737457763e-04
8.111118356700357523e-01 2.517656849679141343e-04
8.124363161332462946e-01 2.609641576341680111e-04
8.137651292116453439e-01 2.684985899719482378e-04
8.150982961992135900e-01 2.815275375404616902e-04
8.164358385297011411e-01 3.040605171051045984e-04
8.177777777777778256e-01 3.360540842938183090e-04
8.191241356601909329e-01 3.770674444079659122e-04
8.204749340369392741e-01 4.317827813369545754e-04
8.218301949124545702e-01 5.123590093404483282e-04
8.231899404367968298e-01 6.345202891736582886e-04
8.245541929068610498e-01 8.095067939619683120e-04
8.259229747675963518e-01 1.038409868678071002e-03
8.272963086132357757e-01 1.315031626919847775e-03
8.286742171885410624e-01 1.637118156301238569e-03
8.300567233900567610e-01 2.017291951193145132e-03
8.314438502673795472e-01 2.481660309571480112e-03
8.328356210244390878e-01 3.050605039163627272e-03
8.342320590207913389e-01 3.709488945118165522e-03
8.356331877729257229e-01 4.387954153703070570e-03
8.370390309555854058e-01 4.966188682559386468e-03
8.384496124031006747e-01 5.312301143092043598e-03
8.398649561107359718e-01 5.334702829103581123e-03
8.412850862360500281e-01 5.021676679232077792e-03
8.427100271002709864e-01 4.446129377411338346e-03
8.441398031896842902e-01 3.733111019836896343e-03
8.455744391570358953e-01 3.008613358955419467e-03
8.470139598229484701e-01 2.357680342736302465e-03
8.484583901773532499e-01 1.811891938720490815e-03
8.499077553809359920e-01 1.366077670974380270e-03
8.513620807665981394e-01 1.006117590885634641e-03
8.528213918409325300e-01 7.265153659594724214e-04
8.542857142857142039e-01 5.286900377954168156e-04
8.557550739594083078e-01 4.076988611140215180e-04
8.572294968986904351e-01 3.431593415474812683e-04
8.587090093199861718e-01 3.041518160710994317e-04
8.601936376210234103e-01 2.643990677592069510e-04
8.616834083824037593e-01 2.151669918804813742e-04
8.631783483691879422e-01 1.657462705410678826e-04
8.646784845324990698e-01 1.318050526119604452e-04
8.661838440111420123e-01 1.214531528096392954e-04
8.676944541332403116e-01 1.298078616966146556e-04
8.692103424178895255e-01 1.447448636084667302e-04
8.707315365768287796e-01 1.571624218712903672e-04
8.722580645161290835e-01 1.667744102904081336e-04
8.737899543378992995e-01 1.797759113757256392e-04
8.753272343420126500e-01 2.018193736705043426e-04
8.768699330278462156e-01 2.327510549404055861e-04
8.784180790960451901e-01 2.668432412968824922e-04
8.799717014503006807e-01 2.970431640726959492e-04
8.815308291991494904e-01 3.190501387655428150e-04
8.830954916577918867e-01 3.325764988122221675e-04
8.846657183499287980e-01 3.402338498174837514e-04
8.862415390096188839e-01 3.457740870919415416e-04
8.878229835831548122e-01 3.524907636481008173e-04
8.894100822309617405e-01 3.615692721282529358e-04
8.910028653295127832e-01 3.707045549152831240e-04
8.926013634732686830e-01 3.744797375119516734e-04
8.942056074766354667e-01 3.675344192789532262e-04
8.958156283759451943e-01 3.489373788083857111e-04
8.974314574314573578e-01 3.240241470261669165e-04
8.990531261293819298e-01 3.012836147413234470e-04
9.006806661839247274e-01 2.861951124662457822e-04
9.023141095393542033e-01 2.773198230070689002e-04
9.039534883720929948e-01 2.683404670331717345e-04
9.055988350928284580e-01 2.544616203560029922e-04
9.072501823486505135e-01 2.371446751216736042e-04
9.089075630252100302e-01 2.224078897627697424e-04
9.105710102489018576e-01 2.143194086251675086e-04
9.122405573890721708e-01 2.103487649508656028e-04
9.139162380602499081e-01 2.035696655591458704e-04
9.155980861244019664e-01 1.897212358385647773e-04
9.172861356932153765e-01 1.719083107378308604e-04
9.189804211304027914e-01 1.578604892177924528e-04
9.206809770540338445e-01 1.523119549376387018e-04
9.223878383388950386e-01 1.523390332202069193e-04
9.241010401188706203e-01 1.506023693855023889e-04
9.258206177893560929e-01 1.431424830779092915e-04
9.275466070096942683e-01 1.334471901691538327e-04
9.292790437056405173e-01 1.283856108085535417e-04
9.310179640718562188e-01 1.303236340403740557e-04
9.327634045744280789e-01 1.339910373386001734e-04
9.345154019534185341e-01 1.317197784974612966e-04
9.362739932254421360e-01 1.215746904842998757e-04
9.380392156862743525e-01 1.095015074037889553e-04
9.398111069134867934e-01 1.029885207119375954e-04
9.415897047691141886e-01 1.030848825127067021e-04
9.433750474023511190e-01 1.034936320168199081e-04
9.451671732522795022e-01 9.772728576592692106e-05
9.469661210506281623e-01 8.646231055357687283e-05
9.487719298245613775e-01 7.687340272815050470e-05
9.505846388995031759e-01 7.453433647747938488e-05
9.524042879019907204e-01 7.701160113475631044e-05
9.542309167625622202e-01 7.656335471292460631e-05
9.560645657186777058e-01 6.891042162934604991e-05
9.579052753176741097e-01 5.808955997892486232e-05
9.597530864197530986e-01 5.190907668465486282e-05
9.616080402010048767e-01 5.308019184806225067e-05
9.634701781564677381e-01 5.612322407434360466e-05
9.653395421032207047e-01 5.393569415338083745e-05
9.672161741835147986e-01 4.654504373679269340e-05
9.691001168679391764e-01 4.141982469812275779e-05
9.709914129586260101e-01 4.472464061690175751e-05
9.728901055924911168e-01 5.392746831816964503e-05
9.747962382445138907e-01 6.052073744439423589e-05
9.767098547310559820e-01 5.995061925313423799e-05
9.786309992132178337e-01 5.745736203291294157e-05
9.805597162002364087e-01 6.232168787070245736e-05
9.824960505529225507e-01 7.630092460330580885e-05
9.844400474871387585e-01 9.027337125481450992e-05
9.863917525773195916e-01 9.415844499622746369e-05
9.883512117600317115e-01 8.875783454250608202e-05
9.903184713375795534e-01 8.541802711536315143e-05
9.922935779816511870e-01 9.341152819761958483e-05
9.942765787370102526e-01 1.088667916036270333e-04
9.962675210252300850e-01 1.181682734818311593e-04
9.982664526484750223e-01 1.131710354897327392e-04
1.000273421793325124e+00 1.011028701068421087e-04
1.002288477034649405e+00 9.685798277158456904e-05
1.004311667339523595e+00 1.059773880298136488e-04
1.006343042071197402e+00 1.179641701641284180e-04
1.008382650993109086e+00 1.177317471752197274e-04
1.010430544272948650e+00 1.023390537850917068e-04
1.012486772486772324e+00 8.418139485480610458e-05
1.014551386623164797e+00 7.698585666262294173e-05
1.016624438087453841e+00 8.057651923131500316e-05
1.018705978705978676e+00 8.180999509984704854e-05
1.020796060730406074e+00 7.012070779057740866e-05
1.022894736842105301e+00 4.924294812753316375e-05
1.025002060156571915e+00 3.198326779403418276e-05
1.027118084227910844e+00 2.534344750925666937e-05
1.029242863053371870e+00 2.397753509221560398e-05
1.031376451077943512e+00 1.879594218086955303e-05
1.033518903199002859e+00 9.022731221117822803e-06
1.035670274771024024e+00 2.793094850754028885e-06
1.037830621610346116e+00 6.510083742451981268e-06
1.040000000000000036e+00 1.696660256129855262e-05
