1.320000000000000062e+00 5.516350371539744876e-03
1.321027477232038949e+00 5.798268570368907138e-03
1.322056555269923050e+00 6.092790753872499854e-03
1.323087237857644149e+00 6.394569196504361515e-03
1.324119528750877794e+00 6.698811962704818469e-03
1.325153431717029928e+00 7.001810558262319857e-03
1.326188950535281963e+00 7.301345028952552912e-03
1.327226088996637188e+00 7.596916686852441675e-03
1.328264850903968508e+00 7.889777504369812136e-03
1.329305240072060856e+00 8.182747966298748246e-03
1.330347260327663594e+00 8.479839251500569802e-03
1.331390915509531592e+00 8.785718283151756902e-03
1.332436209468477628e+00 9.105072824941738696e-03
1.333483146067415914e+00 9.441946228292070684e-03
1.334531729181410942e+00 9.799116159453731545e-03
1.335581962697725888e+00 1.017758802864234327e-02
1.336633850515869693e+00 1.057626222552656564e-02
1.337687396547647234e+00 1.099181587206456145e-02
1.338742604717204632e+00 1.141881665195311653e-02
1.339799478961080093e+00 1.185006093844647584e-02
1.340858023228253426e+00 1.227710375615179497e-02
1.341918241480192675e+00 1.269092685703252302e-02
1.342980137690907849e+00 1.308267576993104968e-02
1.344043715846994669e+00 1.344438884940396713e-02
1.345108979947689631e+00 1.376964200335160059e-02
1.346175934004917973e+00 1.405404186207046859e-02
1.347244582043343630e+00 1.429551665325593836e-02
1.348314928100420973e+00 1.449437611866362212e-02
1.349386976226444990e+00 1.465313697062233488e-02
1.350460730484602356e+00 1.477613581661803288e-02
1.351536194951023395e+00 1.486897433048739101e-02
1.352613373714832479e+00 1.493785917332018411e-02
1.353692270878200654e+00 1.498890981094997722e-02
1.354772890556398490e+00 1.502750979469384338e-02
1.355855236877846259e+00 1.505777106357236890e-02
1.356939313984169004e+00 1.508216714234687436e-02
1.358025126030247387e+00 1.510137136820927616e-02
1.359112677184271867e+00 1.511431277123913980e-02
1.360201971627795103e+00 1.511843765696463393e-02
1.361293013555787690e+00 1.511014208362457777e-02
1.362385807176687891e+00 1.508532185407174438e-02
1.363480356712460928e+00 1.503997439492404421e-02
1.364576666398649163e+00 1.497078226710358596e-02
1.365674740484429162e+00 1.487561144767101870e-02
1.366774583232665208e+00 1.475386842456392379e-02
1.367876198919964814e+00 1.460667718424389985e-02
1.368979591836734899e+00 1.443685829716558067e-02
1.370084766287236633e+00 1.424871503378249277e-02
1.371191726589642279e+00 1.404765315128918800e-02
1.372300477076089820e+00 1.383967922199356645e-02
1.373411022092740907e+00 1.363083512012945066e-02
1.374523365999838154e+00 1.342663221020730900e-02
1.375637513171759974e+00 1.323154736740789900e-02
1.376753467997079428e+00 1.304863454889453392e-02
1.377871234878623063e+00 1.287929136563225295e-02
1.378990818233525983e+00 1.272320176889683851e-02
1.380112222493291130e+00 1.257845578116333074e-02
1.381235452103849681e+00 1.244182753960633610e-02
1.382360511525617230e+00 1.230917602659618686e-02
1.383487405233553291e+00 1.217592059125070098e-02
1.384616137717223028e+00 1.203753697813836343e-02
1.385746713480852321e+00 1.189001960325418612e-02
1.386879137043393051e+00 1.173026201263337349e-02
1.388013412938578828e+00 1.155631886631282648e-02
1.389149545714987388e+00 1.136752786990225146e-02
1.390287539936102545e+00 1.116448691046601112e-02
1.391427400180372365e+00 1.094889819160597098e-02
1.392569131041273556e+00 1.072330547180238257e-02
1.393712737127371426e+00 1.049076100609365632e-02
1.394858223062382052e+00 1.025446441837706349e-02
1.396005593485235119e+00 1.001741607190627034e-02
1.397154853050135870e+00 9.782122804602558924e-03
1.398306006426629278e+00 9.550385005671707672e-03
1.399459058299661995e+00 9.323182257805697967e-03
1.400614013369646083e+00 9.100661770258158811e-03
1.401770876352523620e+00 8.882222082714479744e-03
1.402929651979829551e+00 8.666671673803486020e-03
1.404090344998759177e+00 8.452430951193259934e-03
1.405252960172228338e+00 8.237766119554139690e-03
1.406417502278942688e+00 8.021004466926511325e-03
1.407583976113461199e+00 7.800717221281281040e-03
1.408752386486262331e+00 7.575850081176744438e-03
1.409922738223810201e+00 7.345792574613815157e-03
1.411095036168620531e+00 7.110386611049887562e-03
1.412269285179329259e+00 6.869882839155420397e-03
1.413445490130757154e+00 6.624859609126785773e-03
1.414623655913978650e+00 6.376122721933412917e-03
1.415803787436389349e+00 6.124604435227159506e-03
1.416985889621775074e+00 5.871277565996026356e-03
1.418169967410378929e+00 5.617095591982170649e-03
1.419356025758969686e+00 5.362963341495712889e-03
1.420544069640914175e+00 5.109736284490023692e-03
1.421734104046242786e+00 4.858240710007557736e-03
1.422926133981722296e+00 4.609303142376521521e-03
1.424120164470924266e+00 4.363775845424561380e-03
1.425316200554295865e+00 4.122546417437788699e-03
1.426514247289232706e+00 3.886523074506322787e-03
1.427714309750147237e+00 3.656592631973031807e-03
1.428916393028542675e+00 3.433554485123013061e-03
1.430120502233083402e+00 3.218039954613790589e-03
1.431326642489668677e+00 3.010431097633451281e-03
1.432534818941504362e+00 2.810795571234867181e-03
1.433745036749176416e+00 2.618853781939874809e-03
1.434957301090724613e+00 2.433991216971118955e-03
1.436171617161716041e+00 2.255322860050124143e-03
1.437387990175319707e+00 2.081808732432397814e-03
1.438606425362380481e+00 1.912411002667963218e-03
1.439826927971493920e+00 1.746275104818087193e-03
1.441049503269083987e+00 1.582911222167943761e-03
1.442274156539474772e+00 1.422349455428342227e-03
1.443500893084970649e+00 1.265242737686247997e-03
1.444729718225929993e+00 1.112896297759971131e-03
1.445960637300843787e+00 9.672108376886018929e-04
1.447193655666411116e+00 8.305376393742380228e-04
1.448428778697618879e+00 7.054561455068115994e-04
1.449666011787819286e+00 5.944964784057365972e-04
1.450905360348807349e+00 4.998391162911378213e-04
1.452146829810901041e+00 4.230299818821276923e-04
1.453390425623019677e+00 3.647503876538202880e-04
1.454636153252764075e+00 3.246771244604517597e-04
1.455884018186497375e+00 3.014587132892912924e-04
1.457134025929423871e+00 2.928204563157162836e-04
1.458386182005671605e+00 2.957950801304211883e-04
1.459640491958372976e+00 3.070595906744324772e-04
1.460896961349746448e+00 3.233447863154248676e-04
1.462155595761178928e+00 3.418739133644996720e-04
1.463416400793308370e+00 3.607829615369087181e-04
1.464679382066108593e+00 3.794781147690146463e-04
1.465944545218968775e+00 3.988959819892735556e-04
1.467211895910780717e+00 4.216484843616883434e-04
1.468481439820022771e+00 4.520547309120910161e-04
1.469753182644842671e+00 4.960841288760438859e-04
1.471027130103146563e+00 5.612551110704039380e-04
1.472303287932679838e+00 6.565488960157801973e-04
1.473581661891117722e+00 7.924046698915872136e-04
1.474862257756148765e+00 9.808593446684707885e-04
1.476145081325563657e+00 1.235880638301647613e-03
1.477430138417341388e+00 1.573917105510981226e-03
1.478717434869739389e+00 2.014654897973023901e-03
1.480006976541379693e+00 2.581931830195131807e-03
1.481298769311337971e+00 3.304719255656377811e-03
1.482592819079235014e+00 4.218046440748135506e-03
1.483889131765323333e+00 5.363715742969062811e-03
1.485187713310580193e+00 6.790644557919730574e-03
1.486488569676797766e+00 8.554675108105565598e-03
1.487791706846673057e+00 1.071771740958372444e-02
1.489097130823901161e+00 1.334613381937871206e-02
1.490404847633266305e+00 1.650833290283313867e-02
1.491714863320734885e+00 2.027161136503652025e-02
1.493027183953549830e+00 2.469835916197644921e-02
1.494341815620322311e+00 2.984187320145140904e-02
1.495658764431127441e+00 3.574184885241975251e-02
1.496978036517597310e+00 4.241997815874964939e-02
1.498299638033018688e+00 4.987617726550793579e-02
1.499623575152425614e+00 5.808540367369256774e-02
1.500949854072698653e+00 6.699556207021181709e-02
1.502278481012658373e+00 7.652668627131772872e-02
1.503609462213165715e+00 8.657154384729587315e-02
1.504942803937217244e+00 9.699770996592885219e-02
1.506278512470045294e+00 1.076510490403596310e-01
1.507616594119214781e+00 1.183604366850595779e-01
1.508957055214724230e+00 1.289434601498628263e-01
1.510299902109103698e+00 1.392127617481707103e-01
1.511645141177518470e+00 1.489826438473429993e-01
1.512992778817865869e+00 1.580755400975745462e-01
1.514342821450879173e+00 1.663279769230752159e-01
1.515695275520228869e+00 1.735956997466095719e-01
1.517050147492625678e+00 1.797577147123314290e-01
1.518407443857922701e+00 1.847190909946139492e-01
1.519767171129219996e+00 1.884124715853246756e-01
1.521129335842968500e+00 1.907983414899746266e-01
1.522493944559074386e+00 1.918641916892024901e-01
1.523861003861003871e+00 1.916227866551898640e-01
1.525230520355891350e+00 1.901097866285716143e-01
1.526602500674642648e+00 1.873809902198478594e-01
1.527976951472044709e+00 1.835094484309053309e-01
1.529353879426872176e+00 1.785826613154535281e-01
1.530733291241995087e+00 1.727000093745425235e-01
1.532115193644488560e+00 1.659705015685608298e-01
1.533499593385741377e+00 1.585108496910012932e-01
1.534886497241566783e+00 1.504438138971123107e-01
1.536275912012311062e+00 1.418967143870033809e-01
1.537667844522968341e+00 1.329999755273653939e-01
1.539062301623288276e+00 1.238855642466616530e-01
1.540459290187891517e+00 1.146852044614904975e-01
1.541858817116380953e+00 1.055282906268842497e-01
1.543260889333454511e+00 9.653948060404801690e-02
1.544665513789023503e+00 8.783601326932863329e-02
1.546072697458321876e+00 7.952486095498600971e-02
1.547482447342026113e+00 7.169988222153311774e-02
1.548894770466368698e+00 6.443917897431081232e-02
1.550309673883256023e+00 5.780287789795018893e-02
1.551727164670385184e+00 5.183154661255327811e-02
1.553147249931362772e+00 4.654541992427579933e-02
1.554569936795823004e+00 4.194455417920893436e-02
1.555995232419547181e+00 3.800995386610779569e-02
1.557423143984583147e+00 3.470563211234071327e-02
1.558853678699366530e+00 3.198148455311998484e-02
1.560286843798841749e+00 2.977678326692161440e-02
1.561722646544584592e+00 2.802404211390376390e-02
1.563161094224923886e+00 2.665297302266166762e-02
1.564602194155065851e+00 2.559424805330578687e-02
1.566045953677217106e+00 2.478280491394122334e-02
1.567492380160709686e+00 2.416048146049393566e-02
1.568941481002126714e+00 2.367783226730682186e-02
1.570393263625427860e+00 2.329506021572680038e-02
1.571847735482078345e+00 2.298207957408642671e-02
1.573304904051172848e+00 2.271780536595264383e-02
1.574764776839565839e+00 2.248882885294274658e-02
1.576227361382000813e+00 2.228768428324674408e-02
1.577692665241238412e+00 2.211093363735591386e-02
1.579160696008188314e+00 2.195729266912363128e-02
1.580631461302039797e+00 2.182599466302450122e-02
1.582104968770392750e+00 2.171554215200753590e-02
1.583581226089390892e+00 2.162293752595415702e-02
1.585060240963855893e+00 2.154341840683915432e-02
1.586542021127419044e+00 2.147066060615150651e-02
1.588026574342659369e+00 2.139735756467998906e-02
1.589513908401236186e+00 2.131604615710768966e-02
1.591004031124027440e+00 2.122002835127846307e-02
1.592496950361264929e+00 2.110423778408226578e-02
1.593992673992673970e+00 2.096591874009814602e-02
1.595491209927611287e+00 2.080501896545948470e-02
1.596992566105204014e+00 2.062424216556365750e-02
1.598496750494490026e+00 2.042875483406538309e-02
1.600003771094560268e+00 2.022558873363431917e-02
1.601513635934698643e+00 2.002281814783868699e-02
1.603026353074525678e+00 1.982862720083944374e-02
1.604541930604141298e+00 1.965037364698553335e-02
1.606060376644269816e+00 1.949377265230423442e-02
1.607581699346405157e+00 1.936229532818019294e-02
1.609105906892955185e+00 1.925684777206847220e-02
1.610633007497390246e+00 1.917575929868406415e-02
1.612163009404389058e+00 1.911506910338773083e-02
1.613695920889987923e+00 1.906906423909714501e-02
1.615231750261730381e+00 1.903099301349130829e-02
1.616770505858816875e+00 1.899386005095488397e-02
1.618312196052255292e+00 1.895120408332549855e-02
1.619856829245013063e+00 1.889776708519961754e-02
1.621404413872169714e+00 1.882998205145415549e-02
1.622954958401071179e+00 1.874623355291911778e-02
1.624508471331482573e+00 1.864687630447278699e-02
1.626064961195746061e+00 1.853402807233620747e-02
1.627624436558933629e+00 1.841118027900152249e-02
1.629186906019007619e+00 1.828268932031177144e-02
1.630752378206976161e+00 1.815322172512862445e-02
1.632320861787054378e+00 1.802722608862230430e-02
1.633892365456821150e+00 1.790849485233446739e-02
1.635466897947383647e+00 1.779986142310795855e-02
1.637044468023536092e+00 1.770305571082996313e-02
1.638625084483923855e+00 1.761871732959337591e-02
1.640208756161206205e+00 1.754654387680079988e-02
1.641795491922221517e+00 1.748553484874917907e-02
1.643385300668151805e+00 1.743428197993456691e-02
1.644978191334690365e+00 1.739125509441934170e-02
1.646574172892209198e+00 1.735503869896323423e-02
1.648173254345926209e+00 1.732448715618991122e-02
1.649775444736074848e+00 1.729878307790266162e-02
1.651380753138075308e+00 1.727740176122001189e-02
1.652989188662706166e+00 1.726000113352914311e-02
1.654600760456273800e+00 1.724626918540052983e-02
1.656215477700790695e+00 1.723576737113611743e-02
1.657833349614144858e+00 1.722780803922634857e-02
1.659454385450278791e+00 1.722139681209939807e-02
1.661078594499364236e+00 1.721525821326082284e-02
1.662705986087979149e+00 1.720794684285196358e-02
1.664336569579287994e+00 1.719802966324444210e-02
1.665970354373220719e+00 1.718431023606834321e-02
1.667607349906652159e+00 1.716605551967588517e-02
1.669247565653585452e+00 1.714318188887801325e-02
1.670891011125332337e+00 1.711636022332622270e-02
1.672537695870700780e+00 1.708700998239322602e-02
1.674187629476176387e+00 1.705716782718291399e-02
1.675840821566110250e+00 1.702923535651105352e-02
1.677497281802906137e+00 1.700563010568378192e-02
1.679157019887206781e+00 1.698838114847757430e-02
1.680820045558086839e+00 1.697872273298572585e-02
1.682486368593239190e+00 1.697674431850136265e-02
1.684155998809169441e+00 1.698115208512335911e-02
1.685828946061388667e+00 1.698918553737153656e-02
1.687505220244605697e+00 1.699671447042721759e-02
1.689184831292923405e+00 1.699851859453970979e-02
1.690867789180034109e+00 1.698872753662790044e-02
1.692554103919417852e+00 1.696137610664498474e-02
1.694243785564540472e+00 1.691101185190726705e-02
1.695936844209053662e+00 1.683328166995685243e-02
1.697633289986996363e+00 1.672542329655258078e-02
1.699333133072995272e+00 1.658659630153206527e-02
1.701036383682469788e+00 1.641800497168727571e-02
1.702743052071837404e+00 1.622279006599219170e-02
1.704453148538716434e+00 1.600569484471677656e-02
1.706166683422137398e+00 1.577253936065310322e-02
1.707883667102747305e+00 1.552956200732270690e-02
1.709604110003022148e+00 1.528270538693865012e-02
1.711328022587476294e+00 1.503693218291098088e-02
1.713055415362874978e+00 1.479565459382424855e-02
1.714786298878448134e+00 1.456034810151516333e-02
1.716520683726104890e+00 1.433039840315955028e-02
1.718258580540649838e+00 1.410320195544947051e-02
1.719999999999999973e+00 1.387450934834731468e-02
