8.199999999999998401e-01 2.807841732410578089e-03
8.209001591744881088e-01 2.731774266514738845e-03
8.218022968294960151e-01 2.841830962418202041e-03
8.227064194950217679e-01 3.411386099298577800e-03
8.236125337298308979e-01 4.054259196066992664e-03
8.245206461216163518e-01 4.070773317454963111e-03
8.254307632871571432e-01 3.978314908466506171e-03
8.263428918724791128e-01 4.010317223642554350e-03
8.272570385530173542e-01 4.028650873543755499e-03
8.281732100337780844e-01 4.244282829582099459e-03
8.290914130495038448e-01 4.914505760535104947e-03
8.300116543648370371e-01 4.986274507720904990e-03
8.309339407744875672e-01 4.246479020845761801e-03
8.318582791033983792e-01 3.758639578535897391e-03
8.327846762069157638e-01 3.617841183018106425e-03
8.337131389709571128e-01 3.466869247108395839e-03
8.346436743121825597e-01 3.427402890726011578e-03
8.355762891781663981e-01 3.439437468240079138e-03
8.365109905475696106e-01 3.030503305484310520e-03
8.374477854303152835e-01 2.469486786729722071e-03
8.383866808677615801e-01 2.265835588094621076e-03
8.393276839328807082e-01 2.327031092170836740e-03
8.402708017304343358e-01 2.387421256474047977e-03
8.412160413971538908e-01 2.413460350455974655e-03
8.421634101019201957e-01 2.449630374621107522e-03
8.431129150459439892e-01 2.273228700532663096e-03
8.440645634629493355e-01 1.989173288779627711e-03
8.450183626193569220e-01 1.957967433003112660e-03
8.459743198144692444e-01 2.156457338874301095e-03
8.469324423806556812e-01 2.285731197083424714e-03
8.478927376835422303e-01 2.189959980026995323e-03
8.488552131221975827e-01 2.061044326361352597e-03
8.498198761293254133e-01 1.821889143285877017e-03
8.507867341714546727e-01 1.601061614538629163e-03
8.517557947491315451e-01 1.555884076895517297e-03
8.527270653971150693e-01 1.668251952350615621e-03
8.537005536845710951e-01 1.619107873591114433e-03
8.546762672152694584e-01 1.423071571264964948e-03
8.556542136277819344e-01 1.266684784089627770e-03
8.566344005956813001e-01 1.167622927995245205e-03
8.576168358277423964e-01 1.077782294428136171e-03
8.586015270681438549e-01 1.089585261093004107e-03
8.595884820966722684e-01 1.188477784569101593e-03
8.605777087289258054e-01 1.217523423171600278e-03
8.615692148165216002e-01 1.088495002856258937e-03
8.625630082473036975e-01 1.000857371645773363e-03
8.635590969455512189e-01 9.782894888634770681e-04
8.645574888721890838e-01 9.790030424489065772e-04
8.655581920250013939e-01 9.961906498575081800e-04
8.665612144388434857e-01 1.066702478544593376e-03
8.675665641858576471e-01 1.044810897185013748e-03
8.685742493756896110e-01 8.934833681236329598e-04
8.695842781557068246e-01 7.792614010368659931e-04
8.705966587112171640e-01 7.522984115398215210e-04
8.716113992656913112e-01 7.444189308321106638e-04
8.726285080809849104e-01 7.187398512926014386e-04
8.736479934575617223e-01 6.999677387509380426e-04
8.746698637347213312e-01 6.491605200571818604e-04
8.756941272908249640e-01 5.536828783616431875e-04
8.767207925435254179e-01 4.782822308876073856e-04
8.777498679499969869e-01 4.689314188481585356e-04
8.787813620071684984e-01 4.840305872722564179e-04
8.798152832519560151e-01 4.848430684145749420e-04
8.808516402614994245e-01 4.631038434977602738e-04
8.818904416533994706e-01 4.437341728722683570e-04
8.829316960859555641e-01 3.956444701760079992e-04
8.839754122584077001e-01 3.532101825193160820e-04
8.850215989111781534e-01 3.380927800067055075e-04
8.860702648261152836e-01 3.594510497896242444e-04
8.871214188267393386e-01 3.556205331014323698e-04
8.881750697784903670e-01 3.257310339015543634e-04
8.892312265889766865e-01 2.852955679778579139e-04
8.902898982082264601e-01 2.566602563535667642e-04
8.913510936289409381e-01 2.225736744525709119e-04
8.924148218867474780e-01 2.131040361040964493e-04
8.934810920604575601e-01 2.169885966671804701e-04
8.945499132723249147e-01 2.257890722234171638e-04
8.956212946883046477e-01 2.062795474134957667e-04
8.966952455183164750e-01 1.949952337651186167e-04
8.977717750165077337e-01 1.914393947520713168e-04
8.988508924815192813e-01 2.046450712605068166e-04
8.999326072567542800e-01 2.197624229707487045e-04
9.010169287306464270e-01 2.627801168478941548e-04
9.021038663369322919e-01 3.146509722137706753e-04
9.031934295549248759e-01 3.550745955886618673e-04
9.042856279097889471e-01 3.612569711928418172e-04
9.053804709728191513e-01 3.968035937188335799e-04
9.064779683617187889e-01 4.504239227274513930e-04
9.075781297408823667e-01 5.293462746947033819e-04
9.086809648216780388e-01 6.007987666974375692e-04
9.097864833627350434e-01 7.051041139828058500e-04
9.108946951702296957e-01 7.477025345800074763e-04
9.120056100981767111e-01 7.368943382208072461e-04
9.131192380487208604e-01 7.053853252842040827e-04
9.142355889724309570e-01 7.594587513773676246e-04
9.153546728685965084e-01 8.128519441312821205e-04
9.164764997855261441e-01 8.687166378026603582e-04
9.176010798208479313e-01 8.665835469224994567e-04
9.187284231218132424e-01 8.804631582272554654e-04
9.198585398856018447e-01 8.049133694572969868e-04
9.209914403596279886e-01 7.491236287652136994e-04
9.221271348418521585e-01 7.054703563244410155e-04
9.232656336810913800e-01 7.564347669652044014e-04
9.244069472773346341e-01 7.571556527766861366e-04
9.255510860820594932e-01 7.454800574183344892e-04
9.266980605985501995e-01 6.636900995441799567e-04
9.278478813822197413e-01 6.192879611443633664e-04
9.290005590409340375e-01 5.151696612952108654e-04
9.301561042353380104e-01 4.674044040517055451e-04
9.313145276791829907e-01 4.084659908356365202e-04
9.324758401396596730e-01 4.040871024410850969e-04
9.336400524377300725e-01 3.193802734003429685e-04
9.348071754484654772e-01 2.571707398624560018e-04
9.359772201013830673e-01 1.653436794122848199e-04
9.371501973807884189e-01 1.297625062777983662e-04
9.383261183261183414e-01 6.231143528503722904e-05
9.395049940322883764e-01 6.129615028467771856e-05
9.406868356500408535e-01 1.015019978764253870e-04
9.418716543862962753e-01 2.106748270375991808e-04
9.430594615045084783e-01 2.356187100677122222e-04
9.442502683250204587e-01 3.969524181933851439e-04
9.454440862254250844e-01 3.566782068377910651e-04
9.466409266409265832e-01 4.756096991262972660e-04
9.478408010647062509e-01 3.194157772660225717e-04
9.490437210482898234e-01 7.443153129448248440e-04
9.502496982019186245e-01 7.945193439973435639e-04
9.514587441949232671e-01 4.231952700696955190e-04
9.526708707560990197e-01 9.301733096037042865e-04
9.538860896740862794e-01 8.304454399333924177e-04
9.551044127977520448e-01 6.315793245461306981e-04
9.563258520365751636e-01 7.466656747966859574e-04
9.575504193610346881e-01 8.138493860507464445e-04
9.587781268030002302e-01 7.346033382935581108e-04
9.600089864561267561e-01 7.290096512823887771e-04
9.612430104762513805e-01 6.543914655916722480e-04
9.624802110817941569e-01 8.066029489115553565e-04
9.637206005541594234e-01 1.307961699009816889e-03
9.649641912381444753e-01 1.625931195580814295e-03
9.662109955423474617e-01 1.272293908834094649e-03
9.674610259395821643e-01 8.754264319355812727e-04
9.687142949672905567e-01 9.846359398553484760e-04
9.699708152279654660e-01 1.460202768282640919e-03
9.712305993895705702e-01 1.331125731121341263e-03
9.724936601859678342e-01 1.112031795502226245e-03
9.737600104173448345e-01 1.240947006217894312e-03
9.750296629506486346e-01 1.558252384985481416e-03
9.763026307200208809e-01 1.529289294344250878e-03
9.775789267272370076e-01 1.521732303108626989e-03
9.788585640421493261e-01 1.824194117993046009e-03
9.801415558031325581e-01 2.419505768703317326e-03
9.814279152175339194e-01 2.872563099085627143e-03
9.827176555621263132e-01 3.299526955662102513e-03
9.840107901835647430e-01 4.078098657234048054e-03
9.853073324988469439e-01 5.417391274142355218e-03
9.866072959957782329e-01 6.907480229455369332e-03
9.879106942334366925e-01 8.244615690736152580e-03
9.892175408426481242e-01 9.313133059306045666e-03
9.905278495264586702e-01 1.028569268497589971e-02
9.918416340606138748e-01 1.098700574282456162e-02
9.931589082940432966e-01 1.139313428491414357e-02
9.944796861493450102e-01 1.190009813272327639e-02
9.958039816232771013e-01 1.357883572582362953e-02
9.971318087872524938e-01 1.679625340045272364e-02
9.984631817878363291e-01 2.089331573356594668e-02
9.997981148472492308e-01 2.531334688917753067e-02
1.001136622263872900e+00 3.123615681342899186e-02
1.002478718412762371e+00 3.980495723122973867e-02
1.003824417746157716e+00 5.090546076910255208e-02
1.005173734794005069e+00 6.362696742033650821e-02
1.006526684164479546e+00 7.897130167624061281e-02
1.007883280544511040e+00 9.895399961876295836e-02
1.009243538700317133e+00 1.231476191586073632e-01
1.010607473477937779e+00 1.489147604417644655e-01
1.011975099803775535e+00 1.740545677572094829e-01
1.013346432685141130e+00 1.958583887474091290e-01
1.014721487210801243e+00 2.176320617367324406e-01
1.016100278551532066e+00 2.413014372219167980e-01
1.017482821960677519e+00 2.626241379327475811e-01
1.018869132774712138e+00 2.702759368986632493e-01
1.020259226413807285e+00 2.586471446450283596e-01
1.021653118382403136e+00 2.345976719614246420e-01
1.023050824269785997e+00 2.116528461772591574e-01
1.024452359750667618e+00 1.905988826860437191e-01
1.025857740585774058e+00 1.622308528329111377e-01
1.027266982622432767e+00 1.279974409131828250e-01
1.028680101795171664e+00 9.666325331860135817e-02
1.030097114126317104e+00 7.092314431980670242e-02
1.031518035726601612e+00 4.862125004723705929e-02
1.032942882795773176e+00 2.964818210978615448e-02
1.034371671623210309e+00 1.653875061634485499e-02
1.035804418588545106e+00 9.331953916991715670e-03
1.037241140162285635e+00 5.951558191170333925e-03
1.038681852906451875e+00 4.785182412707617884e-03
1.040126573475206762e+00 5.013611652070774395e-03
1.041575318615502566e+00 5.926333402045708999e-03
1.043028105167724373e+00 7.116470058912983607e-03
1.044484950066345341e+00 8.201734130784852153e-03
1.045945870340583284e+00 9.008329708135656699e-03
1.047410883115063918e+00 9.656690666167160389e-03
1.048880005610491661e+00 1.058914894198721528e-02
1.050353255144321762e+00 1.165317533780895962e-02
1.051830649131443751e+00 1.240309474469345440e-02
1.053312205084864894e+00 1.259842993214567095e-02
1.054797940616404528e+00 1.262564290195548888e-02
1.056287873437389724e+00 1.267769235740815251e-02
1.057782021359360725e+00 1.266467794758754581e-02
1.059280402294779933e+00 1.253535633532109131e-02
1.060783034257748891e+00 1.263424986379281523e-02
1.062289935364727489e+00 1.294167544151263172e-02
1.063801123835265594e+00 1.304876092604860538e-02
1.065316617992734471e+00 1.262863726736138115e-02
1.066836436265068633e+00 1.201899226490173167e-02
1.068360597185513239e+00 1.150163148679986952e-02
1.069889119393375720e+00 1.108099893137901200e-02
1.071422021634787392e+00 1.061650246735643816e-02
1.072959322763469281e+00 1.025087565083484392e-02
1.074501041741504404e+00 9.997390003163882446e-03
1.076047197640118025e+00 9.693458811500738417e-03
1.077597809640463922e+00 9.061024794734395468e-03
1.079152897034417968e+00 8.243985627110655620e-03
1.080712479225377498e+00 7.519785096386577723e-03
1.082276575729068657e+00 7.025767755923479664e-03
1.083845206174360420e+00 6.612573433790840984e-03
1.085418390304085712e+00 6.212959119381800989e-03
1.086996147975870297e+00 5.835909701116671032e-03
1.088578499162966784e+00 5.505847194919361379e-03
1.090165463955098613e+00 5.087829233093307119e-03
1.091757062559310931e+00 4.584441318511314409e-03
1.093353315300825912e+00 4.145252937173021790e-03
1.094954242623910945e+00 3.908097730623499334e-03
1.096559865092748831e+00 3.802183976721299104e-03
1.098170203392319522e+00 3.707561777452064809e-03
1.099785278329288962e+00 3.565570031964180545e-03
1.101405110832903711e+00 3.423342879452786862e-03
1.103029721955896436e+00 3.259907376479443362e-03
1.104659132875396965e+00 3.044613115027986535e-03
1.106293364893852882e+00 2.826615991952961815e-03
1.107932439439958561e+00 2.707680111737823924e-03
1.109576378069589753e+00 2.692835433214025177e-03
1.111225202466750828e+00 2.687846810092005007e-03
1.112878934444526902e+00 2.603290953861765906e-03
1.114537595946046622e+00 2.463660102144380089e-03
1.116201209045451170e+00 2.325987348681964224e-03
1.117869795948875256e+00 2.186544744859588840e-03
1.119543378995433880e+00 2.044474147690834940e-03
1.121221980658219985e+00 1.937995153647626388e-03
1.122905623545311204e+00 1.902698192260259338e-03
1.124594330400781939e+00 1.895834920885755125e-03
1.126288124105730981e+00 1.846600510864798922e-03
1.127987027679312027e+00 1.732593619749785716e-03
1.129691064279779278e+00 1.617877855625298247e-03
1.131400257205537496e+00 1.527759133217970787e-03
1.133114629896204262e+00 1.457634865742112084e-03
1.134834205933682227e+00 1.392014727054780108e-03
1.136559009043240254e+00 1.356649428637795966e-03
1.138289063094603648e+00 1.345345733463450526e-03
1.140024392103056394e+00 1.327498683546572515e-03
1.141765020230551819e+00 1.254473783310547158e-03
1.143510971786833919e+00 1.156938773873285699e-03
1.145262271230569118e+00 1.072021478817806409e-03
1.147018943170488470e+00 1.017571860767208479e-03
1.148781012366541177e+00 9.676549828926833425e-04
1.150548503731056327e+00 9.217706022659984989e-04
1.152321442329917511e+00 8.793172890137694164e-04
1.154099853383748764e+00 8.424057983005620032e-04
1.155883762269108939e+00 7.833339651649726728e-04
1.157673194519699411e+00 7.054221693461303630e-04
1.159468175827583547e+00 6.290586955505273782e-04
1.161268732044413277e+00 5.775670454759289797e-04
1.163074889182673655e+00 5.417932106626976215e-04
1.164886673416932750e+00 5.110676392365746208e-04
1.166704111085107964e+00 4.781770470276449476e-04
1.168527228689741460e+00 4.491442919863643485e-04
1.170356052899287791e+00 4.214037323982904428e-04
1.172190610549415979e+00 3.896513100901931336e-04
1.174030928644320459e+00 3.569347608913532284e-04
1.175877034358046913e+00 3.341259394658955975e-04
1.177728955035829417e+00 3.285958284944003570e-04
1.179586718195441364e+00 3.342211949492461965e-04
1.181450351528556597e+00 3.449167122900996941e-04
1.183319882902128306e+00 3.550070937667011207e-04
1.185195340359774807e+00 3.719744114505866141e-04
1.187076752123184198e+00 3.928361590591322706e-04
1.188964146593528781e+00 4.182057190509116929e-04
1.190857552352894144e+00 4.460679924777571741e-04
1.192756998165722671e+00 4.922008023560003626e-04
1.194662512980269931e+00 5.600159735609763810e-04
1.196574125930074395e+00 6.463820342654496686e-04
1.198491866335443357e+00 7.277071005455357277e-04
1.200415763704952177e+00 8.019968416149639420e-04
1.202345847736956186e+00 8.763321512205755155e-04
1.204282148321120793e+00 9.596078379901347650e-04
1.206224695539962921e+00 1.042604537773046073e-03
1.208173519670409535e+00 1.132079342241438776e-03
1.210128651185370829e+00 1.246763027479211739e-03
1.212090120755328737e+00 1.396138584423774458e-03
1.214057959249939200e+00 1.549803755533731920e-03
1.216032197739653320e+00 1.661268888781775640e-03
1.218012867497352936e+00 1.732873044316048669e-03
1.219999999999999973e+00 1.801053564670725268e-03
