1.247382752977852548e-06
1.286102534833305656e-06
1.252247337145420027e-06
1.264576428715595852e-06
1.253469417430722676e-06
1.247382752977852548e-06
1.274615886909103594e-06
1.279695631597563041e-06
1.287391621604013417e-06
1.295180737835098896e-06
1.295180737835098896e-06
1.303064680907186321e-06
1.317770674628213457e-06
1.342564490924390145e-06
1.342564490924390145e-06
1.356746235548255175e-06
1.352460352643244796e-06
1.361059368327355123e-06
1.363950057609497992e-06
1.372696270646638530e-06
1.362503179747211460e-06
1.300426056890607861e-06
1.356746235548255175e-06
1.301744031783193258e-06
1.355314592929084988e-06
1.377111575719562400e-06
1.311045193097781652e-06
1.361059368327355123e-06
1.320480227411752092e-06
1.316420063852575555e-06
1.309708326322927561e-06
1.301744031783193258e-06
1.353885968472148229e-06
1.311045193097781652e-06
1.351037735948290067e-06
1.320480227411752092e-06
1.321839186567663530e-06
1.356746235548255175e-06
1.315072218780876215e-06
1.345377072018519224e-06
1.313727130926627750e-06
1.305714034472417518e-06
1.348201462183198058e-06
1.351037735948290067e-06
1.348201462183198058e-06
1.325932898723527278e-06
1.324565513543057953e-06
1.328676156141866573e-06
1.327303109999638356e-06
1.343969309971381743e-06
1.325932898723527278e-06
1.324565513543057953e-06
1.321839186567663530e-06
1.309708326322927561e-06
1.338367599785346355e-06
1.332812392016063374e-06
1.327303109999638356e-06
1.325932898723527278e-06
1.339763644992881126e-06
1.321839186567663530e-06
1.335584219364968925e-06
1.320480227411752092e-06
1.335584219364968925e-06
1.334196866056913768e-06
1.327303109999638356e-06
1.324565513543057953e-06
1.321839186567663530e-06
1.324565513543057953e-06
1.328676156141866573e-06
1.334196866056913768e-06
1.331430788288405141e-06
1.328676156141866573e-06
1.328676156141866573e-06
1.330052045957015075e-06
1.328676156141866573e-06
1.336974460931522968e-06
1.325932898723527278e-06
1.320480227411752092e-06
1.332812392016063374e-06
1.325932898723527278e-06
1.330052045957015075e-06
1.332812392016063374e-06
1.327303109999638356e-06
1.331430788288405141e-06
1.331430788288405141e-06
1.325932898723527278e-06
1.330052045957015075e-06
1.327303109999638356e-06
1.325932898723527278e-06
1.330052045957015075e-06
1.330052045957015075e-06
1.327303109999638356e-06
1.332812392016063374e-06
1.325932898723527278e-06
1.331430788288405141e-06
1.327303109999638356e-06
1.325932898723527278e-06
1.330052045957015075e-06
1.328676156141866573e-06
1.327303109999638356e-06
1.328676156141866573e-06
1.330052045957015075e-06
1.328676156141866573e-06
1.330052045957015075e-06
1.328676156141866573e-06
1.328676156141866573e-06
1.328676156141866573e-06
1.327303109999638356e-06
1.328676156141866573e-06
1.330052045957015075e-06
1.328676156141866573e-06
1.328676156141866573e-06
1.328676156141866573e-06
1.328676156141866573e-06
1.328676156141866573e-06
1.330052045957015075e-06
1.327303109999638356e-06
1.328676156141866573e-06
1.330052045957015075e-06
1.328676156141866573e-06
1.328676156141866573e-06
1.328676156141866573e-06
1.328676156141866573e-06
1.331430788288405141e-06
1.328676156141866573e-06
1.328676156141866573e-06
1.328676156141866573e-06
1.331430788288405141e-06
1.327303109999638356e-06
1.330052045957015075e-06
1.330052045957015075e-06
1.330052045957015075e-06
1.328676156141866573e-06
1.330052045957015075e-06
1.330052045957015075e-06
1.328676156141866573e-06
1.330052045957015075e-06
1.330052045957015075e-06
1.330052045957015075e-06
1.330052045957015075e-06
1.330052045957015075e-06
1.328676156141866573e-06
1.330052045957015075e-06
1.330052045957015075e-06
1.330052045957015075e-06
1.328676156141866573e-06
1.330052045957015075e-06
1.328676156141866573e-06
1.328676156141866573e-06
1.330052045957015075e-06
1.330052045957015075e-06
1.328676156141866573e-06
1.330052045957015075e-06
1.330052045957015075e-06
1.330052045957015075e-06
1.330052045957015075e-06
1.330052045957015075e-06
1.330052045957015075e-06
1.330052045957015075e-06
1.330052045957015075e-06
1.330052045957015075e-06
1.330052045957015075e-06
1.330052045957015075e-06
1.328676156141866573e-06
1.330052045957015075e-06
1.328676156141866573e-06
1.328676156141866573e-06
1.328676156141866573e-06
1.328676156141866573e-06
1.328676156141866573e-06
1.328676156141866573e-06
1.330052045957015075e-06
1.328676156141866573e-06
1.328676156141866573e-06
1.328676156141866573e-06
1.328676156141866573e-06
1.328676156141866573e-06
1.328676156141866573e-06
1.328676156141866573e-06
1.328676156141866573e-06
1.328676156141866573e-06
1.328676156141866573e-06
1.328676156141866573e-06
1.328676156141866573e-06
1.328676156141866573e-06
1.328676156141866573e-06
1.328676156141866573e-06
1.328676156141866573e-06
1.328676156141866573e-06
1.328676156141866573e-06
1.328676156141866573e-06
1.328676156141866573e-06
1.328676156141866573e-06
1.328676156141866573e-06
1.328676156141866573e-06
1.328676156141866573e-06
1.328676156141866573e-06
1.328676156141866573e-06
1.328676156141866573e-06
1.328676156141866573e-06
1.328676156141866573e-06
1.328676156141866573e-06
1.328676156141866573e-06
1.328676156141866573e-06
1.328676156141866573e-06
1.328676156141866573e-06
1.328676156141866573e-06
1.328676156141866573e-06
1.328676156141866573e-06
1.328676156141866573e-06
1.328676156141866573e-06
1.328676156141866573e-06
1.328676156141866573e-06
1.328676156141866573e-06
1.328676156141866573e-06
1.328676156141866573e-06
