5.600000000000000514e-08
5.880000000000000374e-08
5.880000000000001036e-08
5.600000000000000514e-08
5.320000000000000654e-08
5.600000000000000514e-08
5.709715200000002034e-08
5.731096985600001806e-08
5.760708271718401466e-08
5.791595684377395471e-08
5.442859101531657504e-08
5.353154982951433160e-08
6.037245727377922963e-08
6.186713834319970283e-08
5.906291104584017138e-08
5.962868805954319077e-08
5.644107389211507388e-08
5.595277978117349907e-08
5.750811860194452553e-08
5.667163441124363654e-08
5.693425937816976936e-08
5.697285600190113612e-08
5.742528532665596769e-08
5.769959889994739797e-08
5.708889803730106430e-08
6.287127817655842966e-08
5.509965020771227607e-08
5.367724605497919187e-08
5.556230011311608304e-08
5.524471554776269534e-08
5.451053726667348600e-08
5.854432233784543192e-08
5.454052421326165308e-08
5.158105439319155041e-08
5.475733125136774888e-08
5.219904147994575523e-08
5.136241630339458277e-08
5.195858074060523676e-08
5.456350295901644500e-08
5.677685866986907177e-08
5.247630312010233700e-08
5.292467574124898579e-08
5.426155453337535305e-08
5.277465833594540783e-08
5.501256747515683843e-08
5.351809112311096056e-08
5.336999611199388847e-08
5.250499824574428769e-08
5.204626996641244540e-08
5.035517602810669702e-08
5.209968359585997598e-08
5.194959920181764330e-08
4.886239076211057173e-08
5.279524367867803388e-08
5.078175438254691144e-08
5.153706815320054169e-08
4.861859960136507123e-08
4.764474491826672928e-08
5.282799053501902235e-08
5.165684088310324897e-08
5.093844758093401594e-08
4.892315947108824786e-08
5.213097494075716642e-08
4.965119757080536421e-08
4.864558666865810996e-08
4.888322767686346363e-08
4.721255800363071941e-08
4.797280555676109860e-08
4.511452866333560743e-08
4.673573777320013716e-08
4.710781486203824275e-08
5.136477643164706192e-08
4.618913468704103032e-08
4.675473135165576777e-08
4.636617079927044118e-08
4.678536302565808873e-08
4.777211245767733408e-08
4.444090377007933519e-08
4.872479594527497711e-08
4.757373978886756457e-08
4.719009820816209806e-08
4.682035810809921823e-08
4.750970562652066648e-08
4.886428428618499484e-08
4.940995836779659850e-08
4.636420315163602282e-08
4.710056483653387397e-08
4.744178860796172360e-08
4.752969423810245487e-08
4.725072368637312948e-08
4.672199376242540117e-08
4.759367415981632148e-08
4.864984248338469431e-08
4.676211349341234706e-08
4.824779687159490174e-08
4.702123206291874137e-08
4.888025553148433906e-08
4.681156254457597282e-08
4.720516870812014489e-08
4.747972157900352520e-08
4.735794875232376772e-08
4.849314939698590688e-08
4.649812902090711766e-08
4.731707619358375248e-08
4.732520735687060288e-08
4.735177202696764262e-08
4.733026939148204228e-08
4.574122488880266085e-08
4.800636536639456393e-08
4.758798522746605341e-08
4.755537190969688853e-08
4.752217793306972377e-08
4.736381917649461245e-08
4.764609629597922514e-08
4.679961004397523443e-08
4.767163243773293579e-08
4.758481983166179153e-08
4.746526042634496679e-08
4.736470027831096339e-08
4.741421851346580100e-08
4.752600910892135413e-08
4.762166921541191168e-08
4.745057779726579115e-08
4.739488564310213028e-08
4.755224756434860899e-08
4.757207346334705732e-08
4.747188676667587775e-08
4.743722560984197590e-08
4.753241797685828494e-08
4.746681441931418211e-08
4.751572981915636148e-08
4.776492450573076219e-08
4.738633198653325302e-08
4.749753415261973637e-08
4.733785723958620812e-08
4.738113202327736697e-08
4.739410940946767690e-08
4.734772253504435442e-08
4.680213945838412080e-08
4.759596758054951735e-08
4.726983610645453809e-08
4.736172620324981355e-08
4.696233592086483698e-08
4.748489190726293858e-08
4.721020554745251439e-08
4.735562976775542947e-08
4.725225005931136337e-08
4.733105744131662327e-08
4.703569162941759264e-08
4.741678946503818348e-08
4.724465396824968408e-08
4.724950770932153784e-08
4.722494572790418217e-08
4.734792581476583671e-08
4.735814365365596948e-08
4.717518190208098193e-08
4.721624853107288639e-08
4.715965847950401168e-08
4.715579050228814362e-08
4.724656045801382751e-08
4.723831956666293238e-08
4.713999177737692585e-08
4.707252103351467527e-08
4.691590435951275553e-08
4.693282651796395422e-08
4.671244566633990309e-08
4.661679469457627487e-08
4.650863364024325540e-08
4.671426433964770692e-08
4.643091787692484982e-08
4.654327602367561369e-08
4.696031942355624852e-08
4.661629150194148945e-08
4.676308247007076057e-08
4.685616459595266054e-08
4.669479626489695801e-08
4.669334754588965424e-08
4.655797518596652135e-08
4.647406748044142339e-08
4.654929042645651366e-08
4.679866245840955831e-08
4.652387609934508680e-08
4.672749848873356238e-08
4.658050896786791532e-08
4.653622543299140687e-08
4.663295587960620834e-08
4.658969087929316592e-08
4.654246066740413442e-08
4.655234853235003366e-08
4.676231392343385925e-08
4.656973616157629395e-08
4.658776559811213369e-08
4.638514463946216441e-08
4.669636543309420332e-08
4.666675183423224154e-08
4.656421538330305999e-08
4.656524368307387991e-08
4.657914599541171181e-08
4.668045810898636499e-08
4.659357108775977913e-08
4.655732801676551165e-08
4.664563361360086289e-08
4.668888517276808118e-08
4.671517876613312386e-08
4.656915837922976200e-08
4.666648731154407367e-08
4.659443046518051382e-08
4.665120232095480295e-08
4.667508144576059982e-08
4.660784339384364135e-08
4.663121982787888149e-08
4.665428357305392962e-08
4.665874120785978217e-08
4.659310780032331877e-08
4.661264131193469592e-08
4.661332386214873555e-08
