1.400000000000000148e-06 1.600000000000000033e-01 7.249999999999999778e-01 5.000000000000000000e-01 1.900000000000000105e-05
1.470000000000000113e-06 1.600000000000000033e-01 7.249999999999999778e-01 5.000000000000000000e-01 1.900000000000000105e-05
1.400000000000000148e-06 1.680000000000000104e-01 7.249999999999999778e-01 5.000000000000000000e-01 1.900000000000000105e-05
1.400000000000000148e-06 1.600000000000000033e-01 7.612499999999999822e-01 5.000000000000000000e-01 1.900000000000000105e-05
1.400000000000000148e-06 1.600000000000000033e-01 7.249999999999999778e-01 5.250000000000000222e-01 1.900000000000000105e-05
1.400000000000000148e-06 1.600000000000000033e-01 7.249999999999999778e-01 5.000000000000000000e-01 1.995000000000000042e-05
1.428000000000000134e-06 1.632000000000000395e-01 7.395000000000001572e-01 5.100000000000000089e-01 1.805000000000000167e-05
1.433600000000000132e-06 1.638400000000000412e-01 7.424000000000001709e-01 5.120000000000000107e-01 1.767000000000000531e-05
1.441440000000000128e-06 1.647360000000000213e-01 7.464600000000000124e-01 5.147999999999999243e-01 1.846800000000000682e-05
1.449727999999999785e-06 1.656832000000000304e-01 7.507520000000000859e-01 5.177599999999999980e-01 1.836160000000000729e-05
1.461331199999999982e-06 1.558092800000000222e-01 7.567608000000002333e-01 5.219039999999999235e-01 1.821264000000000525e-05
1.473597439999999780e-06 1.533711360000000468e-01 7.631129600000003954e-01 5.262847999999999971e-01 1.805516800000000541e-05
1.490770176000000004e-06 1.611577344000000578e-01 7.720059840000003115e-01 4.974179200000000689e-01 1.783470720000000971e-05
1.508924211199999637e-06 1.613892812800000742e-01 7.814071808000004893e-01 4.919015039999999894e-01 1.760164864000001483e-05
1.527078246400000116e-06 1.616208281600000352e-01 7.400583776000004832e-01 5.213850880000001631e-01 1.736859008000001317e-05
1.552493895679999686e-06 1.619449937920000582e-01 7.358200531200005390e-01 5.256621056000001513e-01 1.704230809600001357e-05
1.479909544959999728e-06 1.622691594240000257e-01 7.823317286400005566e-01 5.299391232000001395e-01 1.671602611200002073e-05
1.481891453951999778e-06 1.627229913088000246e-01 7.937980743680006501e-01 5.359269478400001674e-01 1.625923133440002535e-05
1.534833362943999803e-06 1.578008231936000594e-01 7.809044200960004734e-01 5.251147724800002692e-01 1.766443655680001993e-05
1.552747508121600411e-06 1.528046724710401261e-01 7.846133881344008465e-01 5.222966814720002571e-01 1.669397117952001758e-05
1.534719094200320026e-06 1.550584147886081010e-01 7.786876452108806301e-01 5.215027622144001729e-01 1.698580622310401171e-05
1.467596437680127889e-06 1.595900859154432694e-01 7.535742580843522997e-01 5.134971048857601694e-01 1.711968248924160437e-05
1.523066901022822218e-06 1.581139441699226378e-01 7.761216417439620319e-01 5.230816806510082406e-01 1.756910459497729602e-05
1.463049829152808373e-06 1.635547060729610203e-01 7.547646315827047925e-01 5.177406825260033596e-01 1.803163217168693037e-05
1.522176972817005540e-06 1.565452657633698563e-01 7.745011178259497697e-01 5.208443982689306972e-01 1.716882576410602197e-05
1.543603296479931432e-06 1.665116367669169650e-01 7.748945799239648213e-01 5.107824840479757711e-01 1.660773350043334058e-05
1.485848464883987798e-06 1.556707236342105005e-01 7.651747434866942310e-01 5.235718947083958241e-01 1.780186696257583754e-05
1.524461876033526156e-06 1.565302340606011533e-01 7.632690597186425618e-01 5.501109539313339125e-01 1.681505820546367013e-05
1.493969040503129036e-06 1.611366900161239069e-01 7.562811026497704425e-01 5.383910979273646147e-01 1.733943261790071578e-05
1.488327454040353566e-06 1.620549748666747503e-01 7.526370996145343994e-01 5.419004378590512871e-01 1.737355398865965522e-05
1.481439968089435085e-06 1.607771099480516108e-01 7.467243630940814114e-01 5.422775824558297986e-01 1.684728499619880015e-05
1.462836229901094634e-06 1.640595704123532228e-01 7.529590664695763325e-01 5.121149605853022591e-01 1.761422210200648211e-05
1.513677387960350534e-06 1.578478679221577696e-01 7.614648109000559106e-01 5.434616550957783732e-01 1.695491188735866054e-05
1.454859516158761010e-06 1.574597922178174458e-01 7.847323219082404933e-01 5.496714533549473813e-01 1.689521895041359937e-05
1.489865613697056666e-06 1.569765833376722264e-01 7.932695199398234198e-01 5.317365072587646457e-01 1.743569761590073750e-05
1.495378464321314458e-06 1.533675034271927140e-01 7.620372709138333311e-01 5.447939201381002405e-01 1.785482510165979549e-05
1.498472248193577362e-06 1.515871722278312739e-01 7.579783793685999083e-01 5.477648795257201719e-01 1.808258489959174977e-05
1.494489057721161791e-06 1.583325186544305707e-01 7.763157104199018832e-01 5.608383425566343394e-01 1.688127142589034222e-05
1.487360568630493257e-06 1.561365377627489948e-01 7.671244127000056423e-01 5.300935230818375477e-01 1.764076274365587434e-05
1.538478427435081393e-06 1.560141482887962561e-01 7.497149683150616806e-01 5.269076118008386711e-01 1.808613695534949580e-05
1.469492825632117172e-06 1.572068045302387196e-01 7.786042850294341289e-01 5.456877810829783293e-01 1.710362960127738226e-05
1.461986730702198864e-06 1.553696472276883123e-01 7.798382689749974173e-01 5.340078604548880170e-01 1.808593110397191926e-05
1.504631522940174129e-06 1.574141793006256229e-01 7.646801660631706854e-01 5.418072410336225442e-01 1.715284025026597980e-05
1.495211931755928065e-06 1.575920340022476940e-01 7.732009685203136140e-01 5.520614796495426635e-01 1.720491125031875306e-05
1.523367317203829185e-06 1.566758590235615700e-01 7.595597695872369215e-01 5.390167010750275267e-01 1.778255705231379210e-05
1.495722937601233742e-06 1.561731561423490566e-01 7.714357299631270370e-01 5.417810251409453937e-01 1.798523312414432220e-05
1.493941220533445919e-06 1.559249515106937711e-01 7.727868427431183740e-01 5.417757819624099414e-01 1.815171169891998797e-05
1.512831776406022290e-06 1.562893812271731742e-01 7.341128600957957939e-01 5.558695660686755469e-01 1.792218996180699838e-05
1.517425008947815627e-06 1.561519408050733582e-01 7.222815281269903132e-01 5.606961778306576161e-01 1.801948843098825258e-05
1.518110736977824472e-06 1.501353748643012298e-01 7.575014475767369859e-01 5.581370073613926008e-01 1.829047728504203075e-05
1.526027367813784090e-06 1.506973672229988126e-01 7.343017733287628968e-01 5.468968367239546158e-01 1.885922506651330861e-05
1.532190455025355210e-06 1.493184338671490752e-01 7.265219342904527533e-01 5.458639081388370062e-01 1.919008782975221701e-05
1.498936002609864678e-06 1.492221454814599557e-01 7.378397737584498906e-01 5.630936695580406326e-01 1.871224647019807482e-05
1.496522689088685220e-06 1.553973378875837530e-01 7.320334262416350324e-01 5.459560281503347268e-01 1.837303391153225515e-05
1.514332828597225060e-06 1.510562183933756575e-01 7.530445438430941607e-01 5.560053359994574507e-01 1.830492469467781934e-05
1.522505410034391833e-06 1.537331589902714846e-01 7.295829602395698110e-01 5.596243385755022004e-01 1.866986221501695719e-05
1.535967709599999027e-06 1.481711762149226508e-01 6.993845017556198362e-01 5.727455183340994793e-01 1.904106562681344146e-05
1.544016663999752084e-06 1.465707802294373696e-01 6.849742561141185515e-01 5.789384169727304075e-01 1.925223212734726599e-05
1.550786909147323053e-06 1.540616407750027284e-01 7.118342509025643583e-01 5.577707728828802392e-01 1.853004654361936531e-05
1.549971715380001191e-06 1.534297368157378216e-01 6.801453636417083004e-01 5.655652811948324032e-01 1.902741705871623917e-05
1.520569633784211010e-06 1.514715841172890320e-01 7.402871873078515907e-01 5.576783264086481173e-01 1.843136085838454230e-05
1.501430724684658635e-06 1.493882917710252500e-01 7.327368311443527293e-01 5.637628657217170769e-01 1.876282093568076671e-05
1.542149576866356812e-06 1.532438046993066794e-01 7.154922024448773232e-01 5.588193891296766580e-01 1.857078206223011056e-05
1.544682452051582705e-06 1.461347372986479820e-01 7.195738236470816673e-01 5.600867452935471835e-01 1.949389650080862534e-05
1.520971034207132046e-06 1.461992464441511930e-01 7.279957978100763949e-01 5.624704764600765294e-01 1.931184864499816922e-05
1.542711537458446093e-06 1.458625319569137047e-01 6.982842571479921379e-01 5.655283992016760797e-01 1.980346496348919230e-05
1.548858212177886805e-06 1.404527062705881735e-01 6.964690029796429815e-01 5.659440112852918148e-01 2.001840470624566875e-05
1.544246471802774931e-06 1.427767854965327210e-01 7.022639455001301600e-01 5.648380685610785434e-01 1.978240977028064253e-05
1.552623895994090714e-06 1.403202653472743755e-01 6.789350587589966235e-01 5.858480058716888372e-01 2.019831573625625090e-05
1.539904669763686984e-06 1.429381939695037740e-01 7.072128955841694431e-01 5.753442860619725208e-01 1.941201614838719607e-05
1.540395871610269934e-06 1.434499531173004938e-01 7.056503838578382926e-01 5.736265058614206103e-01 1.948051969103004050e-05
1.525101101474513881e-06 1.497323356871534950e-01 7.372482240127016251e-01 5.501360793878524724e-01 1.873004695752964653e-05
1.547807406953164694e-06 1.419673776567532131e-01 6.891398626783949988e-01 5.795984187370174512e-01 1.994136869997909412e-05
1.567488512359885947e-06 1.421606070753175521e-01 6.726451109089490732e-01 5.803647857102411933e-01 1.986832207078009682e-05
1.576792007990436685e-06 1.413528792015508184e-01 6.615749735287235200e-01 5.839436475602741705e-01 1.997961675593648302e-05
1.557231289239307341e-06 1.450135055049432409e-01 6.821013744303326964e-01 5.856394252089174302e-01 1.947664373975996512e-05
1.546518814854168134e-06 1.431682114980045717e-01 6.987354955629155873e-01 5.684783059744503708e-01 1.972890071493952127e-05
1.557529854111533908e-06 1.404689433825705713e-01 6.564561650497147127e-01 5.937473727488100650e-01 1.985915869488433526e-05
1.546930747412074123e-06 1.451432233633344338e-01 7.085282333925424503e-01 5.659773550982182266e-01 1.955781738477187627e-05
1.564430384873567846e-06 1.438310356623317132e-01 6.715307446528395730e-01 5.771479518756555960e-01 1.990345458215965713e-05
1.544601911431347132e-06 1.435166425626809572e-01 6.996794469969634944e-01 5.742427589139117439e-01 1.955453329697772103e-05
1.561043691456724139e-06 1.394885534834922058e-01 6.980889487496975132e-01 5.699577775408181113e-01 2.025266261369461094e-05
1.546996393804722077e-06 1.453313905488969604e-01 6.872693273253448476e-01 5.773668050721457723e-01 1.942730746245805305e-05
1.556928543243934227e-06 1.454375612130339168e-01 6.931751280442010055e-01 5.684051303105824848e-01 1.935790154605436774e-05
1.558752770502088303e-06 1.461315979242900909e-01 6.939821811173623178e-01 5.661664726252954027e-01 1.924120811526942043e-05
1.561804321117769688e-06 1.423794506463324783e-01 6.676455151907170205e-01 5.829973040343275903e-01 1.966148652577458353e-05
1.567661845650340269e-06 1.410105074997441144e-01 6.810548964040633590e-01 5.738600536452728162e-01 1.988566807341502301e-05
1.550612847877705430e-06 1.445752360152952054e-01 6.861818019141205927e-01 5.767531235724430161e-01 1.950752056937552398e-05
1.572460702602258364e-06 1.432486928670058390e-01 6.632457186993075959e-01 5.779882456669193092e-01 1.973963714785447078e-05
1.549477199886256640e-06 1.434697513659378143e-01 6.933035445448737510e-01 5.748982190956880567e-01 1.958692647088115156e-05
1.571727153192273357e-06 1.437177398788555549e-01 6.620168897261388130e-01 5.863206638548758010e-01 1.950848003226932266e-05
1.550930274063336644e-06 1.432643789646534938e-01 6.923097395414796740e-01 5.716007186035247933e-01 1.969032709547223516e-05
1.552092028106898332e-06 1.448604720578560434e-01 7.029725598386424856e-01 5.672430316226774183e-01 1.958743044931331970e-05
1.560104669840867391e-06 1.428136293933491008e-01 6.738277480041039436e-01 5.802403063622887380e-01 1.964852671239386304e-05
1.553791679383800629e-06 1.444262933108394209e-01 6.967903270252555625e-01 5.700000292947162706e-01 1.960039026269404019e-05
1.558999896510880581e-06 1.430958455789099193e-01 6.778461993328054325e-01 5.784482578754635007e-01 1.964010283369639387e-05
1.529987496642408554e-06 1.465842300535812881e-01 7.155515918222685734e-01 5.640985322228064813e-01 1.913349465025538862e-05
1.568601218504531868e-06 1.422683656006561437e-01 6.710208817300938877e-01 5.804707523762173693e-01 1.983154538744229031e-05
1.551381739211181428e-06 1.433949702085322297e-01 6.902120755024601095e-01 5.756082268516431455e-01 1.959756174344419935e-05
1.552544198552845473e-06 1.432306722875047733e-01 6.894170314997448701e-01 5.729702264579125126e-01 1.968028224311706622e-05
1.552290257604340503e-06 1.442793579280181593e-01 6.845146813978575384e-01 5.770921504330470686e-01 1.953403702223969796e-05
1.557342813897323498e-06 1.449692180862091062e-01 6.901093423019218909e-01 5.704137558235586880e-01 1.941434180358277297e-05
1.573233585694525506e-06 1.417014724770226386e-01 6.648292186895399247e-01 5.828445696233119921e-01 1.991171397148846383e-05
1.565110635942362261e-06 1.422775135272533187e-01 6.804508655327314859e-01 5.750218642197089114e-01 1.976356401589185918e-05
1.562867069733208422e-06 1.426278362973871228e-01 6.811620333091286117e-01 5.753841643070429779e-01 1.972339679200273182e-05
1.554533823813494342e-06 1.439290351578843552e-01 6.838035136214604126e-01 5.767298503457130021e-01 1.957420424612882532e-05
1.561408751697258543e-06 1.428555460979741287e-01 6.816242923637867435e-01 5.756196593638102099e-01 1.969728809647479530e-05
1.561684454769352776e-06 1.407421845737684141e-01 6.714621846534128968e-01 5.837826202452978119e-01 1.999643775170559446e-05
1.558102601049928537e-06 1.442294872215320045e-01 6.868460897134327503e-01 5.727533070973630513e-01 1.951620859450426673e-05
1.559668453971414960e-06 1.430690137381163685e-01 6.873252837747801935e-01 5.734701378821529527e-01 1.972111902591511728e-05
1.570601297175207695e-06 1.426395065203277246e-01 6.738046909140535945e-01 5.754549333181770976e-01 1.981308302915568576e-05
1.564251302880310072e-06 1.430925147998272640e-01 6.792646334728336122e-01 5.753776103877569215e-01 1.975967464919744734e-05
1.561906198154292624e-06 1.428970156207984288e-01 6.812113520578699788e-01 5.755773007930009566e-01 1.970820574320125907e-05
1.568101557950151906e-06 1.429575026605685861e-01 6.764129706739294701e-01 5.749146080740142883e-01 1.975370814222540263e-05
1.570207388765606112e-06 1.422070754259245062e-01 6.692325928943184676e-01 5.808263171181221596e-01 1.983261289609162509e-05
1.559355283387117718e-06 1.433011084347994846e-01 6.872294449625107049e-01 5.733267717251949724e-01 1.968013693963294717e-05
1.553655879052262128e-06 1.434304352743102084e-01 6.889028431424824017e-01 5.729268425858026204e-01 1.964746751339450700e-05
1.560747521567792499e-06 1.431303343226857094e-01 6.826686518337159448e-01 5.750463889105207338e-01 1.966107219608069094e-05
1.552725911578930553e-06 1.435618736111321792e-01 6.895388783446545489e-01 5.750372429007871711e-01 1.958129111365620943e-05
1.555416649693894163e-06 1.434561086947835351e-01 6.872418445022775435e-01 5.750157818061019110e-01 1.961146409365581130e-05
1.557947599211730626e-06 1.435193516978542083e-01 6.851124742522927136e-01 5.748932192225132409e-01 1.965408381883097062e-05
1.564290850892763885e-06 1.432188745269846741e-01 6.796875334837372273e-01 5.748748012934965512e-01 1.972073981132590993e-05
1.556969634903696322e-06 1.434145927154187317e-01 6.859198400740329493e-01 5.749911102163959287e-01 1.963058734424808025e-05
1.567377123874969513e-06 1.432382109239014323e-01 6.768333336161527214e-01 5.777894475660331208e-01 1.967798432392864488e-05
1.556057096896235846e-06 1.433967960129886587e-01 6.867906789753747132e-01 5.737777984573430023e-01 1.965280795523797927e-05
1.563698352820551214e-06 1.432469348018208244e-01 6.801646722451388793e-01 5.752398552318188640e-01 1.970375273747103936e-05
1.558147160539145928e-06 1.433852525805390798e-01 6.849126857039764538e-01 5.750346405940949257e-01 1.964339128806209979e-05
1.565446916285175891e-06 1.432601141312710435e-01 6.785426360352376784e-01 5.769559038455726041e-01 1.967776545961077772e-05
1.557700315289300195e-06 1.433728766836880886e-01 6.853472714608507266e-01 5.743339669002831549e-01 1.965717551850321967e-05
1.563457500400708771e-06 1.430789684407390572e-01 6.803147596417429277e-01 5.756167821515100202e-01 1.967772627588669547e-05
1.558911831919801812e-06 1.434422846278590735e-01 6.842728741954464677e-01 5.750198427350876607e-01 1.965822124881572332e-05
1.560523558593064137e-06 1.438250048624105104e-01 6.833233903496098716e-01 5.743679091015149174e-01 1.957948945482173840e-05
1.560201729984561379e-06 1.431397164321353832e-01 6.821243357475442748e-01 5.756324369438509114e-01 1.969226299402089940e-05
1.561525704462815481e-06 1.430823018330244778e-01 6.836300745488722574e-01 5.748266808037804099e-01 1.971063213092468140e-05
1.560559206184438007e-06 1.431496171496161596e-01 6.817766671420448787e-01 5.761929758989003947e-01 1.968123560966800621e-05
1.560399557122505638e-06 1.432568964434682568e-01 6.819364979806978866e-01 5.760798388016350469e-01 1.968978963428310151e-05
1.564583969386983092e-06 1.430547808491691164e-01 6.783220894663721801e-01 5.765002972086608057e-01 1.972067923438881076e-05
1.561263539744883492e-06 1.431330207970379353e-01 6.811721160488021232e-01 5.762467571281084666e-01 1.968813824399414853e-05
1.564915609439084535e-06 1.421025995102257466e-01 6.759148565384840435e-01 5.790769032166839247e-01 1.986588490490404262e-05
1.561292167491117590e-06 1.435235839257781865e-01 6.820268969326628294e-01 5.751919830716694104e-01 1.962960865858614249e-05
1.565396655057087391e-06 1.427773829220919388e-01 6.773379084881820944e-01 5.770098312245774963e-01 1.973151233516390538e-05
1.561274049261057646e-06 1.431729815772274095e-01 6.811317448195075563e-01 5.762425874756500477e-01 1.969709110693724236e-05
1.564496797396451800e-06 1.423704545003617317e-01 6.768894486909551311e-01 5.783179287161352988e-01 1.981868629020130300e-05
1.561852977724550950e-06 1.433217862763302985e-01 6.811278434903640377e-01 5.757390235594509464e-01 1.966269724411879422e-05
1.566247733999004602e-06 1.428271499316824678e-01 6.763934129732017686e-01 5.779201094901936786e-01 1.974420565480570130e-05
1.561259780687088975e-06 1.430850172945561105e-01 6.811214242620343695e-01 5.760327796394608679e-01 1.970135295965823872e-05
1.565184420615563919e-06 1.428146441657872079e-01 6.773253559572364191e-01 5.772201983104772172e-01 1.975361629109808554e-05
1.561949693897252662e-06 1.430773048865690567e-01 6.804989330327781971e-01 5.764171093350229924e-01 1.969959690223733632e-05
1.565091851671407057e-06 1.428633643512184637e-01 6.736149408507287051e-01 5.792764460473024402e-01 1.972670831269261464e-05
1.562149780224318880e-06 1.430439877737084142e-01 6.818774261516971080e-01 5.756053897213967430e-01 1.971344546273406836e-05
1.563049302302792487e-06 1.429094289208297786e-01 6.787436579884912335e-01 5.769914871351931041e-01 1.972760494694491667e-05
1.563060717161967339e-06 1.429798003469668344e-01 6.787519144344696942e-01 5.771593334041444923e-01 1.972419546476811958e-05
1.563601232870923268e-06 1.429032589944401466e-01 6.782456650050862068e-01 5.772989508916428480e-01 1.972620010100819543e-05
1.563523859932761982e-06 1.430988441062491512e-01 6.787487933711549015e-01 5.767564822711851447e-01 1.969668037451336039e-05
1.563262041323373650e-06 1.429072565516044946e-01 6.807505782179614773e-01 5.760266080666487376e-01 1.973502828395807149e-05
1.565640090923677191e-06 1.427377031461898038e-01 6.762453497574719696e-01 5.778051403064747849e-01 1.976024868550224186e-05
1.563958033030155109e-06 1.428742867209963352e-01 6.778956098367536764e-01 5.773875340392384814e-01 1.973215860329465186e-05
1.564490051482695094e-06 1.428252553627583632e-01 6.768480501264394489e-01 5.778927301469399813e-01 1.974587895103282136e-05
1.564480919595355254e-06 1.427689582218487352e-01 6.768414449696567026e-01 5.777584531317788707e-01 1.974860653677425768e-05
1.564651110811820227e-06 1.427672203264684914e-01 6.784469811532328754e-01 5.769865498769434220e-01 1.975454520638478357e-05
1.564860565699330766e-06 1.429204903701842277e-01 6.768455532757876592e-01 5.775704492405725476e-01 1.972386687882901198e-05
1.564922464049859752e-06 1.427640222807370074e-01 6.764430505829326368e-01 5.780044241369387548e-01 1.974748266002488204e-05
1.567158928086094005e-06 1.425458512873067907e-01 6.742757990239317545e-01 5.785657472548023650e-01 1.977696672020900549e-05
1.568000995666677790e-06 1.425153387079320377e-01 6.710083951454181017e-01 5.801036064759425015e-01 1.977726907038673341e-05
1.568961055075365819e-06 1.424190633245415449e-01 6.708384635407125263e-01 5.799254051515486674e-01 1.979624618089137142e-05
1.570663149176308742e-06 1.420620244168372404e-01 6.680331249538274951e-01 5.813013624123052336e-01 1.984881368291218661e-05
1.573515687112665225e-06 1.419307830431681128e-01 6.645139052536266355e-01 5.825305222333093669e-01 1.986415688342211113e-05
1.575322640616127049e-06 1.417631480074319772e-01 6.620483973104206443e-01 5.834849360536155105e-01 1.988726695275168046e-05
1.570857404447575100e-06 1.420853658279259413e-01 6.679870633677364999e-01 5.814056170462439388e-01 1.984368152031729869e-05
1.574138921981439436e-06 1.417743836814083780e-01 6.620342336220391699e-01 5.839012228595669152e-01 1.988964690104297919e-05
1.572917423049754081e-06 1.419093905124405863e-01 6.641765075673702334e-01 5.829675146287329746e-01 1.986992786939702752e-05
1.568380427017779360e-06 1.424108444562745823e-01 6.721335250786006910e-01 5.794994554856363056e-01 1.979668575185495715e-05
1.572123448744158558e-06 1.419971449526115370e-01 6.655689856318355302e-01 5.823606042786910741e-01 1.985711049882716640e-05
1.570869048435017935e-06 1.421518169493732331e-01 6.682888553661801012e-01 5.811671581411596010e-01 1.983892169355772094e-05
1.569103933955875319e-06 1.423984275749792527e-01 6.697094971670598529e-01 5.805889896274158968e-01 1.979464663299380759e-05
1.571389060980593125e-06 1.420544492709743811e-01 6.672924317449144826e-01 5.816305980836570244e-01 1.984777659293825982e-05
1.571233656763580081e-06 1.420357761421034148e-01 6.673292810137873010e-01 5.815471943765060381e-01 1.985188232301417083e-05
1.573037075862336225e-06 1.419136690185860972e-01 6.642439871046215139e-01 5.828801161496482974e-01 1.986877367220204492e-05
1.574913877705801632e-06 1.416361701947028429e-01 6.629578870261920720e-01 5.833132459662961899e-01 1.991395783305991411e-05
1.574256243274985745e-06 1.418389792486184631e-01 6.635895455844266211e-01 5.830614618531220206e-01 1.988155234705784682e-05
1.570312968560437924e-06 1.423197088175852942e-01 6.682136029953156253e-01 5.811946966180621121e-01 1.980651464261127528e-05
1.574135365881389193e-06 1.418712188101997063e-01 6.628525337069817169e-01 5.833517998339600164e-01 1.986858796173488883e-05
1.570699820083982931e-06 1.421969523355869625e-01 6.672570387377573242e-01 5.815736313143327063e-01 1.982077155410558517e-05
1.573633869216560274e-06 1.419016245388379505e-01 6.642313568862594497e-01 5.828010915088338573e-01 1.987091570829120103e-05
1.574464925672762327e-06 1.419203524203764832e-01 6.623297226338074051e-01 5.834726924538683468e-01 1.986380295436635001e-05
1.572552540019276338e-06 1.420806683051283048e-01 6.646301437914816646e-01 5.825708394067053986e-01 1.983781873744346974e-05
1.573444636607035659e-06 1.419329571979387472e-01 6.643011445946733762e-01 5.827607973909614270e-01 1.986512373839284721e-05
1.574011430127644315e-06 1.418831316567933931e-01 6.631848080163107451e-01 5.831875443138299087e-01 1.986770174607233464e-05
1.574275077960742906e-06 1.419224385449348036e-01 6.627665591577712734e-01 5.832842584097565064e-01 1.986387374017750223e-05
1.570953512270883469e-06 1.422419236627018579e-01 6.674736634469777830e-01 5.814618617411115853e-01 1.981804309077344109e-05
1.573132798112402110e-06 1.419170918235025114e-01 6.642979707344225382e-01 5.828101973663805113e-01 1.986785031444605681e-05
1.573610232795781222e-06 1.419074562397039940e-01 6.642878665597329313e-01 5.827469776537289592e-01 1.986956394331738373e-05
1.576464578172810927e-06 1.415824368605392569e-01 6.601467804417679996e-01 5.843619382496905157e-01 1.991521556020071297e-05
1.571917948803720795e-06 1.421265134723234125e-01 6.661914589210661264e-01 5.819693751301129314e-01 1.983504827292321469e-05
1.572569267786480673e-06 1.420385815926597517e-01 6.656382962343370124e-01 5.821489880034851350e-01 1.985249551564217550e-05
1.573759051717940762e-06 1.419103353955700197e-01 6.636141684544654140e-01 5.830057969595195955e-01 1.986504065574705612e-05
1.574123199791127370e-06 1.419241074445814765e-01 6.631160283769423902e-01 5.831335111744671007e-01 1.986393036882642266e-05
1.573209375912454648e-06 1.419198300674356372e-01 6.643411576382634021e-01 5.827542623397662380e-01 1.986711162824126903e-05
1.572237496465509639e-06 1.420873673864923581e-01 6.658559481875782060e-01 5.820816045507521963e-01 1.984086999502299330e-05
1.573591323659158107e-06 1.419121216003968178e-01 6.643330742985116277e-01 5.827036865696449963e-01 1.986848253133832853e-05
1.573912281524648454e-06 1.418926619340683259e-01 6.634506274637739232e-01 5.830561398977257559e-01 1.986699277354229130e-05
1.572463266078646720e-06 1.419729981680430131e-01 6.658818567597590832e-01 5.821169750620123207e-01 1.985911515580037601e-05
1.572094578166725705e-06 1.420365781721460718e-01 6.665197493913217475e-01 5.818186804044683802e-01 1.985290170398773448e-05
1.571731037495141112e-06 1.420653614197616155e-01 6.671335737768312457e-01 5.815711885058169051e-01 1.985008349007682244e-05
1.573712195906350608e-06 1.418215570339834697e-01 6.643799491490148812e-01 5.826880460929282357e-01 1.988383716609293437e-05
1.572941444456964321e-06 1.419497851396593346e-01 6.659102563026300103e-01 5.819889018051792595e-01 1.986428574801532207e-05
1.573162487907743618e-06 1.419250722050747759e-01 6.646157499045275419e-01 5.826203242462135723e-01 1.986661709920172763e-05
1.572988332461675351e-06 1.419445430020201959e-01 6.656356640363658705e-01 5.821228398987319252e-01 1.986478027705486347e-05
1.572318300231267167e-06 1.419704621673475164e-01 6.664393755375235262e-01 5.818071389069349175e-01 1.986143394320487790e-05
1.573368544559277087e-06 1.419223311996131998e-01 6.647016770153386656e-01 5.825467907286707714e-01 1.986724902841497298e-05
1.573231465323477363e-06 1.419519420689636935e-01 6.649150740811656801e-01 5.823881538675411695e-01 1.986190584753523512e-05
1.572389528496262517e-06 1.419857141688636304e-01 6.660094352860715938e-01 5.820573161305034882e-01 1.985787246543784703e-05
1.572809581602685464e-06 1.419629500360453656e-01 6.658124811073570237e-01 5.820620079998791718e-01 1.986240456244143631e-05
1.573388672358425627e-06 1.418645612616159790e-01 6.648079091974762322e-01 5.825141729552362202e-01 1.987765007367189439e-05
1.573291974560671584e-06 1.419370129147466686e-01 6.647704093170736517e-01 5.825266853366096731e-01 1.986536636586820904e-05
1.572948905959539739e-06 1.419473733984890629e-01 6.649965498018864940e-01 5.824599954778645339e-01 1.986387402015893713e-05
1.572094578166725705e-06 1.420365781721460718e-01 6.665197493913217475e-01 5.818186804044683802e-01 1.985290170398773448e-05
