1.126000000000000112e+00 6.894961180269686780e-04
1.126987992296117014e+00 7.065011341878565769e-04
1.127977719913760390e+00 7.291013047083136052e-04
1.128969187428857879e+00 7.558200360429546830e-04
1.129962399433440456e+00 7.844189633458704654e-04
1.130957360535711942e+00 8.123433721061681283e-04
1.131954075360122047e+00 8.372339844880626308e-04
1.132952548547436100e+00 8.573944675318998431e-04
1.133952784754808318e+00 8.721129459773695452e-04
1.134954788655853974e+00 8.817671220169924192e-04
1.135958564940721782e+00 8.876898110286724885e-04
1.136964118316167838e+00 8.918245533598944102e-04
1.137971453505628228e+00 8.962476856818969760e-04
1.138980575249294080e+00 9.026632573795929535e-04
1.139991488304184397e+00 9.119835694875850184e-04
1.141004197444223101e+00 9.240893790579624359e-04
1.142018707460311200e+00 9.378241558360557277e-04
1.143035023160405395e+00 9.512250888781032150e-04
1.144053149369591793e+00 9.619412777007270085e-04
1.145073090930163184e+00 9.677481291528323547e-04
1.146094852701695865e+00 9.670453385679908444e-04
1.147118439561126468e+00 9.592285681344361013e-04
1.148143856402830121e+00 9.448514781307681834e-04
1.149171108138697273e+00 9.255395466809194626e-04
1.150200199698214076e+00 9.036706827205021747e-04
1.151231136028538549e+00 8.818885496905876954e-04
1.152263922094582727e+00 8.625516715889316316e-04
1.153298562879090827e+00 8.472364220096904484e-04
1.154335063382718740e+00 8.364012262430439021e-04
1.155373428624115739e+00 8.292847761125784036e-04
1.156413663640005973e+00 8.240602586257368689e-04
1.157455773485268402e+00 8.182118741735230688e-04
1.158499763233019175e+00 8.090518402756777900e-04
1.159545637974695120e+00 7.942664569175191891e-04
1.160593402820134123e+00 7.723751346080092589e-04
1.161643062897660617e+00 7.430072372346446449e-04
1.162694623354169066e+00 7.069430196050312731e-04
1.163748089355205462e+00 6.659172247337428194e-04
1.164803466085055916e+00 6.222352817810839886e-04
1.165860758746828818e+00 5.782912691590858445e-04
1.166919972562540542e+00 5.360955669983715356e-04
1.167981112773203378e+00 4.969147149205092873e-04
1.169044184638909245e+00 4.610980003245578811e-04
1.170109193438919171e+00 4.281212170949118745e-04
1.171176144471748781e+00 3.968278749851216164e-04
1.172245043055257785e+00 3.658033308423696618e-04
1.173315894526736125e+00 3.337881703252431232e-04
1.174388704242995241e+00 3.000305023204757004e-04
1.175463477580455329e+00 2.644942238875895579e-04
1.176540219935237941e+00 2.278775867154416931e-04
1.177618936723252130e+00 1.914444592289904522e-04
1.178699633380288825e+00 1.567176960292759197e-04
1.179782315362111200e+00 1.251183450767746268e-04
1.180866988144545493e+00 9.764750934055899622e-05
1.181953657223574483e+00 7.469627139451690380e-05
1.183042328115429642e+00 5.603599418246546623e-05
1.184133006356684392e+00 4.099467349384589894e-05
1.185225697504348696e+00 2.877629585294066045e-05
1.186320407135962984e+00 1.884135698023947818e-05
1.187417140849692743e+00 1.124754926292703570e-05
1.188515904264424883e+00 6.855316150338096340e-06
1.189616703019862110e+00 7.332891791097325883e-06
1.190719542776621509e+00 1.494321085307550093e-05
1.191824429216329584e+00 3.214979762186113076e-05
1.192931368041720619e+00 6.112736117737685123e-05
1.194040364976735713e+00 1.032930524789709320e-04
1.195151425766620035e+00 1.589776586857937944e-04
1.196264556178022742e+00 2.273299638243649013e-04
1.197379761999095793e+00 3.064966933196627092e-04
1.198497049039596751e+00 3.940558414675993559e-04
1.199616423130986265e+00 4.876177211469211268e-04
1.200737890126532648e+00 5.854612435407147326e-04
1.201861455901411802e+00 6.870549099839117759e-04
1.202987126352810021e+00 7.933285552201413925e-04
1.204114907400029022e+00 9.066107895416339714e-04
1.205244804984587415e+00 1.030227098065682190e-03
1.206376825070326175e+00 1.167800525927690375e-03
1.207510973643513230e+00 1.322350488695993309e-03
1.208647256712948925e+00 1.495548784211953811e-03
1.209785680310073053e+00 1.687073200458331229e-03
1.210926250489070988e+00 1.894329750510101700e-03
1.212068973326979604e+00 2.112592586895817044e-03
1.213213854923797186e+00 2.335549216463617128e-03
1.214360901402591786e+00 2.556152338680359702e-03
1.215510118909608916e+00 2.767613485543936151e-03
1.216661513614383239e+00 2.964342844929089386e-03
1.217815091709847364e+00 3.142651561250527602e-03
1.218970859412443097e+00 3.301085172138904737e-03
1.220128822962234905e+00 3.440338146332177095e-03
1.221288988623019378e+00 3.562791405478610372e-03
1.222451362682440701e+00 3.671796121840525257e-03
1.223615951452102335e+00 3.770878885605372533e-03
1.224782761267683151e+00 3.863053003460420725e-03
1.225951798489049782e+00 3.950385505778341785e-03
1.227123069500375196e+00 4.033897546369827683e-03
1.228296580710252384e+00 4.113784736432412117e-03
1.229472338551812483e+00 4.189856399616319685e-03
1.230650349482842243e+00 4.262031485462339057e-03
1.231830619985901931e+00 4.330710797135339275e-03
1.233013156568444346e+00 4.396876765698692034e-03
1.234197965762934945e+00 4.461847250026111482e-03
1.235385054126971083e+00 4.526711227275602087e-03
1.236574428243403911e+00 4.591576519588463391e-03
1.237766094720459620e+00 4.654835810231313861e-03
1.238960060191861778e+00 4.712684849376036489e-03
1.240156331316954574e+00 4.759094228642206902e-03
1.241354914780826935e+00 4.786345902677668733e-03
1.242555817294437093e+00 4.786114918363780155e-03
1.243759045594736268e+00 4.750934433860605488e-03
1.244964606444796784e+00 4.675762591080440643e-03
1.246172506633937749e+00 4.559305395349878311e-03
1.247382752977852505e+00 4.404762300921654349e-03
1.248595352318737195e+00 4.219755775175579489e-03
1.249810311525418882e+00 4.015368173419834111e-03
1.251027637493486333e+00 3.804406378705755751e-03
1.252247337145420136e+00 3.599202882336148285e-03
1.253469417430722599e+00 3.409395532565583607e-03
1.254693885326052527e+00 3.240170466937984488e-03
1.255920747835354900e+00 3.091385921223919510e-03
1.257150011989997207e+00 2.957825303410514892e-03
1.258381684848900894e+00 2.830587506868818479e-03
1.259615773498678593e+00 2.699361477010158317e-03
1.260852285053770450e+00 2.555109908428827674e-03
1.262091226656578691e+00 2.392558691007299482e-03
1.263332605477606396e+00 2.211892030843258094e-03
1.264576428715595835e+00 2.019198259441389639e-03
1.265822703597668353e+00 1.825476244145551354e-03
1.267071437379462040e+00 1.644345043074414659e-03
1.268322637345275172e+00 1.488927225041036286e-03
1.269576310808206099e+00 1.368620420424881837e-03
1.270832465110296461e+00 1.286565448647095534e-03
1.272091107622674411e+00 1.238524981609579389e-03
1.273352245745698719e+00 1.213607353277527902e-03
1.274615886909103546e+00 1.196853751259711017e-03
1.275882038572145216e+00 1.173239865063701193e-03
1.277150708223747877e+00 1.132233475877406342e-03
1.278421903382652269e+00 1.071804818314679893e-03
1.279695631597562944e+00 1.000787883033869277e-03
1.280971900447299028e+00 9.387710580716157951e-04
1.282250717540943441e+00 9.132262652901707457e-04
1.283532090517995217e+00 9.542767703937431525e-04
1.284816027048520271e+00 1.088215971790913381e-03
1.286102534833305722e+00 1.331459690792006394e-03
1.287391621604013325e+00 1.686888727426141344e-03
1.288683295123334016e+00 2.144406012946578448e-03
1.289977563185144005e+00 2.686955310781712850e-03
1.291274433614661987e+00 3.302277446038661465e-03
1.292573914268606350e+00 3.999457027241638297e-03
1.293876013035353711e+00 4.828051341318387486e-03
1.295180737835098794e+00 5.896544731549889333e-03
1.296488096620015629e+00 7.386249454857989061e-03
1.297798097374417203e+00 9.556944226501572215e-03
1.299110748114920444e+00 1.274114361561654897e-02
1.300426056890607862e+00 1.732530426606282772e-02
1.301744031783193201e+00 2.371848824396789041e-02
1.303064680907186412e+00 3.231084027078643534e-02
1.304388012410060194e+00 4.342635230198023388e-02
1.305714034472417628e+00 5.727583770495575655e-02
1.307042755308160942e+00 7.391668985599983421e-02
1.308374183164660698e+00 9.322564917741558987e-02
1.309708326322927663e+00 1.148894256623123056e-01
1.311045193097781558e+00 1.384157757912495568e-01
1.312384791838027587e+00 1.631648297493448474e-01
1.313727130926627851e+00 1.883975374118811996e-01
1.315072218780876323e+00 2.133355236665932242e-01
1.316420063852575595e+00 2.372248512581613122e-01
1.317770674628213401e+00 2.593955024958198297e-01
1.319124059629140922e+00 2.793089540041239771e-01
1.320480227411752194e+00 2.965879689707408007e-01
1.321839186567663527e+00 3.110254055163567677e-01
1.323200945723896238e+00 3.225720137261685605e-01
1.324565513543057849e+00 3.313063525953808819e-01
1.325932898723527265e+00 3.373925831634010386e-01
1.327303109999638409e+00 3.410335529548735867e-01
1.328676156141866516e+00 3.424270089565708552e-01
1.330052045957015094e+00 3.417319015616672728e-01
1.331430788288405109e+00 3.390497321360724792e-01
1.332812392016063274e+00 3.344231084456081304e-01
1.334196866056913677e+00 3.278505933026559238e-01
1.335584219364968961e+00 3.193140961015621393e-01
1.336974460931523057e+00 3.088129490834919944e-01
1.338367599785346362e+00 2.963977805940454791e-01
1.339763644992881142e+00 2.821975018294186621e-01
1.341162605658436702e+00 2.664340974281503294e-01
1.342564490924390119e+00 2.494221847678495252e-01
1.343969309971381643e+00 2.315530597479080743e-01
1.345377072018519193e+00 2.132656810431916850e-01
1.346787786323576430e+00 1.950092786809125567e-01
1.348201462183198140e+00 1.772036261436743254e-01
1.349618108933102745e+00 1.602032751573878588e-01
1.351037735948290130e+00 1.442712074445446913e-01
1.352460352643244823e+00 1.295655947432553246e-01
1.353885968472148260e+00 1.161410228231841424e-01
1.355314592929085071e+00 1.039630638202183738e-01
1.356746235548255131e+00 9.293291937068615116e-02
1.358180905904185831e+00 8.291737694475299902e-02
1.359618613611944804e+00 7.377875658931494496e-02
1.361059368327355079e+00 6.539993122292317440e-02
1.362503179747211357e+00 5.770075650664732714e-02
1.363950057609498057e+00 5.064407201804017877e-02
1.365400011693606253e+00 4.423146739960081425e-02
1.366853051820556830e+00 3.849085899130599842e-02
1.368309187853220088e+00 3.345926157098746273e-02
1.369768429696540002e+00 2.916474759085486285e-02
1.371230787297757381e+00 2.561139411287753284e-02
1.372696270646638572e+00 2.277011277275224621e-02
1.374164889775699727e+00 2.057685935931818574e-02
1.375636654760438393e+00 1.893812875158681908e-02
1.377111575719562442e+00 1.774218017314651771e-02
1.378589662815221883e+00 1.687338577188555316e-02
1.380070926253243568e+00 1.622663528513441575e-02
1.381555376283364778e+00 1.571891667943034823e-02
1.383043023199470367e+00 1.529595089384826537e-02
1.384533877339829910e+00 1.493290169034048806e-02
1.386027949087338174e+00 1.462945524006620431e-02
1.387525248869755812e+00 1.440070158829510720e-02
1.389025787159951619e+00 1.426602631184705448e-02
1.390529574476147223e+00 1.423849565885854096e-02
1.392036621382161998e+00 1.431696222211435374e-02
1.393546938487661091e+00 1.448241155394210632e-02
1.395060536448405220e+00 1.469908300883593366e-02
1.396577425966499586e+00 1.491985047242147013e-02
1.398097617790646341e+00 1.509446278319905889e-02
1.399621122716400601e+00 1.517869790385203282e-02
1.401147951586422913e+00 1.514237832849081762e-02
1.402678115290738603e+00 1.497454161465527379e-02
1.404211624766996236e+00 1.468469170488848931e-02
1.405748491000727851e+00 1.430002404705797703e-02
1.407288725025611198e+00 1.385933430965423027e-02
1.408832337923734634e+00 1.340497987867565570e-02
1.410379340825861805e+00 1.297465429553517659e-02
1.411929744911700313e+00 1.259468218126112878e-02
1.413483561410169731e+00 1.227614213136784573e-02
1.415040801599673825e+00 1.201445940403229884e-02
1.416601476808373228e+00 1.179233542710149581e-02
1.418165598414459661e+00 1.158516948477779016e-02
1.419733177846432826e+00 1.136763154469286330e-02
1.421304226583378183e+00 1.111986371390680413e-02
1.422878756155248059e+00 1.083194853948976112e-02
1.424456778143142976e+00 1.050573663272015741e-02
1.426038304179596539e+00 1.015376243568687914e-02
1.427623345948860090e+00 9.795647581721340577e-03
1.429211915187190263e+00 9.452945771369092656e-03
1.430804023683140525e+00 9.143701545144041626e-03
1.432399683277851388e+00 8.878014174579345816e-03
1.433998905865343287e+00 8.655622305661745883e-03
1.435601703392814343e+00 8.466025998557480045e-03
1.437208087860935457e+00 8.291059767979598247e-03
1.438818071324151404e+00 8.109262938533702905e-03
1.440431665890981705e+00 7.900990454863933074e-03
1.442048883724324604e+00 7.653056466835672644e-03
1.443669737041762158e+00 7.361833529607170537e-03
1.445294238115867769e+00 7.034106440171954480e-03
1.446922399274517490e+00 6.685510564279466446e-03
1.448554232901199557e+00 6.336945363938592014e-03
1.450189751435329688e+00 6.009815460531430648e-03
1.451828967372567725e+00 5.721209628570090612e-03
1.453471893265134263e+00 5.480126592821495113e-03
1.455118541722132175e+00 5.285599721564152378e-03
1.456768925409868798e+00 5.127123451282212044e-03
1.458423057052181004e+00 4.987248614954298970e-03
1.460080949430762276e+00 4.845716311789136088e-03
1.461742615385490884e+00 4.684154788150613619e-03
1.463408067814762958e+00 4.490248803219880867e-03
1.465077319675824219e+00 4.260429918479579324e-03
1.466750383985108819e+00 4.000493796112558620e-03
1.468427273818574630e+00 3.724041177645479039e-03
1.470108002312046080e+00 3.449146832864531404e-03
1.471792582661556104e+00 3.194066613470101287e-03
1.473481028123691416e+00 2.973002985165669292e-03
1.475173352015941353e+00 2.792917105275086187e-03
1.476869567717046916e+00 2.652111366973501465e-03
1.478569688667353610e+00 2.540875742449627984e-03
1.480273728369166264e+00 2.443998373253519416e-03
1.481981700387106970e+00 2.344503507694630211e-03
1.483693618348475241e+00 2.227701425797662654e-03
1.485409495943609492e+00 2.084579780913020045e-03
1.487129346926251872e+00 1.913744127636147303e-03
1.488853185113917732e+00 1.721481458967435638e-03
1.490581024388262232e+00 1.519983668718187303e-03
1.492312878695457590e+00 1.324214469716386003e-03
1.494048762046563450e+00 1.148224530120863212e-03
1.495788688517908360e+00 1.001837584395201498e-03
1.497532672251467467e+00 8.885173300887559342e-04
1.499280727455248874e+00 8.049105812785984325e-04
1.501032868403676668e+00 7.421263663707244104e-04
1.502789109437979942e+00 6.883643847933342517e-04
1.504549464966586036e+00 6.321639216176389063e-04
1.506313949465511781e+00 5.653949200113411863e-04
1.508082577478762509e+00 4.851966758685121112e-04
1.509855363618730850e+00 3.943666828024136204e-04
1.511632322566598186e+00 3.001362467825906201e-04
1.513413469072741879e+00 2.117262684435546017e-04
1.515198817957142063e+00 1.374323911887491401e-04
1.516988384109793087e+00 8.214264289074637638e-05
1.518782182491116739e+00 4.609199175800841625e-05
1.520580228132380585e+00 2.532171176224440231e-05
1.522382536136117182e+00 1.381673422252534767e-05
1.524189121676545966e+00 6.768233622794869317e-06
1.526000000000000023e+00 3.995470396359457790e-06
