1.126000000000000112e+00 9.619170801634030488e-01
1.126987992296117014e+00 9.767504202877256292e-01
1.127977719913760390e+00 9.711474027560033084e-01
1.128969187428857879e+00 9.509791675998191529e-01
1.129962399433440456e+00 9.272307355416743446e-01
1.130957360535711942e+00 9.102972406689039397e-01
1.131954075360122047e+00 9.070524636140309127e-01
1.132952548547436100e+00 9.191305989286774336e-01
1.133952784754808318e+00 9.421790465149487703e-01
1.134954788655853974e+00 9.664009161351510002e-01
1.135958564940721782e+00 9.791622138635677208e-01
1.136964118316167838e+00 9.714520536698250108e-01
1.137971453505628228e+00 9.456498871102689829e-01
1.138980575249294080e+00 9.162893826143264642e-01
1.139991488304184397e+00 9.006897691499272662e-01
1.141004197444223101e+00 9.078124178902187147e-01
1.142018707460311200e+00 9.343076120288947850e-01
1.143035023160405395e+00 9.673338004035632043e-01
1.144053149369591793e+00 9.901185653495884198e-01
1.145073090930163184e+00 9.896307817133856988e-01
1.146094852701695865e+00 9.647645979259676929e-01
1.147118439561126468e+00 9.288228917319945044e-01
1.148143856402830121e+00 9.023735619693138421e-01
1.149171108138697273e+00 9.009161682057850173e-01
1.150200199698214076e+00 9.256516159994113702e-01
1.151231136028538549e+00 9.624871046869578617e-01
1.152263922094582727e+00 9.899169840083846816e-01
1.153298562879090827e+00 9.921227790993687456e-01
1.154335063382718740e+00 9.689710634180190851e-01
1.155373428624115739e+00 9.351827635014471340e-01
1.156413663640005973e+00 9.098926961896286469e-01
1.157455773485268402e+00 9.055042227021773416e-01
1.158499763233019175e+00 9.223424629951241238e-01
1.159545637974695120e+00 9.495322127145441327e-01
1.160593402820134123e+00 9.710801157079241852e-01
1.161643062897660617e+00 9.752275513826411668e-01
1.162694623354169066e+00 9.612926640197085870e-01
1.163748089355205462e+00 9.386630333674053084e-01
1.164803466085055916e+00 9.197045430205125216e-01
1.165860758746828818e+00 9.127844960164374077e-01
1.166919972562540542e+00 9.191807105963832880e-01
1.167981112773203378e+00 9.341837430546886534e-01
1.169044184638909245e+00 9.507095546345307735e-01
1.170109193438919171e+00 9.622204072563539379e-01
1.171176144471748781e+00 9.635457526268272899e-01
1.172245043055257785e+00 9.522572047733959266e-01
1.173315894526736125e+00 9.317942708048488898e-01
1.174388704242995241e+00 9.118628001988380305e-01
1.175463477580455329e+00 9.029061753131017998e-01
1.176540219935237941e+00 9.092453136287089732e-01
1.177618936723252130e+00 9.270537971708663338e-01
1.178699633380288825e+00 9.469974388794227815e-01
1.179782315362111200e+00 9.582001005046936193e-01
1.180866988144545493e+00 9.527542042426034863e-01
1.181953657223574483e+00 9.303707995871226544e-01
1.183042328115429642e+00 8.998784852579927440e-01
1.184133006356684392e+00 8.749243685462025910e-01
1.185225697504348696e+00 8.661099422236554490e-01
1.186320407135962984e+00 8.746711333020074086e-01
1.187417140849692743e+00 8.913828480619716554e-01
1.188515904264424883e+00 9.015461489392384564e-01
1.189616703019862110e+00 8.938713188075969596e-01
1.190719542776621509e+00 8.677829483091171747e-01
1.191824429216329584e+00 8.335736112439832146e-01
1.192931368041720619e+00 8.052524866303040207e-01
1.194040364976735713e+00 7.917128793037937484e-01
1.195151425766620035e+00 7.918753873711049662e-01
1.196264556178022742e+00 7.957616727934803125e-01
1.197379761999095793e+00 7.906837308369115691e-01
1.198497049039596751e+00 7.693396503419097643e-01
1.199616423130986265e+00 7.343408172097222186e-01
1.200737890126532648e+00 6.957192867401691405e-01
1.201861455901411802e+00 6.640047348064055388e-01
1.202987126352810021e+00 6.444683183303129281e-01
1.204114907400029022e+00 6.355935661643169476e-01
1.205244804984587415e+00 6.313846327633052535e-01
1.206376825070326175e+00 6.252986727101684794e-01
1.207510973643513230e+00 6.129429323131543317e-01
1.208647256712948925e+00 5.924042011589276679e-01
1.209785680310073053e+00 5.640987526727873069e-01
1.210926250489070988e+00 5.315970056971948132e-01
1.212068973326979604e+00 5.015690132721145611e-01
1.213213854923797186e+00 4.809384536768415153e-01
1.214360901402591786e+00 4.729557699096391121e-01
1.215510118909608916e+00 4.754312406700533233e-01
1.216661513614383239e+00 4.822107375592282197e-01
1.217815091709847364e+00 4.865839435075247077e-01
1.218970859412443097e+00 4.844928343851548358e-01
1.220128822962234905e+00 4.758765485179490828e-01
1.221288988623019378e+00 4.639689185340232780e-01
1.222451362682440701e+00 4.536051793674408805e-01
1.223615951452102335e+00 4.494277273194794420e-01
1.224782761267683151e+00 4.542539901444051509e-01
1.225951798489049782e+00 4.678762233926225256e-01
1.227123069500375196e+00 4.868320690236913051e-01
1.228296580710252384e+00 5.057543133108116651e-01
1.229472338551812483e+00 5.203166382168855630e-01
1.230650349482842243e+00 5.301900471110474466e-01
1.231830619985901931e+00 5.394866796774181461e-01
1.233013156568444346e+00 5.538570214877439613e-01
1.234197965762934945e+00 5.761967439939619240e-01
1.235385054126971083e+00 6.039719927409517020e-01
1.236574428243403911e+00 6.301883731036121983e-01
1.237766094720459620e+00 6.477344752145509643e-01
1.238960060191861778e+00 6.540489711044200627e-01
1.240156331316954574e+00 6.524785746098100692e-01
1.241354914780826935e+00 6.497174525905463627e-01
1.242555817294437093e+00 6.518553913886077078e-01
1.243759045594736268e+00 6.615283024778001453e-01
1.244964606444796784e+00 6.771168802657561159e-01
1.246172506633937749e+00 6.940109397093118249e-01
1.247382752977852505e+00 7.070973315846209584e-01
1.248595352318737195e+00 7.129987479716369814e-01
1.249810311525418882e+00 7.112354720461928625e-01
1.251027637493486333e+00 7.043591403288486097e-01
1.252247337145420136e+00 6.970068959928069630e-01
1.253469417430722599e+00 6.938006515492844972e-01
1.254693885326052527e+00 6.968878055245705250e-01
1.255920747835354900e+00 7.047289731284140935e-01
1.257150011989997207e+00 7.133911530965041381e-01
1.258381684848900894e+00 7.196875295028197783e-01
1.259615773498678593e+00 7.232926002160879886e-01
1.260852285053770450e+00 7.256170883780942438e-01
1.262091226656578691e+00 7.270590483076061483e-01
1.263332605477606396e+00 7.263023506152050945e-01
1.264576428715595835e+00 7.225118456986183713e-01
1.265822703597668353e+00 7.174448396108492609e-01
1.267071437379462040e+00 7.145062982653864747e-01
1.268322637345275172e+00 7.152851911248874206e-01
1.269576310808206099e+00 7.172545597306423382e-01
1.270832465110296461e+00 7.156169150502125209e-01
1.272091107622674411e+00 7.079350271833286801e-01
1.273352245745698719e+00 6.969945786114304376e-01
1.274615886909103546e+00 6.889871303176393624e-01
1.275882038572145216e+00 6.882808796250104999e-01
1.277150708223747877e+00 6.929283465380364770e-01
1.278421903382652269e+00 6.952505776666286774e-01
1.279695631597562944e+00 6.881265296790699537e-01
1.280971900447299028e+00 6.715229734002498008e-01
1.282250717540943441e+00 6.526292113683214158e-01
1.283532090517995217e+00 6.396539387730544313e-01
1.284816027048520271e+00 6.354726666344184816e-01
1.286102534833305722e+00 6.361244554456280120e-01
1.287391621604013325e+00 6.346100163213148626e-01
1.288683295123334016e+00 6.268070994168499777e-01
1.289977563185144005e+00 6.138888764825982669e-01
1.291274433614661987e+00 5.980315063011762966e-01
1.292573914268606350e+00 5.763102946241933644e-01
1.293876013035353711e+00 5.411090335328823109e-01
1.295180737835098794e+00 4.875206998944496273e-01
1.296488096620015629e+00 4.196738805567244435e-01
1.297798097374417203e+00 3.497050503811760525e-01
1.299110748114920444e+00 2.906330176933452636e-01
1.300426056890607862e+00 2.486236147168082444e-01
1.301744031783193201e+00 2.197502991725319155e-01
1.303064680907186412e+00 1.934040077822383186e-01
1.304388012410060194e+00 1.602703801151577900e-01
1.305714034472417628e+00 1.194755816930489489e-01
1.307042755308160942e+00 7.937419933874093059e-02
1.308374183164660698e+00 5.075059975970473702e-02
1.309708326322927663e+00 3.831072009519464333e-02
1.311045193097781558e+00 3.865876713243272117e-02
1.312384791838027587e+00 4.529705476167988215e-02
1.313727130926627851e+00 5.310849164603214517e-02
1.315072218780876323e+00 5.822981367360224175e-02
1.316420063852575595e+00 5.732291018675337441e-02
1.317770674628213401e+00 4.929332253453579810e-02
1.319124059629140922e+00 3.651119327122488711e-02
1.320480227411752194e+00 2.316461280217270088e-02
1.321839186567663527e+00 1.278371583699519122e-02
1.323200945723896238e+00 7.047994941633275827e-03
1.324565513543057849e+00 5.812792325782327116e-03
1.325932898723527265e+00 7.982354665782292677e-03
1.327303109999638409e+00 1.253345370048655066e-02
1.328676156141866516e+00 1.846957696671934143e-02
1.330052045957015094e+00 2.409303459328351188e-02
1.331430788288405109e+00 2.733387703504004673e-02
1.332812392016063274e+00 2.709538920157344294e-02
1.334196866056913677e+00 2.382997018415041260e-02
1.335584219364968961e+00 1.881088391138003094e-02
1.336974460931523057e+00 1.329355665650263849e-02
1.338367599785346362e+00 8.424560945351326074e-03
1.339763644992881142e+00 5.467509526667275500e-03
1.341162605658436702e+00 5.529177024232018872e-03
1.342564490924390119e+00 8.891105247150083227e-03
1.343969309971381643e+00 1.495024712590632167e-02
1.345377072018519193e+00 2.296720918564456107e-02
1.346787786323576430e+00 3.242452382626821034e-02
1.348201462183198140e+00 4.237433557965841757e-02
1.349618108933102745e+00 5.080378757438998999e-02
1.351037735948290130e+00 5.506860518509143487e-02
1.352460352643244823e+00 5.328363259858504009e-02
1.353885968472148260e+00 4.580425731335315692e-02
1.355314592929085071e+00 3.550381631080653383e-02
1.356746235548255131e+00 2.612169068680137568e-02
1.358180905904185831e+00 2.006203170023478435e-02
1.359618613611944804e+00 1.780740637536482388e-02
1.361059368327355079e+00 1.887246984345597109e-02
1.362503179747211357e+00 2.253344878831320397e-02
1.363950057609498057e+00 2.777787322936413339e-02
1.365400011693606253e+00 3.318719064244997352e-02
1.366853051820556830e+00 3.711925998617927880e-02
1.368309187853220088e+00 3.825526671691905495e-02
1.369768429696540002e+00 3.642527966125283512e-02
1.371230787297757381e+00 3.289594587396047626e-02
1.372696270646638572e+00 2.948393220528868278e-02
1.374164889775699727e+00 2.729360020490396999e-02
1.375636654760438393e+00 2.625098315709002358e-02
1.377111575719562442e+00 2.554204667838517670e-02
1.378589662815221883e+00 2.442175115715001024e-02
1.380070926253243568e+00 2.285557674518044757e-02
1.381555376283364778e+00 2.150599168825815741e-02
1.383043023199470367e+00 2.113582429404712443e-02
1.384533877339829910e+00 2.212145433873446629e-02
1.386027949087338174e+00 2.440484857182557629e-02
1.387525248869755812e+00 2.760565519096160048e-02
1.389025787159951619e+00 3.108835002644130818e-02
1.390529574476147223e+00 3.396787287750181045e-02
1.392036621382161998e+00 3.517156415856167312e-02
1.393546938487661091e+00 3.391863211686432789e-02
1.395060536448405220e+00 3.050007364606153668e-02
1.396577425966499586e+00 2.641190722605344862e-02
1.398097617790646341e+00 2.348714115444780134e-02
1.399621122716400601e+00 2.295198470689980771e-02
1.401147951586422913e+00 2.510346678832319628e-02
1.402678115290738603e+00 2.937160116001906462e-02
1.404211624766996236e+00 3.457474051424845596e-02
1.405748491000727851e+00 3.932480026126221329e-02
1.407288725025611198e+00 4.229790734542648173e-02
1.408832337923734634e+00 4.249769750173019306e-02
1.410379340825861805e+00 3.991754587633574575e-02
1.411929744911700313e+00 3.603004757722769874e-02
1.413483561410169731e+00 3.315625441814542412e-02
1.415040801599673825e+00 3.310270132297929435e-02
1.416601476808373228e+00 3.622688668336567636e-02
1.418165598414459661e+00 4.136872319868852010e-02
1.419733177846432826e+00 4.656099445924794661e-02
1.421304226583378183e+00 5.023509280947270617e-02
1.422878756155248059e+00 5.206511766600269847e-02
1.424456778143142976e+00 5.281152066270708434e-02
1.426038304179596539e+00 5.370715863866251660e-02
1.427623345948860090e+00 5.610489047676771313e-02
1.429211915187190263e+00 6.122680993926914866e-02
1.430804023683140525e+00 6.969153838115474398e-02
1.432399683277851388e+00 8.097524723851114159e-02
1.433998905865343287e+00 9.318827094000609046e-02
1.435601703392814343e+00 1.036677800351631235e-01
1.437208087860935457e+00 1.105110760925514801e-01
1.438818071324151404e+00 1.140305562971723197e-01
1.440431665890981705e+00 1.168159085688116605e-01
1.442048883724324604e+00 1.223310619639746133e-01
1.443669737041762158e+00 1.329643651215162703e-01
1.445294238115867769e+00 1.484901745757107039e-01
1.446922399274517490e+00 1.658240283356405553e-01
1.448554232901199557e+00 1.803471673629718497e-01
1.450189751435329688e+00 1.879102648481716931e-01
1.451828967372567725e+00 1.865711449400730693e-01
1.453471893265134263e+00 1.778449130799964473e-01
1.455118541722132175e+00 1.668091453008804514e-01
1.456768925409868798e+00 1.600381784426372911e-01
1.458423057052181004e+00 1.620682598835178345e-01
1.460080949430762276e+00 1.727984769889561456e-01
1.461742615385490884e+00 1.874539180593012555e-01
1.463408067814762958e+00 1.989819929106815266e-01
1.465077319675824219e+00 2.016721286545822556e-01
1.466750383985108819e+00 1.940296728964496231e-01
1.468427273818574630e+00 1.791499199493582495e-01
1.470108002312046080e+00 1.626785822407424142e-01
1.471792582661556104e+00 1.499640398905596750e-01
1.473481028123691416e+00 1.438020202442233664e-01
1.475173352015941353e+00 1.435097943935787490e-01
1.476869567717046916e+00 1.456262624537039696e-01
1.478569688667353610e+00 1.457773765189178117e-01
1.480273728369166264e+00 1.407356806514872272e-01
1.481981700387106970e+00 1.299040246230416251e-01
1.483693618348475241e+00 1.156019100337150191e-01
1.485409495943609492e+00 1.018083607853327160e-01
1.487129346926251872e+00 9.206254905822376655e-02
1.488853185113917732e+00 8.786334450345610614e-02
1.490581024388262232e+00 8.823231781839276089e-02
1.492312878695457590e+00 9.034874125041056359e-02
1.494048762046563450e+00 9.094466665052584886e-02
1.495788688517908360e+00 8.777047507027320450e-02
1.497532672251467467e+00 8.036767530324070985e-02
1.499280727455248874e+00 7.010945058151327181e-02
1.501032868403676668e+00 5.979034832191329474e-02
1.502789109437979942e+00 5.267966987420321517e-02
1.504549464966586036e+00 5.119669712085306301e-02
1.506313949465511781e+00 5.592989904616635366e-02
1.508082577478762509e+00 6.540560020442189038e-02
1.509855363618730850e+00 7.652637117208589690e-02
1.511632322566598186e+00 8.567013643777743326e-02
1.513413469072741879e+00 9.014469653822609896e-02
1.515198817957142063e+00 8.917663276684806295e-02
1.516988384109793087e+00 8.408273896610397868e-02
1.518782182491116739e+00 7.794395586554284105e-02
1.520580228132380585e+00 7.480297333211467781e-02
1.522382536136117182e+00 7.825127558874138411e-02
1.524189121676545966e+00 8.993905222280700051e-02
1.526000000000000023e+00 1.086780580574693150e-01
