2.158747969158941519e-08
2.026432421792083765e-08
1.952865947548900860e-08
2.351805269333385846e-08
2.704636751624505875e-08
2.129385005031867097e-08
2.286320311745028281e-08
2.330119889733818924e-08
2.390753748450667672e-08
2.570498782263396142e-08
2.855285038728558177e-08
3.316527290002266689e-08
4.740695169209545719e-08
4.583735980835948163e-08
5.723655198612654106e-08
5.740152796158229973e-08
6.912276884722660856e-08
6.827825848592390956e-08
6.220313538065031121e-08
6.911132047603070187e-08
6.656890267518497782e-08
2.843011908100166018e-08
6.276133567423408305e-08
2.963321327323143107e-08
6.551998888637712791e-08
5.428499883377164597e-08
5.518055679136308356e-08
6.653786908624442939e-08
6.504080976505003304e-08
6.378234104878118445e-08
6.328099686274644873e-08
2.827525610848378007e-08
6.900104069048438059e-08
6.589186290325263595e-08
6.828934720398527851e-08
5.936801756364233988e-08
5.669102683147981056e-08
6.196117035442607666e-08
6.031948195229343728e-08
5.727291058233414919e-08
6.755860788961952064e-08
5.131999397315238120e-08
6.920913052086045424e-08
6.469824374567960141e-08
6.332678464263908538e-08
6.196053976745685219e-08
6.076724560763135954e-08
5.766953315490624527e-08
5.429124310136332199e-08
5.277632817263827912e-08
4.860523397536783781e-08
4.539113575886713996e-08
4.528525601031230889e-08
3.862078600702608881e-08
5.376294166139461328e-08
4.930133667971479739e-08
4.181413903302063419e-08
3.875858559727783142e-08
5.095645192298566833e-08
4.117065067273237958e-08
5.175915704352801156e-08
4.440825238860836381e-08
5.007608403443275439e-08
4.330406828981762714e-08
4.177048968285314320e-08
3.931558901659432585e-08
3.699985437863995362e-08
3.888826135396028962e-08
3.399930438847369146e-08
3.882561819285597898e-08
3.894786936764412937e-08
4.916320749094255746e-08
3.619280723952125036e-08
3.603087780936310643e-08
3.449235198387995233e-08
3.716848488396513336e-08
3.854599972986142667e-08
3.258126595782107239e-08
4.099954851144925157e-08
3.604490492011833675e-08
3.858749412656693730e-08
3.720493881011158317e-08
3.828420094026478987e-08
4.100782489871203125e-08
4.158810318668637059e-08
3.583263374539369805e-08
3.779614671050995358e-08
3.821536201437366405e-08
3.636293025360608845e-08
3.797503016583226646e-08
3.610815500563509967e-08
3.815627479305461034e-08
4.069190716896069095e-08
3.594162527626472714e-08
3.972597017215647351e-08
3.693000044474841372e-08
4.273600753491347426e-08
3.606615309593442150e-08
3.812943895718255183e-08
3.807131342209485564e-08
3.797156684967640947e-08
3.976492145606132277e-08
3.538761283189738934e-08
3.703150991313378644e-08
3.747089203522654896e-08
3.765880117199980664e-08
3.728196002448840054e-08
3.490631592905391315e-08
3.864210286835232543e-08
3.821399082257449111e-08
3.747119122084886886e-08
3.708247346891498719e-08
3.738050535321587573e-08
3.741102871991875152e-08
3.620432390087701012e-08
3.850256296383848305e-08
3.820845835143046339e-08
3.765239433853701816e-08
3.834843787307959818e-08
3.806146520842895246e-08
3.777437389124529547e-08
3.728213464939923526e-08
3.765608579501826246e-08
3.787617918283690759e-08
3.799564751115291924e-08
3.739877038183868304e-08
3.766742951055650412e-08
3.753291829299255077e-08
3.760441794519125547e-08
3.766278320847012586e-08
3.808820983737953157e-08
3.811766991877382015e-08
3.741397848698882762e-08
3.748384991136258648e-08
3.743218395046098000e-08
3.729196028322759581e-08
3.700231785319496755e-08
3.737312104662563209e-08
3.643956048143395886e-08
3.782153105581920538e-08
3.711920617330234134e-08
3.730533370432803167e-08
3.634607329853901231e-08
3.762336027467023361e-08
3.762879682804937733e-08
3.729483629240885420e-08
3.706255529749919273e-08
3.721717980965803783e-08
3.671151422861234160e-08
3.745963714489184066e-08
3.728017077198509515e-08
3.711779788130358933e-08
3.700132328338107502e-08
3.723739809056981084e-08
3.719920463839678120e-08
3.718870658902135993e-08
3.679462219152578106e-08
3.652561282849323671e-08
3.661520532494173372e-08
3.659748794856327920e-08
3.695956248866906416e-08
3.688850570627379097e-08
3.731181905631608605e-08
3.592650062726531327e-08
3.617400900277447933e-08
3.593739135892910135e-08
3.572845804889331701e-08
3.536477024401347528e-08
3.593920604345117014e-08
3.526723534587738029e-08
3.561488518018637876e-08
3.609891851194571228e-08
3.585931519454425904e-08
3.597223674657254534e-08
3.630541627938294529e-08
3.581684770085979317e-08
3.589456894747510617e-08
3.545255641234619749e-08
3.554373222172077144e-08
3.555712670240083983e-08
3.629161081744717803e-08
3.550282444078852808e-08
3.600548727957026871e-08
3.561470009121135519e-08
3.563303742090233215e-08
3.585161516249551732e-08
3.564052280067309480e-08
3.547946098151821851e-08
3.546096803071171275e-08
3.595691291054573489e-08
3.553463690438659036e-08
3.554069029434598820e-08
3.457097587753430025e-08
3.580663982578214629e-08
3.583441857560426616e-08
3.554781896604250237e-08
3.547984478302082841e-08
3.569470852845962318e-08
3.592213948648394700e-08
3.562803133837786990e-08
3.564076508102154941e-08
3.586664798835761795e-08
3.588765339642364377e-08
3.574926831097600102e-08
3.548380249352927730e-08
3.597481644760934356e-08
3.562335775997114098e-08
3.588987496609407411e-08
3.584444719317636561e-08
3.546052316365266074e-08
3.581894969552391081e-08
3.593255075240016690e-08
3.590309459396612870e-08
3.554982848813072314e-08
3.563760345536454888e-08
3.571502964582844831e-08
