-7.037182099916916567e-02
3.362112452845672853e-04
-2.772810391572349750e-02
-1.459167070403493728e-03
-6.381995033005635233e-03
-7.501521405844134571e-02
2.037524018769481821e-03
8.952253861919397260e-03
1.580329662378219743e-02
3.405374218296115807e-02
4.410539040107508413e-02
6.991174955371522171e-02
7.010061638883870183e-02
3.963804575345153403e-02
8.175331524276650830e-02
5.094379706736299612e-02
9.173247903630089850e-02
8.382955624131920025e-02
6.699851770181647348e-02
4.874120448503215658e-02
6.862063555323651143e-02
5.274448365653931076e-02
8.231761549674082579e-02
5.562509660970363368e-02
8.047610989727548014e-02
4.472361081894600694e-03
8.947178066659833284e-02
8.413505346361407899e-02
1.027668824447065671e-01
9.985328579716785946e-02
8.400269973370122489e-02
4.840397095561163598e-02
1.014821769539823587e-01
9.478274023842218898e-02
1.075792369385433628e-01
1.167160960683312904e-01
1.220624304651267422e-01
9.125968289625410734e-02
9.928826792320087635e-02
9.266352405822100846e-02
1.011104250331975318e-01
8.210775093563774107e-02
1.068762146863748291e-01
1.097981545640222406e-01
1.097649938940606640e-01
1.196440398049339604e-01
1.204791505231404408e-01
1.226036361284269793e-01
1.260635644782068798e-01
1.221978370125662017e-01
1.317164067919194825e-01
1.293140441161850784e-01
1.265971872436682799e-01
8.877727235481594481e-02
1.307525731851917894e-01
1.361085264781320692e-01
1.404014182785091602e-01
1.412068904441986794e-01
1.317891320518367881e-01
1.233186086206986970e-01
1.353387705159743992e-01
1.243654914813618062e-01
1.346774507817499467e-01
1.463999772819181422e-01
1.399746457354249796e-01
1.345116342540015608e-01
1.349760346776885389e-01
1.401045125337044561e-01
1.408308609810510759e-01
1.404469740318447513e-01
1.454103527182406264e-01
1.347705973868865703e-01
1.439692408297189863e-01
1.470849984022160883e-01
1.461788554110030613e-01
1.296715090751967003e-01
1.433680855332604698e-01
1.317970484229298855e-01
1.476486880049293904e-01
1.395273788358163680e-01
1.467611619870977102e-01
1.445461565052624242e-01
1.443067049238552779e-01
1.482108201345548326e-01
1.472897490422850342e-01
1.435867357178917392e-01
1.451061943922402897e-01
1.452557644097336176e-01
1.425440218580353025e-01
1.477582742179737729e-01
1.449423157504549919e-01
1.454706087024795202e-01
1.472930517318055132e-01
1.436059068832974128e-01
1.475615325288696655e-01
1.456425703301857111e-01
1.409988672939326004e-01
1.471416834092911796e-01
1.472069244427386681e-01
1.463279669120255977e-01
1.442178494349675988e-01
1.475887821883242468e-01
1.482036369512915175e-01
1.456123919268014766e-01
1.463204954157837079e-01
1.453843280432231821e-01
1.474193775008201812e-01
1.452782611252295686e-01
1.485627362755615744e-01
1.485841648337267729e-01
1.484714009449647210e-01
1.450011466655725390e-01
1.469233855509806674e-01
1.453963053291772167e-01
1.487248011864377439e-01
1.491190539653029223e-01
1.460285522803513869e-01
1.457800216282848227e-01
1.466399860055613014e-01
1.469824469034141934e-01
1.477496983621077731e-01
1.444439624993180127e-01
1.475109016529450867e-01
1.447274831220995983e-01
1.476807441102016283e-01
1.452023777235937341e-01
1.479406467182729223e-01
1.431453423425075033e-01
1.471587244092989744e-01
1.444638855908256247e-01
1.480149129716890888e-01
1.455087127987940432e-01
1.461351678612366478e-01
1.475076772775006095e-01
1.451276991016648699e-01
1.458610886968333964e-01
1.430916330770747869e-01
1.472709383935052185e-01
1.443128836697174788e-01
1.469580057717971289e-01
1.430401271740613378e-01
1.472202681280358194e-01
1.448424399491411441e-01
1.475093382226684013e-01
1.458562456175472311e-01
1.473805137003617871e-01
1.431994401873054046e-01
1.469898455046485253e-01
1.448658592709775317e-01
1.463154920833854566e-01
1.455194072441464981e-01
1.453022261996625708e-01
1.442009306629286336e-01
1.448785776920750168e-01
1.449574052596611651e-01
1.440169598659777617e-01
1.429442908792481481e-01
1.434880186862676210e-01
1.445113226433174525e-01
1.435220335193407304e-01
1.444338881101021044e-01
1.441313840561561088e-01
1.471926377201794589e-01
1.487126441617077355e-01
1.468022030454518845e-01
1.482498284993470361e-01
1.489489455078787661e-01
1.481199421111000780e-01
1.483616670034361151e-01
1.476888177672816826e-01
1.481198869510085836e-01
1.484622364204648548e-01
1.465298385372007517e-01
1.483521929559226682e-01
1.476287854212556538e-01
1.484964660783020807e-01
1.481217305981714916e-01
1.486533921574207384e-01
1.481219067347162854e-01
1.484612215617309439e-01
1.486932525769132374e-01
1.488922785628501999e-01
1.476980102184294041e-01
1.485134919051660229e-01
1.488616327618100810e-01
1.478837278041635894e-01
1.484289393842984361e-01
1.480056977423014619e-01
1.488248787492624237e-01
1.476708418253706578e-01
1.483417412555812498e-01
1.482835790854177549e-01
1.461978926170351134e-01
1.483146274780136886e-01
1.472070657703717089e-01
1.475546622402867103e-01
1.473512649955080467e-01
1.480738952582683066e-01
1.479527241733900045e-01
1.484369633140797395e-01
1.479332263062333175e-01
1.487465639698545283e-01
1.493563996661107507e-01
1.482814780717993108e-01
1.484832691081566236e-01
1.471752633471653804e-01
1.482386882486058377e-01
1.484846527326151855e-01
1.481667385971801310e-01
1.476485852679031430e-01
1.485119756323703966e-01
1.485451468014666598e-01
1.475711530036074304e-01
1.478792665936125572e-01
1.484040772318710177e-01
1.483970684630969428e-01
