5.600000000000000514e-08
5.880000000000000374e-08
5.880000000000001036e-08
5.600000000000000514e-08
5.320000000000000654e-08
5.600000000000000514e-08
5.709715200000002034e-08
5.731096985600001806e-08
5.760708271718401466e-08
5.791595684377395471e-08
5.442859101531657504e-08
5.353154982951433160e-08
5.247572828817926208e-08
5.776151901559306944e-08
5.870051110481755151e-08
5.579955964672339147e-08
5.568932355340997232e-08
5.402878860075625720e-08
5.956465873248755138e-08
5.831049005862788974e-08
5.413233231314283086e-08
5.228812925178060596e-08
5.544281801697914313e-08
5.440174836192075264e-08
5.651624015967506601e-08
5.600013129198081055e-08
5.039536090977944521e-08
5.722117696825351633e-08
5.348831450973884560e-08
5.086247073015740893e-08
4.962766699366043070e-08
5.513915979753566643e-08
5.278624985227234593e-08
5.362330311357668627e-08
5.351981305388314936e-08
5.290540980254484881e-08
5.267947695813116930e-08
5.192369556027803047e-08
5.397143766000052631e-08
5.401237990773698540e-08
5.031775009499405090e-08
4.922989949045025029e-08
5.084532755147365604e-08
5.305501398867745792e-08
5.008427400976989805e-08
4.851845427303944651e-08
5.302818908863407764e-08
4.940221796299218881e-08
4.803747880683805302e-08
4.707213615830267895e-08
4.895634325913339696e-08
4.855992954642019320e-08
4.930034074462304478e-08
4.992549525461961372e-08
4.950271274652435934e-08
4.519868145513754448e-08
5.153094554037070944e-08
4.968204981822028132e-08
4.948942966883892211e-08
4.950241456801027739e-08
4.671134240435733979e-08
4.754137360742214802e-08
4.763556796524731529e-08
4.932856009102961496e-08
4.803947793672168674e-08
4.908125800595092005e-08
4.925664301924060251e-08
4.939519817622175386e-08
4.822207959336885584e-08
4.782245759382468310e-08
4.923153812621797298e-08
4.964673518925492659e-08
4.993336350270541290e-08
4.890905465551388981e-08
4.917615344029005753e-08
4.884062801350261931e-08
4.891715818775704007e-08
4.883047110834583296e-08
4.876099102398338333e-08
5.058998490739620090e-08
4.944110672638144837e-08
4.944008765767289790e-08
5.010124948794105486e-08
4.915601749648060212e-08
5.024013447984687935e-08
4.934100013425698356e-08
4.982943826012599164e-08
4.839263960358209527e-08
4.856958345114061379e-08
4.960783418609291015e-08
4.792113984183503435e-08
4.956318013513790253e-08
4.859686760168324552e-08
5.032323086130330231e-08
4.989777101309219551e-08
4.991762126241150090e-08
4.982393921208946019e-08
4.927411651220487205e-08
4.876533976566261380e-08
4.957557748616682967e-08
4.982220952417424090e-08
4.980744817288489827e-08
4.921453586180669241e-08
4.974723442553270703e-08
4.945357779564886627e-08
5.055389773041635697e-08
4.907577865141739575e-08
4.929334230889223626e-08
4.937291779992798076e-08
4.954951668951375208e-08
4.947179311986282313e-08
4.906138939022270541e-08
4.979214485165541088e-08
4.903521165228591113e-08
4.887826077708358954e-08
4.934162151570467525e-08
4.936909940324698051e-08
4.935988892282692178e-08
4.964025459026784777e-08
4.905620334343322204e-08
4.938438033715290439e-08
4.930588960982942309e-08
4.928057036237625074e-08
4.928606601978061808e-08
4.929492864449906061e-08
4.931448485437660660e-08
4.905203669208951122e-08
4.951892377915055576e-08
4.925208252994811848e-08
4.917423040628432417e-08
4.927385085216049449e-08
4.919539696773860180e-08
4.926014017892438502e-08
4.884797140904436226e-08
4.940123697572880647e-08
4.896511805420404699e-08
4.932480203968284147e-08
4.904869196699971459e-08
4.921513302777229825e-08
4.920891868705005044e-08
4.925859070037278528e-08
4.932791628294266377e-08
4.913680750099005087e-08
4.911229535612327131e-08
4.917628736733107615e-08
4.914376294907746489e-08
4.930277567837214309e-08
4.931321906363082884e-08
4.914794564421077910e-08
4.912204555569497824e-08
4.926930136070443704e-08
4.924918953225631728e-08
4.921388960396941249e-08
4.909697709606558207e-08
4.925773346145034887e-08
4.912542211848079187e-08
4.905729410302555860e-08
4.895256287804288402e-08
4.890308930267084864e-08
4.884090885488045359e-08
4.890272215911669617e-08
4.908643752813193529e-08
4.889183363430911442e-08
4.903692724109438669e-08
4.896734503939162965e-08
4.885568445712045710e-08
4.904600607187211192e-08
4.911178574851257739e-08
4.893032215188710804e-08
4.900881296792086606e-08
4.902646253058121989e-08
4.895451195476118847e-08
4.901741080106792330e-08
4.889408715097145888e-08
4.898542924538769409e-08
4.889703301947699154e-08
4.891969664668832027e-08
4.890129039726539602e-08
4.896715592351051059e-08
4.899273455982561655e-08
4.898587588375127220e-08
4.899998896819449037e-08
4.903464754022760684e-08
4.896953048617948484e-08
4.898302804076138761e-08
4.897880957164904979e-08
4.897299771106346008e-08
4.900653258755363494e-08
4.895253903065391420e-08
4.896752330807808776e-08
4.897541701337411825e-08
4.895655048124648232e-08
4.896186570542614980e-08
4.898404166022315295e-08
4.895721088426861523e-08
4.895283938611482061e-08
4.894084664595267099e-08
4.894236533876540392e-08
4.894420345927189154e-08
4.894831038953702781e-08
4.893149346123356520e-08
4.894458312020243425e-08
4.896604958069855348e-08
4.894109105718696012e-08
4.894614519138184373e-08
4.892847035023818831e-08
4.893194353224196954e-08
4.893448199524160193e-08
4.893169163155278327e-08
4.893573555412348195e-08
4.895165634100818213e-08
4.893746599438840644e-08
4.892159398710538836e-08
4.893468914521474406e-08
4.892437234032460465e-08
4.889649593158198159e-08
4.889670670105804525e-08
4.888675305544597961e-08
4.892383100919844456e-08
4.889618293936639584e-08
4.889601426813861033e-08
4.892640179048735334e-08
4.891831535641554216e-08
4.892417160303872109e-08
4.888822070431207596e-08
4.889451443394548011e-08
4.889576387661363116e-08
4.891993807161477361e-08
4.889562890401870056e-08
4.891346974985499127e-08
4.891815526789708062e-08
4.888939452467476153e-08
4.891312362405851074e-08
4.891476738126914377e-08
4.889542859223686667e-08
4.890959325217271174e-08
4.889532059136944403e-08
4.891334199988918342e-08
4.889033338978553715e-08
4.890636393760886820e-08
4.891062981341741032e-08
4.889808882693112208e-08
4.890649204607102792e-08
4.890390843501371122e-08
4.891063101123251569e-08
4.889108435952337053e-08
4.889516034286427292e-08
4.889145411413791131e-08
4.888905929289002126e-08
