-4.637697263760136648e-03
-4.479139356935222735e-03
-3.331548384689462291e-03
-8.889741766511988262e-04
-5.027771287047488316e-04
-3.812801638410249789e-03
7.464974487967602178e-04
6.758504216416304396e-03
2.176867673887350821e-02
3.883974609851614801e-02
4.825731467108622386e-02
6.837731330867619084e-02
1.552426758071292177e-02
7.179035432871345990e-02
7.638122197283164772e-02
9.661722850923244732e-02
9.121525494597061690e-02
9.129070178408048297e-02
2.396571156748773454e-02
5.828200727874759818e-02
6.027280692114102972e-02
8.613368368549377541e-02
2.395006341639539793e-02
9.211098770869532992e-02
7.261088084811438692e-02
8.493770331414518537e-02
6.008801863882067690e-02
8.552082127845428428e-02
8.666173393604524600e-02
1.080997650424199708e-01
1.041300165147716478e-01
8.205307969548268632e-02
9.444606943894774675e-02
7.838018239771822604e-02
9.594971100169520650e-02
1.103051704828277024e-01
1.108121176121539264e-01
6.334592231762253833e-02
1.010854938654371649e-01
1.044005118253986397e-01
1.156464929855769846e-01
1.170207703285700007e-01
8.178116479560849916e-02
1.017469941267339084e-01
1.086661907569864693e-01
9.908925833989609688e-02
1.092391839086423871e-01
1.135993108541664409e-01
1.169516303811809765e-01
1.167652657877296246e-01
1.213928033617303476e-01
1.200839148857637956e-01
1.212766223981806002e-01
1.109670191034313746e-01
1.175871997824316922e-01
9.673092743651073855e-02
1.151169828073750484e-01
1.163250753246019842e-01
1.117827412162470252e-01
1.217509641033110435e-01
1.182033849790222468e-01
1.201300347592555162e-01
1.173283043966981409e-01
1.194968161919346961e-01
1.096823863722037468e-01
1.212278048279167436e-01
1.197549346453580243e-01
1.233779109686842651e-01
1.177708959151311380e-01
1.232568730285031194e-01
1.225386709386416528e-01
1.266926979121373864e-01
1.268521727629317308e-01
1.186577950721539598e-01
1.238013438786030040e-01
1.249286400282355186e-01
1.257976674885698531e-01
1.251465382645280677e-01
1.251756665033276483e-01
1.257972138223019398e-01
1.292786749483154085e-01
1.284017948655694075e-01
1.244638582055953152e-01
1.241225439509484191e-01
1.234827695280223819e-01
1.186901214699313950e-01
1.278018935657541100e-01
1.236526051763589401e-01
1.199578386979870959e-01
1.277634914215176887e-01
1.272912822041130931e-01
1.260693508212786806e-01
1.253428758428732637e-01
1.238020639580365567e-01
1.261576544150953272e-01
1.276280783237086491e-01
1.274898796619922392e-01
1.254007686835833524e-01
1.262821738238102676e-01
1.283498899487040545e-01
1.282592837256899265e-01
1.268325187036301038e-01
1.250329291811168031e-01
1.275412753404494837e-01
1.267229050752817221e-01
1.270995618713079978e-01
1.281713160701347942e-01
1.252752363157918492e-01
1.263536006065374695e-01
1.269583924202257186e-01
1.277301803819040626e-01
1.289988137091694631e-01
1.290740931779126299e-01
1.289213160491199106e-01
1.277577186770783857e-01
1.290424327912661762e-01
1.274068758833896420e-01
1.292008101512863993e-01
1.286707541674786404e-01
1.287557813940324591e-01
1.275562608169278633e-01
1.278306202140276904e-01
1.286341214705367941e-01
1.285919246407854766e-01
1.288642185606686807e-01
1.279608485374804649e-01
1.289206837281627882e-01
1.289865132930792246e-01
1.282239993483922924e-01
1.272040278141755021e-01
1.289135335126097293e-01
1.272478147299612450e-01
1.282397413070524572e-01
1.265071951187141941e-01
1.291511027882420726e-01
1.270291969134516030e-01
1.287021177647849346e-01
1.285748256480972185e-01
1.283562899390669476e-01
1.271890460590165972e-01
1.277983476243894079e-01
1.294699106932839794e-01
1.273001648607629543e-01
1.286308718393472939e-01
1.283701447358440995e-01
1.282597392422727967e-01
1.278481043413830232e-01
1.272668999687832925e-01
1.283658980862538712e-01
1.280646477800537475e-01
1.291582439983678943e-01
1.274904301460184630e-01
1.280360630860607196e-01
1.282334100833373014e-01
1.265104030642216770e-01
1.280438883099574432e-01
1.288476924449626915e-01
1.282237764210280295e-01
1.292131940275406121e-01
1.283850836182202360e-01
1.276614780092636126e-01
1.283165408349369319e-01
1.284626980289853004e-01
1.294170683082704332e-01
1.287032068671397356e-01
1.282381242252425280e-01
1.286675709128529410e-01
1.283991291529240075e-01
1.284263877995516501e-01
1.286885096797718286e-01
1.283147347514926595e-01
1.282807769692457245e-01
1.289938182968591307e-01
1.292422122988238220e-01
1.291322789617810607e-01
1.286801889939205856e-01
1.283851735203664080e-01
1.291635139007782929e-01
1.296892365786952717e-01
1.289942719429579554e-01
1.283685137782357710e-01
1.290261316726851182e-01
1.285527348411355242e-01
1.293589492098719262e-01
1.283620570274085215e-01
1.292014772907766618e-01
1.287421679703510402e-01
1.288168954044345837e-01
1.296948372020262918e-01
1.285611708942648868e-01
1.282873557717271740e-01
1.292433847110931178e-01
1.290242375596741264e-01
1.286846121879193228e-01
1.289396156584543818e-01
1.286195179001227151e-01
1.290231055054215925e-01
1.292323801672294603e-01
1.289141120846921951e-01
1.293009770331837727e-01
1.290025257911330825e-01
1.288798858217196919e-01
1.285142459243488744e-01
1.287218951496626740e-01
1.286576059298233654e-01
1.283536563704385514e-01
1.282624382565330234e-01
1.290270538671478007e-01
1.288072432846430471e-01
1.287695287304715386e-01
1.284807074356160705e-01
1.292493134617743455e-01
1.279641071688043807e-01
1.283017325128097963e-01
1.289969550086833838e-01
1.290555075069397817e-01
1.291209509449027515e-01
1.282531186484792696e-01
1.286184992364910740e-01
1.290826573745557926e-01
1.288580977558664298e-01
1.288934250931090542e-01
1.288161710068663202e-01
1.286330452321085838e-01
1.287971390069745370e-01
1.281207922946236422e-01
1.289100596647987929e-01
1.289287404080095012e-01
1.287927058895023402e-01
1.288800447504410696e-01
1.285520833615994285e-01
1.282871257205610294e-01
1.292126270727338710e-01
1.290150022163105425e-01
1.289324851849651121e-01
1.290519515445113785e-01
1.289260977624248905e-01
1.287810330391464531e-01
1.289913527037940266e-01
1.290253405076959015e-01
1.288498468518829709e-01
1.289279477667961693e-01
1.288624256239579158e-01
1.289498448317054624e-01
1.290206587922808346e-01
1.291755461893207002e-01
1.289652955573964421e-01
1.290437251895697190e-01
1.289907465979584500e-01
