2.409116404772187575e-08
2.095542761764359242e-08
2.178527672821529618e-08
2.443841190040029004e-08
2.924991190675360933e-08
2.370596005670599822e-08
2.289371114382214813e-08
2.313225239839552703e-08
2.510283680854959069e-08
2.722176020684701415e-08
2.921490738697890742e-08
3.304191972606908162e-08
3.063562333035229196e-08
5.862253221199832230e-08
6.119238268297351033e-08
6.813327601102120956e-08
6.547784605600660889e-08
7.043595403413540273e-08
6.334452313128262176e-08
6.472142743693082997e-08
6.563548483245934888e-08
6.151707962716371112e-08
2.731102204674340656e-08
6.764775511253119502e-08
6.479118186474745922e-08
6.692208503338973366e-08
5.895831354092886026e-08
6.603677481486970177e-08
6.098729190972131195e-08
6.559953975245957504e-08
6.172044342569876638e-08
6.881700550121675638e-08
6.500176824752470013e-08
6.458481397997736459e-08
6.569536347613932213e-08
6.069118953752607071e-08
5.660693386494692025e-08
3.440162782342223752e-08
6.812315217326964476e-08
6.529319671742856572e-08
6.309885153007262637e-08
6.099863916742068419e-08
5.808969453647955466e-08
6.613542646280277468e-08
5.702019033406049497e-08
5.701651768162830576e-08
6.577146320098694149e-08
5.599762813127575699e-08
5.527658731066310758e-08
5.337826317308908278e-08
5.012405999374485886e-08
4.642651566604364249e-08
5.655282887518472418e-08
5.605471595497176506e-08
5.725447557145903005e-08
4.993313498478703800e-08
6.002616255774778622e-08
5.143581425198250641e-08
5.114935031019416174e-08
5.558516977467265175e-08
4.871475846089499741e-08
5.107531674275647530e-08
5.583825592642526468e-08
5.261662134394320968e-08
4.892896129399242229e-08
5.597798581829105329e-08
5.196248084650857414e-08
5.474273545745771328e-08
5.515496698556076761e-08
5.035211182313412984e-08
5.562159797595309621e-08
5.122695175978799152e-08
5.047922673627344750e-08
4.692863976484719024e-08
5.419534640275305012e-08
5.288545951731588062e-08
5.215566151924760307e-08
4.905141942447991225e-08
4.849270391531559921e-08
5.147794788815194903e-08
4.636650083799396120e-08
4.514972824026997127e-08
4.932553466759111324e-08
5.010955499346703718e-08
4.525103647309125821e-08
4.542609679363326727e-08
4.991038603783010496e-08
4.447425206878346202e-08
4.393551343650390813e-08
4.890753080098047332e-08
4.864667201791215291e-08
5.309545518044056614e-08
4.564076954733788135e-08
4.587227441539095612e-08
4.763111183548647582e-08
4.656822046927131522e-08
4.465766103045593293e-08
4.886963308368402855e-08
4.594957142851438169e-08
4.820541364743880815e-08
4.672602433491203502e-08
4.750913668544221780e-08
4.952619728075369217e-08
4.492667609657444015e-08
4.394411350267186062e-08
4.552831153071074203e-08
4.695855288077527890e-08
4.744870865161910101e-08
4.684123197571131389e-08
4.914985412247491566e-08
4.507725898634031036e-08
4.564327269305854487e-08
4.661533844445391649e-08
4.538219027293498299e-08
4.491844819531604632e-08
4.484339191334137520e-08
4.745723835485139288e-08
4.634640827167828180e-08
4.602467918198959850e-08
4.577189396381110675e-08
4.519079527212137306e-08
4.764420287232303946e-08
4.487062378436758454e-08
4.462309082036334482e-08
4.612815689757851139e-08
4.498929068885303821e-08
4.529142690205180212e-08
4.607611761937838624e-08
4.706363038220067968e-08
4.522483348948338568e-08
4.591703510786807888e-08
4.551993736931317741e-08
4.566390616421150572e-08
4.525150392127491943e-08
4.597383699235333356e-08
4.528825508972776199e-08
4.603661566391248106e-08
4.553114532176498228e-08
4.580567610770288222e-08
4.610803970560355251e-08
4.520632374279322969e-08
4.582820741373831366e-08
4.523751579812551509e-08
4.435416544929975054e-08
4.474298946660859206e-08
4.540654069833295484e-08
4.467905589141738129e-08
4.553713919924159856e-08
4.475751529513372508e-08
4.529223547900339011e-08
4.578425201977577995e-08
4.491034931718413160e-08
4.546290570719737750e-08
4.436139698767312304e-08
4.544198738822841602e-08
4.468828094066398855e-08
4.510185339244523908e-08
4.483007917223963056e-08
4.536337519280740098e-08
4.568117828059677092e-08
4.551513250661386997e-08
4.524211868638902643e-08
4.503129651154015380e-08
4.573627953840763844e-08
4.523587319170241379e-08
4.522448602004873839e-08
4.513021875756777008e-08
4.531682342184183777e-08
4.509892727556800700e-08
4.550608432078204209e-08
4.551966175227080651e-08
4.468972307087893570e-08
4.513248682980609654e-08
4.541230851609546962e-08
4.533268978732592218e-08
4.516383563869757419e-08
4.497315759641022049e-08
4.545733575213683416e-08
4.577725386572550010e-08
4.515553891970295026e-08
4.524649139980991533e-08
4.541614506824590553e-08
4.519123390931810780e-08
4.537432365111883255e-08
4.540437974663913398e-08
4.515981762383557015e-08
4.516465200266678001e-08
4.543985748439852776e-08
4.542883214068137492e-08
4.488704916731115163e-08
4.513488527797421019e-08
4.530584693586663210e-08
4.522749417953308397e-08
4.517110623485302886e-08
4.516757906500409365e-08
4.522496508419956331e-08
4.513901232358972896e-08
4.519513870891654866e-08
4.536163064820124120e-08
4.546212983363349994e-08
4.519471238423372214e-08
4.517885938929028278e-08
4.532456365699630810e-08
4.528082461561562210e-08
4.516589985786043688e-08
4.496516554998182350e-08
4.514347235322686151e-08
4.538680740984612557e-08
4.518925823799191065e-08
4.511103329514640702e-08
4.529873640619304453e-08
4.540677505682122860e-08
4.484641571635556286e-08
4.470132795659667824e-08
4.507497465729318295e-08
4.510162735261121262e-08
4.526990193430549731e-08
4.486464660590729536e-08
4.519287708389575825e-08
4.527101555138648344e-08
4.508465891415230110e-08
4.539562871193335494e-08
4.508418331314925587e-08
4.511684561637445384e-08
4.486298731696235129e-08
4.465495101755129635e-08
4.501029857222462161e-08
4.533460643355993066e-08
4.510039217811741613e-08
4.511534303450162805e-08
4.517544106612337968e-08
4.460926316948197580e-08
4.526775793301255923e-08
4.528807058169812035e-08
4.530325689458365071e-08
4.512480477990090679e-08
4.512021343371851044e-08
4.514112393272980156e-08
4.503826529280445798e-08
4.500319250001130875e-08
4.507494450286710938e-08
4.524296545874807682e-08
4.502778994599720649e-08
4.530614886164074813e-08
4.527525058060362437e-08
4.529850070412099280e-08
4.531553391787574585e-08
4.520972746394327320e-08
4.515555297833186880e-08
