1.126000000000000112e+00 7.061832298292647619e-04
1.126987992296117014e+00 7.195759193626025075e-04
1.127977719913760390e+00 7.275984357583031208e-04
1.128969187428857879e+00 7.294862783526533199e-04
1.129962399433440456e+00 7.253165579329607293e-04
1.130957360535711942e+00 7.159844943499576921e-04
1.131954075360122047e+00 7.030540537250288147e-04
1.132952548547436100e+00 6.885056614887718075e-04
1.133952784754808318e+00 6.744197005190141021e-04
1.134954788655853974e+00 6.626444967570846792e-04
1.135958564940721782e+00 6.545001625910089327e-04
1.136964118316167838e+00 6.505644784567092163e-04
1.137971453505628228e+00 6.505745684507722483e-04
1.138980575249294080e+00 6.534602420849133352e-04
1.139991488304184397e+00 6.575042651406409408e-04
1.141004197444223101e+00 6.606047804346340925e-04
1.142018707460311200e+00 6.605989225709661076e-04
1.143035023160405395e+00 6.555970615353575977e-04
1.144053149369591793e+00 6.442756603610339016e-04
1.145073090930163184e+00 6.260836237561016090e-04
1.146094852701695865e+00 6.013310041957392214e-04
1.147118439561126468e+00 5.711476172641804551e-04
1.148143856402830121e+00 5.373194088790078779e-04
1.149171108138697273e+00 5.020290918008886959e-04
1.150200199698214076e+00 4.675417957836767221e-04
1.151231136028538549e+00 4.358842113570550567e-04
1.152263922094582727e+00 4.085659341777050295e-04
1.153298562879090827e+00 3.863845253244122587e-04
1.154335063382718740e+00 3.693423417799552915e-04
1.155373428624115739e+00 3.566855120360618026e-04
1.156413663640005973e+00 3.470562341205701449e-04
1.157455773485268402e+00 3.387318552898951072e-04
1.158499763233019175e+00 3.299108161980270700e-04
1.159545637974695120e+00 3.189987595023752415e-04
1.160593402820134123e+00 3.048491217442678733e-04
1.161643062897660617e+00 2.869212222569965387e-04
1.162694623354169066e+00 2.653337228936519777e-04
1.163748089355205462e+00 2.408096947659981823e-04
1.164803466085055916e+00 2.145280713125961717e-04
1.165860758746828818e+00 1.879116601978639040e-04
1.166919972562540542e+00 1.623914466903965425e-04
1.167981112773203378e+00 1.391891209525515888e-04
1.169044184638909245e+00 1.191544779471550973e-04
1.170109193438919171e+00 1.026828034099925766e-04
1.171176144471748781e+00 8.972185372347818628e-05
1.172245043055257785e+00 7.986142432724169216e-05
1.173315894526736125e+00 7.248370853916042550e-05
1.174388704242995241e+00 6.694219914293441254e-05
1.175463477580455329e+00 6.273252913452293563e-05
1.176540219935237941e+00 5.962112128054353433e-05
1.177618936723252130e+00 5.770642654506590968e-05
1.178699633380288825e+00 5.740138017619534944e-05
1.179782315362111200e+00 5.934205555885065369e-05
1.180866988144545493e+00 6.424331011595299241e-05
1.181953657223574483e+00 7.273433929826779800e-05
1.183042328115429642e+00 8.521280440042498263e-05
1.184133006356684392e+00 1.017539630286230735e-04
1.185225697504348696e+00 1.221009064685231406e-04
1.186320407135962984e+00 1.457451806476196875e-04
1.187417140849692743e+00 1.720868204612008290e-04
1.188515904264424883e+00 2.006432025181470783e-04
1.189616703019862110e+00 2.312613258707402978e-04
1.190719542776621509e+00 2.642816666159113420e-04
1.191824429216329584e+00 3.006056686650111233e-04
1.192931368041720619e+00 3.416333565712196944e-04
1.194040364976735713e+00 3.890605967455713519e-04
1.195151425766620035e+00 4.445535562421073172e-04
1.196264556178022742e+00 5.093461045935097822e-04
1.197379761999095793e+00 5.838290457154429432e-04
1.198497049039596751e+00 6.672133332541455757e-04
1.199616423130986265e+00 7.573492017190373501e-04
1.200737890126532648e+00 8.507677231233085145e-04
1.201861455901411802e+00 9.429813529778252081e-04
1.202987126352810021e+00 1.029038836742108458e-03
1.204114907400029022e+00 1.104283102897666907e-03
1.205244804984587415e+00 1.165193627844340017e-03
1.206376825070326175e+00 1.210234551467236812e-03
1.207510973643513230e+00 1.240665696612429153e-03
1.208647256712948925e+00 1.260697204187724747e-03
1.209785680310073053e+00 1.277480558065539418e-03
1.210926250489070988e+00 1.300556800232444132e-03
1.212068973326979604e+00 1.340836645442860381e-03
1.213213854923797186e+00 1.409197376786510683e-03
1.214360901402591786e+00 1.514852427643679491e-03
1.215510118909608916e+00 1.663705578628589619e-03
1.216661513614383239e+00 1.856932133475910820e-03
1.217815091709847364e+00 2.090026453200496265e-03
1.218970859412443097e+00 2.352515418968965759e-03
1.220128822962234905e+00 2.628462907655936334e-03
1.221288988623019378e+00 2.897789152636595644e-03
1.222451362682440701e+00 3.138313908934802204e-03
1.223615951452102335e+00 3.328319911892517816e-03
1.224782761267683151e+00 3.449340319337358598e-03
1.225951798489049782e+00 3.488815909314642392e-03
1.227123069500375196e+00 3.442255689379104984e-03
1.228296580710252384e+00 3.314573021533685337e-03
1.229472338551812483e+00 3.120356071526571035e-03
1.230650349482842243e+00 2.882957077258900894e-03
1.231830619985901931e+00 2.632434412489442245e-03
1.233013156568444346e+00 2.402535446940293282e-03
1.234197965762934945e+00 2.227045863549422054e-03
1.235385054126971083e+00 2.135932541648513910e-03
1.236574428243403911e+00 2.151756316688997403e-03
1.237766094720459620e+00 2.286818123879222776e-03
1.238960060191861778e+00 2.541425573999101656e-03
1.240156331316954574e+00 2.903534209577653992e-03
1.241354914780826935e+00 3.349844441061495745e-03
1.242555817294437093e+00 3.848244189664930259e-03
1.243759045594736268e+00 4.361305138054733660e-03
1.244964606444796784e+00 4.850393785886060807e-03
1.246172506633937749e+00 5.279869686515008438e-03
1.247382752977852505e+00 5.620826971767251511e-03
1.248595352318737195e+00 5.853895841379939263e-03
1.249810311525418882e+00 5.970751005623928243e-03
1.251027637493486333e+00 5.974156420053388337e-03
1.252247337145420136e+00 5.876584179370141804e-03
1.253469417430722599e+00 5.697649854033847924e-03
1.254693885326052527e+00 5.460776571050610963e-03
1.255920747835354900e+00 5.189609944183170426e-03
1.257150011989997207e+00 4.904738084425761153e-03
1.258381684848900894e+00 4.621219009738863556e-03
1.259615773498678593e+00 4.347287818182755080e-03
1.260852285053770450e+00 4.084425880296743520e-03
1.262091226656578691e+00 3.828751658507681139e-03
1.263332605477606396e+00 3.573471235345666505e-03
1.264576428715595835e+00 3.311941176713936123e-03
1.265822703597668353e+00 3.040777973833489693e-03
1.267071437379462040e+00 2.762419097698042697e-03
1.268322637345275172e+00 2.486609963358860000e-03
1.269576310808206099e+00 2.230453187224871753e-03
1.270832465110296461e+00 2.016890877792173499e-03
1.272091107622674411e+00 1.871764252687205948e-03
1.273352245745698719e+00 1.819866462045581111e-03
1.274615886909103546e+00 1.880630770747340405e-03
1.275882038572145216e+00 2.064238158174647782e-03
1.277150708223747877e+00 2.368957284649745275e-03
1.278421903382652269e+00 2.780432201250053730e-03
1.279695631597562944e+00 3.273413660652301719e-03
1.280971900447299028e+00 3.816111180394906981e-03
1.282250717540943441e+00 4.376963811662382478e-03
1.283532090517995217e+00 4.933237853294293769e-03
1.284816027048520271e+00 5.480514332845103607e-03
1.286102534833305722e+00 6.041880160361765874e-03
1.287391621604013325e+00 6.675526591805840647e-03
1.288683295123334016e+00 7.479512657663237897e-03
1.289977563185144005e+00 8.592674176666361893e-03
1.291274433614661987e+00 1.019103279978646540e-02
1.292573914268606350e+00 1.247954474207292261e-02
1.293876013035353711e+00 1.567956903093432192e-02
1.295180737835098794e+00 2.001296385369286460e-02
1.296488096620015629e+00 2.568418094729817830e-02
1.297798097374417203e+00 3.286202223912716713e-02
1.299110748114920444e+00 4.166276756720851265e-02
1.300426056890607862e+00 5.213655122335848074e-02
1.301744031783193201e+00 6.425833314878683089e-02
1.303064680907186412e+00 7.792449194514007582e-02
1.304388012410060194e+00 9.295547119040828421e-02
1.305714034472417628e+00 1.091042865023602731e-01
1.307042755308160942e+00 1.260700954438206123e-01
1.308374183164660698e+00 1.435155190929751912e-01
1.309708326322927663e+00 1.610860441869582105e-01
1.311045193097781558e+00 1.784296699420680476e-01
1.312384791838027587e+00 1.952150107759144659e-01
1.313727130926627851e+00 2.111463150773114639e-01
1.315072218780876323e+00 2.259742754666923814e-01
1.316420063852575595e+00 2.395020319724403823e-01
1.317770674628213401e+00 2.515863379088056906e-01
1.319124059629140922e+00 2.621343972339745254e-01
1.320480227411752194e+00 2.710973260525239015e-01
1.321839186567663527e+00 2.784614884087291964e-01
1.323200945723896238e+00 2.842390770744864792e-01
1.324565513543057849e+00 2.884592473510418364e-01
1.325932898723527265e+00 2.911608839885061473e-01
1.327303109999638409e+00 2.923877273776976371e-01
1.328676156141866516e+00 2.921861596379181636e-01
1.330052045957015094e+00 2.906055159543525779e-01
1.331430788288405109e+00 2.877004020561806930e-01
1.332812392016063274e+00 2.835342160362244179e-01
1.334196866056913677e+00 2.781829264498845156e-01
1.335584219364968961e+00 2.717381628867942545e-01
1.336974460931523057e+00 2.643088222761323935e-01
1.338367599785346362e+00 2.560206564437829679e-01
1.339763644992881142e+00 2.470136409885906881e-01
1.341162605658436702e+00 2.374372808599381768e-01
1.342564490924390119e+00 2.274443315875561422e-01
1.343969309971381643e+00 2.171836609494361969e-01
1.345377072018519193e+00 2.067931108169519527e-01
1.346787786323576430e+00 1.963932269425081312e-01
1.348201462183198140e+00 1.860826082848533736e-01
1.349618108933102745e+00 1.759354075406358853e-01
1.351037735948290130e+00 1.660012254517808372e-01
1.352460352643244823e+00 1.563073264402318197e-01
1.353885968472148260e+00 1.468628075722251125e-01
1.355314592929085071e+00 1.376641176758197638e-01
1.356746235548255131e+00 1.287011793087124711e-01
1.358180905904185831e+00 1.199633296157093937e-01
1.359618613611944804e+00 1.114443672712135541e-01
1.361059368327355079e+00 1.031461565611305198e-01
1.362503179747211357e+00 9.508046851810601774e-02
1.363950057609498057e+00 8.726899718848020460e-02
1.365400011693606253e+00 7.974173847256066372e-02
1.366853051820556830e+00 7.253412471224585101e-02
1.368309187853220088e+00 6.568344369452706888e-02
1.369768429696540002e+00 5.922512110109207084e-02
1.371230787297757381e+00 5.318940907004703067e-02
1.372696270646638572e+00 4.759891168301722680e-02
1.374164889775699727e+00 4.246721256002933959e-02
1.375636654760438393e+00 3.779867871043495614e-02
1.377111575719562442e+00 3.358932877081110407e-02
1.378589662815221883e+00 2.982850053049550948e-02
1.380070926253243568e+00 2.650095326326267972e-02
1.381555376283364778e+00 2.358900637048508275e-02
1.383043023199470367e+00 2.107434794874198797e-02
1.384533877339829910e+00 1.893923559769897583e-02
1.386027949087338174e+00 1.716693933324373034e-02
1.387525248869755812e+00 1.574142011774372352e-02
1.389025787159951619e+00 1.464637334768958965e-02
1.390529574476147223e+00 1.386387337521112484e-02
1.392036621382161998e+00 1.337291734202186895e-02
1.393546938487661091e+00 1.314817676083663775e-02
1.395060536448405220e+00 1.315922454314975495e-02
1.396577425966499586e+00 1.337042268712844949e-02
1.398097617790646341e+00 1.374154684023537638e-02
1.399621122716400601e+00 1.422910700639396647e-02
1.401147951586422913e+00 1.478821754596616397e-02
1.402678115290738603e+00 1.537478162386423167e-02
1.404211624766996236e+00 1.594776708903065943e-02
1.405748491000727851e+00 1.647121905814041831e-02
1.407288725025611198e+00 1.691585477669715204e-02
1.408832337923734634e+00 1.726006266762129815e-02
1.410379340825861805e+00 1.749022939825345402e-02
1.411929744911700313e+00 1.760041894929960382e-02
1.413483561410169731e+00 1.759150426249932522e-02
1.415040801599673825e+00 1.746990978628005370e-02
1.416601476808373228e+00 1.724615221684013336e-02
1.418165598414459661e+00 1.693336549668400526e-02
1.419733177846432826e+00 1.654596824741104075e-02
1.421304226583378183e+00 1.609858483203800705e-02
1.422878756155248059e+00 1.560527507993722876e-02
1.424456778143142976e+00 1.507907272977007836e-02
1.426038304179596539e+00 1.453178782322550600e-02
1.427623345948860090e+00 1.397399973662343496e-02
1.429211915187190263e+00 1.341515771411962502e-02
1.430804023683140525e+00 1.286371334507456846e-02
1.432399683277851388e+00 1.232722994150674961e-02
1.433998905865343287e+00 1.181244077225331035e-02
1.435601703392814343e+00 1.132525463491891940e-02
1.437208087860935457e+00 1.087072727650543157e-02
1.438818071324151404e+00 1.045302681231992381e-02
1.440431665890981705e+00 1.007541944053561012e-02
1.442048883724324604e+00 9.740290165982684600e-03
1.443669737041762158e+00 9.449196009203847738e-03
1.445294238115867769e+00 9.202931667769583685e-03
1.446922399274517490e+00 9.001575232284722214e-03
1.448554232901199557e+00 8.844478526920678332e-03
1.450189751435329688e+00 8.730174909328602267e-03
1.451828967372567725e+00 8.656196152306854311e-03
1.453471893265134263e+00 8.618815890365017982e-03
1.455118541722132175e+00 8.612764571550702783e-03
1.456768925409868798e+00 8.630983508296767581e-03
1.458423057052181004e+00 8.664497491633067761e-03
1.460080949430762276e+00 8.702482280147092256e-03
1.461742615385490884e+00 8.732583615283444345e-03
1.463408067814762958e+00 8.741510028519390921e-03
1.465077319675824219e+00 8.715877511557241358e-03
1.466750383985108819e+00 8.643237416287067112e-03
1.468427273818574630e+00 8.513178153305657817e-03
1.470108002312046080e+00 8.318364358563267585e-03
1.471792582661556104e+00 8.055370229521375061e-03
1.473481028123691416e+00 7.725179529108006961e-03
1.475173352015941353e+00 7.333262258208420904e-03
1.476869567717046916e+00 6.889192249529482726e-03
1.478569688667353610e+00 6.405832800304573672e-03
1.480273728369166264e+00 5.898178946483222107e-03
1.481981700387106970e+00 5.381994952013151659e-03
1.483693618348475241e+00 4.872415561118075347e-03
1.485409495943609492e+00 4.382684257587443101e-03
1.487129346926251872e+00 3.923180122118521962e-03
1.488853185113917732e+00 3.500840286705075768e-03
1.490581024388262232e+00 3.119024808833423604e-03
1.492312878695457590e+00 2.777805067738516563e-03
1.494048762046563450e+00 2.474596481647363400e-03
1.495788688517908360e+00 2.205011392486771592e-03
1.497532672251467467e+00 1.963785491192639090e-03
1.499280727455248874e+00 1.745634209053360808e-03
1.501032868403676668e+00 1.545922509092668550e-03
1.502789109437979942e+00 1.361076605092113260e-03
1.504549464966586036e+00 1.188720254587416350e-03
1.506313949465511781e+00 1.027570883041841908e-03
1.508082577478762509e+00 8.771718989528733438e-04
1.509855363618730850e+00 7.375596092786386535e-04
1.511632322566598186e+00 6.089625256043595166e-04
1.513413469072741879e+00 4.916086055181822937e-04
1.515198817957142063e+00 3.856776204331318052e-04
1.516988384109793087e+00 2.913902978406804367e-04
1.518782182491116739e+00 2.091836706996358776e-04
1.520580228132380585e+00 1.398931204740094683e-04
1.522382536136117182e+00 8.485315902634339941e-05
1.524189121676545966e+00 4.584394766477576196e-05
1.526000000000000023e+00 2.484664723104202825e-05
