1.126000000000000112e+00 8.481398369339634424e-01
1.126987992296117014e+00 8.587538198205181272e-01
1.127977719913760390e+00 8.294777220139302187e-01
1.128969187428857879e+00 8.170387911257358526e-01
1.129962399433440456e+00 7.628267965399267991e-01
1.130957360535711942e+00 7.317634744052397000e-01
1.131954075360122047e+00 6.349494096531325127e-01
1.132952548547436100e+00 4.225672940259030952e-01
1.133952784754808318e+00 4.340914363234841256e-01
1.134954788655853974e+00 6.837449058862784534e-01
1.135958564940721782e+00 7.781569725345618416e-01
1.136964118316167838e+00 7.642830692702287099e-01
1.137971453505628228e+00 8.031520613449870671e-01
1.138980575249294080e+00 7.971356869410795021e-01
1.139991488304184397e+00 7.885213680360678712e-01
1.141004197444223101e+00 8.275741739605551039e-01
1.142018707460311200e+00 8.292434547787593813e-01
1.143035023160405395e+00 8.235563430570901344e-01
1.144053149369591793e+00 7.306908086646045630e-01
1.145073090930163184e+00 4.871222114621362453e-01
1.146094852701695865e+00 4.311709150012355551e-01
1.147118439561126468e+00 6.139604451039744060e-01
1.148143856402830121e+00 7.076808632452046277e-01
1.149171108138697273e+00 7.259354210105054550e-01
1.150200199698214076e+00 8.042501071241768829e-01
1.151231136028538549e+00 8.572879412695462165e-01
1.152263922094582727e+00 8.733235839357178509e-01
1.153298562879090827e+00 8.888514484371026203e-01
1.154335063382718740e+00 8.462538994174356732e-01
1.155373428624115739e+00 7.904051713193170903e-01
1.156413663640005973e+00 6.848433091320624833e-01
1.157455773485268402e+00 4.749948725929042936e-01
1.158499763233019175e+00 4.056387003423861937e-01
1.159545637974695120e+00 5.713524634756688148e-01
1.160593402820134123e+00 7.144566021078562201e-01
1.161643062897660617e+00 7.656398627347777985e-01
1.162694623354169066e+00 8.304633924723371363e-01
1.163748089355205462e+00 8.614825715873476453e-01
1.164803466085055916e+00 8.446417631969442841e-01
1.165860758746828818e+00 8.215964320877982008e-01
1.166919972562540542e+00 7.765764038380096324e-01
1.167981112773203378e+00 7.355558208281089971e-01
1.169044184638909245e+00 6.759512854004980920e-01
1.170109193438919171e+00 5.408337065879922356e-01
1.171176144471748781e+00 4.785588048257189975e-01
1.172245043055257785e+00 5.911493875310129820e-01
1.173315894526736125e+00 7.059248289511034224e-01
1.174388704242995241e+00 7.435973578177996757e-01
1.175463477580455329e+00 7.681044124615306057e-01
1.176540219935237941e+00 7.785961978201244582e-01
1.177618936723252130e+00 7.798315230330170600e-01
1.178699633380288825e+00 7.886658675775302108e-01
1.179782315362111200e+00 7.799198914527728510e-01
1.180866988144545493e+00 7.479521888494063964e-01
1.181953657223574483e+00 6.796117401067945929e-01
1.183042328115429642e+00 5.583583373021939744e-01
1.184133006356684392e+00 4.814155165182050777e-01
1.185225697504348696e+00 5.233611776869939725e-01
1.186320407135962984e+00 6.080001191322521592e-01
1.187417140849692743e+00 6.662172573750581028e-01
1.188515904264424883e+00 7.002985346388799215e-01
1.189616703019862110e+00 7.132507329996489176e-01
1.190719542776621509e+00 7.036805504018971424e-01
1.191824429216329584e+00 6.719963442884735461e-01
1.192931368041720619e+00 6.205102074609027962e-01
1.194040364976735713e+00 5.619701606223853618e-01
1.195151425766620035e+00 4.985808822234447102e-01
1.196264556178022742e+00 4.304394894844503217e-01
1.197379761999095793e+00 3.791225089571815809e-01
1.198497049039596751e+00 3.646552272208700707e-01
1.199616423130986265e+00 3.829960568676253896e-01
1.200737890126532648e+00 4.050289371413201001e-01
1.201861455901411802e+00 4.004599671837494879e-01
1.202987126352810021e+00 3.755395104446572208e-01
1.204114907400029022e+00 3.469633759819944485e-01
1.205244804984587415e+00 3.150971528736787874e-01
1.206376825070326175e+00 2.899545504057103318e-01
1.207510973643513230e+00 2.790995490634903820e-01
1.208647256712948925e+00 2.713820540879485210e-01
1.209785680310073053e+00 2.618961520912461149e-01
1.210926250489070988e+00 2.485618240377469867e-01
1.212068973326979604e+00 2.257592207878227619e-01
1.213213854923797186e+00 2.106280051686222898e-01
1.214360901402591786e+00 2.105153773748238699e-01
1.215510118909608916e+00 2.065966326678349008e-01
1.216661513614383239e+00 2.008035530814202552e-01
1.217815091709847364e+00 2.000188313257064143e-01
1.218970859412443097e+00 1.981929843737571806e-01
1.220128822962234905e+00 1.997530658833701345e-01
1.221288988623019378e+00 2.036509927306907053e-01
1.222451362682440701e+00 1.988419579005552551e-01
1.223615951452102335e+00 1.921400637097926689e-01
1.224782761267683151e+00 1.823077709853272999e-01
1.225951798489049782e+00 1.576220100442376759e-01
1.227123069500375196e+00 1.382058030500233903e-01
1.228296580710252384e+00 1.437687732869666613e-01
1.229472338551812483e+00 1.617609336595107750e-01
1.230650349482842243e+00 1.795660643089214970e-01
1.231830619985901931e+00 1.934146150099359807e-01
1.233013156568444346e+00 2.021505982453101757e-01
1.234197965762934945e+00 2.101629423182028722e-01
1.235385054126971083e+00 2.120919605592763990e-01
1.236574428243403911e+00 2.072832028724137243e-01
1.237766094720459620e+00 2.077110769267155044e-01
1.238960060191861778e+00 2.020840913388497473e-01
1.240156331316954574e+00 1.779769526590235795e-01
1.241354914780826935e+00 1.654718181177951275e-01
1.242555817294437093e+00 1.928661932998906592e-01
1.243759045594736268e+00 2.395915636273919236e-01
1.244964606444796784e+00 2.779303455996854355e-01
1.246172506633937749e+00 3.091486494309094168e-01
1.247382752977852505e+00 3.396850441331536463e-01
1.248595352318737195e+00 3.627867151581280480e-01
1.249810311525418882e+00 3.746540093598434984e-01
1.251027637493486333e+00 3.851898969267495421e-01
1.252247337145420136e+00 3.893475411704056532e-01
1.253469417430722599e+00 3.612892359802143405e-01
1.254693885326052527e+00 3.139120811710094938e-01
1.255920747835354900e+00 3.018168442587412792e-01
1.257150011989997207e+00 3.353741613839505975e-01
1.258381684848900894e+00 3.755974366870002412e-01
1.259615773498678593e+00 4.059698852170235961e-01
1.260852285053770450e+00 4.351439935807418502e-01
1.262091226656578691e+00 4.610217184042334493e-01
1.263332605477606396e+00 4.749403809324332371e-01
1.264576428715595835e+00 4.768360676555705724e-01
1.265822703597668353e+00 4.648361022961938205e-01
1.267071437379462040e+00 4.281226252788724040e-01
1.268322637345275172e+00 3.752693850865188030e-01
1.269576310808206099e+00 3.448877146868611909e-01
1.270832465110296461e+00 3.565762881301621223e-01
1.272091107622674411e+00 3.873743350926588391e-01
1.273352245745698719e+00 4.125829230376046319e-01
1.274615886909103546e+00 4.259844950169167088e-01
1.275882038572145216e+00 4.236854842472226879e-01
1.277150708223747877e+00 4.035058072300284904e-01
1.278421903382652269e+00 3.692731989355077515e-01
1.279695631597562944e+00 3.249784879166026097e-01
1.280971900447299028e+00 2.754331239260130459e-01
1.282250717540943441e+00 2.257848942256597546e-01
1.283532090517995217e+00 1.788562941141410567e-01
1.284816027048520271e+00 1.406279556953867749e-01
1.286102534833305722e+00 1.183732105200056561e-01
1.287391621604013325e+00 1.118151045391988091e-01
1.288683295123334016e+00 1.142145630608361884e-01
1.289977563185144005e+00 1.167933980895433099e-01
1.291274433614661987e+00 1.136455136988334669e-01
1.292573914268606350e+00 1.059972060144361433e-01
1.293876013035353711e+00 9.685616404983628247e-02
1.295180737835098794e+00 8.547989534568821435e-02
1.296488096620015629e+00 7.128849079524646193e-02
1.297798097374417203e+00 5.605524100248079206e-02
1.299110748114920444e+00 4.135858231527426293e-02
1.300426056890607862e+00 2.976822717966861806e-02
1.301744031783193201e+00 2.319722838076373334e-02
1.303064680907186412e+00 2.038778545665310624e-02
1.304388012410060194e+00 2.009852870086415236e-02
1.305714034472417628e+00 2.118314496629812582e-02
1.307042755308160942e+00 2.228621724436968127e-02
1.308374183164660698e+00 2.395226898387610784e-02
1.309708326322927663e+00 2.696549383000137329e-02
1.311045193097781558e+00 3.026843155751969203e-02
1.312384791838027587e+00 3.254955343511851257e-02
1.313727130926627851e+00 3.258741127604791038e-02
1.315072218780876323e+00 2.858561928411354133e-02
1.316420063852575595e+00 2.161887992081061236e-02
1.317770674628213401e+00 1.448216127333936364e-02
1.319124059629140922e+00 8.641136237265130068e-03
1.320480227411752194e+00 5.588547881993287565e-03
1.321839186567663527e+00 5.145835558920112095e-03
1.323200945723896238e+00 6.001832127741088888e-03
1.324565513543057849e+00 8.152747694394240144e-03
1.325932898723527265e+00 1.198327549178011472e-02
1.327303109999638409e+00 1.738085717467711608e-02
1.328676156141866516e+00 2.405828341382023131e-02
1.330052045957015094e+00 3.046145350449470934e-02
1.331430788288405109e+00 3.391665645657130496e-02
1.332812392016063274e+00 3.395120263843035696e-02
1.334196866056913677e+00 3.091714283886654729e-02
1.335584219364968961e+00 2.533448551312063313e-02
1.336974460931523057e+00 1.987764023974437910e-02
1.338367599785346362e+00 1.614375499279384688e-02
1.339763644992881142e+00 1.425551954909190858e-02
1.341162605658436702e+00 1.469764676008092526e-02
1.342564490924390119e+00 1.655767100642167172e-02
1.343969309971381643e+00 1.921504983432003461e-02
1.345377072018519193e+00 2.393424464651495651e-02
1.346787786323576430e+00 3.128092473657104883e-02
1.348201462183198140e+00 4.042442023429337894e-02
1.349618108933102745e+00 5.051434599966348610e-02
1.351037735948290130e+00 5.850461787142174214e-02
1.352460352643244823e+00 6.055172972634353945e-02
1.353885968472148260e+00 5.662809817281862224e-02
1.355314592929085071e+00 4.764555801152364073e-02
1.356746235548255131e+00 3.642962602699297003e-02
1.358180905904185831e+00 2.723042053888994826e-02
1.359618613611944804e+00 2.127671969621570611e-02
1.361059368327355079e+00 1.895837631627132758e-02
1.362503179747211357e+00 2.060007833788915846e-02
1.363950057609498057e+00 2.475544062732918868e-02
1.365400011693606253e+00 2.942122096842127513e-02
1.366853051820556830e+00 3.395908438312721794e-02
1.368309187853220088e+00 3.692438833618814920e-02
1.369768429696540002e+00 3.779151273726014115e-02
1.371230787297757381e+00 3.748978108144679355e-02
1.372696270646638572e+00 3.537456269562835182e-02
1.374164889775699727e+00 3.216474059452772982e-02
1.375636654760438393e+00 2.911029584123640129e-02
1.377111575719562442e+00 2.548401308648101660e-02
1.378589662815221883e+00 2.145687697808065786e-02
1.380070926253243568e+00 1.767962054166123675e-02
1.381555376283364778e+00 1.390102441005248469e-02
1.383043023199470367e+00 1.110594962796947367e-02
1.384533877339829910e+00 1.010612623857651098e-02
1.386027949087338174e+00 1.067652742255036438e-02
1.387525248869755812e+00 1.335060121852080749e-02
1.389025787159951619e+00 1.877923027770067241e-02
1.390529574476147223e+00 2.632684695457105858e-02
1.392036621382161998e+00 3.549999971310754954e-02
1.393546938487661091e+00 4.381749719240989743e-02
1.395060536448405220e+00 4.725974578182220998e-02
1.396577425966499586e+00 4.558044148856917055e-02
1.398097617790646341e+00 3.942081538788352185e-02
1.399621122716400601e+00 3.149919748588818347e-02
1.401147951586422913e+00 2.677465412468928510e-02
1.402678115290738603e+00 2.723918353067585063e-02
1.404211624766996236e+00 3.198697004440047981e-02
1.405748491000727851e+00 3.933132840871678831e-02
1.407288725025611198e+00 4.633316252650417771e-02
1.408832337923734634e+00 5.026122771062603578e-02
1.410379340825861805e+00 5.146564393483216149e-02
1.411929744911700313e+00 4.943899989078476970e-02
1.413483561410169731e+00 4.500158584120495658e-02
1.415040801599673825e+00 4.123702712305093304e-02
1.416601476808373228e+00 3.907514835262760472e-02
1.418165598414459661e+00 3.915551104537341731e-02
1.419733177846432826e+00 4.163228069074707133e-02
1.421304226583378183e+00 4.382279467692182934e-02
1.422878756155248059e+00 4.376674322637213316e-02
1.424456778143142976e+00 4.151589244888007069e-02
1.426038304179596539e+00 3.698536920866903749e-02
1.427623345948860090e+00 3.273158072570037103e-02
1.429211915187190263e+00 3.167358278578259745e-02
1.430804023683140525e+00 3.422815091059926151e-02
1.432399683277851388e+00 4.067195360504839013e-02
1.433998905865343287e+00 5.033638070592947461e-02
1.435601703392814343e+00 5.964616329786702476e-02
1.437208087860935457e+00 6.628339023714015232e-02
1.438818071324151404e+00 6.817267878138275061e-02
1.440431665890981705e+00 6.298138040584642938e-02
1.442048883724324604e+00 5.379316568545303157e-02
1.443669737041762158e+00 4.505752638402530513e-02
1.445294238115867769e+00 4.112624328481032099e-02
1.446922399274517490e+00 4.606962329138424017e-02
1.448554232901199557e+00 6.001388146067911100e-02
1.450189751435329688e+00 7.878641834779570585e-02
1.451828967372567725e+00 9.725524130501839171e-02
1.453471893265134263e+00 1.082902716579251939e-01
1.455118541722132175e+00 1.061921464979855012e-01
1.456768925409868798e+00 9.417581672135900972e-02
1.458423057052181004e+00 7.843768148336899282e-02
1.460080949430762276e+00 6.584780492066724666e-02
1.461742615385490884e+00 6.191759495398194146e-02
1.463408067814762958e+00 6.520847368339041661e-02
1.465077319675824219e+00 6.987693460978423865e-02
1.466750383985108819e+00 7.188826316477313350e-02
1.468427273818574630e+00 6.807786776775708038e-02
1.470108002312046080e+00 5.812582947494384505e-02
1.471792582661556104e+00 4.690783763035247245e-02
1.473481028123691416e+00 3.765010205342993188e-02
1.475173352015941353e+00 3.229927133739489420e-02
1.476869567717046916e+00 3.207976164299990857e-02
1.478569688667353610e+00 3.449810128846385326e-02
1.480273728369166264e+00 3.579294612231073008e-02
1.481981700387106970e+00 3.472287652533801589e-02
1.483693618348475241e+00 2.967092273584558820e-02
1.485409495943609492e+00 2.130974035880685985e-02
1.487129346926251872e+00 1.284519203753774035e-02
1.488853185113917732e+00 6.023161987872154705e-03
1.490581024388262232e+00 2.905245500417178058e-03
1.492312878695457590e+00 3.896528049822746854e-03
1.494048762046563450e+00 7.649167273651133990e-03
1.495788688517908360e+00 1.188881112895101913e-02
1.497532672251467467e+00 1.567960330018211904e-02
1.499280727455248874e+00 1.781802305931948910e-02
1.501032868403676668e+00 1.856574213103388826e-02
1.502789109437979942e+00 1.846947414780906668e-02
1.504549464966586036e+00 1.683071326450316998e-02
1.506313949465511781e+00 1.435421717931520749e-02
1.508082577478762509e+00 1.024154362915319187e-02
1.509855363618730850e+00 5.785939411689222135e-03
1.511632322566598186e+00 3.323712839088065023e-03
1.513413469072741879e+00 4.660219679175715835e-03
1.515198817957142063e+00 1.036118349093206013e-02
1.516988384109793087e+00 1.919415981825851533e-02
1.518782182491116739e+00 2.749698617270373083e-02
1.520580228132380585e+00 3.199435253433931259e-02
1.522382536136117182e+00 3.243896485763137633e-02
1.524189121676545966e+00 2.917770787931103782e-02
1.526000000000000023e+00 2.610209835365301032e-02
