1.244964606444796778e-06
1.287391621604013417e-06
1.249810311525418887e-06
1.263332605477606354e-06
1.253469417430722676e-06
1.243759045594736181e-06
1.275882038572145128e-06
1.280971900447299066e-06
1.288683295123334043e-06
1.296488096620015637e-06
1.295180737835098896e-06
1.303064680907186321e-06
1.269576310808206147e-06
1.308374183164660759e-06
1.348201462183198058e-06
1.346787786323576453e-06
1.358180905904185917e-06
1.356746235548255175e-06
1.378589662815221993e-06
1.363950057609497992e-06
1.372696270646638530e-06
1.305714034472417518e-06
1.282250717540943448e-06
1.361059368327355123e-06
1.369768429696539897e-06
1.363950057609497992e-06
1.362503179747211460e-06
1.349618108933102721e-06
1.309708326322927561e-06
1.332812392016063374e-06
1.342564490924390145e-06
1.361059368327355123e-06
1.312384791838027629e-06
1.363950057609497992e-06
1.315072218780876215e-06
1.321839186567663530e-06
1.320480227411752092e-06
1.299110748114920352e-06
1.353885968472148229e-06
1.348201462183198058e-06
1.334196866056913768e-06
1.336974460931522968e-06
1.355314592929084988e-06
1.319124059629140845e-06
1.319124059629140845e-06
1.312384791838027629e-06
1.345377072018519224e-06
1.339763644992881126e-06
1.325932898723527278e-06
1.324565513543057953e-06
1.324565513543057953e-06
1.323200945723896198e-06
1.335584219364968925e-06
1.317770674628213457e-06
1.335584219364968925e-06
1.342564490924390145e-06
1.323200945723896198e-06
1.323200945723896198e-06
1.319124059629140845e-06
1.331430788288405141e-06
1.332812392016063374e-06
1.331430788288405141e-06
1.336974460931522968e-06
1.324565513543057953e-06
1.317770674628213457e-06
1.335584219364968925e-06
1.324565513543057953e-06
1.330052045957015075e-06
1.324565513543057953e-06
1.330052045957015075e-06
1.334196866056913768e-06
1.332812392016063374e-06
1.332812392016063374e-06
1.323200945723896198e-06
1.332812392016063374e-06
1.335584219364968925e-06
1.332812392016063374e-06
1.327303109999638356e-06
1.327303109999638356e-06
1.330052045957015075e-06
1.328676156141866573e-06
1.328676156141866573e-06
1.335584219364968925e-06
1.325932898723527278e-06
1.325932898723527278e-06
1.321839186567663530e-06
1.331430788288405141e-06
1.325932898723527278e-06
1.321839186567663530e-06
1.328676156141866573e-06
1.330052045957015075e-06
1.331430788288405141e-06
1.325932898723527278e-06
1.325932898723527278e-06
1.327303109999638356e-06
1.328676156141866573e-06
1.330052045957015075e-06
1.327303109999638356e-06
1.327303109999638356e-06
1.330052045957015075e-06
1.328676156141866573e-06
1.327303109999638356e-06
1.327303109999638356e-06
1.328676156141866573e-06
1.327303109999638356e-06
1.330052045957015075e-06
1.328676156141866573e-06
1.325932898723527278e-06
1.325932898723527278e-06
1.328676156141866573e-06
1.327303109999638356e-06
1.328676156141866573e-06
1.328676156141866573e-06
1.327303109999638356e-06
1.327303109999638356e-06
1.330052045957015075e-06
1.327303109999638356e-06
1.328676156141866573e-06
1.328676156141866573e-06
1.328676156141866573e-06
1.327303109999638356e-06
1.328676156141866573e-06
1.328676156141866573e-06
1.328676156141866573e-06
1.328676156141866573e-06
1.327303109999638356e-06
1.327303109999638356e-06
1.328676156141866573e-06
1.327303109999638356e-06
1.327303109999638356e-06
1.328676156141866573e-06
1.327303109999638356e-06
1.327303109999638356e-06
1.327303109999638356e-06
1.328676156141866573e-06
1.327303109999638356e-06
1.328676156141866573e-06
1.328676156141866573e-06
1.328676156141866573e-06
1.327303109999638356e-06
1.327303109999638356e-06
1.328676156141866573e-06
1.327303109999638356e-06
1.328676156141866573e-06
1.328676156141866573e-06
1.327303109999638356e-06
1.327303109999638356e-06
1.327303109999638356e-06
1.328676156141866573e-06
1.327303109999638356e-06
1.328676156141866573e-06
1.327303109999638356e-06
1.327303109999638356e-06
1.328676156141866573e-06
1.327303109999638356e-06
1.327303109999638356e-06
1.327303109999638356e-06
1.327303109999638356e-06
1.327303109999638356e-06
1.327303109999638356e-06
1.327303109999638356e-06
1.327303109999638356e-06
1.327303109999638356e-06
1.328676156141866573e-06
1.327303109999638356e-06
1.327303109999638356e-06
1.327303109999638356e-06
1.327303109999638356e-06
1.327303109999638356e-06
1.327303109999638356e-06
1.327303109999638356e-06
1.327303109999638356e-06
1.327303109999638356e-06
1.327303109999638356e-06
1.327303109999638356e-06
1.327303109999638356e-06
1.327303109999638356e-06
1.328676156141866573e-06
1.328676156141866573e-06
1.327303109999638356e-06
1.327303109999638356e-06
1.327303109999638356e-06
1.327303109999638356e-06
1.328676156141866573e-06
1.328676156141866573e-06
1.327303109999638356e-06
1.327303109999638356e-06
1.327303109999638356e-06
1.328676156141866573e-06
1.327303109999638356e-06
1.327303109999638356e-06
1.328676156141866573e-06
1.327303109999638356e-06
1.327303109999638356e-06
1.327303109999638356e-06
1.328676156141866573e-06
1.327303109999638356e-06
1.328676156141866573e-06
1.328676156141866573e-06
1.328676156141866573e-06
1.328676156141866573e-06
1.327303109999638356e-06
1.327303109999638356e-06
1.327303109999638356e-06
1.327303109999638356e-06
1.327303109999638356e-06
1.327303109999638356e-06
1.327303109999638356e-06
1.327303109999638356e-06
1.327303109999638356e-06
1.327303109999638356e-06
1.328676156141866573e-06
1.327303109999638356e-06
1.327303109999638356e-06
1.327303109999638356e-06
1.327303109999638356e-06
1.327303109999638356e-06
1.327303109999638356e-06
1.327303109999638356e-06
1.327303109999638356e-06
1.327303109999638356e-06
1.327303109999638356e-06
1.327303109999638356e-06
1.327303109999638356e-06
1.327303109999638356e-06
1.327303109999638356e-06
1.327303109999638356e-06
1.327303109999638356e-06
1.327303109999638356e-06
1.327303109999638356e-06
1.327303109999638356e-06
1.327303109999638356e-06
1.328676156141866573e-06
1.327303109999638356e-06
1.327303109999638356e-06
1.327303109999638356e-06
1.327303109999638356e-06
1.327303109999638356e-06
1.327303109999638356e-06
1.327303109999638356e-06
1.327303109999638356e-06
1.327303109999638356e-06
1.327303109999638356e-06
1.327303109999638356e-06
1.327303109999638356e-06
1.327303109999638356e-06
1.327303109999638356e-06
1.327303109999638356e-06
1.327303109999638356e-06
