1.400000000000000148e-06 1.600000000000000033e-01 7.249999999999999778e-01 5.000000000000000000e-01 1.600000000000000266e-05
1.470000000000000113e-06 1.600000000000000033e-01 7.249999999999999778e-01 5.000000000000000000e-01 1.600000000000000266e-05
1.400000000000000148e-06 1.680000000000000104e-01 7.249999999999999778e-01 5.000000000000000000e-01 1.600000000000000266e-05
1.400000000000000148e-06 1.600000000000000033e-01 7.612499999999999822e-01 5.000000000000000000e-01 1.600000000000000266e-05
1.400000000000000148e-06 1.600000000000000033e-01 7.249999999999999778e-01 5.250000000000000222e-01 1.600000000000000266e-05
1.400000000000000148e-06 1.600000000000000033e-01 7.249999999999999778e-01 5.000000000000000000e-01 1.680000000000000517e-05
1.428000000000000134e-06 1.632000000000000395e-01 7.395000000000001572e-01 5.100000000000000089e-01 1.631999999999999960e-05
1.433600000000000132e-06 1.638400000000000412e-01 7.424000000000001709e-01 5.120000000000000107e-01 1.638399999999999763e-05
1.441440000000000128e-06 1.647360000000000213e-01 7.464600000000000124e-01 5.147999999999999243e-01 1.535360000000000492e-05
1.449727999999999785e-06 1.656832000000000304e-01 7.507520000000000859e-01 5.177599999999999980e-01 1.506432000000000555e-05
1.461331199999999982e-06 1.558092800000000222e-01 7.567608000000002333e-01 5.219039999999999235e-01 1.577932800000000994e-05
1.473597439999999780e-06 1.533711360000000468e-01 7.631129600000003954e-01 5.262847999999999971e-01 1.573519360000000868e-05
1.392770176000000053e-06 1.611577344000000578e-01 7.720059840000003115e-01 5.324179199999998779e-01 1.567340544000000421e-05
1.459878246399999726e-06 1.616208281600000352e-01 7.908083776000004450e-01 5.103850879999999313e-01 1.554276761600000754e-05
1.471853895679999303e-06 1.619449937920000582e-01 8.039700531200004718e-01 5.074621055999998243e-01 1.545132113920000852e-05
1.488619804671999388e-06 1.623988256768001126e-01 7.716463988480004588e-01 5.383699302399997944e-01 1.532329607168000582e-05
1.506343765606399066e-06 1.628785908121601622e-01 7.737256786176005541e-01 5.460439162879997532e-01 1.518795528601600374e-05
1.477027726540799191e-06 1.579823559475200812e-01 8.021949583872003409e-01 5.369179023359997860e-01 1.451501450035201548e-05
1.551560570757118925e-06 1.593944701665280517e-01 7.846645641420805228e-01 5.182999752703998375e-01 1.476225268449281138e-05
1.523772251674622943e-06 1.597030414073856430e-01 7.824493126172163970e-01 5.207706155980798002e-01 1.492170441670657004e-05
1.524220447426968457e-06 1.524769411294823462e-01 8.185974731889671396e-01 5.341621415096315939e-01 1.531429189117543787e-05
1.450355474053283420e-06 1.555666596109354372e-01 8.013594248004510812e-01 5.365081362761725536e-01 1.561394246425642187e-05
1.420361288951464230e-06 1.640286472814199703e-01 7.583160448732939596e-01 5.240550082712371882e-01 1.534121521901994764e-05
1.506045094693755302e-06 1.544984897060714402e-01 8.080482232337243831e-01 5.323933931929125674e-01 1.531900347354822470e-05
1.483963358255935200e-06 1.635853938933308493e-01 8.317746633557501212e-01 5.343757870580336800e-01 1.475383745961466187e-05
1.482149322561146142e-06 1.617978987619979048e-01 8.197588652684937305e-01 5.329598643228776744e-01 1.492557478418209502e-05
1.489825073328394159e-06 1.549526980893299322e-01 7.972330950951473927e-01 5.633975849471849484e-01 1.482741137840749325e-05
1.474998851768468551e-06 1.607213420440327667e-01 8.027910854656512551e-01 5.172508144857572709e-01 1.534213693106131784e-05
1.476669458130176199e-06 1.546691704321460081e-01 7.746571710255172327e-01 5.316162062894589369e-01 1.551978259217709553e-05
1.484488171467537103e-06 1.533248585053564872e-01 7.803713850523059659e-01 5.530714128480602731e-01 1.517427870974418481e-05
1.486386035407350983e-06 1.518455617976212091e-01 7.758874449696369080e-01 5.602355325205209402e-01 1.514070706548075753e-05
1.522784628148423453e-06 1.575828204962222145e-01 7.734078298182484046e-01 5.404394016863998118e-01 1.472660767474418732e-05
1.463030576019932979e-06 1.559194877658606204e-01 7.964678956785655739e-01 5.371961077229623349e-01 1.545865887609178133e-05
1.491015091227433640e-06 1.589804366084974774e-01 8.088343734544014563e-01 5.475632922465150099e-01 1.479631806038939204e-05
1.479179943922196050e-06 1.554236420130075125e-01 7.806381814505720662e-01 5.344069463319437441e-01 1.539317629911424691e-05
1.491517709769369560e-06 1.546437655193184102e-01 7.726738753180670827e-01 5.412572137983515663e-01 1.615235087171936466e-05
1.494415706415083465e-06 1.539760474336780982e-01 7.667696587042405199e-01 5.421250760908219446e-01 1.647981814599283382e-05
1.456689387646658307e-06 1.581857420860658392e-01 7.526708713052799871e-01 5.493272511836144734e-01 1.568170085779160329e-05
1.497407845960513158e-06 1.551437588725704531e-01 7.983571866462465527e-01 5.353568183412853454e-01 1.538247551579081528e-05
1.513454814296713294e-06 1.564544524689605587e-01 7.650069152475111878e-01 5.437888209008940876e-01 1.551157211112766566e-05
1.497799589494532109e-06 1.475973652748852893e-01 7.871726186378809054e-01 5.447825546482141235e-01 1.572224533131850240e-05
1.499635546459038908e-06 1.446370731945023635e-01 7.902778625958568615e-01 5.460650795298569449e-01 1.580203518324619765e-05
1.515421691259072590e-06 1.502579214112758077e-01 7.820367084934229940e-01 5.534087918354356761e-01 1.581590865753705109e-05
1.485522249706149487e-06 1.545196409077044808e-01 7.808829236830709952e-01 5.377322692950547989e-01 1.546715446183823714e-05
1.492439550719009844e-06 1.502881573657664782e-01 7.573279981124781957e-01 5.534091002076018118e-01 1.586048101927944198e-05
1.467986476951728582e-06 1.465109457280986960e-01 7.876067026572004526e-01 5.488252093706760260e-01 1.587094798720330618e-05
1.505497855261340769e-06 1.547143387893097355e-01 7.689618780442069035e-01 5.446701888831059213e-01 1.557446288944090276e-05
1.503909283764368902e-06 1.485236364419968980e-01 7.669622759660950084e-01 5.576569288117358969e-01 1.595828900753379825e-05
1.483298249610388620e-06 1.458526576214665416e-01 7.780834807737142533e-01 5.559137051951367203e-01 1.600451102716829625e-05
1.478858328480198190e-06 1.440803213878979194e-01 7.799078013196159009e-01 5.581624084575428357e-01 1.609052065471377698e-05
1.503831964661333061e-06 1.442532575518638005e-01 7.657588120541785059e-01 5.486493981690128141e-01 1.673678813383465742e-05
1.507700723300092507e-06 1.424389373611652521e-01 7.628362974545530584e-01 5.477649952332033223e-01 1.704929001865275532e-05
1.500437550986790115e-06 1.448759987658927162e-01 7.921745245706864891e-01 5.464078299940358097e-01 1.640110867012148642e-05
1.487579124830399373e-06 1.451814646192206570e-01 7.926251461589064462e-01 5.376603618628215120e-01 1.648042854690220000e-05
1.501051505950924150e-06 1.479387563730110711e-01 7.714532782498370045e-01 5.541575295956758795e-01 1.604966342692326923e-05
1.503784217298020212e-06 1.363793318833761425e-01 7.864253079796421630e-01 5.592202031951356567e-01 1.624529170479819949e-05
1.493664348586883340e-06 1.514474896330285092e-01 7.750803760338427217e-01 5.444007369427887877e-01 1.616861551750815957e-05
1.493277901459489061e-06 1.491101907836026585e-01 7.627423260770467284e-01 5.537466004288029708e-01 1.674223952697615126e-05
1.488752500171029613e-06 1.462770813693306526e-01 7.780825295539505193e-01 5.454897786962350503e-01 1.677164172332023384e-05
1.498899179939442807e-06 1.476479632473670089e-01 7.726133972280568862e-01 5.526406731882738121e-01 1.617600962879273686e-05
1.498233590076094465e-06 1.412485375550485700e-01 7.734686402476302902e-01 5.585425458473158855e-01 1.665564727724916629e-05
1.497433972815482285e-06 1.430333541686950594e-01 7.737506940102172326e-01 5.560677292890235934e-01 1.657041671929448707e-05
1.500282465745885864e-06 1.411551017585113699e-01 7.902100373776945741e-01 5.501251339053898626e-01 1.601329414470851299e-05
1.494503700209608596e-06 1.477180502042116927e-01 7.675491755546600681e-01 5.531128437872057102e-01 1.661467408507931389e-05
1.490749275907711948e-06 1.465261143515489139e-01 7.509276992776442450e-01 5.601459098574252948e-01 1.643985116754630610e-05
1.498742102847951330e-06 1.451647689933825425e-01 7.849563301444041352e-01 5.488119939701290306e-01 1.640788860717083122e-05
1.496369353099953574e-06 1.470250916737421143e-01 7.671911028545637112e-01 5.522201546635671088e-01 1.663909689483038327e-05
1.499885736883820816e-06 1.469690221082663728e-01 7.712424801932812324e-01 5.518424181844215903e-01 1.628816532980111961e-05
1.487404992620577466e-06 1.455327776075459878e-01 7.756185470298071483e-01 5.544608437899118947e-01 1.615096644850156916e-05
1.498713571184652482e-06 1.432773348453288131e-01 7.721523176190094873e-01 5.545840630650213932e-01 1.660369100220251978e-05
1.501116433721698662e-06 1.447514505230869386e-01 7.868913820673848480e-01 5.468561436290312328e-01 1.646824456286411994e-05
1.512561831200006142e-06 1.449776850733691946e-01 7.696758908855598769e-01 5.472000272945098942e-01 1.694342792091155220e-05
1.517593198915891835e-06 1.448666665665338527e-01 7.684873596567103338e-01 5.457478639954294053e-01 1.710192021539354745e-05
1.505441096176561706e-06 1.458050985752070428e-01 7.510414468837123270e-01 5.543614156019497363e-01 1.687962006756077243e-05
1.501873249651299536e-06 1.449358389322079610e-01 7.806176434102420902e-01 5.481695662242920264e-01 1.654023527618603311e-05
1.512389735418845349e-06 1.426957563279381835e-01 7.761123423188049930e-01 5.473771691917038718e-01 1.666922308813676904e-05
1.509586168513039097e-06 1.434533900134538631e-01 7.745511254125626577e-01 5.482246916492798938e-01 1.666395100430814611e-05
1.509971006412195465e-06 1.441920295019706866e-01 7.602591945640546633e-01 5.514498078009739679e-01 1.681757099802996439e-05
1.511590557764374821e-06 1.440432676159232317e-01 7.561875047948172224e-01 5.521058561163103562e-01 1.687303814239875065e-05
1.518281479510731200e-06 1.461569066970876130e-01 7.623385952256103160e-01 5.440440281807603640e-01 1.686185412809196736e-05
1.524467610862327190e-06 1.421403732696785716e-01 7.596868786642704263e-01 5.436663170598955430e-01 1.740685531980970798e-05
1.529383985658028507e-06 1.411746435019610446e-01 7.573757583584681541e-01 5.420310968349904002e-01 1.763059331781142498e-05
1.528775641565212511e-06 1.440109841132070079e-01 7.627417734474100097e-01 5.448661046316574108e-01 1.722625939016619718e-05
1.508197108119512018e-06 1.442108597000988646e-01 7.652308302979939914e-01 5.479873217999755575e-01 1.682244560369267687e-05
1.522465813556095558e-06 1.451138395262749903e-01 7.502213420431983470e-01 5.451958632116686854e-01 1.736249435944651402e-05
1.516407829009324480e-06 1.437994321570914003e-01 7.489787007536456986e-01 5.474518905520147083e-01 1.702875480598230472e-05
1.517385759182242505e-06 1.446799005448814179e-01 7.650733443486740226e-01 5.460460686428317834e-01 1.708911626874658218e-05
1.515361260283089637e-06 1.419183895656551953e-01 7.562213648339712879e-01 5.499565425515124950e-01 1.735972574954573074e-05
1.515447181051917269e-06 1.422907913261709234e-01 7.499458239050263986e-01 5.495186916529134491e-01 1.724070740121077399e-05
1.517046508009435716e-06 1.442618064316070758e-01 7.624260282710356718e-01 5.466537776695961082e-01 1.711564471692781541e-05
1.508199404459400364e-06 1.415160391069101853e-01 7.696797007016370484e-01 5.509520628672472942e-01 1.686858945350336406e-05
1.512439215402930576e-06 1.445505488840319874e-01 7.690630122579305006e-01 5.465895916536973598e-01 1.667490354498719524e-05
1.514849902429061844e-06 1.423790174463711311e-01 7.584686531331641390e-01 5.493673261443948741e-01 1.723988186374798585e-05
1.522261270414484272e-06 1.452980906785613646e-01 7.511202573628755763e-01 5.449601766488216814e-01 1.731455680512740657e-05
1.519800443872344471e-06 1.446362316535224068e-01 7.543681599471587784e-01 5.460087567370461858e-01 1.723651251859319405e-05
1.522154071552697844e-06 1.430080477845879772e-01 7.638847153306320692e-01 5.413675436480529513e-01 1.745549786670980142e-05
1.531130306570834639e-06 1.423593309342080226e-01 7.543029438405106646e-01 5.428381667036186187e-01 1.775931131062272772e-05
1.512210417848493540e-06 1.438868421660679520e-01 7.633184501679344258e-01 5.470862196581131043e-01 1.698639710240543526e-05
1.516773444115714913e-06 1.423312886110326136e-01 7.587122982393853521e-01 5.482271243274949857e-01 1.727327655496033095e-05
1.518530728580014096e-06 1.438375197992213805e-01 7.618781983496826227e-01 5.460562855476559507e-01 1.717388683750419257e-05
1.522616779414623714e-06 1.428345128816060905e-01 7.630451479973597850e-01 5.418272983304214252e-01 1.744576935732978341e-05
1.520733877270341015e-06 1.441370599767536342e-01 7.554319036905811080e-01 5.455402688016161017e-01 1.727058107883649548e-05
1.511451208668075095e-06 1.437967624140148171e-01 7.641220399712492783e-01 5.471231208519595768e-01 1.693932754691608174e-05
1.529797767429133361e-06 1.423155394013020658e-01 7.553797308052624393e-01 5.430037967748739813e-01 1.768882011246012784e-05
1.527225063056841981e-06 1.416659898569277987e-01 7.550241854090610216e-01 5.428496365700646864e-01 1.766023413185438705e-05
1.533162995097592076e-06 1.429061015434746063e-01 7.567148403872286933e-01 5.385278026872535317e-01 1.771562744515587246e-05
1.519641615537543522e-06 1.424318808742099651e-01 7.583627431152579756e-01 5.465297430404527645e-01 1.735068796074454970e-05
1.516076211027537862e-06 1.429683873423683582e-01 7.612406127453495985e-01 5.451615087461061382e-01 1.716483102696984432e-05
1.518477483397816969e-06 1.428541389526817307e-01 7.602149584058341958e-01 5.447839091511404996e-01 1.725652911693064106e-05
1.515149883536218982e-06 1.440931965250442093e-01 7.636724673402602859e-01 5.460893779833456696e-01 1.703193500160608400e-05
1.525111906640732787e-06 1.420907510238481608e-01 7.565376347470209595e-01 5.434165913173888418e-01 1.755028178406093503e-05
1.523392281070876912e-06 1.408036028240561843e-01 7.637070414813161845e-01 5.425492747581034392e-01 1.753346833671375003e-05
1.525984809017007930e-06 1.418574707065383411e-01 7.629139214030626892e-01 5.399676132063269129e-01 1.752647360519337731e-05
1.524356856980880832e-06 1.410640218291150938e-01 7.581790258832420415e-01 5.439261838667207583e-01 1.746367390775358116e-05
1.524704872494132213e-06 1.407099236186168945e-01 7.572058014604183818e-01 5.443459609739805805e-01 1.746725481783833935e-05
1.530847902430913546e-06 1.403283489086128433e-01 7.601948424657307690e-01 5.406264829322336984e-01 1.773577206448189819e-05
1.520642306728609103e-06 1.424121256949696657e-01 7.602114381163160850e-01 5.440563595628318261e-01 1.734039663275211072e-05
1.524445460086037918e-06 1.419251029815658816e-01 7.593853081080647049e-01 5.437182904212606305e-01 1.741821903739848397e-05
1.525659218609782552e-06 1.416987809310537028e-01 7.619669422990985597e-01 5.407593273384057042e-01 1.751391366570541672e-05
1.523585196252877653e-06 1.408556866250679773e-01 7.626014383617013559e-01 5.428246565798269252e-01 1.751950945092171490e-05
1.524960896708762481e-06 1.418854051849015585e-01 7.568659129742651981e-01 5.435185098272552473e-01 1.753296020879946290e-05
1.519653358114429741e-06 1.424961155279683978e-01 7.598077719013157649e-01 5.446123640942565070e-01 1.729795807509522840e-05
1.529549693340906918e-06 1.404754834927132989e-01 7.597916791492330679e-01 5.412864231191311104e-01 1.768135243313623546e-05
1.527817834676273126e-06 1.408290940988829454e-01 7.597944953808475343e-01 5.418684627897779604e-01 1.761425842047905770e-05
1.524427739465006586e-06 1.417528867510757240e-01 7.591440516631001723e-01 5.437598691103526782e-01 1.742731001146950273e-05
1.524840088763186151e-06 1.417211285137442711e-01 7.571285355560605224e-01 5.436000446351483273e-01 1.751910294859028520e-05
1.523739528398478331e-06 1.408973536658774117e-01 7.617169558660095152e-01 5.430449620372056474e-01 1.750834234228808883e-05
1.525398746284002251e-06 1.415718291106659865e-01 7.612093590159272338e-01 5.413926986440686928e-01 1.750386571411505096e-05
1.520594057887720002e-06 1.422096967881977259e-01 7.594820226977010424e-01 5.444751280487493128e-01 1.733110124162689895e-05
1.523143971860700271e-06 1.412327252119644494e-01 7.599423079444759255e-01 5.428157377824043284e-01 1.750312445028005931e-05
1.524203080134252928e-06 1.416618584817312398e-01 7.592837465123409846e-01 5.435946461279617115e-01 1.744057753826135115e-05
1.523368631191453929e-06 1.413237534813089336e-01 7.598026130952351131e-01 5.429809607647952951e-01 1.748985692348821089e-05
1.524057051569262997e-06 1.416026901066573251e-01 7.593745481643474626e-01 5.434872511894075497e-01 1.744920143067605177e-05
1.521636287155808736e-06 1.414261272507707778e-01 7.571430762510171775e-01 5.460207292668239898e-01 1.740470303425890598e-05
1.524740315936568364e-06 1.415463312851843181e-01 7.604977595320679962e-01 5.422026040030508698e-01 1.748651224514022424e-05
1.522294717503242622e-06 1.414516250762524463e-01 7.578546757348764151e-01 5.452108239078418128e-01 1.742205650323373271e-05
1.524312336210736529e-06 1.415297576986212502e-01 7.600352198675595083e-01 5.427290424863893126e-01 1.747523249030658940e-05
1.523862994114958832e-06 1.409306872985249537e-01 7.610093698694559983e-01 5.432212064031086696e-01 1.749940865538118797e-05
1.524117012651586479e-06 1.414949564511488733e-01 7.591354437081263562e-01 5.435750377248701470e-01 1.745209592609155833e-05
1.521346617706352168e-06 1.419805617963811883e-01 7.592214233348092423e-01 5.443653392123436463e-01 1.735761577485223404e-05
1.524743442406725130e-06 1.415897071768184301e-01 7.573386336214967818e-01 5.436652724814627913e-01 1.750801714042294371e-05
1.524663624145430858e-06 1.414498693939704732e-01 7.600340128023027608e-01 5.425473199757848697e-01 1.748194457766289698e-05
1.523472401490152394e-06 1.413109825467751823e-01 7.591775424963964625e-01 5.435150910508980138e-01 1.747216809633757786e-05
1.527093109948907135e-06 1.405575455017004649e-01 7.590740105343484201e-01 5.423846902988463947e-01 1.761246917617103832e-05
1.526415609548608720e-06 1.409257499332765839e-01 7.590764785879420273e-01 5.427827781594715129e-01 1.755403728661907598e-05
1.523987462900382240e-06 1.412435668394129151e-01 7.591598563124168919e-01 5.433869362948984261e-01 1.748649520463684020e-05
1.526074804437971477e-06 1.414311969978820083e-01 7.565048457920668934e-01 5.431429547639764488e-01 1.752163134727773488e-05
1.522437366399648826e-06 1.421537993931791255e-01 7.574125392302618609e-01 5.442827766542909229e-01 1.737223569493056180e-05
1.526278354827786814e-06 1.408368899327092361e-01 7.587832530561332556e-01 5.427168554110491927e-01 1.757042831695395578e-05
1.524061341716481874e-06 1.412076578373533398e-01 7.589636902265819440e-01 5.434947858092629147e-01 1.748193094526018839e-05
1.524602270712520895e-06 1.413726998809994029e-01 7.596630154184905726e-01 5.428230927539720030e-01 1.747829044368103246e-05
1.525731214946553390e-06 1.413577619641286365e-01 7.568396818103019230e-01 5.432996005845253107e-01 1.751003985937290278e-05
1.524666125321556185e-06 1.414845701072777739e-01 7.575067120738457893e-01 5.437174547585144069e-01 1.749914849388906985e-05
1.526545859355301874e-06 1.406588407671833796e-01 7.588950136041271444e-01 5.426929890124212452e-01 1.758271012248754825e-05
1.522821264515895481e-06 1.419358438803662859e-01 7.575658365608578526e-01 5.442114580967769566e-01 1.739052333749516025e-05
1.525894055258405830e-06 1.408823163119903854e-01 7.586624076215550128e-01 5.429587211021835724e-01 1.754907743511388086e-05
1.523701045049384771e-06 1.410467444225657618e-01 7.603502586791842655e-01 5.434684947317361958e-01 1.747880863090619694e-05
1.524469499018162902e-06 1.409014243223215279e-01 7.578018223752730487e-01 5.442031633533951362e-01 1.751076532148813578e-05
1.524326993887770722e-06 1.405562957820606917e-01 7.600761698404888689e-01 5.435030847868049797e-01 1.749455400231972611e-05
1.524259167601013248e-06 1.403706409170172587e-01 7.605900613938174626e-01 5.434602107924630943e-01 1.749363510400585466e-05
1.522472239402666357e-06 1.410281413653761695e-01 7.594859791803528770e-01 5.444795639169845991e-01 1.742281568797725592e-05
1.525295237483651591e-06 1.409078356963329171e-01 7.588065326443446112e-01 5.432248685947737021e-01 1.752698162936497319e-05
1.524798511251458453e-06 1.405828709836051127e-01 7.591218335424310126e-01 5.438355323241095274e-01 1.750798245147285688e-05
1.524521958843095307e-06 1.407616831631502696e-01 7.608117058606030936e-01 5.429801023682628847e-01 1.747803492723879251e-05
1.524478679487526147e-06 1.408769696194665522e-01 7.583285519852058787e-01 5.439891276809970533e-01 1.750503750249450037e-05
1.523369597179156609e-06 1.407429253583923900e-01 7.596158033278760380e-01 5.442641007613736592e-01 1.745304096861377275e-05
1.524958250430364916e-06 1.408789763871933221e-01 7.589481550139625110e-01 5.434067342239287113e-01 1.751404201373351463e-05
1.523930219082912417e-06 1.411863322325555004e-01 7.592310310184022804e-01 5.434819177919656408e-01 1.747446397141014945e-05
1.524646560121962897e-06 1.406884767021714389e-01 7.591409431007258846e-01 5.437736497809843028e-01 1.750211671746188376e-05
1.524350884362258725e-06 1.409624766197042078e-01 7.585584546746914070e-01 5.438415640507375803e-01 1.746984992666681150e-05
1.523826234817061961e-06 1.409486546944647423e-01 7.602954409114451861e-01 5.434754127427499082e-01 1.748195770518890346e-05
1.524448342367575019e-06 1.408128348519853690e-01 7.586780755562624323e-01 5.438919191021586164e-01 1.750294080245954687e-05
1.524831999121846035e-06 1.408144402661667960e-01 7.591737579792677826e-01 5.434260043365040094e-01 1.751014441145075761e-05
1.524704207778720907e-06 1.405775559432962396e-01 7.593127008020426061e-01 5.437690428166486178e-01 1.750529676164223005e-05
1.524367785619488236e-06 1.407309344702916687e-01 7.602885341269119968e-01 5.433141243912192886e-01 1.748178032044782869e-05
1.525206513490971465e-06 1.405080265381431215e-01 7.586684060579159672e-01 5.436661154100159710e-01 1.750269246382204084e-05
1.524964964723037037e-06 1.405851364654994162e-01 7.589531371572834084e-01 5.436327424432443323e-01 1.749906388106123756e-05
1.524402436665960716e-06 1.405605478143077958e-01 7.599234760327996385e-01 5.435562763927737073e-01 1.749670255418422826e-05
1.524435070051334770e-06 1.407002587648925884e-01 7.600933674619381186e-01 5.434051080763051544e-01 1.748648360868670828e-05
1.524806440853221009e-06 1.407670634015926736e-01 7.592015465438227695e-01 5.434946120325329089e-01 1.750917488148905210e-05
1.524421549045551204e-06 1.408854924844226142e-01 7.587093039001616690e-01 5.438270598039197656e-01 1.747693929366189657e-05
1.524001829409393793e-06 1.408744349442310473e-01 7.600988928895646701e-01 5.435341387575296501e-01 1.748662551647956742e-05
1.524545202189328211e-06 1.409613744010662917e-01 7.590428486062122948e-01 5.436557082020008203e-01 1.748910547059955080e-05
1.524575551067248611e-06 1.406667824976088887e-01 7.603904386212704258e-01 5.433163841500870950e-01 1.751373520189694418e-05
1.524448499399348324e-06 1.408472182367302150e-01 7.590035024763557292e-01 5.437376915644991371e-01 1.748337857760303142e-05
1.524142305083259300e-06 1.408150591440440746e-01 7.599416544720603017e-01 5.435811195693533993e-01 1.749035976551209994e-05
1.524785994238320989e-06 1.407291619099333979e-01 7.592237773954667590e-01 5.435494981893560507e-01 1.750839925751968701e-05
1.524577003307206665e-06 1.408846107095122757e-01 7.590968190453784015e-01 5.436783751249303354e-01 1.749234372880808597e-05
1.524488897596812040e-06 1.406757182005733131e-01 7.599372341299590605e-01 5.434778950243738249e-01 1.749024623927781196e-05
1.524478080792185102e-06 1.408239051761973337e-01 7.588299832805378564e-01 5.438154564064655583e-01 1.748261078725796259e-05
1.524586138883065400e-06 1.408563989526200044e-01 7.586247398682353094e-01 5.438795018183276708e-01 1.750135788101821020e-05
1.524505914821906388e-06 1.407073373321814924e-01 7.597075476341574873e-01 5.435481762133157480e-01 1.749219077658238216e-05
1.524254685622351537e-06 1.407675585038944965e-01 7.598158637380567626e-01 5.436187042188124208e-01 1.749334716473812597e-05
1.524602444201509514e-06 1.408231997562690574e-01 7.591399953967112868e-01 5.436965086632740141e-01 1.749493433537491343e-05
1.524769636946400888e-06 1.406988407166059607e-01 7.592415620767819506e-01 5.435934071148145197e-01 1.750777875834419494e-05
1.524523306189492305e-06 1.407746353296171204e-01 7.589265267848388508e-01 5.438061736885021480e-01 1.748714798213481676e-05
1.524531959633193729e-06 1.406560857491178929e-01 7.598123274643757696e-01 5.435361245828287391e-01 1.749325634375069693e-05
1.524621867483378409e-06 1.406346609380562940e-01 7.600024530063482775e-01 5.434793412700492654e-01 1.751069736340524912e-05
1.524604619256947981e-06 1.406591564565794206e-01 7.598141659175841056e-01 5.435365369432785254e-01 1.750657622168292227e-05
1.524344590053625369e-06 1.407295579917748340e-01 7.597152311508539313e-01 5.436487719383796824e-01 1.749573708411894746e-05
1.524566409262299207e-06 1.406403797879535733e-01 7.597124021319091591e-01 5.435827082295927593e-01 1.749566442732900355e-05
1.524756551112864849e-06 1.406745837619440276e-01 7.592557898218340595e-01 5.436285342551813171e-01 1.750728235900380332e-05
1.524622796916951792e-06 1.407740709936745049e-01 7.591745364777775507e-01 5.437110154939489570e-01 1.749700682062837743e-05
1.524559486507337983e-06 1.407352194523529554e-01 7.590037615882796462e-01 5.437987475141314864e-01 1.749077773803629941e-05
1.524628643685500815e-06 1.407560154692634735e-01 7.588724058044059584e-01 5.438397365777232206e-01 1.750277587804285003e-05
1.524964084346925170e-06 1.406774202564375909e-01 7.585324466468819082e-01 5.438500587246738460e-01 1.750551873882247528e-05
1.524855672845597366e-06 1.406865443601215959e-01 7.587394339350769235e-01 5.438148335370722730e-01 1.750380694924935605e-05
1.524746082446035976e-06 1.406551781982144644e-01 7.592671720178757466e-01 5.436566359674748217e-01 1.750688523953148731e-05
1.524588430761614483e-06 1.407036867505416233e-01 7.590655494310322160e-01 5.437928065746349127e-01 1.749368154275748554e-05
1.524643756504144791e-06 1.407203235640700212e-01 7.589604648039333101e-01 5.438255978255083223e-01 1.750328005476272739e-05
1.524639079089305615e-06 1.407347679835988519e-01 7.592021693426305173e-01 5.437226209584888892e-01 1.749866480883114863e-05
1.524416513598644392e-06 1.406991575820791263e-01 7.596347250810916440e-01 5.436728261140334473e-01 1.749764901962360262e-05
1.524912109033284572e-06 1.406574473938093650e-01 7.586884974779141144e-01 5.438338555430687338e-01 1.750547434338642759e-05
1.524503242799706338e-06 1.406918582991319167e-01 7.594691352505356097e-01 5.437010062641146613e-01 1.749901845128209733e-05
1.524825379832222625e-06 1.406647466767565746e-01 7.588540873084701488e-01 5.438056753929875198e-01 1.750410491172793288e-05
1.524764063839790152e-06 1.405938284695527618e-01 7.589818204027112269e-01 5.438172824724127885e-01 1.750663459533759392e-05
1.524807509359208697e-06 1.405576748512746554e-01 7.592320671809195121e-01 5.437109794641551419e-01 1.750336116563596720e-05
1.524950466540776436e-06 1.405159069050962439e-01 7.591935896537754802e-01 5.437110398708364656e-01 1.751683152679259494e-05
1.524651787022967836e-06 1.406708252775886736e-01 7.590879564700123705e-01 5.437784974014701067e-01 1.749773278996362918e-05
1.524786849043111054e-06 1.405616510696789667e-01 7.592481939051440865e-01 5.437225921346537927e-01 1.750374828483721842e-05
1.524752092627576303e-06 1.405905739643014685e-01 7.590479964825774806e-01 5.438076345412599100e-01 1.750636702859852115e-05
1.524737707512572962e-06 1.406396537472308084e-01 7.592762777747090741e-01 5.436791173373095587e-01 1.750656754395363450e-05
1.524801145421522366e-06 1.406473085300645187e-01 7.589458100071846403e-01 5.437983488777197172e-01 1.750434328171079367e-05
1.524611586165035768e-06 1.406784605890925577e-01 7.591149797052343384e-01 5.437880538230376315e-01 1.749600458653443309e-05
1.524901214788365923e-06 1.405282367127362320e-01 7.592174118834289498e-01 5.437226404599989626e-01 1.751452457376252603e-05
1.524850529779283241e-06 1.405545258910985695e-01 7.591994862522448706e-01 5.437340877985306076e-01 1.751128357599760637e-05
1.524770320790232940e-06 1.405648320444024268e-01 7.592610952845237904e-01 5.437318822710527355e-01 1.750405798019822210e-05
1.524731007565802466e-06 1.406272341864439057e-01 7.592835623801758027e-01 5.436971024331773705e-01 1.750631338749135361e-05
1.524742515657805308e-06 1.405879703601004282e-01 7.591009373464705501e-01 5.437999161963376071e-01 1.750615297520726428e-05
1.524781757892962032e-06 1.406333580127108740e-01 7.590191881661562112e-01 5.437924876655054751e-01 1.750453397769708162e-05
1.524630110487772753e-06 1.406582796599332996e-01 7.591545239245960364e-01 5.437842516217598066e-01 1.749786302155599180e-05
1.524861813386436200e-06 1.405381005588482723e-01 7.592364696671516366e-01 5.437319209313288271e-01 1.751267901133846615e-05
1.524670658495038729e-06 1.406372483172434185e-01 7.591688644295433441e-01 5.437750937509343574e-01 1.750045581976792549e-05
1.524725647608386239e-06 1.406172985378143780e-01 7.592893900645492078e-01 5.437114905098716644e-01 1.750611006232152890e-05
1.524757098187930576e-06 1.405673768241811894e-01 7.592714163880275313e-01 5.437393143801718676e-01 1.750430573648702437e-05
1.524766247870113807e-06 1.406221975988279360e-01 7.590778906933335346e-01 5.437877986957341259e-01 1.750468653448611131e-05
1.524734854081988343e-06 1.405858874767395850e-01 7.591432900375849613e-01 5.437937415203998315e-01 1.750598173249425811e-05
1.524644929945962384e-06 1.406421349166058765e-01 7.591861593000853725e-01 5.437812098607375244e-01 1.749934976957323877e-05
1.524830292264893649e-06 1.405459916357378880e-01 7.592517158941297639e-01 5.437393453083927408e-01 1.751120256139922232e-05
1.524778543402029982e-06 1.405862807392034564e-01 7.593379554992480962e-01 5.437050551639276419e-01 1.750665893004018866e-05
1.524764877381727427e-06 1.406123529577707476e-01 7.592364447932938853e-01 5.437457786176582708e-01 1.750927620346868406e-05
1.524758459546845078e-06 1.405752476475593538e-01 7.592652963589491266e-01 5.437404456217319604e-01 1.750517556820881481e-05
1.524753839851835142e-06 1.406132692677216078e-01 7.591248527150753489e-01 5.437840475199170465e-01 1.750480857991733370e-05
1.524763676277368082e-06 1.405845357800220019e-01 7.593329045598069538e-01 5.437178526944718149e-01 1.750638649636059626e-05
1.524721359642453173e-06 1.406093500189107559e-01 7.592940522120479319e-01 5.437230009712270551e-01 1.750594740218566981e-05
1.524805075367659185e-06 1.405523044972495639e-01 7.592639128757123768e-01 5.437452848100439162e-01 1.751002140144782387e-05
1.524746520106088727e-06 1.405694126480042105e-01 7.592796732708305685e-01 5.437452600674672620e-01 1.750450394151806618e-05
1.524742495817080888e-06 1.405439942872714898e-01 7.594684447731008259e-01 5.436961290240264200e-01 1.750805382134442076e-05
1.524724187207432815e-06 1.405565111778708798e-01 7.593146090136868587e-01 5.437536343812935380e-01 1.750714283489468936e-05
1.524704207778720907e-06 1.405775559432962396e-01 7.593127008020426061e-01 5.437690428166486178e-01 1.750529676164223005e-05
