1.126000000000000112e+00 4.845312672394137712e-04
1.126987992296117014e+00 4.872115288158497060e-04
1.127977719913760390e+00 4.771972205472274587e-04
1.128969187428857879e+00 4.953124089611903556e-04
1.129962399433440456e+00 5.500729785915773207e-04
1.130957360535711942e+00 5.797402924104232700e-04
1.131954075360122047e+00 5.987391498473314169e-04
1.132952548547436100e+00 5.494719757026854737e-04
1.133952784754808318e+00 4.466583356424013015e-04
1.134954788655853974e+00 4.699820368422828330e-04
1.135958564940721782e+00 5.107631223271723872e-04
1.136964118316167838e+00 4.563705677023015598e-04
1.137971453505628228e+00 4.256873325399520148e-04
1.138980575249294080e+00 4.289156357595601591e-04
1.139991488304184397e+00 4.193291446010306085e-04
1.141004197444223101e+00 3.874724295032282097e-04
1.142018707460311200e+00 3.729205621162429846e-04
1.143035023160405395e+00 3.924743871284137680e-04
1.144053149369591793e+00 4.278589056137951452e-04
1.145073090930163184e+00 5.223026906819096564e-04
1.146094852701695865e+00 5.468228779805320034e-04
1.147118439561126468e+00 4.220715697094676896e-04
1.148143856402830121e+00 3.628517895013929988e-04
1.149171108138697273e+00 3.815969838269856959e-04
1.150200199698214076e+00 3.547777447098185194e-04
1.151231136028538549e+00 3.212278179382215947e-04
1.152263922094582727e+00 2.967028889438898861e-04
1.153298562879090827e+00 2.708451570399701388e-04
1.154335063382718740e+00 2.378746643989399780e-04
1.155373428624115739e+00 1.966332149666226675e-04
1.156413663640005973e+00 1.670569912681912092e-04
1.157455773485268402e+00 1.426936224050849068e-04
1.158499763233019175e+00 1.461174396715352877e-04
1.159545637974695120e+00 1.716101870712214068e-04
1.160593402820134123e+00 1.648944624028654386e-04
1.161643062897660617e+00 1.455044492144033001e-04
1.162694623354169066e+00 1.420426264343391276e-04
1.163748089355205462e+00 1.386495238631782533e-04
1.164803466085055916e+00 1.314002554786109726e-04
1.165860758746828818e+00 1.226865876482798880e-04
1.166919972562540542e+00 1.178250127973315447e-04
1.167981112773203378e+00 1.199790264587194361e-04
1.169044184638909245e+00 1.173995501123095112e-04
1.170109193438919171e+00 9.383519481736719305e-05
1.171176144471748781e+00 5.318256512627827956e-05
1.172245043055257785e+00 3.100282111979073822e-05
1.173315894526736125e+00 3.975016331873004445e-05
1.174388704242995241e+00 5.335229642846975610e-05
1.175463477580455329e+00 6.368983913887548472e-05
1.176540219935237941e+00 7.610778607643352745e-05
1.177618936723252130e+00 8.836489129419766351e-05
1.178699633380288825e+00 1.110134565546406533e-04
1.179782315362111200e+00 1.447128569990359381e-04
1.180866988144545493e+00 1.668208837575588114e-04
1.181953657223574483e+00 1.831263495030977222e-04
1.183042328115429642e+00 1.996394274512629610e-04
1.184133006356684392e+00 1.841473356022735753e-04
1.185225697504348696e+00 1.564113517963124219e-04
1.186320407135962984e+00 1.819208406038921508e-04
1.187417140849692743e+00 2.557920586571207932e-04
1.188515904264424883e+00 3.455617945827247381e-04
1.189616703019862110e+00 4.544205481590066057e-04
1.190719542776621509e+00 5.682421409216182858e-04
1.191824429216329584e+00 6.714723954390545459e-04
1.192931368041720619e+00 7.666535389120832057e-04
1.194040364976735713e+00 8.643357300280762228e-04
1.195151425766620035e+00 9.904953335227600648e-04
1.196264556178022742e+00 1.072774785563738922e-03
1.197379761999095793e+00 9.981876632040782328e-04
1.198497049039596751e+00 8.386556326827392062e-04
1.199616423130986265e+00 7.489659797271251479e-04
1.200737890126532648e+00 8.043934429780075007e-04
1.201861455901411802e+00 9.783271465697235617e-04
1.202987126352810021e+00 1.161601001477881572e-03
1.204114907400029022e+00 1.305814345659541765e-03
1.205244804984587415e+00 1.406408417117203458e-03
1.206376825070326175e+00 1.442031613090638889e-03
1.207510973643513230e+00 1.428164948528292148e-03
1.208647256712948925e+00 1.361684826579823626e-03
1.209785680310073053e+00 1.284222512113299694e-03
1.210926250489070988e+00 1.259576060953219133e-03
1.212068973326979604e+00 1.203852081768449047e-03
1.213213854923797186e+00 1.113510046774540251e-03
1.214360901402591786e+00 1.167645662966906557e-03
1.215510118909608916e+00 1.417670733793405810e-03
1.216661513614383239e+00 1.778007368986801034e-03
1.217815091709847364e+00 2.205306631539965482e-03
1.218970859412443097e+00 2.634336653644971191e-03
1.220128822962234905e+00 2.936790910757617213e-03
1.221288988623019378e+00 3.062356270033344229e-03
1.222451362682440701e+00 3.067462894041257659e-03
1.223615951452102335e+00 2.982401370160153373e-03
1.224782761267683151e+00 2.808248830170668488e-03
1.225951798489049782e+00 2.611773925952809612e-03
1.227123069500375196e+00 2.429602856963635794e-03
1.228296580710252384e+00 2.205255117385037603e-03
1.229472338551812483e+00 1.990111439068615370e-03
1.230650349482842243e+00 1.871827197986350574e-03
1.231830619985901931e+00 1.778916679933529796e-03
1.233013156568444346e+00 1.705968836901411651e-03
1.234197965762934945e+00 1.742801207149576124e-03
1.235385054126971083e+00 1.900923367060609881e-03
1.236574428243403911e+00 2.170399865656337350e-03
1.237766094720459620e+00 2.522532147545459864e-03
1.238960060191861778e+00 2.937727014445256409e-03
1.240156331316954574e+00 3.336210617467012460e-03
1.241354914780826935e+00 3.578248554618521701e-03
1.242555817294437093e+00 3.683849585925278673e-03
1.243759045594736268e+00 3.647417427524722675e-03
1.244964606444796784e+00 3.487019390410237615e-03
1.246172506633937749e+00 3.434155605304215538e-03
1.247382752977852505e+00 3.493030829016976861e-03
1.248595352318737195e+00 3.516793283331414582e-03
1.249810311525418882e+00 3.543902384445675631e-03
1.251027637493486333e+00 3.580117419433996064e-03
1.252247337145420136e+00 3.594152117381050390e-03
1.253469417430722599e+00 3.615905329139691184e-03
1.254693885326052527e+00 3.652020758024025673e-03
1.255920747835354900e+00 3.564006857968136412e-03
1.257150011989997207e+00 3.219883203129163436e-03
1.258381684848900894e+00 2.802320232378536190e-03
1.259615773498678593e+00 2.486442055255646145e-03
1.260852285053770450e+00 2.249154557879418613e-03
1.262091226656578691e+00 2.098338840381079335e-03
1.263332605477606396e+00 1.986055059173773112e-03
1.264576428715595835e+00 1.884229809957884035e-03
1.265822703597668353e+00 1.813780262763766554e-03
1.267071437379462040e+00 1.762061703146689190e-03
1.268322637345275172e+00 1.785652028750820937e-03
1.269576310808206099e+00 1.803081016898984380e-03
1.270832465110296461e+00 1.667366055407834124e-03
1.272091107622674411e+00 1.493854528239638201e-03
1.273352245745698719e+00 1.462070849247569613e-03
1.274615886909103546e+00 1.603345628224925584e-03
1.275882038572145216e+00 1.872560335906392221e-03
1.277150708223747877e+00 2.270090003508479313e-03
1.278421903382652269e+00 2.780746247980179966e-03
1.279695631597562944e+00 3.333602286553730143e-03
1.280971900447299028e+00 3.959269529166010992e-03
1.282250717540943441e+00 4.680833738857199076e-03
1.283532090517995217e+00 5.387498070147180712e-03
1.284816027048520271e+00 5.888469761426810833e-03
1.286102534833305722e+00 6.067768767245203428e-03
1.287391621604013325e+00 6.167853817832131061e-03
1.288683295123334016e+00 6.679852405901397575e-03
1.289977563185144005e+00 8.114665481703052519e-03
1.291274433614661987e+00 1.088719847770122998e-02
1.292573914268606350e+00 1.504017335245967125e-02
1.293876013035353711e+00 2.030298809282232719e-02
1.295180737835098794e+00 2.653897280022877656e-02
1.296488096620015629e+00 3.394242240605389871e-02
1.297798097374417203e+00 4.259997780401261758e-02
1.299110748114920444e+00 5.228260697790965833e-02
1.300426056890607862e+00 6.280669380664388735e-02
1.301744031783193201e+00 7.400689334275036002e-02
1.303064680907186412e+00 8.602100736051790375e-02
1.304388012410060194e+00 9.951605534121306385e-02
1.305714034472417628e+00 1.148567669321751833e-01
1.307042755308160942e+00 1.314245459905547808e-01
1.308374183164660698e+00 1.476414308260558528e-01
1.309708326322927663e+00 1.624018640029098459e-01
1.311045193097781558e+00 1.759471865133622748e-01
1.312384791838027587e+00 1.884480850445065525e-01
1.313727130926627851e+00 2.001581947051166710e-01
1.315072218780876323e+00 2.115772497602276259e-01
1.316420063852575595e+00 2.220906339620096204e-01
1.317770674628213401e+00 2.310992636343975615e-01
1.319124059629140922e+00 2.385193466252524819e-01
1.320480227411752194e+00 2.441142772276855555e-01
1.321839186567663527e+00 2.484126045241219771e-01
1.323200945723896238e+00 2.517448395687253981e-01
1.324565513543057849e+00 2.535707410275119256e-01
1.325932898723527265e+00 2.537372885501351649e-01
1.327303109999638409e+00 2.520141882071224027e-01
1.328676156141866516e+00 2.480927636540063153e-01
1.330052045957015094e+00 2.424910759938523619e-01
1.331430788288405109e+00 2.360630820248643402e-01
1.332812392016063274e+00 2.293841063220510845e-01
1.334196866056913677e+00 2.226498815956700628e-01
1.335584219364968961e+00 2.157085400342130255e-01
1.336974460931523057e+00 2.080675903142379102e-01
1.338367599785346362e+00 1.995498338486876022e-01
1.339763644992881142e+00 1.907379391739058294e-01
1.341162605658436702e+00 1.818190315808989599e-01
1.342564490924390119e+00 1.725073281115169499e-01
1.343969309971381643e+00 1.629063967978694738e-01
1.345377072018519193e+00 1.530834267883346977e-01
1.346787786323576430e+00 1.429929252668794559e-01
1.348201462183198140e+00 1.328094292790863440e-01
1.349618108933102745e+00 1.228657080039257249e-01
1.351037735948290130e+00 1.134708423573549951e-01
1.352460352643244823e+00 1.047096717256229964e-01
1.353885968472148260e+00 9.667878493756559832e-02
1.355314592929085071e+00 8.927119258276473845e-02
1.356746235548255131e+00 8.210221306656549645e-02
1.358180905904185831e+00 7.518259677130194329e-02
1.359618613611944804e+00 6.860270549592216438e-02
1.361059368327355079e+00 6.223922408337062562e-02
1.362503179747211357e+00 5.604338666474110997e-02
1.363950057609498057e+00 4.998054730982044724e-02
1.365400011693606253e+00 4.425472858129961967e-02
1.366853051820556830e+00 3.903912862403146472e-02
1.368309187853220088e+00 3.414031587598692630e-02
1.369768429696540002e+00 2.956781262306582350e-02
1.371230787297757381e+00 2.545078713272563853e-02
1.372696270646638572e+00 2.176012036858806717e-02
1.374164889775699727e+00 1.857097944853989060e-02
1.375636654760438393e+00 1.590122185794313678e-02
1.377111575719562442e+00 1.362489067014405891e-02
1.378589662815221883e+00 1.169735666262336320e-02
1.380070926253243568e+00 1.010660059350233612e-02
1.381555376283364778e+00 8.822794125241006924e-03
1.383043023199470367e+00 7.876935778596941967e-03
1.384533877339829910e+00 7.274678314508314925e-03
1.386027949087338174e+00 6.946403912312307596e-03
1.387525248869755812e+00 6.865648177435312340e-03
1.389025787159951619e+00 6.963463230618644438e-03
1.390529574476147223e+00 7.126785712004092034e-03
1.392036621382161998e+00 7.373956075116444402e-03
1.393546938487661091e+00 7.725552856656883564e-03
1.395060536448405220e+00 8.196711261685186295e-03
1.396577425966499586e+00 8.847861066800745758e-03
1.398097617790646341e+00 9.583298037784017745e-03
1.399621122716400601e+00 1.027694645465955167e-02
1.401147951586422913e+00 1.090956021196946672e-02
1.402678115290738603e+00 1.144569187464874495e-02
1.404211624766996236e+00 1.186760395520571922e-02
1.405748491000727851e+00 1.215237124046007235e-02
1.407288725025611198e+00 1.225306421089449038e-02
1.408832337923734634e+00 1.219830273194032373e-02
1.410379340825861805e+00 1.203432757872334273e-02
1.411929744911700313e+00 1.178639190165894565e-02
1.413483561410169731e+00 1.148937730676486031e-02
1.415040801599673825e+00 1.116367753813534043e-02
1.416601476808373228e+00 1.082901260309026767e-02
1.418165598414459661e+00 1.048208418849481960e-02
1.419733177846432826e+00 1.009410879634769533e-02
1.421304226583378183e+00 9.695781528212750119e-03
1.422878756155248059e+00 9.309929776979303587e-03
1.424456778143142976e+00 8.885465364890312787e-03
1.426038304179596539e+00 8.420546274741048595e-03
1.427623345948860090e+00 7.940005589020816476e-03
1.429211915187190263e+00 7.422554912587806149e-03
1.430804023683140525e+00 6.898366483830064080e-03
1.432399683277851388e+00 6.427584451590411842e-03
1.433998905865343287e+00 6.022740708354996572e-03
1.435601703392814343e+00 5.686865427290520823e-03
1.437208087860935457e+00 5.418415916516688274e-03
1.438818071324151404e+00 5.202713829237177491e-03
1.440431665890981705e+00 5.040240587404744288e-03
1.442048883724324604e+00 4.954803301197989972e-03
1.443669737041762158e+00 4.953077719267488625e-03
1.445294238115867769e+00 5.004866041187898754e-03
1.446922399274517490e+00 5.060199278670966111e-03
1.448554232901199557e+00 5.048452997473849325e-03
1.450189751435329688e+00 4.954271346580453247e-03
1.451828967372567725e+00 4.849609538313011739e-03
1.453471893265134263e+00 4.796941398781769637e-03
1.455118541722132175e+00 4.821568756245158544e-03
1.456768925409868798e+00 4.910756261558187064e-03
1.458423057052181004e+00 5.036754150032668638e-03
1.460080949430762276e+00 5.171356425350904888e-03
1.461742615385490884e+00 5.258016090739290119e-03
1.463408067814762958e+00 5.278795730097593682e-03
1.465077319675824219e+00 5.214336553133394093e-03
1.466750383985108819e+00 5.028129857925632551e-03
1.468427273818574630e+00 4.789190867490676108e-03
1.470108002312046080e+00 4.540749000632077030e-03
1.471792582661556104e+00 4.248060851366192506e-03
1.473481028123691416e+00 3.938296407804508896e-03
1.475173352015941353e+00 3.637420815154128375e-03
1.476869567717046916e+00 3.348077213479314605e-03
1.478569688667353610e+00 3.074963226829727746e-03
1.480273728369166264e+00 2.799699162910702400e-03
1.481981700387106970e+00 2.529012122327631718e-03
1.483693618348475241e+00 2.271107674208733187e-03
1.485409495943609492e+00 2.022867069060527070e-03
1.487129346926251872e+00 1.795181655570415305e-03
1.488853185113917732e+00 1.582467494642748797e-03
1.490581024388262232e+00 1.385028439860398709e-03
1.492312878695457590e+00 1.210187856281825548e-03
1.494048762046563450e+00 1.057811265551114165e-03
1.495788688517908360e+00 9.354154435541957475e-04
1.497532672251467467e+00 8.346056332025787857e-04
1.499280727455248874e+00 7.417102611477679325e-04
1.501032868403676668e+00 6.558463641108082040e-04
1.502789109437979942e+00 5.767714599373357327e-04
1.504549464966586036e+00 5.041631496753685255e-04
1.506313949465511781e+00 4.346564818362089059e-04
1.508082577478762509e+00 3.684784882261254264e-04
1.509855363618730850e+00 3.065614873222309166e-04
1.511632322566598186e+00 2.463695872796340747e-04
1.513413469072741879e+00 1.885807730613324375e-04
1.515198817957142063e+00 1.343966349401088235e-04
1.516988384109793087e+00 8.886160390506846467e-05
1.518782182491116739e+00 5.455957426883859527e-05
1.520580228132380585e+00 3.117846015564530287e-05
1.522382536136117182e+00 2.132047150861777991e-05
1.524189121676545966e+00 2.347251712283692721e-05
1.526000000000000023e+00 3.613194337599593618e-05
