1.126000000000000112e+00 4.707500855861711567e-04
1.126987992296117014e+00 4.945269351446670127e-04
1.127977719913760390e+00 4.776993570318845204e-04
1.128969187428857879e+00 5.007170686484771179e-04
1.129962399433440456e+00 5.304529003710161837e-04
1.130957360535711942e+00 5.423720125510975891e-04
1.131954075360122047e+00 5.636774968482803497e-04
1.132952548547436100e+00 5.465648384967004923e-04
1.133952784754808318e+00 4.718333175613214302e-04
1.134954788655853974e+00 4.428955112796488340e-04
1.135958564940721782e+00 4.750660164708233029e-04
1.136964118316167838e+00 4.579435905765108072e-04
1.137971453505628228e+00 4.076622999305061458e-04
1.138980575249294080e+00 4.096301015331754421e-04
1.139991488304184397e+00 4.088542809350164601e-04
1.141004197444223101e+00 3.685799156613421687e-04
1.142018707460311200e+00 3.597078237564038726e-04
1.143035023160405395e+00 3.727272463264025780e-04
1.144053149369591793e+00 3.823873707549362835e-04
1.145073090930163184e+00 4.436063461634416421e-04
1.146094852701695865e+00 4.976919896405761689e-04
1.147118439561126468e+00 4.404231499877041224e-04
1.148143856402830121e+00 3.637996668224049014e-04
1.149171108138697273e+00 3.628621779538780158e-04
1.150200199698214076e+00 3.574214189393281802e-04
1.151231136028538549e+00 3.112635655412365537e-04
1.152263922094582727e+00 2.807332566706075895e-04
1.153298562879090827e+00 2.557059947818330855e-04
1.154335063382718740e+00 2.159006813804923016e-04
1.155373428624115739e+00 1.863897598519995656e-04
1.156413663640005973e+00 1.546679793990920885e-04
1.157455773485268402e+00 1.201000674529195575e-04
1.158499763233019175e+00 1.374552832793943041e-04
1.159545637974695120e+00 1.881907845756879182e-04
1.160593402820134123e+00 1.899066905500416491e-04
1.161643062897660617e+00 1.535152062201722691e-04
1.162694623354169066e+00 1.416893052881695186e-04
1.163748089355205462e+00 1.437156577673112830e-04
1.164803466085055916e+00 1.305777518346799284e-04
1.165860758746828818e+00 1.177020569876502273e-04
1.166919972562540542e+00 1.130729243191193361e-04
1.167981112773203378e+00 1.064432416822193327e-04
1.169044184638909245e+00 9.549572299721864610e-05
1.170109193438919171e+00 7.359527976088552146e-05
1.171176144471748781e+00 4.410597942736095637e-05
1.172245043055257785e+00 3.352238115681962306e-05
1.173315894526736125e+00 4.709392021636554164e-05
1.174388704242995241e+00 5.977584721260795968e-05
1.175463477580455329e+00 5.993558208157807518e-05
1.176540219935237941e+00 5.671477175089464185e-05
1.177618936723252130e+00 5.935596127190365324e-05
1.178699633380288825e+00 7.259570922686475584e-05
1.179782315362111200e+00 9.441309766865939345e-05
1.180866988144545493e+00 1.153699458416874014e-04
1.181953657223574483e+00 1.314360813905095053e-04
1.183042328115429642e+00 1.398145042070615327e-04
1.184133006356684392e+00 1.290764099746053394e-04
1.185225697504348696e+00 1.169558511042200947e-04
1.186320407135962984e+00 1.540636723070711988e-04
1.187417140849692743e+00 2.411400894605742688e-04
1.188515904264424883e+00 3.280929997320218734e-04
1.189616703019862110e+00 4.061788976011063298e-04
1.190719542776621509e+00 4.991724287933222304e-04
1.191824429216329584e+00 5.997637486427353799e-04
1.192931368041720619e+00 6.916882646815360018e-04
1.194040364976735713e+00 7.922311002153626042e-04
1.195151425766620035e+00 9.268619479725832052e-04
1.196264556178022742e+00 1.053702770198245786e-03
1.197379761999095793e+00 1.066965688692903067e-03
1.198497049039596751e+00 9.494166205918992858e-04
1.199616423130986265e+00 8.358988107533067875e-04
1.200737890126532648e+00 8.499024362752935968e-04
1.201861455901411802e+00 9.904378714053905988e-04
1.202987126352810021e+00 1.198982083802101238e-03
1.204114907400029022e+00 1.421469733821572809e-03
1.205244804984587415e+00 1.605730498772463960e-03
1.206376825070326175e+00 1.704603596496307057e-03
1.207510973643513230e+00 1.698755563784317985e-03
1.208647256712948925e+00 1.607031970553938300e-03
1.209785680310073053e+00 1.463726433939660510e-03
1.210926250489070988e+00 1.305369123718184803e-03
1.212068973326979604e+00 1.150610708518858211e-03
1.213213854923797186e+00 9.965923072618829582e-04
1.214360901402591786e+00 9.010862791168272514e-04
1.215510118909608916e+00 9.629018188915497867e-04
1.216661513614383239e+00 1.172061935466782445e-03
1.217815091709847364e+00 1.462025647849139395e-03
1.218970859412443097e+00 1.811766227355440058e-03
1.220128822962234905e+00 2.136964080751795753e-03
1.221288988623019378e+00 2.334291846613581814e-03
1.222451362682440701e+00 2.438230871219651975e-03
1.223615951452102335e+00 2.493939444281227397e-03
1.224782761267683151e+00 2.479472504533534669e-03
1.225951798489049782e+00 2.423669983845558231e-03
1.227123069500375196e+00 2.352181636410443505e-03
1.228296580710252384e+00 2.254662168544076424e-03
1.229472338551812483e+00 2.182714549568723524e-03
1.230650349482842243e+00 2.166108274810976415e-03
1.231830619985901931e+00 2.157227272182198063e-03
1.233013156568444346e+00 2.147229081366192494e-03
1.234197965762934945e+00 2.159658300009617039e-03
1.235385054126971083e+00 2.209388523716591859e-03
1.236574428243403911e+00 2.332828907333482117e-03
1.237766094720459620e+00 2.546206099782733802e-03
1.238960060191861778e+00 2.818046865784774868e-03
1.240156331316954574e+00 3.094844175189933114e-03
1.241354914780826935e+00 3.324881702123131354e-03
1.242555817294437093e+00 3.480207949952456893e-03
1.243759045594736268e+00 3.507295363052205170e-03
1.244964606444796784e+00 3.386053129225158331e-03
1.246172506633937749e+00 3.269874568011770302e-03
1.247382752977852505e+00 3.271879854224662900e-03
1.248595352318737195e+00 3.294077209784752359e-03
1.249810311525418882e+00 3.306041053859951236e-03
1.251027637493486333e+00 3.360223847497436234e-03
1.252247337145420136e+00 3.401917789614448875e-03
1.253469417430722599e+00 3.455784232542534647e-03
1.254693885326052527e+00 3.552970400519212760e-03
1.255920747835354900e+00 3.468578710158312737e-03
1.257150011989997207e+00 3.109490732132307814e-03
1.258381684848900894e+00 2.725276933007944775e-03
1.259615773498678593e+00 2.435602654868747156e-03
1.260852285053770450e+00 2.179908846845789606e-03
1.262091226656578691e+00 2.002284780054102917e-03
1.263332605477606396e+00 1.923035456641868004e-03
1.264576428715595835e+00 1.865866679983692062e-03
1.265822703597668353e+00 1.801632882277627535e-03
1.267071437379462040e+00 1.732513413926120354e-03
1.268322637345275172e+00 1.675474593851985529e-03
1.269576310808206099e+00 1.643165716484407644e-03
1.270832465110296461e+00 1.569909262672036223e-03
1.272091107622674411e+00 1.449415333355831125e-03
1.273352245745698719e+00 1.424599054332210523e-03
1.274615886909103546e+00 1.584307466588278940e-03
1.275882038572145216e+00 1.895857245309624101e-03
1.277150708223747877e+00 2.333927453567549801e-03
1.278421903382652269e+00 2.872792547640706969e-03
1.279695631597562944e+00 3.435704017340518706e-03
1.280971900447299028e+00 3.968373042431755891e-03
1.282250717540943441e+00 4.501778691916272224e-03
1.283532090517995217e+00 5.051627081183896785e-03
1.284816027048520271e+00 5.486182634868972535e-03
1.286102534833305722e+00 5.660815508945533751e-03
1.287391621604013325e+00 5.669128770201297546e-03
1.288683295123334016e+00 5.823681233728736709e-03
1.289977563185144005e+00 6.545470290324710734e-03
1.291274433614661987e+00 8.357259183880293499e-03
1.292573914268606350e+00 1.168361471704667393e-02
1.293876013035353711e+00 1.653534811148540951e-02
1.295180737835098794e+00 2.255848044488146034e-02
1.296488096620015629e+00 2.944352459952233325e-02
1.297798097374417203e+00 3.725985266122962963e-02
1.299110748114920444e+00 4.636480498228566505e-02
1.300426056890607862e+00 5.696336041445453080e-02
1.301744031783193201e+00 6.885976143913795366e-02
1.303064680907186412e+00 8.170650283579232454e-02
1.304388012410060194e+00 9.536820806720516797e-02
1.305714034472417628e+00 1.098968385073271214e-01
1.307042755308160942e+00 1.251318491475739147e-01
1.308374183164660698e+00 1.405399544535991252e-01
1.309708326322927663e+00 1.555991600199020108e-01
1.311045193097781558e+00 1.700015832749688371e-01
1.312384791838027587e+00 1.834028769600616060e-01
1.313727130926627851e+00 1.956001234955813961e-01
1.315072218780876323e+00 2.069684524073684417e-01
1.316420063852575595e+00 2.180597285490745718e-01
1.317770674628213401e+00 2.288925785312886096e-01
1.319124059629140922e+00 2.389865589172285032e-01
1.320480227411752194e+00 2.477400807091011403e-01
1.321839186567663527e+00 2.546236664064493449e-01
1.323200945723896238e+00 2.592090412228997276e-01
1.324565513543057849e+00 2.611755720897041000e-01
1.325932898723527265e+00 2.606542541854994233e-01
1.327303109999638409e+00 2.583128124344435395e-01
1.328676156141866516e+00 2.544698923612823682e-01
1.330052045957015094e+00 2.488480707933442004e-01
1.331430788288405109e+00 2.417005310573725196e-01
1.332812392016063274e+00 2.339708295623536827e-01
1.334196866056913677e+00 2.262704403750375182e-01
1.335584219364968961e+00 2.187912280892102268e-01
1.336974460931523057e+00 2.115548702555714311e-01
1.338367599785346362e+00 2.040816566353049755e-01
1.339763644992881142e+00 1.957489054053773991e-01
1.341162605658436702e+00 1.864787082858378464e-01
1.342564490924390119e+00 1.764942373025862321e-01
1.343969309971381643e+00 1.660166898698558491e-01
1.345377072018519193e+00 1.553504681753406225e-01
1.346787786323576430e+00 1.446534063009204119e-01
1.348201462183198140e+00 1.338199798180761124e-01
1.349618108933102745e+00 1.228496280841762794e-01
1.351037735948290130e+00 1.120953094491618646e-01
1.352460352643244823e+00 1.021306230674736415e-01
1.353885968472148260e+00 9.332477258759351579e-02
1.355314592929085071e+00 8.553575373010903482e-02
1.356746235548255131e+00 7.844644556927424239e-02
1.358180905904185831e+00 7.198259982342046504e-02
1.359618613611944804e+00 6.611577981505636914e-02
1.361059368327355079e+00 6.060143065766532972e-02
1.362503179747211357e+00 5.517681153454868231e-02
1.363950057609498057e+00 4.983464889148338933e-02
1.365400011693606253e+00 4.473660317410808884e-02
1.366853051820556830e+00 3.993466088407871678e-02
1.368309187853220088e+00 3.539744212528778827e-02
1.369768429696540002e+00 3.119786742120096018e-02
1.371230787297757381e+00 2.737543249005151141e-02
1.372696270646638572e+00 2.384906409543182879e-02
1.374164889775699727e+00 2.065067950173222686e-02
1.375636654760438393e+00 1.789719084906626900e-02
1.377111575719562442e+00 1.557948518213388492e-02
1.378589662815221883e+00 1.365965115828630602e-02
1.380070926253243568e+00 1.214450657076702675e-02
1.381555376283364778e+00 1.097423165740392392e-02
1.383043023199470367e+00 1.006168543615624557e-02
1.384533877339829910e+00 9.382546176462645132e-03
1.386027949087338174e+00 8.951703990790949375e-03
1.387525248869755812e+00 8.761391510932439036e-03
1.389025787159951619e+00 8.711209975197340555e-03
1.390529574476147223e+00 8.675443412784793890e-03
1.392036621382161998e+00 8.654614342971980387e-03
1.393546938487661091e+00 8.709675587654978554e-03
1.395060536448405220e+00 8.831646886339732799e-03
1.396577425966499586e+00 8.990830474020184218e-03
1.398097617790646341e+00 9.183931156565534187e-03
1.399621122716400601e+00 9.401681144711352550e-03
1.401147951586422913e+00 9.616556796280208499e-03
1.402678115290738603e+00 9.795977077686179521e-03
1.404211624766996236e+00 9.939453402981605554e-03
1.405748491000727851e+00 1.006146960179132160e-02
1.407288725025611198e+00 1.012023902850549967e-02
1.408832337923734634e+00 1.007461873083877191e-02
1.410379340825861805e+00 9.965357528673184431e-03
1.411929744911700313e+00 9.844524306884651701e-03
1.413483561410169731e+00 9.727350403166353660e-03
1.415040801599673825e+00 9.623181980099634880e-03
1.416601476808373228e+00 9.527843086975143483e-03
1.418165598414459661e+00 9.435554264689298767e-03
1.419733177846432826e+00 9.347440217738289467e-03
1.421304226583378183e+00 9.228736772236718552e-03
1.422878756155248059e+00 9.052738789622302717e-03
1.424456778143142976e+00 8.859117744219350762e-03
1.426038304179596539e+00 8.670124789396134804e-03
1.427623345948860090e+00 8.442313035375081237e-03
1.429211915187190263e+00 8.144601605222486287e-03
1.430804023683140525e+00 7.790336834001696832e-03
1.432399683277851388e+00 7.413076144567140591e-03
1.433998905865343287e+00 7.052394256945026911e-03
1.435601703392814343e+00 6.720036154778991251e-03
1.437208087860935457e+00 6.400104773366553298e-03
1.438818071324151404e+00 6.097800318950001401e-03
1.440431665890981705e+00 5.826718052964301175e-03
1.442048883724324604e+00 5.579152239816381580e-03
1.443669737041762158e+00 5.369317707582383498e-03
1.445294238115867769e+00 5.229627695195227487e-03
1.446922399274517490e+00 5.130169885104966278e-03
1.448554232901199557e+00 4.995535202199239723e-03
1.450189751435329688e+00 4.800212884652789273e-03
1.451828967372567725e+00 4.577620576631851769e-03
1.453471893265134263e+00 4.370708776131956505e-03
1.455118541722132175e+00 4.209059882630108995e-03
1.456768925409868798e+00 4.103692138231554605e-03
1.458423057052181004e+00 4.056470638761635987e-03
1.460080949430762276e+00 4.057854264329818945e-03
1.461742615385490884e+00 4.069095934930427351e-03
1.463408067814762958e+00 4.057491269148289469e-03
1.465077319675824219e+00 4.029971136811218851e-03
1.466750383985108819e+00 3.984071682894061231e-03
1.468427273818574630e+00 3.891321234587472814e-03
1.470108002312046080e+00 3.752710531545874837e-03
1.471792582661556104e+00 3.594782114258779013e-03
1.473481028123691416e+00 3.424233941738961604e-03
1.475173352015941353e+00 3.238224164686431643e-03
1.476869567717046916e+00 3.046529886008946409e-03
1.478569688667353610e+00 2.858233583491829894e-03
1.480273728369166264e+00 2.665513118330972622e-03
1.481981700387106970e+00 2.451595056416211536e-03
1.483693618348475241e+00 2.213175510128589929e-03
1.485409495943609492e+00 1.960564703716811095e-03
1.487129346926251872e+00 1.700339155373151124e-03
1.488853185113917732e+00 1.441630687437618500e-03
1.490581024388262232e+00 1.202562387138426470e-03
1.492312878695457590e+00 9.932163640549909051e-04
1.494048762046563450e+00 8.129227542722712628e-04
1.495788688517908360e+00 6.607766065057859867e-04
1.497532672251467467e+00 5.349031628445122732e-04
1.499280727455248874e+00 4.332243556785802413e-04
1.501032868403676668e+00 3.556686383487650256e-04
1.502789109437979942e+00 3.019490710920106746e-04
1.504549464966586036e+00 2.711896466498163981e-04
1.506313949465511781e+00 2.580343919120860934e-04
1.508082577478762509e+00 2.529228906839941040e-04
1.509855363618730850e+00 2.505105811957046937e-04
1.511632322566598186e+00 2.482370869179489144e-04
1.513413469072741879e+00 2.428194512052184997e-04
1.515198817957142063e+00 2.334149583484321450e-04
1.516988384109793087e+00 2.191601418066811799e-04
1.518782182491116739e+00 1.992940165864645760e-04
1.520580228132380585e+00 1.766013256203591796e-04
1.522382536136117182e+00 1.525480210300405736e-04
1.524189121676545966e+00 1.275678223207625972e-04
1.526000000000000023e+00 1.056876603466070459e-04
