1.126000000000000112e+00 9.999769401457677676e-01
1.126987992296117014e+00 1.000574088072193168e+00
1.127977719913760390e+00 9.837483894947216534e-01
1.128969187428857879e+00 9.583364594319291330e-01
1.129962399433440456e+00 9.352470976860033369e-01
1.130957360535711942e+00 9.231407624560987735e-01
1.131954075360122047e+00 9.259463996095371741e-01
1.132952548547436100e+00 9.421076162147251631e-01
1.133952784754808318e+00 9.654541533036834489e-01
1.134954788655853974e+00 9.872460261604160126e-01
1.135958564940721782e+00 9.987616222679676081e-01
1.136964118316167838e+00 9.943947799803672938e-01
1.137971453505628228e+00 9.748452234009468143e-01
1.138980575249294080e+00 9.481589871607258857e-01
1.139991488304184397e+00 9.264188584856372088e-01
1.141004197444223101e+00 9.195253907536713456e-01
1.142018707460311200e+00 9.305137163075295481e-01
1.143035023160405395e+00 9.549831196936821032e-01
1.144053149369591793e+00 9.833098184488848759e-01
1.145073090930163184e+00 1.003773590876762434e+00
1.146094852701695865e+00 1.006721999830523906e+00
1.147118439561126468e+00 9.894852905493783934e-01
1.148143856402830121e+00 9.590322909006627761e-01
1.149171108138697273e+00 9.293803468306627291e-01
1.150200199698214076e+00 9.147090229876274625e-01
1.151231136028538549e+00 9.222848825121039429e-01
1.152263922094582727e+00 9.487624238188221426e-01
1.153298562879090827e+00 9.814045147429640847e-01
1.154335063382718740e+00 1.004149814043193256e+00
1.155373428624115739e+00 1.006092218135202554e+00
1.156413663640005973e+00 9.873676790012752003e-01
1.157455773485268402e+00 9.583715984870624371e-01
1.158499763233019175e+00 9.332635408659313292e-01
1.159545637974695120e+00 9.227039120593707455e-01
1.160593402820134123e+00 9.297846589211847812e-01
1.161643062897660617e+00 9.497847847675247035e-01
1.162694623354169066e+00 9.728611614769736571e-01
1.163748089355205462e+00 9.886764061439171636e-01
1.164803466085055916e+00 9.910795859358491056e-01
1.165860758746828818e+00 9.803258250335615820e-01
1.166919972562540542e+00 9.619256354872739445e-01
1.167981112773203378e+00 9.435564074567940329e-01
1.169044184638909245e+00 9.318747572764299880e-01
1.170109193438919171e+00 9.301657638477679457e-01
1.171176144471748781e+00 9.375547518786702117e-01
1.172245043055257785e+00 9.502615948059968121e-01
1.173315894526736125e+00 9.637669132773626357e-01
1.174388704242995241e+00 9.738126188426272645e-01
1.175463477580455329e+00 9.761873278431608680e-01
1.176540219935237941e+00 9.676263155318417519e-01
1.177618936723252130e+00 9.486522595620250353e-01
1.178699633380288825e+00 9.254311947415261308e-01
1.179782315362111200e+00 9.075119293072547721e-01
1.180866988144545493e+00 9.025064657244116217e-01
1.181953657223574483e+00 9.117965287078985126e-01
1.183042328115429642e+00 9.298288823439639916e-01
1.184133006356684392e+00 9.465890749967638129e-01
1.185225697504348696e+00 9.519146982464830042e-01
1.186320407135962984e+00 9.403139198238994467e-01
1.187417140849692743e+00 9.140808963231823459e-01
1.188515904264424883e+00 8.824039597415478386e-01
1.189616703019862110e+00 8.565779496582358599e-01
1.190719542776621509e+00 8.441882475204299796e-01
1.191824429216329584e+00 8.453210179610759489e-01
1.192931368041720619e+00 8.522280440352163478e-01
1.194040364976735713e+00 8.526546632945616322e-01
1.195151425766620035e+00 8.359037860605175174e-01
1.196264556178022742e+00 7.986898703511988717e-01
1.197379761999095793e+00 7.469098977802647310e-01
1.198497049039596751e+00 6.920104823018337070e-01
1.199616423130986265e+00 6.447317585236518322e-01
1.200737890126532648e+00 6.103558351224275258e-01
1.201861455901411802e+00 5.874676821643345370e-01
1.202987126352810021e+00 5.697980432669403905e-01
1.204114907400029022e+00 5.498272113532997052e-01
1.205244804984587415e+00 5.224945089950260302e-01
1.206376825070326175e+00 4.871428341973051968e-01
1.207510973643513230e+00 4.468535730331987255e-01
1.208647256712948925e+00 4.062573448304445667e-01
1.209785680310073053e+00 3.695181680042098904e-01
1.210926250489070988e+00 3.390667464317468904e-01
1.212068973326979604e+00 3.149193113170593583e-01
1.213213854923797186e+00 2.949763551530859562e-01
1.214360901402591786e+00 2.766586465592434374e-01
1.215510118909608916e+00 2.587407060935041914e-01
1.216661513614383239e+00 2.415709244233633923e-01
1.217815091709847364e+00 2.256528854347860935e-01
1.218970859412443097e+00 2.105597873309850432e-01
1.220128822962234905e+00 1.955081378889117205e-01
1.221288988623019378e+00 1.806323165197832314e-01
1.222451362682440701e+00 1.672807414147785277e-01
1.223615951452102335e+00 1.570928329097121268e-01
1.224782761267683151e+00 1.509134544123850730e-01
1.225951798489049782e+00 1.483792902725946106e-01
1.227123069500375196e+00 1.482263890618368274e-01
1.228296580710252384e+00 1.490451126933229342e-01
1.229472338551812483e+00 1.501130996049455379e-01
1.230650349482842243e+00 1.517933674412868250e-01
1.231830619985901931e+00 1.551652445170612904e-01
1.233013156568444346e+00 1.611103037431647345e-01
1.234197965762934945e+00 1.694358633088078048e-01
1.235385054126971083e+00 1.785556579546272171e-01
1.236574428243403911e+00 1.860333425734217450e-01
1.237766094720459620e+00 1.899087897726387530e-01
1.238960060191861778e+00 1.900469952506323723e-01
1.240156331316954574e+00 1.884253072386638805e-01
1.241354914780826935e+00 1.880784724963239785e-01
1.242555817294437093e+00 1.916967125729635291e-01
1.243759045594736268e+00 2.010430800159948017e-01
1.244964606444796784e+00 2.172017703329828797e-01
1.246172506633937749e+00 2.407405033740931677e-01
1.247382752977852505e+00 2.712586441441880991e-01
1.248595352318737195e+00 3.067520987418224099e-01
1.249810311525418882e+00 3.435430071984760247e-01
1.251027637493486333e+00 3.771038146975286276e-01
1.252247337145420136e+00 4.035518288625318806e-01
1.253469417430722599e+00 4.211773201867665684e-01
1.254693885326052527e+00 4.311801514200620522e-01
1.255920747835354900e+00 4.370918536374790997e-01
1.257150011989997207e+00 4.431239369348971557e-01
1.258381684848900894e+00 4.523035733356607913e-01
1.259615773498678593e+00 4.652784517732146963e-01
1.260852285053770450e+00 4.802959336538937807e-01
1.262091226656578691e+00 4.943881674663605508e-01
1.263332605477606396e+00 5.052067291600506049e-01
1.264576428715595835e+00 5.124289887469571925e-01
1.265822703597668353e+00 5.177854561425188074e-01
1.267071437379462040e+00 5.236784900801697562e-01
1.268322637345275172e+00 5.313407306403841179e-01
1.269576310808206099e+00 5.397445154946037826e-01
1.270832465110296461e+00 5.459892838150666172e-01
1.272091107622674411e+00 5.470269878616383918e-01
1.273352245745698719e+00 5.416855193829721582e-01
1.274615886909103546e+00 5.315690663282096606e-01
1.275882038572145216e+00 5.200666709628330997e-01
1.277150708223747877e+00 5.099847643870963898e-01
1.278421903382652269e+00 5.011330792057838712e-01
1.279695631597562944e+00 4.891712969083056306e-01
1.280971900447299028e+00 4.667180270687044663e-01
1.282250717540943441e+00 4.270667586727256992e-01
1.283532090517995217e+00 3.690956003291823717e-01
1.284816027048520271e+00 2.999588528268974930e-01
1.286102534833305722e+00 2.326928962902287124e-01
1.287391621604013325e+00 1.797991172333358867e-01
1.288683295123334016e+00 1.475111187514175637e-01
1.289977563185144005e+00 1.345783565023266903e-01
1.291274433614661987e+00 1.349864033619389003e-01
1.292573914268606350e+00 1.412475415282488378e-01
1.293876013035353711e+00 1.462751494497292748e-01
1.295180737835098794e+00 1.444943255585356967e-01
1.296488096620015629e+00 1.331423493738960739e-01
1.297798097374417203e+00 1.131688465898527118e-01
1.299110748114920444e+00 8.861374263186827527e-02
1.300426056890607862e+00 6.456783492207332498e-02
1.301744031783193201e+00 4.501312633776106964e-02
1.303064680907186412e+00 3.169339783411990324e-02
1.304388012410060194e+00 2.424709207210902148e-02
1.305714034472417628e+00 2.114680374654361039e-02
1.307042755308160942e+00 2.077769806484391565e-02
1.308374183164660698e+00 2.210557222503899827e-02
1.309708326322927663e+00 2.472064766001354913e-02
1.311045193097781558e+00 2.839004708852605613e-02
1.312384791838027587e+00 3.243986287956437953e-02
1.313727130926627851e+00 3.540343022661569805e-02
1.315072218780876323e+00 3.539338179205540197e-02
1.316420063852575595e+00 3.122701839347906405e-02
1.317770674628213401e+00 2.351232672985746272e-02
1.319124059629140922e+00 1.461154489272273142e-02
1.320480227411752194e+00 7.303573910611124535e-03
1.321839186567663527e+00 3.234589185066320295e-03
1.323200945723896238e+00 2.416285658562319048e-03
1.324565513543057849e+00 3.939703428295731474e-03
1.325932898723527265e+00 7.005000678242344174e-03
1.327303109999638409e+00 1.133974756162233095e-02
1.328676156141866516e+00 1.682577498356889814e-02
1.330052045957015094e+00 2.285262349739215423e-02
1.331430788288405109e+00 2.808933874202056147e-02
1.332812392016063274e+00 3.097455253184761351e-02
1.334196866056913677e+00 3.056175602714573600e-02
1.335584219364968961e+00 2.702359528271323225e-02
1.336974460931523057e+00 2.149148705198546117e-02
1.338367599785346362e+00 1.553801116552117577e-02
1.339763644992881142e+00 1.072852666656836859e-02
1.341162605658436702e+00 8.280312385156619881e-03
1.342564490924390119e+00 8.699275719864075704e-03
1.343969309971381643e+00 1.157124460708818317e-02
1.345377072018519193e+00 1.586022439060288253e-02
1.346787786323576430e+00 2.066028577427869717e-02
1.348201462183198140e+00 2.580296332608598628e-02
1.349618108933102745e+00 3.173455671825323177e-02
1.351037735948290130e+00 3.869619171135199598e-02
1.352460352643244823e+00 4.589679668757343928e-02
1.353885968472148260e+00 5.148196558952029822e-02
1.355314592929085071e+00 5.349793839654624211e-02
1.356746235548255131e+00 5.115680687069433519e-02
1.358180905904185831e+00 4.536556636735886161e-02
1.359618613611944804e+00 3.812682301490732256e-02
1.361059368327355079e+00 3.142479920467480814e-02
1.362503179747211357e+00 2.650675495879364907e-02
1.363950057609498057e+00 2.386545245399409113e-02
1.365400011693606253e+00 2.355872012525109249e-02
1.366853051820556830e+00 2.542770817156638982e-02
1.368309187853220088e+00 2.908294700798310164e-02
1.369768429696540002e+00 3.376622557246768130e-02
1.371230787297757381e+00 3.830321174640126392e-02
1.372696270646638572e+00 4.136761117569962010e-02
1.374164889775699727e+00 4.204293596633727759e-02
1.375636654760438393e+00 4.029256320385570661e-02
1.377111575719562442e+00 3.690407447132739577e-02
1.378589662815221883e+00 3.292623832184539412e-02
1.380070926253243568e+00 2.906864542559114278e-02
1.381555376283364778e+00 2.549559355613361181e-02
1.383043023199470367e+00 2.205863477147483598e-02
1.384533877339829910e+00 1.870001471391638873e-02
1.386027949087338174e+00 1.568626274734046672e-02
1.387525248869755812e+00 1.348199928655522024e-02
1.389025787159951619e+00 1.241058242408587739e-02
1.390529574476147223e+00 1.250215473675067232e-02
1.392036621382161998e+00 1.372569070297988657e-02
1.393546938487661091e+00 1.628968688772299347e-02
1.395060536448405220e+00 2.054946831016027028e-02
1.396577425966499586e+00 2.651980205843451621e-02
1.398097617790646341e+00 3.345774046591891426e-02
1.399621122716400601e+00 3.990218845141328685e-02
1.401147951586422913e+00 4.417109902811586220e-02
1.402678115290738603e+00 4.508469844779257329e-02
1.404211624766996236e+00 4.259489931732602513e-02
1.405748491000727851e+00 3.793357585922835229e-02
1.407288725025611198e+00 3.308566199398876168e-02
1.408832337923734634e+00 2.989451742187615446e-02
1.410379340825861805e+00 2.939414952979147941e-02
1.411929744911700313e+00 3.164652083028413748e-02
1.413483561410169731e+00 3.589804842816647634e-02
1.415040801599673825e+00 4.085290494798598376e-02
1.416601476808373228e+00 4.508742137241037590e-02
1.418165598414459661e+00 4.756787804481153736e-02
1.419733177846432826e+00 4.799998533656090610e-02
1.421304226583378183e+00 4.681339394380861635e-02
1.422878756155248059e+00 4.489247602999949655e-02
1.424456778143142976e+00 4.324521270362330361e-02
1.426038304179596539e+00 4.266105724362427576e-02
1.427623345948860090e+00 4.341268677552598959e-02
1.429211915187190263e+00 4.517270896255601298e-02
1.430804023683140525e+00 4.721600850801957461e-02
1.432399683277851388e+00 4.874395840476539871e-02
1.433998905865343287e+00 4.916251477845659523e-02
1.435601703392814343e+00 4.831587141958376685e-02
1.437208087860935457e+00 4.667038743320623545e-02
1.438818071324151404e+00 4.530691057957143136e-02
1.440431665890981705e+00 4.563695890289125312e-02
1.442048883724324604e+00 4.894833254582126036e-02
1.443669737041762158e+00 5.590811502890102869e-02
1.445294238115867769e+00 6.609871069883625772e-02
1.446922399274517490e+00 7.780183917906714763e-02
1.448554232901199557e+00 8.835757820577898325e-02
1.450189751435329688e+00 9.512507561646682541e-02
1.451828967372567725e+00 9.659758613149878326e-02
1.453471893265134263e+00 9.313070163334839779e-02
1.455118541722132175e+00 8.698885917166906956e-02
1.456768925409868798e+00 8.158754446313257191e-02
1.458423057052181004e+00 8.000344967265281271e-02
1.460080949430762276e+00 8.335629678144983179e-02
1.461742615385490884e+00 9.009144505537515502e-02
1.463408067814762958e+00 9.673685788328537094e-02
1.465077319675824219e+00 9.963214062434549989e-02
1.466750383985108819e+00 9.656320213981357814e-02
1.468427273818574630e+00 8.758277808631405315e-02
1.470108002312046080e+00 7.485461512483956859e-02
1.471792582661556104e+00 6.164775327142504868e-02
1.473481028123691416e+00 5.089661801034164879e-02
1.475173352015941353e+00 4.406596816020498519e-02
1.476869567717046916e+00 4.089730174018296749e-02
1.478569688667353610e+00 3.994125729885437959e-02
1.480273728369166264e+00 3.935650467146169229e-02
1.481981700387106970e+00 3.762874645914360966e-02
1.483693618348475241e+00 3.409151580278107357e-02
1.485409495943609492e+00 2.907286829228671737e-02
1.487129346926251872e+00 2.355749779251354453e-02
1.488853185113917732e+00 1.862263330261342345e-02
1.490581024388262232e+00 1.504788907880809552e-02
1.492312878695457590e+00 1.317843818335148395e-02
1.494048762046563450e+00 1.288972483388120018e-02
1.495788688517908360e+00 1.366477628717781799e-02
1.497532672251467467e+00 1.486699593246654412e-02
1.499280727455248874e+00 1.602275630345575616e-02
1.501032868403676668e+00 1.685007271566513198e-02
1.502789109437979942e+00 1.712977133117447870e-02
1.504549464966586036e+00 1.670726796746444670e-02
1.506313949465511781e+00 1.560676678790159748e-02
1.508082577478762509e+00 1.403852189857996043e-02
1.509855363618730850e+00 1.235531748579793768e-02
1.511632322566598186e+00 1.116247876067777943e-02
1.513413469072741879e+00 1.141833431965674946e-02
1.515198817957142063e+00 1.414974491432543016e-02
1.516988384109793087e+00 1.985180003729858367e-02
1.518782182491116739e+00 2.806995497361829128e-02
1.520580228132380585e+00 3.741971173267283346e-02
1.522382536136117182e+00 4.590310405368926844e-02
1.524189121676545966e+00 5.146649486447295307e-02
1.526000000000000023e+00 5.285503394459597354e-02
