1.324565513543057953e-06
1.325932898723527278e-06
1.327303109999638356e-06
1.327303109999638356e-06
1.324565513543057953e-06
1.323200945723896198e-06
1.323200945723896198e-06
1.325932898723527278e-06
1.328676156141866573e-06
1.330052045957015075e-06
1.331430788288405141e-06
1.321839186567663530e-06
1.323200945723896198e-06
1.325932898723527278e-06
1.327303109999638356e-06
1.327303109999638356e-06
1.321839186567663530e-06
1.321839186567663530e-06
1.323200945723896198e-06
1.324565513543057953e-06
1.325932898723527278e-06
1.325932898723527278e-06
1.321839186567663530e-06
1.323200945723896198e-06
1.324565513543057953e-06
1.324565513543057953e-06
1.325932898723527278e-06
1.327303109999638356e-06
1.327303109999638356e-06
1.325932898723527278e-06
1.323200945723896198e-06
1.323200945723896198e-06
1.325932898723527278e-06
1.328676156141866573e-06
1.330052045957015075e-06
1.330052045957015075e-06
1.321839186567663530e-06
1.323200945723896198e-06
1.324565513543057953e-06
1.325932898723527278e-06
1.327303109999638356e-06
1.320480227411752092e-06
1.321839186567663530e-06
1.323200945723896198e-06
1.324565513543057953e-06
1.325932898723527278e-06
1.325932898723527278e-06
1.321839186567663530e-06
1.323200945723896198e-06
1.323200945723896198e-06
1.324565513543057953e-06
1.323200945723896198e-06
1.321839186567663530e-06
1.321839186567663530e-06
1.321839186567663530e-06
1.321839186567663530e-06
1.324565513543057953e-06
1.323200945723896198e-06
1.328676156141866573e-06
1.323200945723896198e-06
1.328676156141866573e-06
1.321839186567663530e-06
1.321839186567663530e-06
1.321839186567663530e-06
1.321839186567663530e-06
1.323200945723896198e-06
1.327303109999638356e-06
1.321839186567663530e-06
1.327303109999638356e-06
1.323200945723896198e-06
1.317770674628213457e-06
1.323200945723896198e-06
1.324565513543057953e-06
1.323200945723896198e-06
1.324565513543057953e-06
1.317770674628213457e-06
1.323200945723896198e-06
1.323200945723896198e-06
1.319124059629140845e-06
1.327303109999638356e-06
1.325932898723527278e-06
1.325932898723527278e-06
1.323200945723896198e-06
1.323200945723896198e-06
1.321839186567663530e-06
1.313727130926627750e-06
1.321839186567663530e-06
1.313727130926627750e-06
1.321839186567663530e-06
1.321839186567663530e-06
1.321839186567663530e-06
1.323200945723896198e-06
1.323200945723896198e-06
1.323200945723896198e-06
1.321839186567663530e-06
1.323200945723896198e-06
1.323200945723896198e-06
1.323200945723896198e-06
1.323200945723896198e-06
1.323200945723896198e-06
1.323200945723896198e-06
1.323200945723896198e-06
1.321839186567663530e-06
1.321839186567663530e-06
1.321839186567663530e-06
1.323200945723896198e-06
1.321839186567663530e-06
1.321839186567663530e-06
1.321839186567663530e-06
1.323200945723896198e-06
1.323200945723896198e-06
1.323200945723896198e-06
1.323200945723896198e-06
1.319124059629140845e-06
1.323200945723896198e-06
1.323200945723896198e-06
1.323200945723896198e-06
1.315072218780876215e-06
1.325932898723527278e-06
1.319124059629140845e-06
1.324565513543057953e-06
1.319124059629140845e-06
1.316420063852575555e-06
1.323200945723896198e-06
1.321839186567663530e-06
1.324565513543057953e-06
1.313727130926627750e-06
1.315072218780876215e-06
1.324565513543057953e-06
1.316420063852575555e-06
1.321839186567663530e-06
1.324565513543057953e-06
1.321839186567663530e-06
1.317770674628213457e-06
1.324565513543057953e-06
1.324565513543057953e-06
1.321839186567663530e-06
1.320480227411752092e-06
1.320480227411752092e-06
1.320480227411752092e-06
1.319124059629140845e-06
1.325932898723527278e-06
1.323200945723896198e-06
1.321839186567663530e-06
1.321839186567663530e-06
1.321839186567663530e-06
1.323200945723896198e-06
1.324565513543057953e-06
1.320480227411752092e-06
1.320480227411752092e-06
1.313727130926627750e-06
1.324565513543057953e-06
1.321839186567663530e-06
1.320480227411752092e-06
1.323200945723896198e-06
1.316420063852575555e-06
1.316420063852575555e-06
1.324565513543057953e-06
1.323200945723896198e-06
1.323200945723896198e-06
1.315072218780876215e-06
1.324565513543057953e-06
1.321839186567663530e-06
1.327303109999638356e-06
1.317770674628213457e-06
