1.126000000000000112e+00 9.771552724325085482e-01
1.126987992296117014e+00 9.814263573018253695e-01
1.127977719913760390e+00 9.908085438032364634e-01
1.128969187428857879e+00 9.748611938401365862e-01
1.129962399433440456e+00 9.432376642398478950e-01
1.130957360535711942e+00 9.364480227870595197e-01
1.131954075360122047e+00 9.227062963301111420e-01
1.132952548547436100e+00 9.162145717974146120e-01
1.133952784754808318e+00 9.447801886274042049e-01
1.134954788655853974e+00 9.604482687752415870e-01
1.135958564940721782e+00 9.753312231058801629e-01
1.136964118316167838e+00 1.005890249351486965e+00
1.137971453505628228e+00 9.951087772802522657e-01
1.138980575249294080e+00 9.725649323833538418e-01
1.139991488304184397e+00 9.628354152059198645e-01
1.141004197444223101e+00 9.255799423232625722e-01
1.142018707460311200e+00 9.115253129208532590e-01
1.143035023160405395e+00 9.447472587151205525e-01
1.144053149369591793e+00 9.570703874868148331e-01
1.145073090930163184e+00 9.836579602142335732e-01
1.146094852701695865e+00 1.037290865630621672e+00
1.147118439561126468e+00 1.011998676282537479e+00
1.148143856402830121e+00 9.802184476291402326e-01
1.149171108138697273e+00 1.012290838596940690e+00
1.150200199698214076e+00 9.056344393040399732e-01
1.151231136028538549e+00 6.417207823760398000e-01
1.152263922094582727e+00 6.049783394873657905e-01
1.153298562879090827e+00 9.212781702656298588e-01
1.154335063382718740e+00 1.035056409215753481e+00
1.155373428624115739e+00 6.286103703290922828e-01
1.156413663640005973e+00 3.819952287852199091e-01
1.157455773485268402e+00 6.823063082423945769e-01
1.158499763233019175e+00 8.975610966748074349e-01
1.159545637974695120e+00 8.444024912560268437e-01
1.160593402820134123e+00 8.904736532895045631e-01
1.161643062897660617e+00 8.497927924996589999e-01
1.162694623354169066e+00 6.183756093209035187e-01
1.163748089355205462e+00 6.205538303348566709e-01
1.164803466085055916e+00 8.279679503910718497e-01
1.165860758746828818e+00 8.960605646127148827e-01
1.166919972562540542e+00 8.373246900733530840e-01
1.167981112773203378e+00 6.538447121560272413e-01
1.169044184638909245e+00 4.655310768554824508e-01
1.170109193438919171e+00 5.675241861425500689e-01
1.171176144471748781e+00 7.087319815297455916e-01
1.172245043055257785e+00 5.058034630252751240e-01
1.173315894526736125e+00 2.768172120272766046e-01
1.174388704242995241e+00 3.874373957667034407e-01
1.175463477580455329e+00 6.057355651924913875e-01
1.176540219935237941e+00 6.541531561116702420e-01
1.177618936723252130e+00 4.941477818942983102e-01
1.178699633380288825e+00 2.800157254903264392e-01
1.179782315362111200e+00 2.859862521683457781e-01
1.180866988144545493e+00 4.733228059509716479e-01
1.181953657223574483e+00 5.876611449632893613e-01
1.183042328115429642e+00 6.133431780203872918e-01
1.184133006356684392e+00 6.200842587364895353e-01
1.185225697504348696e+00 5.360784870530512780e-01
1.186320407135962984e+00 3.802106186653375075e-01
1.187417140849692743e+00 3.201821835995580789e-01
1.188515904264424883e+00 3.980071505411968413e-01
1.189616703019862110e+00 5.002281812927892313e-01
1.190719542776621509e+00 5.416770192350970348e-01
1.191824429216329584e+00 5.277253793967701112e-01
1.192931368041720619e+00 4.796979899514439705e-01
1.194040364976735713e+00 3.969216963202409354e-01
1.195151425766620035e+00 3.210810036256477873e-01
1.196264556178022742e+00 3.186798031183157853e-01
1.197379761999095793e+00 3.758897968790966271e-01
1.198497049039596751e+00 4.288768232431954264e-01
1.199616423130986265e+00 4.493307149123035860e-01
1.200737890126532648e+00 4.350975782416409143e-01
1.201861455901411802e+00 3.965062774630955245e-01
1.202987126352810021e+00 3.553340096134147141e-01
1.204114907400029022e+00 3.291289279899065612e-01
1.205244804984587415e+00 3.311984791059362498e-01
1.206376825070326175e+00 3.602409741443539093e-01
1.207510973643513230e+00 3.919500936092520371e-01
1.208647256712948925e+00 4.089809473811128471e-01
1.209785680310073053e+00 4.087871225770151606e-01
1.210926250489070988e+00 3.916805038065894751e-01
1.212068973326979604e+00 3.689294310764908991e-01
1.213213854923797186e+00 3.522660005114531812e-01
1.214360901402591786e+00 3.431653633533623959e-01
1.215510118909608916e+00 3.429843027057104532e-01
1.216661513614383239e+00 3.499259740959534404e-01
1.217815091709847364e+00 3.569253870774146686e-01
1.218970859412443097e+00 3.630357476237511261e-01
1.220128822962234905e+00 3.679795249680214431e-01
1.221288988623019378e+00 3.672835071053189848e-01
1.222451362682440701e+00 3.615512182607183433e-01
1.223615951452102335e+00 3.505561036779107909e-01
1.224782761267683151e+00 3.328149249269048426e-01
1.225951798489049782e+00 3.140362461639650271e-01
1.227123069500375196e+00 2.986407366400958829e-01
1.228296580710252384e+00 2.889178925773587259e-01
1.229472338551812483e+00 2.902835921239041994e-01
1.230650349482842243e+00 3.004543377869467458e-01
1.231830619985901931e+00 3.105121324366401092e-01
1.233013156568444346e+00 3.153741229748446284e-01
1.234197965762934945e+00 3.099657628654998165e-01
1.235385054126971083e+00 2.932325470231085252e-01
1.236574428243403911e+00 2.718916007035881433e-01
1.237766094720459620e+00 2.512033060573140020e-01
1.238960060191861778e+00 2.393033522222986209e-01
1.240156331316954574e+00 2.467565473333907244e-01
1.241354914780826935e+00 2.691670596836701623e-01
1.242555817294437093e+00 2.928652769206421813e-01
1.243759045594736268e+00 3.062317910239458207e-01
1.244964606444796784e+00 2.993690887397198463e-01
1.246172506633937749e+00 2.739512997361091551e-01
1.247382752977852505e+00 2.391384688747801024e-01
1.248595352318737195e+00 2.028170248299122902e-01
1.249810311525418882e+00 1.794539390985675220e-01
1.251027637493486333e+00 1.816496911432692041e-01
1.252247337145420136e+00 2.062077605439006645e-01
1.253469417430722599e+00 2.413098114758860657e-01
1.254693885326052527e+00 2.698503170601841417e-01
1.255920747835354900e+00 2.763387619010569951e-01
1.257150011989997207e+00 2.601983385235189794e-01
1.258381684848900894e+00 2.263952276995926660e-01
1.259615773498678593e+00 1.856158332690889257e-01
1.260852285053770450e+00 1.587562179188608535e-01
1.262091226656578691e+00 1.563423498236370945e-01
1.263332605477606396e+00 1.742440879644301110e-01
1.264576428715595835e+00 2.019016890616219528e-01
1.265822703597668353e+00 2.225116885236321229e-01
1.267071437379462040e+00 2.263041734719632159e-01
1.268322637345275172e+00 2.136026129330828582e-01
1.269576310808206099e+00 1.855764944708453712e-01
1.270832465110296461e+00 1.529733255742759257e-01
1.272091107622674411e+00 1.321530214539312353e-01
1.273352245745698719e+00 1.298788754181895988e-01
1.274615886909103546e+00 1.461006516162456637e-01
1.275882038572145216e+00 1.705820343761722535e-01
1.277150708223747877e+00 1.857472979294048365e-01
1.278421903382652269e+00 1.846961467264585099e-01
1.279695631597562944e+00 1.664968346377002639e-01
1.280971900447299028e+00 1.352976320942256561e-01
1.282250717540943441e+00 1.066837200161155075e-01
1.283532090517995217e+00 9.117390477056412645e-02
1.284816027048520271e+00 9.049219723579172980e-02
1.286102534833305722e+00 1.028627401141780223e-01
1.287391621604013325e+00 1.175565719830697492e-01
1.288683295123334016e+00 1.246152832800871552e-01
1.289977563185144005e+00 1.222618919624322981e-01
1.291274433614661987e+00 1.103048358386892885e-01
1.292573914268606350e+00 9.818507221128182361e-02
1.293876013035353711e+00 9.941497052345731056e-02
1.295180737835098794e+00 1.145934764868328376e-01
1.296488096620015629e+00 1.392999242490590706e-01
1.297798097374417203e+00 1.640065557763731585e-01
1.299110748114920444e+00 1.766761367821082229e-01
1.300426056890607862e+00 1.776765036503768491e-01
1.301744031783193201e+00 1.700066805607245712e-01
1.303064680907186412e+00 1.581668385578501312e-01
1.304388012410060194e+00 1.540977064246021877e-01
1.305714034472417628e+00 1.588507451061867415e-01
1.307042755308160942e+00 1.653888753649218890e-01
1.308374183164660698e+00 1.702442031379577114e-01
1.309708326322927663e+00 1.647600166585538317e-01
1.311045193097781558e+00 1.450494568477637969e-01
1.312384791838027587e+00 1.180008194404201932e-01
1.313727130926627851e+00 8.846377348386899597e-02
1.315072218780876323e+00 6.545108643792897640e-02
1.316420063852575595e+00 5.520262294545754539e-02
1.317770674628213401e+00 5.107605859457155922e-02
1.319124059629140922e+00 5.071407041910007407e-02
1.320480227411752194e+00 5.494706886352859754e-02
1.321839186567663527e+00 6.603033340410356666e-02
1.323200945723896238e+00 8.931933166086057641e-02
1.324565513543057849e+00 1.195213301507616066e-01
1.325932898723527265e+00 1.505548404631428250e-01
1.327303109999638409e+00 1.823202151540982141e-01
1.328676156141866516e+00 2.102508220289867613e-01
1.330052045957015094e+00 2.383449580950483537e-01
1.331430788288405109e+00 2.739563613212897542e-01
1.332812392016063274e+00 3.129282433831352406e-01
1.334196866056913677e+00 3.596877180929454187e-01
1.335584219364968961e+00 4.152124955200710010e-01
1.336974460931523057e+00 4.669931654130059506e-01
1.338367599785346362e+00 5.176928425579122583e-01
1.339763644992881142e+00 5.669207265331660528e-01
1.341162605658436702e+00 6.057151679939880573e-01
1.342564490924390119e+00 6.420734003970528514e-01
1.343969309971381643e+00 6.726376382496890294e-01
1.345377072018519193e+00 6.888139251888251158e-01
1.346787786323576430e+00 7.028891898308259334e-01
1.348201462183198140e+00 7.139063662541074162e-01
1.349618108933102745e+00 7.206150653197768152e-01
1.351037735948290130e+00 7.380732542932992857e-01
1.352460352643244823e+00 7.588369197080659934e-01
1.353885968472148260e+00 7.766359073795474632e-01
1.355314592929085071e+00 7.988670156843639125e-01
1.356746235548255131e+00 8.102218846497869498e-01
1.358180905904185831e+00 8.099341543893898709e-01
1.359618613611944804e+00 8.099860502250137984e-01
1.361059368327355079e+00 8.010591127546684564e-01
1.362503179747211357e+00 7.942150921469338654e-01
1.363950057609498057e+00 7.996906537433596807e-01
1.365400011693606253e+00 8.045618230873118337e-01
1.366853051820556830e+00 8.166621443947799097e-01
1.368309187853220088e+00 8.341608787586127782e-01
1.369768429696540002e+00 8.396362428110556442e-01
1.371230787297757381e+00 8.441772186393908806e-01
1.372696270646638572e+00 8.453008622889813806e-01
1.374164889775699727e+00 8.347340385375190408e-01
1.375636654760438393e+00 8.312095141263066145e-01
1.377111575719562442e+00 8.289239888538759704e-01
1.378589662815221883e+00 8.240920464229332110e-01
1.380070926253243568e+00 8.323383304563529705e-01
1.381555376283364778e+00 8.394009584079851205e-01
1.383043023199470367e+00 8.434819829154693860e-01
1.384533877339829910e+00 8.552255281079221838e-01
1.386027949087338174e+00 8.559761447037540494e-01
1.387525248869755812e+00 8.510987049060151355e-01
1.389025787159951619e+00 8.496839364712339693e-01
1.390529574476147223e+00 8.366219577848866829e-01
1.392036621382161998e+00 8.275946147464183777e-01
1.393546938487661091e+00 8.294777688583236941e-01
1.395060536448405220e+00 8.285211668911742766e-01
1.396577425966499586e+00 8.402871807572905860e-01
1.398097617790646341e+00 8.587408051158138544e-01
1.399621122716400601e+00 8.660466269061516398e-01
1.401147951586422913e+00 8.764240644325133056e-01
1.402678115290738603e+00 8.760907798187019813e-01
1.404211624766996236e+00 8.588078296529220168e-01
1.405748491000727851e+00 8.477591509652602220e-01
1.407288725025611198e+00 8.331040711588504344e-01
1.408832337923734634e+00 8.223420840315872615e-01
1.410379340825861805e+00 8.340535669234980798e-01
1.411929744911700313e+00 8.471529022970969436e-01
1.413483561410169731e+00 8.638532147579097709e-01
1.415040801599673825e+00 8.873554136068702025e-01
1.416601476808373228e+00 8.896930849293348542e-01
1.418165598414459661e+00 8.843956076321657367e-01
1.419733177846432826e+00 8.766959930673082768e-01
1.421304226583378183e+00 8.531115468195885621e-01
1.422878756155248059e+00 8.421111355719831382e-01
1.424456778143142976e+00 8.416612766243615207e-01
1.426038304179596539e+00 8.406334658762718570e-01
1.427623345948860090e+00 8.601866021012549712e-01
1.429211915187190263e+00 8.792518778748762420e-01
1.430804023683140525e+00 8.863306812496178910e-01
1.432399683277851388e+00 8.987012123426919574e-01
1.433998905865343287e+00 8.917676250370705215e-01
1.435601703392814343e+00 8.735176609446131391e-01
1.437208087860935457e+00 8.654980183271272498e-01
1.438818071324151404e+00 8.475724963316607630e-01
1.440431665890981705e+00 8.399411336351354507e-01
1.442048883724324604e+00 8.522021398692308791e-01
1.443669737041762158e+00 8.579626588150566224e-01
1.445294238115867769e+00 8.761568600092016768e-01
1.446922399274517490e+00 8.986374892351516319e-01
1.448554232901199557e+00 8.992320138549755315e-01
1.450189751435329688e+00 9.039251303510521529e-01
1.451828967372567725e+00 8.966011916098187706e-01
1.453471893265134263e+00 8.699490916130686591e-01
1.455118541722132175e+00 8.589316237544082355e-01
1.456768925409868798e+00 8.457587261170683712e-01
1.458423057052181004e+00 8.372969546674049468e-01
1.460080949430762276e+00 8.587319388099163842e-01
1.461742615385490884e+00 8.762562961817567109e-01
1.463408067814762958e+00 8.947358409896348785e-01
1.465077319675824219e+00 9.227670356581466615e-01
1.466750383985108819e+00 9.197523645516778590e-01
1.468427273818574630e+00 9.096719930156828005e-01
1.470108002312046080e+00 8.987745108996486598e-01
1.471792582661556104e+00 8.650809818999208867e-01
1.473481028123691416e+00 8.523950106418939354e-01
1.475173352015941353e+00 8.547345784890965081e-01
1.476869567717046916e+00 8.550127528257615017e-01
1.478569688667353610e+00 8.867798454394008045e-01
1.480273728369166264e+00 9.155717344285151382e-01
1.481981700387106970e+00 9.248051096732100573e-01
1.483693618348475241e+00 9.428022803712007294e-01
1.485409495943609492e+00 9.285671645290285436e-01
1.487129346926251872e+00 8.988770270273633844e-01
1.488853185113917732e+00 8.875458774019913122e-01
1.490581024388262232e+00 8.607640945413882472e-01
1.492312878695457590e+00 8.541807026039768269e-01
1.494048762046563450e+00 8.779909192344235169e-01
1.495788688517908360e+00 8.879528783106296341e-01
1.497532672251467467e+00 9.182901046466840356e-01
1.499280727455248874e+00 9.491885701415364585e-01
1.501032868403676668e+00 9.421425371792103709e-01
1.502789109437979942e+00 9.463211420289771025e-01
1.504549464966586036e+00 9.297029233368611090e-01
1.506313949465511781e+00 8.897315649765219492e-01
1.508082577478762509e+00 8.826258562985124234e-01
1.509855363618730850e+00 8.675361847751319466e-01
1.511632322566598186e+00 8.613513134662815762e-01
1.513413469072741879e+00 8.982451005901886942e-01
1.515198817957142063e+00 9.150689542912101571e-01
1.516988384109793087e+00 9.359273627152583375e-01
1.518782182491116739e+00 9.710438754734443956e-01
1.520580228132380585e+00 9.546697849425931359e-01
1.522382536136117182e+00 9.445675752661200075e-01
1.524189121676545966e+00 9.330763385232644369e-01
1.526000000000000023e+00 8.844822229761016841e-01
