2.184105173283584938e-08
2.101422351870150367e-08
2.065033845494851452e-08
2.184920215188202454e-08
2.407936064187266931e-08
2.263175888636493147e-08
1.781822270345757293e-08
1.507876644520466994e-08
1.482789331066935892e-08
1.845602531911050565e-08
2.638419643985926246e-08
2.349509653167502762e-08
1.971688876844338530e-08
2.337760828405815685e-08
2.489778768020354548e-08
2.501951424201005059e-08
2.431398320934623745e-08
2.380242024323671268e-08
2.351215985608457965e-08
2.253483031259213750e-08
2.191951273277688842e-08
2.217636933744915280e-08
2.201092837612159333e-08
2.159756240606482079e-08
2.118090543121810320e-08
2.084514536069018269e-08
2.140584415253490063e-08
2.062043491646537090e-08
2.143098407411440019e-08
2.354497165001799793e-08
2.318184421968714544e-08
1.821733852026001627e-08
1.524090421869736212e-08
1.477985331525605456e-08
1.737926927465605404e-08
2.630648078772059498e-08
2.383668653999682095e-08
1.972059736284484261e-08
2.039506530866943610e-08
2.484105849625016299e-08
2.467007529515194181e-08
2.442602887638952645e-08
2.342759218933832560e-08
2.353135600019936548e-08
2.263955087013228190e-08
2.193124193527883853e-08
2.192805287387061667e-08
2.196435598865403834e-08
2.169707082528421313e-08
2.124614089041245132e-08
2.082383295363027129e-08
2.091778784952123627e-08
2.844384790777509669e-08
2.215765958909279278e-08
2.152729938271548301e-08
3.032142240491662886e-08
1.900641440391986136e-08
1.945147699043873489e-08
2.172911393893113357e-08
2.589820234432045765e-08
2.187094072408271872e-08
2.688547969122489873e-08
2.176619382143372873e-08
2.084846825000085399e-08
1.925576185047624579e-08
1.916170316236377958e-08
1.928910381785873500e-08
2.496227251606955633e-08
1.907830730644480323e-08
2.425135364837360507e-08
2.640295513676140742e-08
2.140200525273460735e-08
2.141014899833133417e-08
2.331255980783944247e-08
2.134202803758677183e-08
2.600095093802768471e-08
2.304985567206298059e-08
2.348373621097636810e-08
2.818148657539008534e-08
2.080702913366757771e-08
2.129117230716619209e-08
2.063754581832042934e-08
2.175131874673488540e-08
2.185720062361712106e-08
2.005034115574076209e-08
3.136718936074023107e-08
2.042416991856842897e-08
3.137412060292436367e-08
2.029364804951720520e-08
2.436987287067883621e-08
2.029235486949863768e-08
2.163372609052355493e-08
2.251782191047142960e-08
2.160858027662373231e-08
2.351072383147666335e-08
2.107169783684783040e-08
2.117547558531160374e-08
2.034694172122924608e-08
1.991246751466338608e-08
2.069259390884283867e-08
2.068881665928761977e-08
2.018532469488756824e-08
1.999680959802261070e-08
2.179365207627002101e-08
2.207888836104867992e-08
2.182593357558905809e-08
2.432692332249473381e-08
2.220452326115017996e-08
2.255761152051453196e-08
2.146335627693951919e-08
2.151701170730841083e-08
2.245274260287663965e-08
2.211403877999903863e-08
2.502229154193956180e-08
2.145900615222418437e-08
2.148203815952487703e-08
2.123266936500950515e-08
2.466681770630262153e-08
2.963191287893965464e-08
2.149610928123833220e-08
3.058173469335469097e-08
2.211456731800324776e-08
2.422231043700944675e-08
2.733010966682646824e-08
2.192564402309500142e-08
3.225826089079182098e-08
2.674176664009537383e-08
2.548810651524279351e-08
2.320026814909808981e-08
2.426411965162593336e-08
2.077985363622545289e-08
3.066129676035731062e-08
2.062175005470729448e-08
2.197388546693261823e-08
2.015459861268951167e-08
1.989114377676454168e-08
1.993042884436866921e-08
2.136682810320849643e-08
1.911657550026871498e-08
2.139010913360179867e-08
2.375628902013337155e-08
2.088803104886064702e-08
2.680926785118801555e-08
2.072235583965990516e-08
2.243750359696190398e-08
1.800133407763337288e-08
1.776535975161646506e-08
2.883628376362397361e-08
2.263494780081759567e-08
2.226273008045425208e-08
2.844257407401974940e-08
1.940402515431041516e-08
2.051166982099487223e-08
2.126356380385901687e-08
1.947607260510594287e-08
2.581588940955204233e-08
2.469547034946846432e-08
2.082042889845511437e-08
2.626450285328261840e-08
2.678806420039593365e-08
2.802153112685044032e-08
1.978981265168544455e-08
2.085385773933894833e-08
1.813502811052498056e-08
2.398906821213966546e-08
