6.486075327752228135e-03
1.135044954113062221e-01
-1.038424534717287059e-02
-7.004259382832640768e-02
-6.940472451059896686e-02
-4.231722562472617355e-02
-1.418144186381186528e-02
-5.872710925545873185e-03
-1.670590848926487709e-02
-2.466718358451715568e-02
-2.185583396528057928e-02
-1.496060359782644573e-02
-1.028731169773644885e-02
-8.332442465504671936e-03
-5.102653004793476776e-03
-6.466272883729584208e-04
2.814934082598750161e-03
3.984087758886853403e-03
3.973914166560822692e-03
4.626643751283883790e-03
5.937799081164099428e-03
6.584034570608575908e-03
6.374965051860352616e-03
6.088699625390765584e-03
6.299754092748689228e-03
6.742649208463727915e-03
1.203113926582555643e-01
1.534997834212853927e-02
-6.101955903040907209e-02
-7.006015259866536782e-02
-4.776684660164776108e-02
-1.572567902064094317e-02
-2.623124742885710528e-03
-1.315535739725390459e-02
-2.337391165039753860e-02
-2.181751907751859620e-02
-1.429164225861096101e-02
-9.417465249969950852e-03
-8.189501771830609914e-03
-5.306929799363675239e-03
-8.806475490990822025e-04
2.855594632875932577e-03
4.276665388223559010e-03
4.228116171617625138e-03
4.625416109625072290e-03
5.826452686162162872e-03
6.654882449182832407e-03
6.484909264148124887e-03
6.123790541121193476e-03
6.235743647197972486e-03
6.709790210483491946e-03
1.408128501342449353e-03
-2.958364173886545226e-02
8.003732531191125321e-03
9.811228166243867593e-03
-2.898015608544485949e-02
2.084187387189504262e-02
1.833105431093107543e-02
-5.986333259665451573e-02
-1.811462579380411844e-02
-6.795454555733655699e-02
-1.893468757582988937e-02
2.275234868844754413e-02
2.458019195674653740e-02
2.734203883032589044e-02
2.461060879476168264e-02
-2.907200810862510879e-02
-7.974847941931139175e-03
-2.222507550690057745e-02
-8.083376096544707748e-03
2.145529507687296208e-02
2.954943614105394814e-02
2.802259629631286691e-02
3.265302237563481175e-02
3.033785383155643972e-02
3.202777045951615137e-02
4.166162383115706164e-02
4.161641260418143945e-02
-4.241763758025643427e-02
2.073475706588075174e-02
-2.179967768698415787e-03
1.739899719360278802e-04
4.974264866222322112e-02
4.959320398286912179e-02
5.421219242182619830e-02
3.512428197753533765e-02
5.789832630177582651e-02
3.545264041776081954e-02
6.054188195851945703e-02
1.306450120731155948e-02
6.221125578934335459e-02
6.031527736678614360e-02
6.610109392120126770e-02
6.489013743780709664e-02
2.406533291690467896e-02
6.723276852423690220e-02
6.796106674454401031e-02
6.931523600155076181e-02
7.016051859235607202e-02
7.068729431614888259e-02
7.321172979630614919e-02
7.447278880508674537e-02
7.616091888425118028e-02
7.487782237337151092e-02
7.684914149268735895e-02
7.603032900913217484e-02
2.442975447670279326e-02
7.738605420706309856e-02
7.939574799225948554e-02
7.889518169317388807e-02
7.804470659585194259e-02
7.805062101428029975e-02
7.691003963976875135e-02
3.025801949483185663e-02
7.428916949485607490e-02
7.205893485863860970e-02
3.177837512828932814e-02
3.163976450539553870e-02
3.861466241352456280e-02
6.991740826852053947e-02
5.104339180490711364e-02
7.500198028451438015e-02
5.554942551817635549e-02
3.584087169238001080e-02
5.552824534569063275e-02
4.931031797209248918e-02
5.424193829695601876e-02
5.760229175108717153e-02
9.858815044560180138e-03
4.356513989019973609e-02
4.661168403568607954e-02
3.802743293448714729e-02
8.173504678750122265e-02
6.651317209752499737e-02
4.871099883936155089e-02
4.539226874377162713e-02
6.648841415208738004e-02
4.967921076873782482e-02
7.748905501754498049e-02
4.224637372608788799e-02
4.651461517284843222e-02
4.691855635882424824e-02
3.373149047007321238e-02
6.003473640044991455e-02
6.518583489842261214e-02
8.009904249598599757e-02
7.452236364511152789e-02
4.047240782589620056e-02
6.196951581196633030e-02
6.974701668567483137e-02
4.518994919537366178e-02
6.101821547283616670e-02
3.493087587513998143e-02
6.450915523986303080e-02
4.784083007695300038e-02
6.942389913604783691e-02
5.134718918108861774e-02
6.273808010529814683e-02
7.580109791557095023e-02
7.086749551451573814e-02
5.158549326008483871e-02
6.654971304716927882e-02
5.312255204184144347e-02
2.047660276254166523e-02
6.736563850907945072e-02
