1.126000000000000112e+00 2.357184834143438961e-04
1.126987992296117014e+00 2.286881335131013483e-04
1.127977719913760390e+00 2.122147663220144557e-04
1.128969187428857879e+00 2.027122770591779477e-04
1.129962399433440456e+00 1.919827820175564977e-04
1.130957360535711942e+00 1.789300382532509591e-04
1.131954075360122047e+00 1.731899369881097933e-04
1.132952548547436100e+00 1.591620267028765010e-04
1.133952784754808318e+00 1.523439548247769849e-04
1.134954788655853974e+00 1.438543977193987376e-04
1.135958564940721782e+00 1.340650812285283232e-04
1.136964118316167838e+00 1.323705643762494917e-04
1.137971453505628228e+00 1.220037716496465418e-04
1.138980575249294080e+00 1.195527955004890185e-04
1.139991488304184397e+00 1.121881686939761911e-04
1.141004197444223101e+00 1.024472264825217595e-04
1.142018707460311200e+00 1.006258128340830477e-04
1.143035023160405395e+00 8.813855857125514224e-05
1.144053149369591793e+00 8.914170472183991737e-05
1.145073090930163184e+00 8.341182968188228419e-05
1.146094852701695865e+00 7.896009112878419559e-05
1.147118439561126468e+00 8.611600266144352124e-05
1.148143856402830121e+00 7.021292020763238129e-05
1.149171108138697273e+00 8.503387168340362375e-05
1.150200199698214076e+00 6.667865997037340960e-05
1.151231136028538549e+00 1.158785089553788869e-05
1.152263922094582727e+00 7.594057062913634457e-05
1.153298562879090827e+00 1.352878872418533586e-04
1.154335063382718740e+00 8.396643785342403868e-05
1.155373428624115739e+00 3.747521742474651092e-05
1.156413663640005973e+00 6.705908480505938757e-05
1.157455773485268402e+00 1.640884441994716440e-04
1.158499763233019175e+00 1.807936669332460176e-04
1.159545637974695120e+00 1.384005882173889169e-04
1.160593402820134123e+00 1.659133886137149200e-04
1.161643062897660617e+00 1.298598266170834217e-04
1.162694623354169066e+00 6.749643285139032931e-05
1.163748089355205462e+00 1.185402649926053736e-04
1.164803466085055916e+00 1.637926273565014986e-04
1.165860758746828818e+00 1.648838276237497250e-04
1.166919972562540542e+00 1.408085462929655873e-04
1.167981112773203378e+00 5.833353366468550707e-05
1.169044184638909245e+00 2.176415432481756704e-05
1.170109193438919171e+00 8.669791910327014929e-05
1.171176144471748781e+00 1.120169335541995273e-04
1.172245043055257785e+00 4.171412637266684159e-05
1.173315894526736125e+00 1.784211777014197935e-05
1.174388704242995241e+00 7.522267614638182326e-05
1.175463477580455329e+00 9.215088431772344951e-05
1.176540219935237941e+00 4.775350442783130728e-05
1.177618936723252130e+00 4.603149546293866192e-06
1.178699633380288825e+00 2.626306702645788292e-05
1.179782315362111200e+00 1.072225581781456426e-04
1.180866988144545493e+00 1.283905104512049413e-04
1.181953657223574483e+00 7.646075993263579031e-05
1.183042328115429642e+00 3.402135616940529404e-05
1.184133006356684392e+00 9.134727010560994486e-06
1.185225697504348696e+00 4.623689290882251933e-05
1.186320407135962984e+00 1.975870817229305779e-04
1.187417140849692743e+00 3.753329263973817433e-04
1.188515904264424883e+00 4.347156051496771823e-04
1.189616703019862110e+00 3.649610510479493601e-04
1.190719542776621509e+00 2.948233841665917057e-04
1.191824429216329584e+00 2.737788752755806587e-04
1.192931368041720619e+00 2.983375584091317329e-04
1.194040364976735713e+00 4.074042898976671691e-04
1.195151425766620035e+00 5.393160657955530044e-04
1.196264556178022742e+00 6.040429882155945885e-04
1.197379761999095793e+00 5.844416453335981882e-04
1.198497049039596751e+00 5.062602814048997295e-04
1.199616423130986265e+00 4.428164010291201868e-04
1.200737890126532648e+00 4.104679729090556992e-04
1.201861455901411802e+00 4.016045740502189394e-04
1.202987126352810021e+00 4.247199820736611057e-04
1.204114907400029022e+00 4.358130237683865201e-04
1.205244804984587415e+00 4.235878065911095587e-04
1.206376825070326175e+00 3.896596839948556997e-04
1.207510973643513230e+00 3.329603084942897215e-04
1.208647256712948925e+00 2.860402772854309908e-04
1.209785680310073053e+00 2.429248408218536240e-04
1.210926250489070988e+00 2.035741978929376725e-04
1.212068973326979604e+00 1.728300552348005763e-04
1.213213854923797186e+00 1.350806845578279185e-04
1.214360901402591786e+00 1.005204138362169968e-04
1.215510118909608916e+00 6.853610894953795856e-05
1.216661513614383239e+00 3.915131642016440118e-05
1.217815091709847364e+00 2.059334207315001577e-05
1.218970859412443097e+00 9.462985841710503580e-06
1.220128822962234905e+00 6.634248167611032488e-06
1.221288988623019378e+00 1.344163597189012778e-05
1.222451362682440701e+00 3.000873888213103827e-05
1.223615951452102335e+00 5.485594280965244067e-05
1.224782761267683151e+00 9.574826569304900191e-05
1.225951798489049782e+00 1.492394776056057927e-04
1.227123069500375196e+00 2.164737511919280369e-04
1.228296580710252384e+00 3.039732663214218637e-04
1.229472338551812483e+00 3.947756387754839920e-04
1.230650349482842243e+00 5.041218864043149183e-04
1.231830619985901931e+00 6.289236130506652275e-04
1.233013156568444346e+00 7.716166811456457797e-04
1.234197965762934945e+00 9.647089974156689311e-04
1.235385054126971083e+00 1.191227602453259586e-03
1.236574428243403911e+00 1.476136769882844179e-03
1.237766094720459620e+00 1.795791971850558720e-03
1.238960060191861778e+00 2.083052172436710477e-03
1.240156331316954574e+00 2.325182138098045009e-03
1.241354914780826935e+00 2.465006521640450941e-03
1.242555817294437093e+00 2.556657910806107558e-03
1.243759045594736268e+00 2.668138012824723074e-03
1.244964606444796784e+00 2.811369486237561260e-03
1.246172506633937749e+00 3.064396426528239424e-03
1.247382752977852505e+00 3.377635226458908409e-03
1.248595352318737195e+00 3.717392041933724207e-03
1.249810311525418882e+00 4.028730288718600575e-03
1.251027637493486333e+00 4.189730944093542943e-03
1.252247337145420136e+00 4.253093391956196123e-03
1.253469417430722599e+00 4.239722715779394545e-03
1.254693885326052527e+00 4.246938787964301895e-03
1.255920747835354900e+00 4.387155568608831248e-03
1.257150011989997207e+00 4.628292603919879379e-03
1.258381684848900894e+00 5.014039466789321255e-03
1.259615773498678593e+00 5.427504797755861900e-03
1.260852285053770450e+00 5.761215217191254651e-03
1.262091226656578691e+00 5.992299221835910294e-03
1.263332605477606396e+00 6.063357079323801122e-03
1.264576428715595835e+00 6.131046298188696196e-03
1.265822703597668353e+00 6.234292475222849572e-03
1.267071437379462040e+00 6.387574772526908792e-03
1.268322637345275172e+00 6.618806624343550465e-03
1.269576310808206099e+00 6.782149243739922680e-03
1.270832465110296461e+00 6.896192219020391007e-03
1.272091107622674411e+00 6.909245919774121940e-03
1.273352245745698719e+00 6.879988984138868564e-03
1.274615886909103546e+00 7.026815695704923849e-03
1.275882038572145216e+00 7.436102826543371062e-03
1.277150708223747877e+00 8.317809889863412784e-03
1.278421903382652269e+00 9.659956720142784739e-03
1.279695631597562944e+00 1.141741782125862796e-02
1.280971900447299028e+00 1.353211269638784735e-02
1.282250717540943441e+00 1.572054386946077423e-02
1.283532090517995217e+00 1.799144909815757198e-02
1.284816027048520271e+00 2.031797303722629455e-02
1.286102534833305722e+00 2.297596681192232843e-02
1.287391621604013325e+00 2.647533459149930060e-02
1.288683295123334016e+00 3.101282031337459708e-02
1.289977563185144005e+00 3.692865441893062456e-02
1.291274433614661987e+00 4.394654749788867720e-02
1.292573914268606350e+00 5.143047922674142541e-02
1.293876013035353711e+00 5.865257342032530880e-02
1.295180737835098794e+00 6.476150275256238598e-02
1.296488096620015629e+00 7.033061099843693209e-02
1.297798097374417203e+00 7.646156264186786122e-02
1.299110748114920444e+00 8.435881783850178450e-02
1.300426056890607862e+00 9.514216655882429263e-02
1.301744031783193201e+00 1.084450676511539563e-01
1.303064680907186412e+00 1.234225612888539270e-01
1.304388012410060194e+00 1.382459510306285611e-01
1.305714034472417628e+00 1.511757130191931919e-01
1.307042755308160942e+00 1.625779332925765264e-01
1.308374183164660698e+00 1.733448640070826552e-01
1.309708326322927663e+00 1.852087966478107306e-01
1.311045193097781558e+00 1.992639716191101640e-01
1.312384791838027587e+00 2.148017506402246091e-01
1.313727130926627851e+00 2.306407410238726641e-01
1.315072218780876323e+00 2.437391076442963767e-01
1.316420063852575595e+00 2.516602327743868162e-01
1.317770674628213401e+00 2.539480420291923557e-01
1.319124059629140922e+00 2.500692340568150818e-01
1.320480227411752194e+00 2.403113885789171511e-01
1.321839186567663527e+00 2.246964401881184625e-01
1.323200945723896238e+00 2.039176794728522757e-01
1.324565513543057849e+00 1.802283406977924218e-01
1.325932898723527265e+00 1.547152265640532320e-01
1.327303109999638409e+00 1.282830041391927189e-01
1.328676156141866516e+00 1.017308907575757287e-01
1.330052045957015094e+00 7.574799557519035220e-02
1.331430788288405109e+00 5.230362342139610599e-02
1.332812392016063274e+00 3.309413231507762204e-02
1.334196866056913677e+00 1.917726020292234018e-02
1.335584219364968961e+00 1.049613654494512688e-02
1.336974460931523057e+00 5.730537366961586075e-03
1.338367599785346362e+00 3.618307844151815583e-03
1.339763644992881142e+00 2.808372637697426934e-03
1.341162605658436702e+00 2.517919400055431463e-03
1.342564490924390119e+00 2.493039712025332203e-03
1.343969309971381643e+00 2.483490653741650313e-03
1.345377072018519193e+00 2.538316039601662324e-03
1.346787786323576430e+00 2.582689426957557408e-03
1.348201462183198140e+00 2.666901922272726672e-03
1.349618108933102745e+00 2.802492866229182311e-03
1.351037735948290130e+00 2.910291570422591286e-03
1.352460352643244823e+00 3.074225564468346938e-03
1.353885968472148260e+00 3.204349255057946551e-03
1.355314592929085071e+00 3.373054621938309777e-03
1.356746235548255131e+00 3.558383627234761558e-03
1.358180905904185831e+00 3.721847614731188612e-03
1.359618613611944804e+00 3.953560203327650784e-03
1.361059368327355079e+00 4.146605849355102132e-03
1.362503179747211357e+00 4.399412393891133366e-03
1.363950057609498057e+00 4.659834077074605230e-03
1.365400011693606253e+00 4.892715794446578573e-03
1.366853051820556830e+00 5.169674916497465564e-03
1.368309187853220088e+00 5.348499974965899295e-03
1.369768429696540002e+00 5.545863984734103122e-03
1.371230787297757381e+00 5.703820113929969696e-03
1.372696270646638572e+00 5.827731696616341057e-03
1.374164889775699727e+00 6.028623356044380925e-03
1.375636654760438393e+00 6.176052778132512869e-03
1.377111575719562442e+00 6.410297453805517166e-03
1.378589662815221883e+00 6.637825045431432029e-03
1.380070926253243568e+00 6.845382148013929788e-03
1.381555376283364778e+00 7.120681733676722039e-03
1.383043023199470367e+00 7.305954978664807968e-03
1.384533877339829910e+00 7.564442042284414899e-03
1.386027949087338174e+00 7.791073024102771784e-03
1.387525248869755812e+00 7.982122537644886426e-03
1.389025787159951619e+00 8.222297282901273527e-03
1.390529574476147223e+00 8.319130304614267071e-03
1.392036621382161998e+00 8.444477001624376561e-03
1.393546938487661091e+00 8.487493854328492099e-03
1.395060536448405220e+00 8.479385250379911990e-03
1.396577425966499586e+00 8.558097515345027689e-03
1.398097617790646341e+00 8.559597984317815142e-03
1.399621122716400601e+00 8.688372657148207140e-03
1.401147951586422913e+00 8.805923648258431533e-03
1.402678115290738603e+00 8.908863027942489840e-03
1.404211624766996236e+00 9.087613604606258749e-03
1.405748491000727851e+00 9.128803055959758966e-03
1.407288725025611198e+00 9.243569413232203755e-03
1.408832337923734634e+00 9.289845585538348410e-03
1.410379340825861805e+00 9.294671528536782926e-03
1.411929744911700313e+00 9.374172660690996764e-03
1.413483561410169731e+00 9.308957617942946461e-03
1.415040801599673825e+00 9.322070522042705948e-03
1.416601476808373228e+00 9.253809433559774880e-03
1.418165598414459661e+00 9.143962183273285707e-03
1.419733177846432826e+00 9.133224123703580916e-03
1.421304226583378183e+00 9.024331497737661870e-03
1.422878756155248059e+00 9.077343079039406834e-03
1.424456778143142976e+00 9.119361226914394700e-03
1.426038304179596539e+00 9.178331881945953410e-03
1.427623345948860090e+00 9.345314161881491249e-03
1.429211915187190263e+00 9.364321592597781713e-03
1.430804023683140525e+00 9.482404407251773804e-03
1.432399683277851388e+00 9.497541204780576146e-03
1.433998905865343287e+00 9.471185858455072673e-03
1.435601703392814343e+00 9.530191767312179429e-03
1.437208087860935457e+00 9.436758659561204216e-03
1.438818071324151404e+00 9.476285833514617660e-03
1.440431665890981705e+00 9.427464020519259885e-03
1.442048883724324604e+00 9.354091211580086926e-03
1.443669737041762158e+00 9.377148506926544225e-03
1.445294238115867769e+00 9.254263635876997310e-03
1.446922399274517490e+00 9.306150788187243783e-03
1.448554232901199557e+00 9.305112844648433593e-03
1.450189751435329688e+00 9.332393126847714215e-03
1.451828967372567725e+00 9.483792651085337991e-03
1.453471893265134263e+00 9.464872425520050661e-03
1.455118541722132175e+00 9.577747244549905670e-03
1.456768925409868798e+00 9.538398767785101137e-03
1.458423057052181004e+00 9.443185385318568492e-03
1.460080949430762276e+00 9.419633845011666715e-03
1.461742615385490884e+00 9.200915689975332559e-03
1.463408067814762958e+00 9.155653599528098749e-03
1.465077319675824219e+00 9.005357339061267202e-03
1.466750383985108819e+00 8.857899128674021766e-03
1.468427273818574630e+00 8.823796659309941781e-03
1.470108002312046080e+00 8.607416171509488581e-03
1.471792582661556104e+00 8.585633524007331083e-03
1.473481028123691416e+00 8.459930735547190050e-03
1.475173352015941353e+00 8.362527909727792905e-03
1.476869567717046916e+00 8.397892997976691420e-03
1.478569688667353610e+00 8.248535642363299253e-03
1.480273728369166264e+00 8.289461101710799210e-03
1.481981700387106970e+00 8.166556799327137628e-03
1.483693618348475241e+00 8.015566896058397631e-03
1.485409495943609492e+00 7.944462889694914320e-03
1.487129346926251872e+00 7.648393892099723812e-03
1.488853185113917732e+00 7.563519989243368963e-03
1.490581024388262232e+00 7.348282775187072770e-03
1.492312878695457590e+00 7.170124300616372882e-03
1.494048762046563450e+00 7.126522789785871836e-03
1.495788688517908360e+00 6.885235118807597407e-03
1.497532672251467467e+00 6.875413262552127099e-03
1.499280727455248874e+00 6.711827553534513435e-03
1.501032868403676668e+00 6.579015957774587628e-03
1.502789109437979942e+00 6.567862728958183578e-03
1.504549464966586036e+00 6.340929694634412847e-03
1.506313949465511781e+00 6.352119656253836684e-03
1.508082577478762509e+00 6.177843448224580418e-03
1.509855363618730850e+00 6.010602825823565219e-03
1.511632322566598186e+00 5.933273202688149443e-03
1.513413469072741879e+00 5.595858861542985820e-03
1.515198817957142063e+00 5.494208786864109885e-03
1.516988384109793087e+00 5.211957390192839545e-03
1.518782182491116739e+00 4.971288033523662067e-03
1.520580228132380585e+00 4.868423804302107749e-03
1.522382536136117182e+00 4.541823938460718378e-03
1.524189121676545966e+00 4.479974254814366071e-03
1.526000000000000023e+00 4.234480326362063778e-03
