9.200000000000000400e-01 2.972711858460100971e-05
9.209333468600995332e-01 1.862098625914524616e-05
9.218685894180970175e-01 2.812818298842562645e-05
9.228057334553217972e-01 1.652442208938049959e-05
9.237447847766359077e-01 2.649797975569217221e-05
9.246857492105533538e-01 1.483726798725437864e-05
9.256286326093607908e-01 1.944699578228774943e-05
9.265734408492397600e-01 1.332387590535351150e-05
9.275201798303872591e-01 1.075742519894708686e-05
9.284688554771404201e-01 1.477511115183081195e-05
9.294194737380976346e-01 5.210987731933916742e-06
9.303720405862458964e-01 1.333385889082671018e-05
9.313265620190829264e-01 5.015735336836146842e-07
9.322830440587449585e-01 1.758383219389234359e-05
9.332414927521333059e-01 1.449399768039125988e-06
9.342019141710404817e-01 5.261483882454716382e-05
9.351643144122798734e-01 1.498446183865174454e-04
9.361286995978137515e-01 2.391143442542971486e-04
9.370950758748839426e-01 1.050097480102448085e-03
9.380634494161415038e-01 1.582740720251229333e-03
9.390338264197787277e-01 4.577580548039321753e-04
9.400062131096613705e-01 5.186697096908201394e-04
9.409806157354618783e-01 1.863822705439991800e-03
9.419570405727923923e-01 1.713907776268646559e-03
9.429354939233406396e-01 5.952631155493261390e-04
9.439159821150048257e-01 4.810431387197362818e-04
9.448985115020298586e-01 6.891445488345657264e-04
9.458830884651455717e-01 1.874407136968084687e-03
9.468697194117036142e-01 2.469306697553931822e-03
9.478584107758172284e-01 1.167486313686488808e-03
9.488491690185012484e-01 8.104378392571775407e-04
9.498420006278119887e-01 7.823326039314679355e-04
9.508369121189904627e-01 1.106239058066579069e-03
9.518339100346020487e-01 1.816384829008357935e-03
9.528330009446837057e-01 2.102910063591269339e-03
9.538341914468845273e-01 1.455553709770574834e-03
9.548374881666140679e-01 1.103712376015552644e-03
9.558428977571865603e-01 1.135461073665578781e-03
9.568504268999683537e-01 1.421835882935572944e-03
9.578600823045267942e-01 2.019509664546509896e-03
9.588718707087779958e-01 2.634351218379124733e-03
9.598857988791372753e-01 2.414593976289161961e-03
9.609018736106702541e-01 1.527444542028965312e-03
9.619201017272438481e-01 9.865845611687802663e-04
9.629404900816802559e-01 7.216291466644431758e-04
9.639630455559095035e-01 7.751854462507085444e-04
9.649877750611247640e-01 9.753368995271240530e-04
9.660146855379376785e-01 1.375288855018281771e-03
9.670437839565357852e-01 1.507945344340222904e-03
9.680750773168392831e-01 1.386037089544396757e-03
9.691085726486603491e-01 1.085976815177644569e-03
9.701442770118628989e-01 9.597833109627082427e-04
9.711821974965229032e-01 8.721549373052532540e-04
9.722223412230911466e-01 9.932550314640776166e-04
9.732647153425537656e-01 1.194266264223466057e-03
9.743093270366001146e-01 1.413324169666223002e-03
9.753561835177823047e-01 1.256132492313728928e-03
9.764052920296870663e-01 1.057961070931415963e-03
9.774566598470981749e-01 8.599131873850460834e-04
9.785102942761669809e-01 8.134370931369899532e-04
9.795662026545808310e-01 8.240867802211432509e-04
9.806243923517338201e-01 1.009143926275372699e-03
9.816848707688979880e-01 1.272337379758773377e-03
9.827476453393959588e-01 1.652486042014169590e-03
9.838127235287743577e-01 1.700342355405431299e-03
9.848801128349790046e-01 1.515691311401875857e-03
9.859498207885305510e-01 1.249298545579674352e-03
9.870218549527021157e-01 1.062375651165675802e-03
9.880962229236965877e-01 8.521013578143103728e-04
9.891729323308271482e-01 7.521348129063911868e-04
9.902519908366970158e-01 6.859201377324923143e-04
9.913334061373813011e-01 6.752779444194861435e-04
9.924171859626107484e-01 5.669522902160550881e-04
9.935033380759550337e-01 3.964394505673158285e-04
9.945918702750083940e-01 2.208677676543740120e-04
9.956827903915762557e-01 1.526088569992365091e-04
9.967761062918635284e-01 1.516813546847485582e-04
9.978718258766625659e-01 2.451586435025378632e-04
9.989699570815454566e-01 3.956744746899828980e-04
1.000070507877051762e+00 6.379107684859713608e-04
1.001173486268887247e+00 8.607520236018968056e-04
1.002278900298112063e+00 9.124058327782081854e-04
1.003386758041339588e+00 6.962886462851023512e-04
1.004497067610932826e+00 5.292688875431202176e-04
1.005609837155201136e+00 5.034668236319854700e-04
1.006725074858600522e+00 6.197454503170829899e-04
1.007842788941934131e+00 7.492555662989791674e-04
1.008962987662554323e+00 8.718825619169730604e-04
1.010085679314565610e+00 9.141973261293882000e-04
1.011210872229029833e+00 9.070669729370685764e-04
1.012338574774171995e+00 7.770901467932175843e-04
1.013468795355587870e+00 5.661014383209756048e-04
1.014601542416452507e+00 3.600641791657328687e-04
1.015736824437730945e+00 1.982500253959784730e-04
1.016874649938389163e+00 9.426084258476536879e-05
1.018015027475608569e+00 3.249556987253174545e-05
1.019157965644998498e+00 2.778668048815856692e-05
1.020303473080813816e+00 7.659464878474937267e-05
1.021451558456171860e+00 1.744817157765371745e-04
1.022602230483271368e+00 3.102642847008079958e-04
1.023755497913612089e+00 4.180458366044203155e-04
1.024911369538218375e+00 5.145713801280803971e-04
1.026069854187860342e+00 5.766288753812448499e-04
1.027230960733280574e+00 6.605867292821286174e-04
1.028394698085419945e+00 7.210809369241162267e-04
1.029561075195644992e+00 7.892475583402847874e-04
1.030730101055978176e+00 7.909756058937874755e-04
1.031901784699329472e+00 7.357609367020432039e-04
1.033076135199727075e+00 5.999967002166224162e-04
1.034253161672553212e+00 4.491752994466591546e-04
1.035432873274780396e+00 3.197944210802921433e-04
1.036615279205207241e+00 2.677356229888644998e-04
1.037800388704698928e+00 2.952676451302311275e-04
1.038988211056426803e+00 4.446432754761636815e-04
1.040178755586112169e+00 7.033952104723645770e-04
1.041372031662269215e+00 1.108784439405084178e-03
1.042568048696451255e+00 1.570625283535809387e-03
1.043766816143497866e+00 2.060641060101370270e-03
1.044968343501784469e+00 2.448574536451304622e-03
1.046172640313472568e+00 2.806773603158038092e-03
1.047379716164763108e+00 3.177735633587313799e-03
1.048589580686150047e+00 3.661471063957103846e-03
1.049802243552677483e+00 4.144202833797512413e-03
1.051017714484195897e+00 4.467564831963435033e-03
1.052236003245624163e+00 4.514028252018937627e-03
1.053457119647209117e+00 4.151666826806206870e-03
1.054681073544789349e+00 3.440230227830633983e-03
1.055907874840060545e+00 2.580889869580648647e-03
1.057137533480843050e+00 1.855837570068862062e-03
1.058370059461350321e+00 1.318828507995644652e-03
1.059605462822458266e+00 1.030756633466638596e-03
1.060843753651980803e+00 9.517396688062564189e-04
1.062084942084942085e+00 1.132819435820978018e-03
1.063329038303853835e+00 1.555118889210358422e-03
1.064576052538993789e+00 2.175687805190654970e-03
1.065825995068686360e+00 2.812373946103551361e-03
1.067078876219583972e+00 3.407641534141470953e-03
1.068334706366953268e+00 3.979524640416176595e-03
1.069593495934959337e+00 4.615105938424354272e-03
1.070855255396956585e+00 5.281617356650156192e-03
1.072119995275776727e+00 6.032526045539182528e-03
1.073387726144022558e+00 6.650425134012886465e-03
1.074658458624363710e+00 6.862260441093949795e-03
1.075932203389830644e+00 5.832680989428654268e-03
1.077208971164115292e+00 4.271150036103754134e-03
1.078488772721872380e+00 2.540167398975477515e-03
1.079771618889021179e+00 1.424831121104683674e-03
1.081057520543051265e+00 5.813693569721781456e-04
1.082346488613330271e+00 1.620712756337890006e-04
1.083638534081413640e+00 1.855400605835846059e-04
1.084933667981355487e+00 7.071609836782097140e-04
1.086231901400023903e+00 2.055618661442926414e-03
1.087533245477417143e+00 3.561884502410829489e-03
1.088837711406981157e+00 5.137183213414592449e-03
1.090145310435931325e+00 6.403115630818374121e-03
1.091456053865576648e+00 7.445701988267496366e-03
1.092769953051643261e+00 8.691404002534972029e-03
1.094087019404604177e+00 1.047449488441974663e-02
1.095407264390008573e+00 1.263575323102882411e-02
1.096730699528815078e+00 1.416438876160851582e-02
1.098057336397725958e+00 1.418815677850162119e-02
1.099387186629526392e+00 1.319483254715461858e-02
1.100720261913423093e+00 1.270647656082548455e-02
1.102056573995386701e+00 1.401732352742283971e-02
1.103396134678497509e+00 1.813015958257527954e-02
1.104738955823293400e+00 2.659275461026935905e-02
1.106085049348117577e+00 4.130962666712600928e-02
1.107434427229474272e+00 6.234586191408661437e-02
1.108787101502382022e+00 8.401831189581090986e-02
1.110143084260731605e+00 1.023836564960892703e-01
1.111502387657646418e+00 1.200135671328575876e-01
1.112865023905847739e+00 1.418848765765212960e-01
1.114231005278016218e+00 1.727075916339022854e-01
1.115600344107164910e+00 2.122367511588700850e-01
1.116973052787006315e+00 2.449409118226665572e-01
1.118349143772329635e+00 2.459087218687839582e-01
1.119728629579375800e+00 2.179188231092645256e-01
1.121111522786217174e+00 1.885334622327732856e-01
1.122497836033139684e+00 1.723912928797995958e-01
1.123887582023028298e+00 1.614099153383429797e-01
1.125280773521755373e+00 1.361981449133915500e-01
1.126677423358570351e+00 9.371515281014079768e-02
1.128077544426494550e+00 5.543086327718551448e-02
1.129481149682717511e+00 3.035281394952977357e-02
1.130888252148997131e+00 1.386161632735385431e-02
1.132298864912061998e+00 3.734854232980706033e-03
1.133713001124016406e+00 5.087508932296602466e-04
1.135130674002751139e+00 3.262805102023777688e-04
1.136551896832352693e+00 3.750561482958400398e-04
1.137976682963520281e+00 2.482757479943944546e-04
1.139405045813982831e+00 2.049150583893913705e-04
1.140836998868920649e+00 2.223216570088432055e-04
1.142272555681389523e+00 2.588275965945061041e-04
1.143711729872748162e+00 3.085899799900449609e-04
1.145154535133089402e+00 3.807819535198154722e-04
1.146600985221674973e+00 4.624752887763325512e-04
1.148051093967370706e+00 5.741071884088052918e-04
1.149504875269089510e+00 6.943908961131329410e-04
1.150962343096234353e+00 8.404971460591656842e-04
1.152423511489145902e+00 1.015295973568958567e-03
1.153888394559552610e+00 1.195033431937876818e-03
1.155357006491027239e+00 1.380927377362341354e-03
1.156829361539442047e+00 1.510729182628084465e-03
1.158305474033431315e+00 1.642906451081492872e-03
1.159785358374856301e+00 1.764384078558108504e-03
1.161269029039273537e+00 1.927165608955477404e-03
1.162756500576405783e+00 2.105142046450507020e-03
1.164247787610619422e+00 2.270043725058856939e-03
1.165742904841402305e+00 2.437748469734875561e-03
1.167241867043847359e+00 2.563519797248883444e-03
1.168744689069138865e+00 2.706471066176685016e-03
1.170251385845043179e+00 2.767195415904486269e-03
1.171761972376403893e+00 2.787720454600135355e-03
1.173276463745637876e+00 2.734207440214100199e-03
1.174794875113239545e+00 2.692015543249985220e-03
1.176317221718284234e+00 2.694605767087048919e-03
1.177843518878941120e+00 2.712248252860533729e-03
1.179373781992984593e+00 2.757034907278718087e-03
1.180908026538311395e+00 2.722701905388140442e-03
1.182446268073466422e+00 2.686595912073691701e-03
1.183988522238163421e+00 2.589670660218785104e-03
1.185534804753820115e+00 2.501960790583845906e-03
1.187085131424088003e+00 2.373509328376843721e-03
1.188639518135393702e+00 2.222249480279809772e-03
1.190197980857480076e+00 2.094795771786210452e-03
1.191760535643954233e+00 1.976432316677507756e-03
1.193327198632838426e+00 1.936678926259332743e-03
1.194897986047124050e+00 1.875935926891760626e-03
1.196472914195333859e+00 1.833869160596448590e-03
1.198051999472086626e+00 1.736097281868980878e-03
1.199635258358662471e+00 1.636298337647988134e-03
1.201222707423580838e+00 1.544218193216291037e-03
1.202814363323174929e+00 1.444487881348252567e-03
1.204410242802175901e+00 1.378779550115827790e-03
1.206010362694300619e+00 1.284963880777845700e-03
1.207614739922841629e+00 1.253168576078312257e-03
1.209223391501265565e+00 1.197462702037647249e-03
1.210836334533813785e+00 1.189813387073112129e-03
1.212453586216107659e+00 1.144768027279969517e-03
1.214075163835763194e+00 1.118793297135557783e-03
1.215701084773001428e+00 1.093126173663535195e-03
1.217331366501274159e+00 1.022556737257148112e-03
1.218966026587887663e+00 9.968434074241680487e-04
1.220605082694635080e+00 9.516886717985589611e-04
1.222248552578430125e+00 9.427431419711872033e-04
1.223896454091951025e+00 9.045075084102645498e-04
1.225548805184285328e+00 8.736768806813066234e-04
1.227205623901581832e+00 8.665762281245389855e-04
1.228866928387708279e+00 8.347288947591959560e-04
1.230532736884912604e+00 8.272832609288456422e-04
1.232203067734491730e+00 7.619048465368758512e-04
1.233877939377463706e+00 7.300204508849403393e-04
1.235557370355247153e+00 6.808472233914812525e-04
1.237241379310345168e+00 6.548452970809123157e-04
1.238929984987034327e+00 6.357424078082726240e-04
1.240623206232062348e+00 5.997344212797686529e-04
1.242321061995346865e+00 5.962535832987985156e-04
1.244023571330684197e+00 5.532754409491533751e-04
1.245730753396459445e+00 5.564551034823112322e-04
1.247442627456369468e+00 5.175974793160286651e-04
1.249159212880143199e+00 4.976906716416943689e-04
1.250880529144274611e+00 4.561324986953770835e-04
1.252606595832758352e+00 4.093752688207266547e-04
1.254337432637833372e+00 3.942125335086069885e-04
1.256073059360730770e+00 3.496310374410714975e-04
1.257813495912428969e+00 3.574186274725509407e-04
1.259558762314416658e+00 3.162652796174788379e-04
1.261308878699458402e+00 3.159577551316782810e-04
1.263063865312369805e+00 2.848529419436962085e-04
1.264823742510798654e+00 2.639533394119379390e-04
1.266588530766010967e+00 2.525034671533988684e-04
1.268358250663686126e+00 2.072504458743559331e-04
1.270132922904715356e+00 2.099689444477778708e-04
1.271912568306010849e+00 1.539121975924845017e-04
1.273697207801318898e+00 1.646863210791137783e-04
1.275486862442040348e+00 1.179883599308883803e-04
1.277281553398058156e+00 1.186579551217658023e-04
1.279081301958574279e+00 8.772193821003065732e-05
1.280886129532947892e+00 6.526045654152221986e-05
1.282696057651547372e+00 5.636599557516883412e-05
1.284511107966605392e+00 2.619671989297160100e-05
1.286331302253082454e+00 4.818102969134210921e-05
1.288156662409536191e+00 9.161255404197230249e-04
1.289987210459002664e+00 3.228984908367202051e-03
1.291822968549879214e+00 1.539285920249738870e-03
1.293663958956819071e+00 5.584424253911701719e-03
1.295510204081632644e+00 2.713247017562720256e-02
1.297361726454194786e+00 2.638850587038612042e-02
1.299218548733361844e+00 9.751377132505806983e-03
1.301080693707897584e+00 1.400494744004836950e-02
1.302948184297402001e+00 1.854277471060030574e-02
1.304821043553255899e+00 5.534743329682589863e-02
1.306699294659565691e+00 7.481928979223380349e-02
1.308582960934121520e+00 3.738073377399296626e-02
1.310472065829363153e+00 1.939275373719099443e-02
1.312366632933352539e+00 1.401061257074538713e-02
1.314266685970754134e+00 1.363801918515352915e-02
1.316172248803827882e+00 1.572783448778585641e-02
1.318083345433425535e+00 2.050437670903731274e-02
1.320000000000000062e+00 1.722634069995431644e-02
