1.400000000000000133e+00 6.392081140773734661e-04
1.401041279285979879e+00 6.597330106810166388e-04
1.402084108671380891e+00 6.156709940897815399e-04
1.403128491620111662e+00 5.432501555704978948e-04
1.404174431606410645e+00 4.758130213206780853e-04
1.405221932114882444e+00 4.238767175306448775e-04
1.406270996640537563e+00 3.948853253971067591e-04
1.407321628688830595e+00 4.101949039906001055e-04
1.408373831775701079e+00 4.881103602095183958e-04
1.409427609427609474e+00 6.218387567118294733e-04
1.410482965181579784e+00 7.880960454542259522e-04
1.411539902585237982e+00 9.668827588103763668e-04
1.412598425196850194e+00 1.133940122742620703e-03
1.413658536585365999e+00 1.241782802316747630e-03
1.414720240330454182e+00 1.239408217998238387e-03
1.415783540022548026e+00 1.124988357135875069e-03
1.416848439262880621e+00 9.616324147737864139e-04
1.417914941663530382e+00 8.246650882854329257e-04
1.418983050847457461e+00 7.440224935045194757e-04
1.420052770448548607e+00 7.131493719535043994e-04
1.421124104111655795e+00 7.393647237061377192e-04
1.422197055492638862e+00 8.544402179092350745e-04
1.423271628258405919e+00 1.071181392260746497e-03
1.424347826086956426e+00 1.354263098267226252e-03
1.425425652667423382e+00 1.644909395370624866e-03
1.426505111700113737e+00 1.893719517451625907e-03
1.427586206896551912e+00 2.055481183262716262e-03
1.428668941979522211e+00 2.078850516150948513e-03
1.429753320683111895e+00 1.940673600178192482e-03
1.430839346752753594e+00 1.691810692905536305e-03
1.431927023945268163e+00 1.437179047741104056e-03
1.433016356028908200e+00 1.256175067828463115e-03
1.434107346783403125e+00 1.160822695576090588e-03
1.435200000000000031e+00 1.140238962713449773e-03
1.436294319481509651e+00 1.217005935348316548e-03
1.437390309042350323e+00 1.429785188548559401e-03
1.438487972508591062e+00 1.772104489362609286e-03
1.439587313717997308e+00 2.179140711514319668e-03
1.440688336520076440e+00 2.572687316646308283e-03
1.441791044776119302e+00 2.889244914364427937e-03
1.442895442359249270e+00 3.064307505164116322e-03
1.444001533154465111e+00 3.036828279657778802e-03
1.445109321058688057e+00 2.807014199805186322e-03
1.446218809980805986e+00 2.471443620848343473e-03
1.447330003841721169e+00 2.162162840053126044e-03
1.448442906574394451e+00 1.949896993791176312e-03
1.449557522123893438e+00 1.832129714844934814e-03
1.450673854447439348e+00 1.808443515209777258e-03
1.451791907514450974e+00 1.922090767295853153e-03
1.452911685306594647e+00 2.207258930654116408e-03
1.454033191817830861e+00 2.629144372885886590e-03
1.455156431054461130e+00 3.107081574388476271e-03
1.456281407035175723e+00 3.572730397991381261e-03
1.457408123791102739e+00 3.966592670488927955e-03
1.458536585365853622e+00 4.196902421297250309e-03
1.459666795815575346e+00 4.168576501747080741e-03
1.460798759208995712e+00 3.881851825762699069e-03
1.461932479627473969e+00 3.465278398786593612e-03
1.463067961165048336e+00 3.076122175942729714e-03
1.464205207928488184e+00 2.787525453302132708e-03
1.465344224037339327e+00 2.600794758764018218e-03
1.466485013623978206e+00 2.537290792608522857e-03
1.467627580833658074e+00 2.657638324993826483e-03
1.468771929824561395e+00 2.984979393600685049e-03
1.469918064767850474e+00 3.461731073030304470e-03
1.471065989847715638e+00 4.004549135839090453e-03
1.472215709261430305e+00 4.556312969008909433e-03
1.473367227219397835e+00 5.047020487648824251e-03
1.474520547945205484e+00 5.347809374856085651e-03
1.475675675675675702e+00 5.339647341494619358e-03
1.476832614660916976e+00 5.037494655329067920e-03
1.477991369164378233e+00 4.595652655925079426e-03
1.479151943462897689e+00 4.172158864888563141e-03
1.480314341846758364e+00 3.829132440295235883e-03
1.481478568619740477e+00 3.583843315669654663e-03
1.482644628099173634e+00 3.497270924088650458e-03
1.483812524615990558e+00 3.647735295730944981e-03
1.484982262514781270e+00 4.038266104533516816e-03
1.486153846153846381e+00 4.595653943843995906e-03
1.487327279905250377e+00 5.259818175760657202e-03
1.488502568154879580e+00 6.002937336989057175e-03
1.489679715302490992e+00 6.734365808277049427e-03
1.490858725761772918e+00 7.259447210647138223e-03
1.492039603960396033e+00 7.409326425933357094e-03
1.493222354340071334e+00 7.197801058458518607e-03
1.494406981356604547e+00 6.796378467840350282e-03
1.495593489479952298e+00 6.367558893413495687e-03
1.496781883194278739e+00 5.984875448345777782e-03
1.497972166998011945e+00 5.711711651923484338e-03
1.499164345403899645e+00 5.664036119352370766e-03
1.500358422939068070e+00 5.932819096153847671e-03
1.501554404145077903e+00 6.492355039507840576e-03
1.502752293577981568e+00 7.251991278534012861e-03
1.503952095808383405e+00 8.166851236370519657e-03
1.505153815421494068e+00 9.213154018689394958e-03
1.506357457017192925e+00 1.025594688691809121e-02
1.507563025210083785e+00 1.104037436536594100e-02
1.508770524629555521e+00 1.137512605124512029e-02
1.509979959919839576e+00 1.128212669794115622e-02
1.511191335740071917e+00 1.092312695974946048e-02
1.512404656764351873e+00 1.043392797750260226e-02
1.513619927681799870e+00 9.904480733456899610e-03
1.514837153196622488e+00 9.480177225945188996e-03
1.516056338028169082e+00 9.359296388225345556e-03
1.517277486910994844e+00 9.648148960050643638e-03
1.518500604594921422e+00 1.029542264022728117e-02
1.519725695845098867e+00 1.121787474746041395e-02
1.520952765442066923e+00 1.241394303001687113e-02
1.522181818181818080e+00 1.386362109035146201e-02
1.523412858875859310e+00 1.535940463895325153e-02
1.524645892351274679e+00 1.655801190427719921e-02
1.525880923450789961e+00 1.723183977605621114e-02
1.527117957032833262e+00 1.740105244765139531e-02
1.528356997971602516e+00 1.720677455512515178e-02
1.529598051157125438e+00 1.676119314907962773e-02
1.530841121495327251e+00 1.619414961359306321e-02
1.532086213908092853e+00 1.575366902605460084e-02
1.533333333333333437e+00 1.571343393796679686e-02
1.534582484725050655e+00 1.617148352226408653e-02
1.535833673053403903e+00 1.704131439396519912e-02
1.537086903304773600e+00 1.825444764916303239e-02
1.538342180481829358e+00 1.984751883050947172e-02
1.539599509603596372e+00 2.177398361986307082e-02
1.540858895705521592e+00 2.372861935641210410e-02
1.542120343839541885e+00 2.529250861079021875e-02
1.543383859074149989e+00 2.624084631872200188e-02
1.544649446494465117e+00 2.662150663926929339e-02
1.545917111202298022e+00 2.657144735734078694e-02
1.547186858316221603e+00 2.621530829275662763e-02
1.548458692971639961e+00 2.578965415444504569e-02
1.549732620320855681e+00 2.570501511974431288e-02
1.551008645533141106e+00 2.632813059651832946e-02
1.552286773794808505e+00 2.774589733927332671e-02
1.553567010309278684e+00 2.985947858944902611e-02
1.554849360297152039e+00 3.265224409084453022e-02
1.556133828996282276e+00 3.616923261487069163e-02
1.557420421661843690e+00 4.018060714653522852e-02
1.558709143566404665e+00 4.404571495580104218e-02
1.560000000000000053e+00 4.707730424068813646e-02
1.561292996270203126e+00 4.900582746517659349e-02
1.562588137702198399e+00 5.001009275467550169e-02
1.563885429638854241e+00 5.040978290405338097e-02
1.565184877440797706e+00 5.053415886989783695e-02
1.566486486486486474e+00 5.087157861862379171e-02
1.567790262172284566e+00 5.207440387764421946e-02
1.569096209912536288e+00 5.462768224595977717e-02
1.570404335139641505e+00 5.859837514344839321e-02
1.571714643304130243e+00 6.381505455231510637e-02
1.573027139874738856e+00 7.012409693716199766e-02
1.574341830338487291e+00 7.719041235624332642e-02
1.575658720200752816e+00 8.407905387203554182e-02
1.576977814985349502e+00 8.942245778495289121e-02
1.578299120234603947e+00 9.232702233244712009e-02
1.579622641509433656e+00 9.309996452488089602e-02
1.580948384389424977e+00 9.295874137711604424e-02
1.582276354472910596e+00 9.311529426378103991e-02
1.583606557377049251e+00 9.431787267499872063e-02
1.584938998737904781e+00 9.714487899070285704e-02
1.586273684210526280e+00 1.022532181165355519e-01
1.587610619469026707e+00 1.099409702892062413e-01
1.588949810206663926e+00 1.194819901861017414e-01
1.590291262135922201e+00 1.291142318407507428e-01
1.591634980988593240e+00 1.367905781483088612e-01
1.592980972515856131e+00 1.410148384002547772e-01
1.594329242488362386e+00 1.412744873445825611e-01
1.595679796696314989e+00 1.381716652253098532e-01
1.597032640949554549e+00 1.333561595792142618e-01
1.598387781077641234e+00 1.289990217102211234e-01
1.599745222929936039e+00 1.267367795204448200e-01
1.601104972375690716e+00 1.267141312797238906e-01
1.602467035304125931e+00 1.275078495413306534e-01
1.603831417624521194e+00 1.269592946491215346e-01
1.605198125266297238e+00 1.232297394511174260e-01
1.606567164179104612e+00 1.155341108122830834e-01
1.607938540332906507e+00 1.044910896580010934e-01
1.609312259718069127e+00 9.200918061824277239e-02
1.610688328345446507e+00 8.042177407145990886e-02
1.612066752246469781e+00 7.107594993968234520e-02
1.613447537473233551e+00 6.346686970481286993e-02
1.614830690098585375e+00 5.589166991363378467e-02
1.616216216216216361e+00 4.713416287770538782e-02
1.617604121940746875e+00 3.752671219561181520e-02
1.618994413407821131e+00 2.842558193160777194e-02
1.620387096774193347e+00 2.090402565723571693e-02
1.621782178217821446e+00 1.513287788037374730e-02
1.623179663937957651e+00 1.081159084096858930e-02
1.624579560155239077e+00 7.756058922126665527e-03
1.625981873111782550e+00 5.899002806997303595e-03
1.627386609071274304e+00 4.982404740221191806e-03
1.628793774319066134e+00 4.562958360555943380e-03
1.630203375162267321e+00 4.321390674242666513e-03
1.631615417929839884e+00 4.191763751239321011e-03
1.633029908972691846e+00 4.173563902226663964e-03
1.634446854663774262e+00 4.179396036584564524e-03
1.635866261398176480e+00 4.131434927952636407e-03
1.637288135593220284e+00 4.075727371082880045e-03
1.638712483688560262e+00 4.088642880960616059e-03
1.640139312146277506e+00 4.136162953669115551e-03
1.641568627450980422e+00 4.129458421848405947e-03
1.643000436109899542e+00 4.077831485718253456e-03
1.644434744652990110e+00 4.074077690283665031e-03
1.645871559633027559e+00 4.136536248543119798e-03
1.647310887625710318e+00 4.177301239762394418e-03
1.648752735229759292e+00 4.151724268318108049e-03
1.650197109067016887e+00 4.136208040468859759e-03
1.651644015782551378e+00 4.200778406116563619e-03
1.653093462044756379e+00 4.289193352682580361e-03
1.654545454545454541e+00 4.309529584073333412e-03
1.655999999999999917e+00 4.286069308929942381e-03
1.657457105147382315e+00 4.317839835939114336e-03
1.658916776750330113e+00 4.410309001488128475e-03
1.660379021595416615e+00 4.461092826471895097e-03
1.661843846493162635e+00 4.427284610484693260e-03
1.663311258278145521e+00 4.398065875941763181e-03
1.664781263809103073e+00 4.449172172195058929e-03
1.666253869969040124e+00 4.517759255663345193e-03
1.667729083665338674e+00 4.506680663330504995e-03
1.669206911829862472e+00 4.448498908522957769e-03
1.670687361419068706e+00 4.456536973505129465e-03
1.672170439414114584e+00 4.539650826674138107e-03
1.673656152820968579e+00 4.586145158313699628e-03
1.675144508670520116e+00 4.547351833116318812e-03
1.676635514018691708e+00 4.519957651790536268e-03
1.678129175946547758e+00 4.588041352144077954e-03
1.679625501560410017e+00 4.682234257391753272e-03
1.681124497991967948e+00 4.690812826538079232e-03
1.682626172398391740e+00 4.644266948941978140e-03
1.684130531962449551e+00 4.668419065788121519e-03
1.685637583892617419e+00 4.777953827666383060e-03
1.687147335423197614e+00 4.848816285746126130e-03
1.688659793814432986e+00 4.819640769312461860e-03
1.690174966352624653e+00 4.793890716765212591e-03
1.691692860350247019e+00 4.870751343440412814e-03
1.693213483146067233e+00 4.977995089593713340e-03
1.694736842105263097e+00 4.983968803829270586e-03
1.696262944619540525e+00 4.911143220490328011e-03
1.697791798107255445e+00 4.901183551314510466e-03
1.699323410013531710e+00 4.983336716765231905e-03
1.700857787810383659e+00 5.024004041291538214e-03
1.702394938996836915e+00 4.945182004894540725e-03
1.703934871099050508e+00 4.857421661512219789e-03
1.705477591670438997e+00 4.885308843165357510e-03
1.707023108291798819e+00 4.965539682363263700e-03
1.708571428571428408e+00 4.949677245412365326e-03
1.710122560145256543e+00 4.848997023717340447e-03
1.711676510676964913e+00 4.820598773788103628e-03
1.713233287858117349e+00 4.911430203047359791e-03
1.714792899408284166e+00 4.977039164109268651e-03
1.716355353075170731e+00 4.913932914703236961e-03
1.717920656634747134e+00 4.830226712249884903e-03
1.719488817891373644e+00 4.871460838850874379e-03
1.721059844677934825e+00 4.980290007773465963e-03
1.722633744855966986e+00 4.985101798236096608e-03
1.724210526315789416e+00 4.879993432905474493e-03
1.725790196976637825e+00 4.838905678079343659e-03
1.727372764786794690e+00 4.933120755657906080e-03
1.728958237723726477e+00 5.010076491723501786e-03
1.730546623794211980e+00 4.937873590904961855e-03
1.732137931034482881e+00 4.822258793265160430e-03
1.733732167510354305e+00 4.837620794707549708e-03
1.735329341317365381e+00 4.940433195986745213e-03
1.736929460580912910e+00 4.934828595843628388e-03
1.738532533456391249e+00 4.792063494940227743e-03
1.740138568129329988e+00 4.704031937407877027e-03
1.741747572815533829e+00 4.775075008100907251e-03
1.743359555761221591e+00 4.850177184754117174e-03
1.744974525243168095e+00 4.766501337046255733e-03
1.746592489568845830e+00 4.624699973554493443e-03
1.748213457076566169e+00 4.632201945219445102e-03
1.749837436135624813e+00 4.764433524701604424e-03
1.751464435146443455e+00 4.798208278537568865e-03
1.753094462540716325e+00 4.673742277778650603e-03
1.754727526781555857e+00 4.597389731512774302e-03
1.756363636363636127e+00 4.707011789797940250e-03
1.758002799813345840e+00 4.839164907465816866e-03
1.759645025688930220e+00 4.786953865943971084e-03
1.761290322580645329e+00 4.639300156975874855e-03
1.762938699110903062e+00 4.643512346661432880e-03
1.764590163934426137e+00 4.801403026024343365e-03
1.766244725738396637e+00 4.856955805120964295e-03
1.767902393242608783e+00 4.709932480483623382e-03
1.769563175199624139e+00 4.587250383113445663e-03
1.771227080394922160e+00 4.679956498986011237e-03
1.772894117647058732e+00 4.825814351290448438e-03
1.774564295807818937e+00 4.763619254426689105e-03
1.776237623762376261e+00 4.560700580239643656e-03
1.777914110429447803e+00 4.514262096789380119e-03
1.779593764761455033e+00 4.669793327525019466e-03
1.781276595744680780e+00 4.737400570095052880e-03
1.782962612399432212e+00 4.559420923685039706e-03
1.784651823780198932e+00 4.378065584748294485e-03
1.786344238975817733e+00 4.452798928556844262e-03
1.788039867109634473e+00 4.633468472063042264e-03
1.789738717339667273e+00 4.592561708424786927e-03
1.791440798858773054e+00 4.359634499138154672e-03
1.793146120894811846e+00 4.287070750074519453e-03
1.794854692710814659e+00 4.479607870074771812e-03
1.796566523605150012e+00 4.607641666007806190e-03
1.798281622911694688e+00 4.430109162514145153e-03
1.799999999999999822e+00 4.194802082020956946e-03
