9.599999999999999645e-01 3.035820806531198856e-05
9.609452540370223561e-01 2.193318883224763734e-05
9.618923713778827489e-01 2.278330144259527271e-05
9.628413575374900057e-01 1.294566098365634044e-05
9.637922180525380078e-01 1.487172589168026091e-05
9.647449584816130130e-01 8.725223602585691708e-06
9.656995844053036793e-01 1.206062109431735260e-05
9.666561014263075347e-01 6.600686574615991973e-06
9.676145151695419999e-01 9.112924800853044121e-06
9.685748312822548556e-01 3.573934430127601229e-06
9.695370554341347091e-01 8.288456957018984508e-06
9.705011933174222394e-01 1.056225824967069014e-05
9.714672506470236613e-01 1.269775278949827428e-05
9.724352331606218591e-01 1.279362358683647596e-04
9.734051466187911839e-01 2.764983265290555520e-04
9.743769968051116948e-01 9.389623099686555333e-05
9.753507895262841787e-01 1.937549443990026397e-05
9.763265306122447251e-01 1.080669700646911234e-04
9.773042259162826317e-01 1.753047078901734683e-04
9.782838813151563118e-01 1.010487941791113483e-04
9.792655027092113107e-01 6.341966901639603082e-05
9.802490960224988781e-01 8.351719383518656952e-05
9.812346672028956496e-01 1.763169802329547938e-04
9.822222222222221077e-01 3.965417722748411193e-04
9.832117670763648176e-01 3.390474305647380327e-04
9.842033077853972189e-01 1.070326456752645713e-04
9.851968503937008625e-01 5.328028276715049264e-05
9.861924009700887561e-01 4.676343163158207879e-05
9.871899656079303753e-01 7.529609865814073093e-05
9.881895504252733442e-01 2.083543261221281677e-04
9.891911615649705558e-01 2.943885794719852352e-04
9.901948051948050722e-01 2.240850890308453656e-04
9.912004875076172450e-01 1.336438920932148859e-04
9.922082147214312808e-01 1.204015480037211517e-04
9.932179930795846934e-01 1.550736684145469755e-04
9.942298288508555348e-01 3.026540106507274986e-04
9.952437283295940684e-01 5.573642772091962159e-04
9.962596978358512212e-01 6.667299964431072992e-04
9.972777437155120328e-01 4.326872835753607974e-04
9.982978723404256627e-01 1.907068414127704992e-04
9.993200901085398380e-01 5.402587717016489838e-05
1.000344403444034524e+00 3.550435563017844303e-06
1.001370818797455264e+00 1.789223427584281929e-05
1.002399342645850400e+00 1.143032656086256764e-04
1.003429981492905743e+00 2.765429425690890328e-04
1.004462741869081688e+00 3.737033170382858386e-04
1.005497630331753323e+00 2.958595100439500420e-04
1.006534653465346318e+00 2.186149897680886734e-04
1.007573817881478373e+00 1.855251455701630438e-04
1.008615130219098655e+00 2.343068295240077412e-04
1.009658597144630576e+00 3.485118008679253870e-04
1.010704225352112573e+00 5.602620783007731566e-04
1.011752021563341986e+00 7.916115195220412796e-04
1.012801992528019612e+00 8.456649196654706085e-04
1.013854145023893372e+00 6.222095775313044421e-04
1.014908485856905074e+00 3.716215963535133768e-04
1.015965021861336526e+00 1.751042628973422245e-04
1.017023759899958302e+00 7.040644778538493313e-05
1.018084706864176958e+00 2.717154911350324470e-05
1.019147869674185580e+00 4.115423832086685169e-05
1.020213255279113662e+00 9.530172063021847672e-05
1.021280870657178763e+00 1.582827316327678653e-04
1.022350722815839053e+00 1.916517118163224228e-04
1.023422818791946076e+00 1.770009046942929700e-04
1.024497165651899966e+00 1.759569002135167204e-04
1.025573770491803094e+00 2.174408649577238314e-04
1.026652640437618391e+00 3.507401268796519057e-04
1.027733782645324112e+00 5.777898268777209101e-04
1.028817204301075261e+00 9.357209121232005567e-04
1.029902912621359246e+00 1.311311001867958596e-03
1.030990914853158635e+00 1.535872636724819763e-03
1.032081218274111922e+00 1.387818326287407113e-03
1.033173830192674281e+00 1.017778903101042298e-03
1.034268757948283213e+00 6.444289944493561450e-04
1.035366008911521307e+00 3.995632344558049998e-04
1.036465590484282107e+00 2.397227483907552576e-04
1.037567510099935975e+00 1.574486260204901403e-04
1.038671775223499294e+00 1.275018665740345876e-04
1.039778393351800556e+00 1.474223157633176731e-04
1.040887372013651779e+00 1.675386106315644448e-04
1.041998718770019261e+00 1.609615931105902291e-04
1.043112441214194108e+00 1.250723313938208842e-04
1.044228546971966320e+00 1.119569035668161188e-04
1.045347043701799317e+00 1.509393016269168562e-04
1.046467939095002908e+00 2.601371443476105990e-04
1.047591240875912266e+00 4.705179438398891605e-04
1.048716956802063338e+00 7.835519005715544565e-04
1.049845094664371814e+00 1.165201931312974696e-03
1.050975662287314094e+00 1.485466807886102591e-03
1.052108667529107144e+00 1.625451114516139606e-03
1.053244118281890795e+00 1.461773592269796553e-03
1.054382022471910041e+00 1.119914954419051235e-03
1.055522388059701333e+00 7.814066431557929520e-04
1.056665223040276880e+00 5.318843045979904311e-04
1.057810535443312272e+00 3.624239141256912220e-04
1.058958333333333224e+00 2.615202413973520350e-04
1.060108624809906308e+00 1.967730653404098080e-04
1.061261418007829249e+00 1.591505814929416540e-04
1.062416721097321659e+00 1.265752736891783900e-04
1.063574542284219326e+00 1.093684690964766564e-04
1.064734889810167839e+00 1.073891912594793484e-04
1.065897771952817763e+00 1.434808540488115454e-04
1.067063197026022037e+00 2.223740442655055768e-04
1.068231173380034926e+00 3.597881752605177870e-04
1.069401709401709422e+00 5.621900142688160103e-04
1.070574813514699297e+00 8.276332006057478697e-04
1.071750494179661617e+00 1.120779088559131515e-03
1.072928759894459017e+00 1.342506595434828434e-03
1.074109619194364873e+00 1.386961559230409733e-03
1.075293080652269584e+00 1.246769023287932782e-03
1.076479152878888179e+00 9.878502682222620786e-04
1.077667844522967933e+00 7.009470543035706963e-04
1.078859164271501303e+00 4.653713619663933415e-04
1.080053120849933546e+00 3.114512371781560452e-04
1.081249723022379650e+00 2.317076956512659713e-04
1.082448979591836613e+00 2.045151056553264773e-04
1.083650899400399714e+00 2.229383122649846480e-04
1.084855491329479671e+00 2.604908033057644584e-04
1.086062764300022243e+00 3.148286807398643417e-04
1.087272727272727169e+00 3.712704574807585041e-04
1.088485389248271096e+00 4.529019536901551877e-04
1.089700759267530072e+00 5.508630193273304949e-04
1.090918846411804033e+00 6.780957617532373978e-04
1.092139659803043950e+00 8.263216794741517265e-04
1.093363208604077874e+00 1.005953671515521109e-03
1.094589502018842309e+00 1.164310704470362902e-03
1.095818549292611577e+00 1.207677647991089922e-03
1.097050359712230083e+00 1.094481915400387015e-03
1.098284942606347014e+00 9.343863906058903464e-04
1.099522307345651040e+00 7.448122325665363112e-04
1.100762463343108566e+00 5.902015397110749271e-04
1.102005420054200435e+00 4.840189527349932335e-04
1.103251186977164844e+00 4.260801035182029749e-04
1.104499773653236483e+00 4.928039387995049227e-04
1.105751189666893008e+00 6.454357093852364008e-04
1.107005444646097958e+00 8.352772117561865252e-04
1.108262548262548330e+00 1.124657011166329624e-03
1.109522510231923498e+00 1.394559661147070761e-03
1.110785340314135894e+00 1.553111996952497584e-03
1.112051048313582369e+00 1.733954017823253731e-03
1.113319644079397541e+00 1.859870452126473209e-03
1.114591137505710261e+00 1.964325131347016869e-03
1.115865538531900070e+00 1.999776901166025900e-03
1.117142857142856993e+00 1.954770047412940099e-03
1.118423103369241112e+00 1.763253671968707022e-03
1.119706287287746571e+00 1.457983194147627597e-03
1.120992419021364261e+00 1.081430517614774588e-03
1.122281508739650491e+00 7.468730871656751799e-04
1.123573566658991441e+00 5.236642054979611695e-04
1.124868603042876725e+00 4.668859447032926440e-04
1.126166628202169395e+00 6.227667802265279915e-04
1.127467652495378836e+00 9.954448133399069858e-04
1.128771686328938095e+00 1.596487211449237409e-03
1.130078740157480111e+00 2.329092839335739420e-03
1.131388824484117706e+00 3.129412501252858917e-03
1.132701949860724033e+00 3.860503473835012831e-03
1.134018126888217237e+00 4.566425538674605614e-03
1.135337366216844890e+00 5.268327342270976918e-03
1.136659678546470875e+00 6.137446622081942776e-03
1.137985074626865600e+00 7.182403283620603096e-03
1.139313565257996652e+00 8.417610695923229483e-03
1.140645161290322340e+00 9.712200763269993042e-03
1.141979873625087682e+00 1.111219633177379720e-02
1.143317713214620168e+00 1.275349931805929912e-02
1.144658691062631739e+00 1.503915827228127951e-02
1.146002818224518549e+00 1.857579841639748000e-02
1.147350105807665166e+00 2.410428276121131738e-02
1.148700564971751215e+00 3.243549748226606799e-02
1.150054206929059575e+00 4.406582056009004239e-02
1.151411042944785246e+00 5.907998895407814977e-02
1.152771084337349539e+00 7.658410355129662006e-02
1.154134342478713382e+00 9.578614427849233004e-02
1.155500828794695733e+00 1.159665374203851795e-01
1.156870554765291326e+00 1.372614248083572908e-01
1.158243531924993963e+00 1.598636153967749607e-01
1.159619771863117821e+00 1.842373596722658713e-01
1.160999286224125626e+00 2.078144432757305649e-01
1.162382086707955953e+00 2.262737701255077005e-01
1.163768185070354955e+00 2.362955884913729154e-01
1.165157593123208990e+00 2.393539943243613299e-01
1.166550322734879463e+00 2.378491053842982927e-01
1.167946385830540779e+00 2.333880049615645602e-01
1.169345794392523397e+00 2.240704842307520428e-01
1.170748560460652454e+00 2.079828169838747742e-01
1.172154696132596596e+00 1.848889432169751046e-01
1.173564213564213476e+00 1.582356229496789946e-01
1.174977124969901032e+00 1.314565448797522795e-01
1.176393442622950536e+00 1.073564963859455212e-01
1.177813178855901199e+00 8.665814182299125257e-02
1.179236346060898999e+00 7.002201918067421649e-02
1.180662956690055498e+00 5.704698224275141227e-02
1.182093023255813780e+00 4.739661343017935458e-02
1.183526558331311929e+00 4.015551580759189887e-02
1.184963574550752519e+00 3.490518818884780911e-02
1.186404084609773646e+00 3.083646475694716560e-02
1.187848101265822631e+00 2.754930921071563343e-02
1.189295637338532829e+00 2.454104448345685238e-02
1.190746705710102216e+00 2.190462295198528780e-02
1.192201319325677744e+00 1.969139620218035222e-02
1.193659491193737709e+00 1.806877258506825110e-02
1.195121234386480324e+00 1.689431175596644089e-02
1.196586562040215629e+00 1.596581999188052478e-02
1.198055487355757398e+00 1.504593472663793771e-02
1.199528023598819937e+00 1.402539886624734437e-02
1.201004184100418426e+00 1.300102591906188154e-02
1.202483982257269268e+00 1.201018271866270866e-02
1.203967431532198207e+00 1.114221403680571744e-02
1.205454545454545334e+00 1.028801749942238365e-02
1.206945337620578762e+00 9.537590594951966469e-03
1.208439821693907623e+00 8.844561882152289500e-03
1.209938011405901070e+00 8.371233472884202775e-03
1.211439920556107275e+00 8.016332651935504858e-03
1.212945563012677086e+00 7.815621368354589912e-03
1.214454952712792135e+00 7.554884108116488410e-03
1.215968103663094713e+00 7.254260559401952933e-03
1.217485029940119645e+00 6.835970000496357536e-03
1.219005745690731946e+00 6.451329596885022749e-03
1.220530265132566239e+00 6.085291729086414123e-03
1.222058602554469964e+00 5.797229404767233717e-03
1.223590772316950570e+00 5.524837444035543034e-03
1.225126788852623605e+00 5.293827026009952953e-03
1.226666666666666572e+00 5.098438200461562556e-03
1.228210420337276787e+00 4.949875539750074778e-03
1.229758064516128790e+00 4.875050852437823150e-03
1.231309613928841529e+00 4.756456519583915875e-03
1.232865083375441762e+00 4.585585412944176778e-03
1.234424487730837239e+00 4.335152738490214396e-03
1.235987841945288768e+00 4.093592226907864957e-03
1.237555161044889607e+00 3.835387544095727672e-03
1.239126460132046637e+00 3.668307015547191130e-03
1.240701754385964861e+00 3.500827997954822704e-03
1.242281059063136350e+00 3.388254582635740267e-03
1.243864389497832956e+00 3.242907539864128396e-03
1.245451761102603028e+00 3.149840940160050611e-03
1.247043189368770566e+00 3.045807532889704353e-03
1.248638689866939266e+00 2.973247513359291751e-03
1.250238278247501889e+00 2.860188331229948470e-03
1.251841970241149182e+00 2.723907309316919104e-03
1.253449781659388362e+00 2.556183475661868900e-03
1.255061728395061582e+00 2.398433768026862756e-03
1.256677826422868627e+00 2.286643063695159919e-03
1.258298091799896712e+00 2.202045159432772670e-03
1.259922540666150281e+00 2.161794287987647920e-03
1.261551189245087912e+00 2.099482255080610885e-03
1.263184053844162547e+00 2.063814881974177472e-03
1.264821150855365506e+00 1.988638254303708771e-03
1.266462496755774714e+00 1.951453800437434778e-03
1.268108108108107812e+00 1.867301304105852293e-03
1.269758001561279936e+00 1.808488861002967947e-03
1.271412193850963712e+00 1.690372070683489325e-03
1.273070701800156579e+00 1.605743761467163817e-03
1.274733542319749002e+00 1.498361305252731215e-03
1.276400732409102678e+00 1.445475897185129676e-03
1.278072289156626296e+00 1.385696731139781810e-03
1.279748229740361509e+00 1.352159197508412750e-03
1.281428571428571139e+00 1.296797779134618508e-03
1.283113331580331140e+00 1.236237535530912424e-03
1.284802527646129455e+00 1.167439103596917003e-03
1.286496177168468202e+00 1.090037174989429277e-03
1.288194297782470965e+00 1.025874503033754378e-03
1.289896907216494748e+00 9.404038515845369655e-04
1.291604023292747261e+00 8.812604419636939704e-04
1.293315663927908643e+00 7.968696618030724843e-04
1.295031847133757630e+00 7.588434414801440396e-04
1.296752591017804823e+00 6.940938490464889418e-04
1.298477913783927518e+00 6.772658607297987699e-04
1.300207833733013407e+00 6.181605411575377034e-04
1.301942369263607180e+00 5.947204754589647049e-04
1.303681538872561996e+00 5.258652872191565877e-04
1.305425361155698072e+00 4.926115240842536460e-04
1.307173854808464819e+00 4.293347134716464205e-04
1.308927038626609196e+00 3.965387832808782995e-04
1.310684931506849171e+00 3.453632423608181618e-04
1.312447552447552290e+00 3.104928362639181342e-04
1.314214920549420906e+00 2.721761031351994952e-04
1.315987055016180962e+00 2.367909581003917901e-04
1.317763975155279432e+00 2.135142054491651834e-04
1.319545700378582875e+00 1.757246180351368077e-04
1.321332250203086645e+00 1.604471944149867446e-04
1.323123644251626763e+00 1.163460222551962079e-04
1.324919902253597348e+00 1.065815908245016291e-04
1.326721044045676923e+00 6.329631227870841071e-05
1.328527089572556275e+00 6.227339588059479017e-05
1.330338058887677199e+00 2.523234871432690994e-05
1.332153972153971910e+00 3.075276604177038799e-05
1.333974849644614213e+00 2.811179433999677719e-06
1.335800711743772240e+00 2.077159149277323980e-05
1.337631578947368061e+00 1.543662885057098201e-04
1.339467471863848624e+00 3.710776269775800814e-04
1.341308411214953145e+00 1.842887625150834991e-04
1.343154417836498693e+00 8.768818075902421122e-04
1.345005512679162019e+00 4.436482512827762299e-03
1.346861716809274023e+00 5.392002953520548883e-03
1.348723051409618234e+00 2.159450889630301108e-03
1.350589537780237936e+00 2.920459703644621551e-03
1.352461197339245969e+00 4.631056231339129858e-03
1.354338051623646733e+00 1.461261353185841320e-02
1.356220122290161090e+00 3.554812491529884405e-02
1.358107431116058805e+00 3.087887888999226935e-02
1.359999999999999876e+00 1.619517021756240738e-02
