1.239999999999999991e+00 5.828753383721518638e-04
1.241012327536941795e+00 5.277929923574378865e-04
1.242026309338998047e+00 3.534903416459280519e-04
1.243041949464388063e+00 2.036564075585011921e-04
1.244059251984613867e+00 1.041775275367192257e-04
1.245078220984519701e+00 5.433628865740820719e-05
1.246098860562341315e+00 4.664033264359598467e-05
1.247121174829764367e+00 6.860083804149968078e-05
1.248145167911979714e+00 1.323182232895446530e-04
1.249170843947736032e+00 2.031423599171324347e-04
1.250198207089398661e+00 2.124757868243983341e-04
1.251227261503004229e+00 1.645585227956081881e-04
1.252258011368316826e+00 1.079124147062880066e-04
1.253290460878885293e+00 7.215573879431476346e-05
1.254324614242099178e+00 7.582868238620603298e-05
1.255360475679246690e+00 1.194881021793088561e-04
1.256398049425572427e+00 2.063410157898492951e-04
1.257437339730333337e+00 3.704613992307882286e-04
1.258478350856858885e+00 6.055227572412154183e-04
1.259521087082608348e+00 8.024931756763786523e-04
1.260565552699228764e+00 8.278574354303943087e-04
1.261611752012615106e+00 6.659303242417621447e-04
1.262659689342968461e+00 4.431539707348682521e-04
1.263709369024856422e+00 2.753040511949919091e-04
1.264760795407271932e+00 1.661153199903576342e-04
1.265813972853692793e+00 9.489926598443457857e-05
1.266868905742144946e+00 6.941783506816575613e-05
1.267925598465259762e+00 8.265771685991437040e-05
1.268984055430336211e+00 1.304494002714539052e-04
1.270044281059403701e+00 2.109508435181483199e-04
1.271106279789279814e+00 2.741994168749489302e-04
1.272170056071637578e+00 2.727822741787924677e-04
1.273235614373063207e+00 2.228726949398299553e-04
1.274302959175119154e+00 1.611418025498671737e-04
1.275372094974410508e+00 1.138573454917498511e-04
1.276443026282643389e+00 9.641760454308072477e-05
1.277515757626691340e+00 1.048799889783903077e-04
1.278590293548658385e+00 1.404086240955835499e-04
1.279666638605943429e+00 2.132989688223792312e-04
1.280744797371303312e+00 3.161074248676474532e-04
1.281824774432920089e+00 4.336025784945120049e-04
1.282906574394463650e+00 5.329944342533588170e-04
1.283990201875158554e+00 5.550848017500071641e-04
1.285075661509848421e+00 4.874105905049711711e-04
1.286162957949065211e+00 3.834673309608946151e-04
1.287252095859090506e+00 2.853643690853498757e-04
1.288343079922027234e+00 2.093988162810340482e-04
1.289435914835863839e+00 1.671777363732600459e-04
1.290530605314542667e+00 1.516995389804441099e-04
1.291627156088027695e+00 1.544798512684263103e-04
1.292725571902372916e+00 1.767222938777621383e-04
1.293825857519788958e+00 2.037960716997644643e-04
1.294928017718715241e+00 2.174920082477372208e-04
1.296032057293887041e+00 2.122120059879083101e-04
1.297137981056404099e+00 1.869680106639326305e-04
1.298245793833802786e+00 1.584284996029363410e-04
1.299355500470125380e+00 1.491028077616494757e-04
1.300467105825990233e+00 1.597440092881330007e-04
1.301580614778662603e+00 1.913098663277906135e-04
1.302696032222127043e+00 2.490333253381938976e-04
1.303813363067158448e+00 3.220739787311949708e-04
1.304932612241394230e+00 4.035195647882870175e-04
1.306053784689406472e+00 4.848018319392779748e-04
1.307176885372774766e+00 5.315960032678635839e-04
1.308301919270160818e+00 5.211461726959547595e-04
1.309428891377379500e+00 4.624620256386571229e-04
1.310557806707474793e+00 3.727939620946458740e-04
1.311688670290793057e+00 2.809955490633672301e-04
1.312821487175058310e+00 2.138819448088100669e-04
1.313956262425447274e+00 1.712432869055235496e-04
1.315093001124664651e+00 1.505939160539696313e-04
1.316231708373019282e+00 1.538000627817184612e-04
1.317372389288499868e+00 1.692227663040737852e-04
1.318515049006852236e+00 1.888490047641647510e-04
1.319659692681656171e+00 2.074194764073895587e-04
1.320806325484403354e+00 2.105835394620204643e-04
1.321954952604574185e+00 1.991996369508406241e-04
1.323105579249717056e+00 1.852269069741611170e-04
1.324258210645526512e+00 1.716046387019646950e-04
1.325412852035922739e+00 1.672093987847771232e-04
1.326569508683131060e+00 1.793569913909662640e-04
1.327728185867761423e+00 2.013239001278639792e-04
1.328888888888888786e+00 2.331776716943585205e-04
1.330051623064135047e+00 2.729017243211436265e-04
1.331216393729748537e+00 3.045446105088854332e-04
1.332383206240687068e+00 3.209962040191197824e-04
1.333552065970699196e+00 3.172085215007202958e-04
1.334722978312406605e+00 2.838508092793674115e-04
1.335895948677388256e+00 2.319138286176534287e-04
1.337070982496261884e+00 1.790232151889999167e-04
1.338248085218769257e+00 1.307645599354000045e-04
1.339427262313860112e+00 9.582582219781750441e-05
1.340608519269776755e+00 7.859836512757507497e-05
1.341791861594138879e+00 7.344550849488461219e-05
1.342977294814029499e+00 8.051593011287831573e-05
1.344164824476080877e+00 9.791919653411146319e-05
1.345354456146561795e+00 1.183034263302232492e-04
1.346546195411462365e+00 1.375961686003858789e-04
1.347740047876584857e+00 1.503753428855136929e-04
1.348936019167628064e+00 1.601087759557864745e-04
1.350134114930277907e+00 1.764872594148579144e-04
1.351334340830296021e+00 1.941277457358620527e-04
1.352536702553607917e+00 2.130518863265535906e-04
1.353741205806394232e+00 2.436262717212627469e-04
1.354947856315179555e+00 2.789251816156446866e-04
1.356156659826924793e+00 3.150540375277993319e-04
1.357367622109116656e+00 3.553466293555311594e-04
1.358580748949861361e+00 3.831430110581051838e-04
1.359796046157974558e+00 3.917391303833797091e-04
1.361013519563076368e+00 3.921902754509153837e-04
1.362233175015682418e+00 3.840591032011478941e-04
1.363455018387299544e+00 3.802637117264629635e-04
1.364679055570518162e+00 4.014969393555124755e-04
1.365905292479108635e+00 4.466684203169043826e-04
1.367133735048116083e+00 5.270449393929383872e-04
1.368364389233954537e+00 6.558921535912453412e-04
1.369597261014505740e+00 8.220466061163285649e-04
1.370832356389214413e+00 1.031477425844488406e-03
1.372069681379185724e+00 1.281865446203499584e-03
1.373309242027283439e+00 1.535337188173924042e-03
1.374551044398227617e+00 1.779757218577488224e-03
1.375795094578694755e+00 2.007229331850199361e-03
1.377041398677416373e+00 2.198745275013091506e-03
1.378289962825278714e+00 2.394513780359600746e-03
1.379540793175424218e+00 2.637735136387720555e-03
1.380793895903351665e+00 2.935865304180625308e-03
1.382049277207018756e+00 3.337546545935278150e-03
1.383306943306943371e+00 3.866288275645915224e-03
1.384566900446306592e+00 4.485955495301506210e-03
1.385829154891056403e+00 5.194084321830958438e-03
1.387093712930012046e+00 5.947887639945224209e-03
1.388360580874965722e+00 6.661582027765537359e-03
1.389629765060791611e+00 7.355075630120359517e-03
1.390901271845548459e+00 8.069833424134793473e-03
1.392175107610587048e+00 8.840616913560790310e-03
1.393451278760656331e+00 9.821139318954882902e-03
1.394729791724011347e+00 1.114295549527749736e-02
1.396010652952520914e+00 1.287784964890643750e-02
1.397293868921775983e+00 1.517494882229870889e-02
1.398579446131198667e+00 1.805833239787533323e-02
1.399867391104153258e+00 2.137181952456766731e-02
1.401157710388054145e+00 2.498584025300759626e-02
1.402450410554479276e+00 2.868639533672958861e-02
1.403745498199279629e+00 3.229995990957791607e-02
1.405042979942693560e+00 3.602489421539672304e-02
1.406342862429456941e+00 4.016055819129667193e-02
1.407645152328919069e+00 4.500802874101620527e-02
1.408949856335156126e+00 5.108731785343099269e-02
1.410256981167083978e+00 5.873664474308352978e-02
1.411566533568576309e+00 6.795941789493760432e-02
1.412878520308578523e+00 7.868300071722349187e-02
1.414192948181226095e+00 9.036566234436421707e-02
1.415509824005959594e+00 1.021086280455928141e-01
1.416829154627644582e+00 1.135059145255732788e-01
1.418150946916689747e+00 1.246114995906394268e-01
1.419475207769165914e+00 1.359624387663068146e-01
1.420801944106925951e+00 1.489562095740090963e-01
1.422131162877724897e+00 1.649659807811544865e-01
1.423462871055342083e+00 1.846663868741548753e-01
1.424797075639703925e+00 2.082559924757733105e-01
1.426133783657003384e+00 2.346398104292879705e-01
1.427473002159826976e+00 2.613342380987581093e-01
1.428814738227277115e+00 2.862355891269091623e-01
1.430158998965095352e+00 3.082992704348931912e-01
1.431505791505791603e+00 3.276237818633753740e-01
1.432855123008766274e+00 3.459541806194411651e-01
1.434207000660439491e+00 3.651974328605265829e-01
1.435561431674378996e+00 3.857342550319685648e-01
1.436918423291426494e+00 4.067594089199054741e-01
1.438277982779827768e+00 4.258587328377024250e-01
1.439640117435363020e+00 4.390593908492176345e-01
1.441004834581476990e+00 4.436987333799353728e-01
1.442372141569409072e+00 4.397660743726303778e-01
1.443742045778326544e+00 4.287426792072273063e-01
1.445114554615457791e+00 4.130692111918530807e-01
1.446489675516224205e+00 3.946186630080537605e-01
1.447867415944375402e+00 3.729463430450321026e-01
1.449247783392124900e+00 3.468871909469676273e-01
1.450630785380284227e+00 3.163936447663220908e-01
1.452016429458401037e+00 2.823085638811553832e-01
1.453404723204895443e+00 2.464872670236417929e-01
1.454795674227198576e+00 2.110949475018820132e-01
1.456189290161892913e+00 1.770389773413744983e-01
1.457585578674849058e+00 1.448254031968988775e-01
1.458984547461368519e+00 1.157179798770937018e-01
1.460386204246325148e+00 9.083400496606142127e-02
1.461790556784306139e+00 7.077380264005796173e-02
1.463197612859755692e+00 5.572468742354146770e-02
1.464607380287118010e+00 4.496706201115164420e-02
1.466019866910984737e+00 3.740433110909426734e-02
1.467435080606236175e+00 3.222411888895124893e-02
1.468853029278191169e+00 2.857896214982992567e-02
1.470273720862752542e+00 2.583350659788044915e-02
1.471697163326556090e+00 2.378927448102213446e-02
1.473123364667118906e+00 2.218339637726614647e-02
1.474552332912988817e+00 2.083727583581195322e-02
1.475984076123895594e+00 1.979678320463031799e-02
1.477418602390902835e+00 1.892254660855053824e-02
1.478855919836560062e+00 1.811679889745472158e-02
1.480296036615055044e+00 1.744513521540748402e-02
1.481738960912369674e+00 1.678441257631531347e-02
1.483184700946433621e+00 1.608522065648450294e-02
1.484633264967281985e+00 1.545031524478626683e-02
1.486084661257209838e+00 1.480064225514012531e-02
1.487538898130932763e+00 1.414032840787763333e-02
1.488995983935742951e+00 1.358613688835866654e-02
1.490455927051671736e+00 1.305606920105072989e-02
1.491918735891647918e+00 1.255056696306346489e-02
1.493384418901660293e+00 1.215607808376946083e-02
1.494852984560920195e+00 1.176840985694175418e-02
1.496324441382025805e+00 1.138873918489559725e-02
1.497798797911124025e+00 1.109504342658956637e-02
1.499276062728079673e+00 1.078735448514569172e-02
1.500756244446638243e+00 1.048605682208094206e-02
1.502239351714595994e+00 1.026690208238447907e-02
1.503725393213967809e+00 1.002665791533619184e-02
1.505214377661154623e+00 9.787339641580395516e-03
1.506706313807116615e+00 9.606104450836467842e-03
1.508201210437543294e+00 9.368751092449445483e-03
1.509699076373026028e+00 9.103179562952678702e-03
1.511199920469231461e+00 8.867304250581867220e-03
1.512703751617076486e+00 8.563163924333672475e-03
1.514210578742902547e+00 8.245749856773908898e-03
1.515720410808654828e+00 7.982230396155393093e-03
1.517233256812057229e+00 7.682934716713342091e-03
1.518749125786791998e+00 7.405719066897902859e-03
1.520268026802680028e+00 7.198321013508172592e-03
1.521789968965862272e+00 6.958104540129637743e-03
1.523314961418979818e+00 6.736047982825589357e-03
1.524843013341357967e+00 6.564067398051374666e-03
1.526374133949191414e+00 6.340021195052269846e-03
1.527908332495728105e+00 6.124215835362089091e-03
1.529445618271455754e+00 5.947539309129103342e-03
1.530986000604290131e+00 5.716198844465594266e-03
1.532529488859763811e+00 5.497665278799913381e-03
1.534076092441214900e+00 5.314851297921940367e-03
1.535625820789978668e+00 5.074217265505220030e-03
1.537178683385579614e+00 4.843799789629705567e-03
1.538734689745925532e+00 4.639891418005267706e-03
1.540293849427500250e+00 4.377218245657314363e-03
1.541856172025560578e+00 4.132458165872856561e-03
1.543421667174332379e+00 3.922078506122593337e-03
1.544990344547209959e+00 3.670644171301891325e-03
1.546562213856953916e+00 3.455790376148987642e-03
1.548137284855891860e+00 3.282776464475094941e-03
1.549715567336119815e+00 3.075972626716278000e-03
1.551297071129706939e+00 2.906612362186298138e-03
1.552881806108897811e+00 2.767450464793737210e-03
1.554469782186317595e+00 2.586847063085566042e-03
1.556061009315180765e+00 2.436391523896930169e-03
1.557655497489496721e+00 2.305036046591959348e-03
1.559253256744281613e+00 2.131693692549468770e-03
1.560854297155765513e+00 1.990356262351537613e-03
1.562458628841607355e+00 1.866367340599160707e-03
1.564066261961107207e+00 1.706300293622857803e-03
1.565677206715418768e+00 1.581105524763980284e-03
1.567291473347767417e+00 1.469967849725130945e-03
1.568909072143668038e+00 1.326614287905029726e-03
1.570530013431139515e+00 1.218757691217032179e-03
1.572154307580928778e+00 1.121877750581292505e-03
1.573781965006729511e+00 9.989425605856788477e-04
1.575412996165405533e+00 9.136836765555959297e-04
1.577047411557215284e+00 8.372057526868428032e-04
1.578685221726036092e+00 7.402225714874492843e-04
1.580326437259590211e+00 6.798839389211447674e-04
1.581971068789676194e+00 6.223784734064220650e-04
1.583619126992394932e+00 5.464513516330720419e-04
1.585270622588382361e+00 5.033214445728803957e-04
1.586925566343041938e+00 4.567695049499807987e-04
1.588583969066778012e+00 3.950675574636765427e-04
1.590245841615231859e+00 3.639319352532348925e-04
1.591911194889517045e+00 3.261161476400615731e-04
1.593580039836461015e+00 2.788166995224602832e-04
1.595252387448840459e+00 2.603202878230020056e-04
1.596928248765626890e+00 2.321973728983000608e-04
1.598607634872226235e+00 1.998010441185682484e-04
1.600290556900726413e+00 1.929102313682113138e-04
1.601977026030140250e+00 1.727749504439924939e-04
1.603667053486654837e+00 1.531931649884486660e-04
1.605360650543879997e+00 1.552492300057365607e-04
1.607057828523099641e+00 1.407665222886606579e-04
1.608758598793523342e+00 1.319019216251093147e-04
1.610462972772539469e+00 1.406065703798737459e-04
1.612170961925972978e+00 1.296584369954899220e-04
1.613882577768340765e+00 1.292216346499678616e-04
1.615597831863109679e+00 1.418664407067538188e-04
1.617316735822959650e+00 1.315530053756194839e-04
1.619039301310043477e+00 1.362083191173120780e-04
1.620765540036251284e+00 1.494317993913987785e-04
1.622495463763475421e+00 1.367028488772702003e-04
1.624229084303878468e+00 1.435286341213129393e-04
1.625966413520162357e+00 1.552735396950682468e-04
1.627707463325838155e+00 1.388417750350101089e-04
1.629452245685497180e+00 1.466826833847175782e-04
1.631200772615087224e+00 1.564068801513980730e-04
1.632953056182189222e+00 1.354427766416776405e-04
1.634709108506290809e+00 1.427633490237251114e-04
1.636468941759070095e+00 1.495271092333013525e-04
1.638232568164672998e+00 1.222352167946958812e-04
1.639999999999999680e+00 1.263310122628470765e-04
