1.199999999999999956e+00 4.588347360426934065e-04
1.201004184100418426e+00 4.399354025165162882e-04
1.202010050251256068e+00 3.981499336531098884e-04
1.203017602682313614e+00 3.481522220784920535e-04
1.204026845637583776e+00 3.349417425414406109e-04
1.205037783375314753e+00 2.830500382181260605e-04
1.206050420168067072e+00 2.473955133527958451e-04
1.207064760302775541e+00 2.350586744323936519e-04
1.208080808080807866e+00 1.791926339795450783e-04
1.209098567818028602e+00 1.637163645549586516e-04
1.210118043844856661e+00 1.443710151447288317e-04
1.211139240506329040e+00 8.808564627621758123e-05
1.212162162162162105e+00 8.701426080864120799e-05
1.213186813186812874e+00 4.860575318154036301e-05
1.214213197969542968e+00 6.309111015192524781e-06
1.215241320914479228e+00 3.219704685973427682e-05
1.216271186440677887e+00 2.149463900531149545e-05
1.217302798982188294e+00 1.210098740129787916e-04
1.218336162988115312e+00 2.146180819171499541e-04
1.219371282922685040e+00 3.936019872021359302e-05
1.220408163265306323e+00 1.216291215048455430e-04
1.221446808510638249e+00 5.089806581537698960e-04
1.222487223168654324e+00 4.285676990946818074e-04
1.223529411764705976e+00 9.387579787784779421e-05
1.224573378839590276e+00 1.175162891923321273e-04
1.225619128949615666e+00 3.602414391403547449e-04
1.226666666666666572e+00 5.592774139255475433e-04
1.227715996578272017e+00 4.927305582829381424e-04
1.228767123287671348e+00 2.321248480773605645e-04
1.229820051413881732e+00 2.100897829016560214e-04
1.230874785591766774e+00 4.136805604528071391e-04
1.231931330472102903e+00 6.586699446771854000e-04
1.232989690721649323e+00 8.272886274837862016e-04
1.234049871023215728e+00 6.503908002365495905e-04
1.235111876075731363e+00 3.647335319905397341e-04
1.236175710594314969e+00 3.336365985309114129e-04
1.237241379310344724e+00 4.510232556686522053e-04
1.238308886971527301e+00 7.580722134562253942e-04
1.239378238341968697e+00 1.063546016487694956e-03
1.240449438202247290e+00 9.155217002054258455e-04
1.241522491349480894e+00 5.792958671336268005e-04
1.242597402597402700e+00 4.036590614757960848e-04
1.243674176776429663e+00 3.273560881794371148e-04
1.244752818733737998e+00 4.366691333624499248e-04
1.245833333333333126e+00 7.315430692875206798e-04
1.246915725456124946e+00 1.054158564408286302e-03
1.247999999999999776e+00 1.213353731382356068e-03
1.249086161879895629e+00 9.842715542964090066e-04
1.250174216027874596e+00 6.137707598503494436e-04
1.251264167393199900e+00 4.434418650527943554e-04
1.252356020942408499e+00 3.875013601350798002e-04
1.253449781659388362e+00 4.775666068570672712e-04
1.254545454545454630e+00 7.540941128818653885e-04
1.255643044619422666e+00 1.058579130259196472e-03
1.256742556917688214e+00 1.305402347104997951e-03
1.257843996494303118e+00 1.278246999486489042e-03
1.258947368421052371e+00 9.710814459140011939e-04
1.260052677787532938e+00 7.443160001430548052e-04
1.261159929701230142e+00 6.333436854212895744e-04
1.262269129287598934e+00 6.056306521568616220e-04
1.263380281690140716e+00 7.604647794625445057e-04
1.264493392070484390e+00 9.605869473538367976e-04
1.265608465608465849e+00 1.159645161582535926e-03
1.266725507502206582e+00 1.301482010819410545e-03
1.267844522968197829e+00 1.198962442232099496e-03
1.268965517241379404e+00 1.014644145850493884e-03
1.270088495575221410e+00 8.873760208679739572e-04
1.271213463241806840e+00 7.768273151372880178e-04
1.272340425531915065e+00 8.103379478257711609e-04
1.273469387755101989e+00 9.391552150314386215e-04
1.274600355239786875e+00 1.081640278082763879e-03
1.275733333333333386e+00 1.293367815839470978e-03
1.276868327402135517e+00 1.396241464796240013e-03
1.278005342831700863e+00 1.353569503301365858e-03
1.279144385026738107e+00 1.297003122331104579e-03
1.280285459411239835e+00 1.173034758426651225e-03
1.281428571428571361e+00 1.091954625974931627e-03
1.282573726541554882e+00 1.126597035013036756e-03
1.283720930232558066e+00 1.160202760940200325e-03
1.284870188003580882e+00 1.272248322203100267e-03
1.286021505376343965e+00 1.409533726920113436e-03
1.287174887892376773e+00 1.443465911564789043e-03
1.288330341113105959e+00 1.472718910820528405e-03
1.289487870619945964e+00 1.431472614796447081e-03
1.290647482014388503e+00 1.313064988246038893e-03
1.291809180918091826e+00 1.271396554406975564e-03
1.292972972972973089e+00 1.226325162257105653e-03
1.294138863841298503e+00 1.207659998764039604e-03
1.295306859205775929e+00 1.283663543505594255e-03
1.296476964769647466e+00 1.316007725475752720e-03
1.297649186256781162e+00 1.358936849965064085e-03
1.298823529411764710e+00 1.413691162093485458e-03
1.300000000000000044e+00 1.370451924846535037e-03
1.301178603807797041e+00 1.353149254206011814e-03
1.302359346642468330e+00 1.340879446345402595e-03
1.303542234332424998e+00 1.284151826210393373e-03
1.304727272727272736e+00 1.307739699005599750e-03
1.305914467697907311e+00 1.322043973379032717e-03
1.307103825136612052e+00 1.313671593405404655e-03
1.308295350957155767e+00 1.365787179778269128e-03
1.309489051094890444e+00 1.354078570265693270e-03
1.310684931506849393e+00 1.330520883667993129e-03
1.311882998171846282e+00 1.346225500715830933e-03
1.313083257090576383e+00 1.295989955092112815e-03
1.314285714285714279e+00 1.285724618216557182e-03
1.315490375802016221e+00 1.306141717998383651e-03
1.316697247706422047e+00 1.277254583078130720e-03
1.317906336088154440e+00 1.311853356874805726e-03
1.319117647058823728e+00 1.333487733317585428e-03
1.320331186752529806e+00 1.313329845050029100e-03
1.321546961325966718e+00 1.353909841739735350e-03
1.322764976958525240e+00 1.346726686063375077e-03
1.323985239852398577e+00 1.331145523129226944e-03
1.325207756232686940e+00 1.370181724048804032e-03
1.326432532347504800e+00 1.346121950594665519e-03
1.327659574468085246e+00 1.347096379968216497e-03
1.328888888888888786e+00 1.371640746469024973e-03
1.330120481927711040e+00 1.326975616935787599e-03
1.331354359925788655e+00 1.331099232684645507e-03
1.332590529247910993e+00 1.325525882025632360e-03
1.333828996282527823e+00 1.277374097523516347e-03
1.335069767441860344e+00 1.299621827182146283e-03
1.336312849162011096e+00 1.288518002280384430e-03
1.337558247903075426e+00 1.276801662263389028e-03
1.338805970149253621e+00 1.329091913325582608e-03
1.340056022408963488e+00 1.327466811944191371e-03
1.341308411214953145e+00 1.368138517913405384e-03
1.342563143124415159e+00 1.448772599517442498e-03
1.343820224719101120e+00 1.486404477081795274e-03
1.345079662605435766e+00 1.615196378227956499e-03
1.346341463414634232e+00 1.753977147602496294e-03
1.347605633802816838e+00 1.886165449065887317e-03
1.348872180451127889e+00 2.131904654121680870e-03
1.350141110065851358e+00 2.346623930692191221e-03
1.351412429378531233e+00 2.612022967647095999e-03
1.352686145146088537e+00 2.997176412178529856e-03
1.353962264150943451e+00 3.354963928620545346e-03
1.355240793201133220e+00 3.879103469027878233e-03
1.356521739130434945e+00 4.542921277136525646e-03
1.357805108798486371e+00 5.247033884496216626e-03
1.359090909090909349e+00 6.245386096158478222e-03
1.360379146919431514e+00 7.367190362050876282e-03
1.361669829222011519e+00 8.622837939656164893e-03
1.362962962962962932e+00 1.028302237205978679e-02
1.364258555133079698e+00 1.208128298163840819e-02
1.365556612749762033e+00 1.425813479850085094e-02
1.366857142857142771e+00 1.704667300946350120e-02
1.368160152526215256e+00 2.007129413615641247e-02
1.369465648854961692e+00 2.372081689244091851e-02
1.370773638968481256e+00 2.801525001181910321e-02
1.372084130019120440e+00 3.255201073923622707e-02
1.373397129186602728e+00 3.793317413292759954e-02
1.374712643678160928e+00 4.400885547768805528e-02
1.376030680728667299e+00 5.064648569845017073e-02
1.377351247600767881e+00 5.878125276032866026e-02
1.378674351585014390e+00 6.802708722361977545e-02
1.379999999999999893e+00 7.836970649362096086e-02
1.381328200192492694e+00 9.054579511517567292e-02
1.382658959537572230e+00 1.035460138441840761e-01
1.383992285438765624e+00 1.175244176283630759e-01
1.385328185328185358e+00 1.332170402426597622e-01
1.386666666666666492e+00 1.494992478624269927e-01
1.388007736943907222e+00 1.669742377926548005e-01
1.389351403678606101e+00 1.858590472308653263e-01
1.390697674418604590e+00 2.040856234395198032e-01
1.392046556741028063e+00 2.218060906387791797e-01
1.393398058252427019e+00 2.383560858372058833e-01
1.394752186588921194e+00 2.516182288187738259e-01
1.396108949416342337e+00 2.626960639456604185e-01
1.397468354430379422e+00 2.712820721417743552e-01
1.398830409356724980e+00 2.758302445214008691e-01
1.400195121951219424e+00 2.778237022758069941e-01
1.401562500000000266e+00 2.764860741771357211e-01
1.402932551319648224e+00 2.705198675199179670e-01
1.404305283757338652e+00 2.616699153396284672e-01
1.405680705190989421e+00 2.490943737239164901e-01
1.407058823529411695e+00 2.323608394187279269e-01
1.408439646712463134e+00 2.138998705900048702e-01
1.409823182711198442e+00 1.935973819268008156e-01
1.411209439528023690e+00 1.723486578527568258e-01
1.412598425196850194e+00 1.526776507318812204e-01
1.413990147783251272e+00 1.341078294470203214e-01
1.415384615384615463e+00 1.172911159418327520e-01
1.416781836130305949e+00 1.033924971127835601e-01
1.418181818181817988e+00 9.111005080602038730e-02
1.419584569732937673e+00 8.085970147703670785e-02
1.420990099009900920e+00 7.289369763976297212e-02
1.422398414271556222e+00 6.592063929311881010e-02
1.423809523809523858e+00 6.057169664257855413e-02
1.425223435948361317e+00 5.656796674252600327e-02
1.426640159045725609e+00 5.294074274499244864e-02
1.428059701492537359e+00 5.041596604965708356e-02
1.429482071713147118e+00 4.830563071440126949e-02
1.430907278165503227e+00 4.612337109517766764e-02
1.432335329341317465e+00 4.461476537898285272e-02
1.433766233766233800e+00 4.295796888519957946e-02
1.435200000000000031e+00 4.125622562812072264e-02
1.436636636636636766e+00 4.011652726290100557e-02
1.438076152304609279e+00 3.867782602215662224e-02
1.439518555667000932e+00 3.742059960336200503e-02
1.440963855421686812e+00 3.655359381861229134e-02
1.442412060301507593e+00 3.527814063556256735e-02
1.443863179074446501e+00 3.432645768608082182e-02
1.445317220543806513e+00 3.354533862887316975e-02
1.446774193548387100e+00 3.244262573445987757e-02
1.448234106962664081e+00 3.187454475378968116e-02
1.449696969696969706e+00 3.134738270977252550e-02
1.451162790697674509e+00 3.069271742638417927e-02
1.452631578947368496e+00 3.059977982126410589e-02
1.454103343465045661e+00 3.026181900401335792e-02
1.455578093306288068e+00 2.983212333673054828e-02
1.457055837563451695e+00 2.972687743144484043e-02
1.458536585365853622e+00 2.910109964052024975e-02
1.460020345879959214e+00 2.851426259765613841e-02
1.461507128309572190e+00 2.812442312925312812e-02
1.462996941896024472e+00 2.726376205792638632e-02
1.464489795918367365e+00 2.672473471700634665e-02
1.465985699693565181e+00 2.627318627571642931e-02
1.467484662576687082e+00 2.546125810517025495e-02
1.468986693961105372e+00 2.508978625317528216e-02
1.470491803278688669e+00 2.458930169890003251e-02
1.471999999999999975e+00 2.387670260398312705e-02
1.473511293634497177e+00 2.364970297201269070e-02
1.475025693730729781e+00 2.316011531548422403e-02
1.476543209876542972e+00 2.269836379953185310e-02
1.478063851699279008e+00 2.266376873019734783e-02
1.479587628865979276e+00 2.222818783461987316e-02
1.481114551083591468e+00 2.195010440031914742e-02
1.482644628099173634e+00 2.184222705137042406e-02
1.484177869700103569e+00 2.121518767443376571e-02
1.485714285714285765e+00 2.085377772782804826e-02
1.487253886010362569e+00 2.046586412193358503e-02
1.488796680497925129e+00 1.969886862237896913e-02
1.490342679127725889e+00 1.938749592610911066e-02
1.491891891891891975e+00 1.893765550887252513e-02
1.493444328824141243e+00 1.833096513740048103e-02
1.494999999999999885e+00 1.820712136760097369e-02
1.496558915537017587e+00 1.776664319123054392e-02
1.498121085594989355e+00 1.734513061595734443e-02
1.499686520376175558e+00 1.729209096805218657e-02
1.501255230125523088e+00 1.681665455752466218e-02
1.502827225130890065e+00 1.656641891738420275e-02
1.504402515723270550e+00 1.652579774760483747e-02
1.505981112277019918e+00 1.605527899538295583e-02
1.507563025210083785e+00 1.594335369675230554e-02
1.509148264984226939e+00 1.578484456837924918e-02
1.510736842105263156e+00 1.522464058927685583e-02
1.512328767123287454e+00 1.505698782063773916e-02
1.513924050632911245e+00 1.462373061574792459e-02
1.515522703273495253e+00 1.397572094006020726e-02
1.517124735729386886e+00 1.376752365470659475e-02
1.518730158730158708e+00 1.321066294142513899e-02
1.520338983050847581e+00 1.270382770122657594e-02
1.521951219512195141e+00 1.256964154233748340e-02
1.523566878980891826e+00 1.201110920535241461e-02
1.525185972369819121e+00 1.167808898117260810e-02
1.526808510638297811e+00 1.151480370667691544e-02
1.528434504792332005e+00 1.090974368647024476e-02
1.530063965884861377e+00 1.066048914239265712e-02
1.531696905016008525e+00 1.037613024053513945e-02
1.533333333333333437e+00 9.754214515700580096e-03
1.534973262032085506e+00 9.559422215428591343e-03
1.536616702355460662e+00 9.136769587204664547e-03
1.538263665594855389e+00 8.530198404072351220e-03
1.539914163090128740e+00 8.317609615710154849e-03
1.541568206229860349e+00 7.741662271676890902e-03
1.543225806451612891e+00 7.187875609004306006e-03
1.544886975242195870e+00 6.951122661076633222e-03
1.546551724137930961e+00 6.334628156960369315e-03
1.548220064724918910e+00 5.949209926782924283e-03
1.549892008639308649e+00 5.736301837035841754e-03
1.551567567567567529e+00 5.182390279730439593e-03
1.553246753246753320e+00 4.970775221098332544e-03
1.554929577464788881e+00 4.730138254261485181e-03
1.556616052060737498e+00 4.239269594285327916e-03
1.558306188925081548e+00 4.117103510853246419e-03
1.560000000000000053e+00 3.802024317704993592e-03
1.561697497279651792e+00 3.396140292528541504e-03
1.563398692810457513e+00 3.318654078616432683e-03
1.565103598691384823e+00 2.956835393365055912e-03
1.566812227074235730e+00 2.674460662038061123e-03
1.568524590163934196e+00 2.605120855705922184e-03
1.570240700218818342e+00 2.235332373018218341e-03
1.571960569550931108e+00 2.080001241134517460e-03
1.573684210526316019e+00 1.986267118149844402e-03
1.575411635565312940e+00 1.662329685917280156e-03
1.577142857142857180e+00 1.626125549811395813e-03
1.578877887788778800e+00 1.502208648776311205e-03
1.580616740088105709e+00 1.274407783556021686e-03
1.582359426681367198e+00 1.318565411173264115e-03
1.584105960264900581e+00 1.159721758889180289e-03
1.585856353591160062e+00 1.041360011547553133e-03
1.587610619469026707e+00 1.100970075066001752e-03
1.589368770764119310e+00 9.164309353908144801e-04
1.591130820399113022e+00 9.031296101687570112e-04
1.592896781354051106e+00 9.290725543464760285e-04
1.594666666666666677e+00 7.580632670635081448e-04
1.596440489432703114e+00 8.353490290744441200e-04
1.598218262806236245e+00 8.025770175743610849e-04
1.599999999999999867e+00 6.895362299770223767e-04
