1.040000000000000036e+00 7.779244368326024674e-05
1.040967082015993972e+00 5.134335658595734877e-05
1.041935964259121272e+00 6.404561887814003379e-05
1.042906651760760139e+00 3.413113540940386622e-05
1.043879149571055542e+00 5.398955175315226217e-05
1.044853462759006923e+00 7.979264775310394679e-05
1.045829596412555906e+00 4.804774587252321172e-05
1.046807555638675780e+00 5.336172783758409303e-05
1.047787345563459427e+00 1.137144405004700601e-04
1.048768971332209032e+00 1.081075248378750780e-04
1.049752438109527342e+00 1.608194560527042403e-05
1.050737751079406701e+00 8.249264595688956639e-06
1.051724915445321207e+00 3.079396255337665974e-05
1.052713936430317965e+00 1.982390458389007604e-05
1.053704819277108573e+00 6.721817135815496816e-06
1.054697569248162603e+00 3.916793234184288264e-05
1.055692191625801302e+00 1.796674887163207755e-04
1.056688691712289740e+00 4.550517328219401652e-04
1.057687074829931850e+00 4.010268209904000857e-04
1.058687346321165013e+00 1.183336174702237352e-04
1.059689511548655760e+00 4.449779908136080448e-05
1.060693575895394813e+00 9.719004474219026163e-06
1.061699544764795222e+00 1.127422483200418759e-05
1.062707423580785848e+00 2.837394355831873190e-05
1.063717217787913283e+00 4.339371129477979271e-05
1.064728932851436216e+00 2.932299168276912411e-05
1.065742574257425579e+00 5.033828259884964038e-05
1.066758147512864241e+00 1.082501948189421763e-04
1.067775658145745821e+00 2.449586768489950186e-04
1.068795111705174827e+00 5.501581508391694157e-04
1.069816513761467913e+00 8.886861024417502548e-04
1.070839869906256014e+00 8.807737329528336854e-04
1.071865185752585159e+00 4.935608971900582332e-04
1.072892466935019939e+00 2.410147885453027376e-04
1.073921719109746542e+00 1.069588696469019642e-04
1.074952947954676219e+00 2.561602938322780486e-05
1.075986159169550094e+00 3.654518495350685382e-06
1.077021358476043966e+00 2.569317007211138545e-05
1.078058551617873562e+00 8.539777621483568895e-05
1.079097744360902000e+00 1.255826791125315141e-04
1.080138942493245491e+00 1.186194416800041319e-04
1.081182151825381466e+00 9.116215824696955686e-05
1.082227378190255163e+00 1.071667059757315657e-04
1.083274627443390647e+00 1.370004669953890782e-04
1.084323905462998727e+00 2.298611752117689627e-04
1.085375218150087084e+00 3.294843590741397847e-04
1.086428571428571521e+00 4.407830100686942350e-04
1.087483971245385650e+00 4.440326551957097731e-04
1.088541423570595024e+00 3.472143047499771928e-04
1.089600934397508158e+00 2.325881299789075366e-04
1.090662509742790220e+00 1.216340927491051165e-04
1.091726155646576935e+00 6.539492135244914599e-05
1.092791878172588715e+00 3.066277034014646145e-05
1.093859683408247019e+00 3.768252062729256859e-05
1.094929577464788695e+00 6.475945803666299512e-05
1.096001566477383893e+00 1.199640602549284393e-04
1.097075656605252636e+00 1.553050273411867737e-04
1.098151854031783392e+00 1.986107594394063514e-04
1.099230164964650314e+00 2.293660526539462792e-04
1.100310595635934918e+00 2.896822153882209669e-04
1.101393152302243106e+00 3.692487549183373413e-04
1.102477841244829504e+00 4.733476949120290090e-04
1.103564668769715817e+00 5.931328657111784291e-04
1.104653641207814951e+00 6.349134636168798831e-04
1.105744764915053358e+00 5.915719518586703800e-04
1.106838046272493603e+00 4.349850279551790077e-04
1.107933491686460714e+00 2.958083159494905804e-04
1.109031107588666520e+00 1.789378825847576899e-04
1.110130900436334667e+00 9.626006506808002352e-05
1.111232876712328510e+00 4.453373393658601430e-05
1.112337042925278130e+00 1.363833426087533201e-05
1.113443405609707559e+00 7.766761926450785076e-06
1.114551971326164903e+00 2.522732890508366736e-05
1.115662746661351346e+00 6.380758805716406075e-05
1.116775738228251935e+00 1.177605739279042902e-04
1.117890952666267035e+00 1.733939852775223417e-04
1.119008396641343550e+00 2.195764436623500490e-04
1.120128076846107490e+00 2.877874831875748183e-04
1.121250000000000080e+00 3.609781517433130363e-04
1.122374172849408325e+00 4.877381749594798853e-04
1.123500602167804008e+00 6.080116367161124413e-04
1.124629294755876918e+00 7.307447963206889366e-04
1.125760257441673184e+00 7.609010862210154871e-04
1.126893497080732498e+00 6.734111424525813681e-04
1.128029020556227335e+00 5.065690590730643735e-04
1.129166834779100181e+00 3.088443746325088930e-04
1.130306946688206748e+00 1.757829103068940513e-04
1.131449363250454532e+00 7.625019380060277328e-05
1.132594091460946917e+00 2.729025465548463137e-05
1.133741138343123289e+00 5.624510900077970487e-06
1.134890510948904918e+00 2.085356056628168166e-05
1.136042216358839063e+00 5.967277600562430215e-05
1.137196261682242859e+00 1.274684963359778446e-04
1.138352654057351865e+00 1.690047456232722685e-04
1.139511400651465722e+00 2.346750439519132338e-04
1.140672508661096263e+00 2.892761025763506658e-04
1.141835985312117385e+00 3.140643804219849498e-04
1.143001837859914271e+00 3.564129080740993292e-04
1.144170073589533931e+00 4.033016344060296149e-04
1.145340699815837970e+00 4.634864885161041836e-04
1.146513723883654245e+00 5.106983343586598677e-04
1.147689153167930742e+00 5.373640399721598326e-04
1.148866995073891450e+00 4.868929815805371204e-04
1.150047257037189130e+00 4.012528034041509318e-04
1.151229946524064296e+00 2.930301441679376297e-04
1.152415071031500871e+00 2.303249721624807107e-04
1.153602638087386500e+00 2.146421283741923214e-04
1.154792655250670430e+00 2.821290669011446129e-04
1.155985130111523818e+00 4.288608616093304697e-04
1.157180070291502716e+00 6.933684190699739057e-04
1.158377483443708389e+00 1.062686045993662407e-03
1.159577377252952068e+00 1.506659381285342528e-03
1.160779759435918601e+00 1.895028288624888953e-03
1.161984637741332760e+00 2.073226780904466587e-03
1.163192019950124667e+00 2.109615380198135576e-03
1.164401913875597883e+00 2.054402771310425129e-03
1.165614327363598601e+00 2.106129500379385049e-03
1.166829268292683075e+00 2.267510469285748641e-03
1.168046744574290363e+00 2.659442211584157022e-03
1.169266764152914195e+00 3.188206739957006111e-03
1.170489335006273501e+00 3.803612589030919578e-03
1.171714465145488937e+00 4.285207534697152085e-03
1.172942162615255857e+00 4.463211923699778906e-03
1.174172435494021061e+00 4.338433975735920926e-03
1.175405291894161985e+00 4.018952303079413244e-03
1.176640739962161009e+00 3.852313188261728694e-03
1.177878787878787747e+00 3.906153033720713170e-03
1.179119443859279359e+00 4.364044453608897922e-03
1.180362716153521507e+00 5.081982180020687238e-03
1.181608613046231770e+00 6.056441368764139965e-03
1.182857142857142829e+00 6.946275538217741227e-03
1.184108313941188984e+00 7.582047862977679513e-03
1.185362134688691116e+00 7.774081930920362024e-03
1.186618613525545651e+00 7.623975708905996254e-03
1.187877758913412407e+00 7.409642375502682038e-03
1.189139579349904219e+00 7.291313384020756821e-03
1.190404083368779231e+00 7.573498068183917402e-03
1.191671279540132078e+00 8.210066831574474450e-03
1.192941176470588172e+00 9.331231512615903445e-03
1.194213782803498880e+00 1.054648744984806007e-02
1.195489107219136926e+00 1.170777511054114060e-02
1.196767158434894229e+00 1.240368080362682680e-02
1.198047945205479303e+00 1.279611938434185511e-02
1.199331476323119761e+00 1.302842104678435253e-02
1.200617760617760599e+00 1.346368591766092249e-02
1.201906806957268481e+00 1.440206192563822998e-02
1.203198624247635129e+00 1.592293759016514751e-02
1.204493221433182493e+00 1.814557949623820526e-02
1.205790607496768585e+00 2.068614569615291263e-02
1.207090791459995538e+00 2.344961910003272657e-02
1.208393782383419657e+00 2.581460211927439491e-02
1.209699589366760364e+00 2.806539902152078644e-02
1.211008221549113140e+00 3.035075598347591191e-02
1.212319688109161575e+00 3.365215245855184001e-02
1.213633998265394531e+00 3.837162919263873567e-02
1.214951161276318414e+00 4.503836071400708907e-02
1.216271186440677887e+00 5.373767273222190832e-02
1.217594083097672142e+00 6.425725324420000772e-02
1.218919860627177609e+00 7.633179687057316254e-02
1.220248528449967340e+00 8.900805856209444145e-02
1.221580096027935269e+00 1.026885854506988105e-01
1.222914572864321592e+00 1.174827110161804494e-01
1.224251968503937027e+00 1.354700733349559760e-01
1.225592292533391747e+00 1.575813644968633298e-01
1.226935554581324084e+00 1.854634484669090144e-01
1.228281764318630565e+00 2.182578805756235918e-01
1.229630931458699505e+00 2.536200614083783944e-01
1.230983065757642603e+00 2.883900614211550861e-01
1.232338177014530967e+00 3.195769569823924683e-01
1.233696275071633153e+00 3.475641098889794001e-01
1.235057369814651196e+00 3.719603454757566818e-01
1.236421471172961972e+00 3.947811259965048336e-01
1.237788589119858340e+00 4.135984686752776640e-01
1.239158733672791612e+00 4.254310690578550491e-01
1.240531914893617138e+00 4.261575411404405767e-01
1.241908142888839439e+00 4.153491559517777931e-01
1.243287427809862455e+00 3.969220092660347143e-01
1.244669779853235569e+00 3.731497364761894864e-01
1.246055209260908292e+00 3.459695085617734978e-01
1.247443726320481172e+00 3.121016682354486593e-01
1.248835341365461815e+00 2.714518878764753396e-01
1.250230064775519123e+00 2.255255549455896513e-01
1.251627906976744198e+00 1.789894868079353607e-01
1.253028878441907024e+00 1.359170160511402603e-01
1.254432989690721589e+00 9.842659436032150100e-02
1.255840251290105236e+00 6.893940556591256208e-02
1.257250673854447554e+00 4.748775782662226219e-02
1.258664268045873724e+00 3.368790238787276736e-02
1.260081044574516085e+00 2.502749131680676725e-02
1.261501014198783022e+00 1.988002168697049557e-02
1.262924187725631642e+00 1.654022423116065926e-02
1.264350576010842442e+00 1.436578130053308561e-02
1.265780189959294200e+00 1.280573582432717981e-02
1.267213040525243528e+00 1.162855017350713366e-02
1.268649138712601987e+00 1.065374622617587530e-02
1.270088495575221410e+00 9.735817138425601619e-03
1.271531122217173904e+00 8.933465247818047142e-03
1.272977029793040948e+00 8.083386051878825584e-03
1.274426229508196728e+00 7.463845785636821425e-03
1.275878732619101896e+00 6.881080261395823745e-03
1.277334550433592009e+00 6.526271418567430004e-03
1.278793694311171958e+00 6.142305657174419731e-03
1.280256175663311957e+00 5.892301525817180557e-03
1.281722005953744192e+00 5.559068199280489155e-03
1.283191196698762138e+00 5.275119131809295238e-03
1.284663759467523425e+00 4.946325445369768523e-03
1.286139705882352935e+00 4.646090880984631889e-03
1.287619047619047663e+00 4.367214770894128385e-03
1.289101796407185807e+00 4.049917659397500244e-03
1.290587964030435630e+00 3.783263985817888510e-03
1.292077562326869877e+00 3.452552358502861303e-03
1.293570603189276635e+00 3.230952578823105808e-03
1.295067098565479080e+00 2.964052722934227245e-03
1.296567060458651666e+00 2.826277399184914593e-03
1.298070500927643867e+00 2.639023018874545479e-03
1.299577432087299478e+00 2.539293112741620485e-03
1.301087866108786795e+00 2.377782490319504775e-03
1.302601815219920800e+00 2.249701180610662061e-03
1.304119291705498673e+00 2.090671072981753129e-03
1.305640307907627529e+00 1.938843926166330034e-03
1.307164876226062589e+00 1.807560486577887296e-03
1.308693009118541140e+00 1.653130778812491762e-03
1.310224719101123592e+00 1.548549507974377598e-03
1.311760018748535428e+00 1.394521143206687956e-03
1.313298920694509597e+00 1.311553771898446878e-03
1.314841437632135346e+00 1.177139452431276477e-03
1.316387582314205051e+00 1.122012758118821332e-03
1.317937367553567274e+00 1.019087240720166140e-03
1.319490806223479362e+00 9.762624760590692119e-04
1.321047911257965612e+00 8.887480923787715930e-04
1.322608695652174093e+00 8.301517080388781797e-04
1.324173172462739467e+00 7.484416560483576463e-04
1.325741354808147809e+00 6.753389395236882769e-04
1.327313255869101427e+00 6.129782192537067955e-04
1.328888888888888786e+00 5.420559402076428066e-04
1.330468267173758212e+00 5.035204242333218968e-04
1.332051404093289149e+00 4.393151950884250333e-04
1.333638313080771853e+00 4.188921407108006233e-04
1.335229007633587761e+00 3.646642370111092559e-04
1.336823501313589624e+00 3.606695334736180762e-04
1.338421807747489201e+00 3.213300665516430907e-04
1.340023940627244503e+00 3.314350681266291622e-04
1.341629913710450595e+00 3.056975014954832807e-04
1.343239740820734607e+00 3.226300716709644845e-04
1.344853435848149870e+00 3.073546465686777468e-04
1.346471012749578922e+00 3.270835340302884003e-04
1.348092485549132968e+00 3.264896801349092322e-04
1.349717868338558002e+00 3.520741910730533389e-04
1.351347175277643364e+00 3.733480765783229105e-04
1.352980420594633859e+00 4.051421413754112064e-04
1.354617618586640759e+00 4.510010309414805795e-04
1.356258783620063024e+00 4.838746285915929710e-04
1.357903930131004522e+00 5.553812737888500720e-04
1.359553072625698356e+00 5.875342334929668396e-04
1.361206225680933857e+00 6.868399491831596575e-04
1.362863403944484908e+00 7.184292540234829419e-04
1.364524622135543597e+00 8.351036249528404716e-04
1.366189895045155200e+00 8.591553659583935900e-04
1.367859237536656947e+00 9.694443878440047119e-04
1.369532664546122103e+00 9.918550717493406638e-04
1.371210191082802510e+00 1.089755779036118578e-03
1.372891832229580444e+00 1.140185331845724017e-03
1.374577603143418481e+00 1.230019626575439484e-03
1.376267519055814903e+00 1.326475864944851556e-03
1.377961595273264450e+00 1.392644414234352288e-03
1.379659847177717502e+00 1.526608396552867845e-03
1.381362290227048373e+00 1.551519057767109140e-03
1.383068939955522714e+00 1.710016690381601246e-03
1.384779811974270247e+00 1.700216316678286295e-03
1.386494921971761274e+00 1.860409987755763401e-03
1.388214285714285623e+00 1.824233828180374948e-03
1.389937919046436487e+00 1.940310782128447506e-03
1.391665837891596258e+00 1.897267551669127488e-03
1.393398058252427019e+00 1.951990048643686103e-03
1.395134596211365929e+00 1.955571353993411539e-03
1.396875467931120607e+00 1.964913985198542962e-03
1.398620689655172500e+00 2.046819537586183971e-03
1.400370277708281375e+00 2.000772681799761667e-03
1.402124248496994019e+00 2.133593817582413697e-03
1.403882618510158053e+00 2.011478644444628008e-03
1.405645404319437519e+00 2.149604002846812901e-03
1.407412622579834238e+00 1.981295492826191853e-03
1.409184290030211617e+00 2.092689458514171083e-03
1.410960423493824001e+00 1.933922575460290342e-03
1.412741039878848914e+00 1.974553607246671335e-03
1.414526156178923300e+00 1.866745773750201880e-03
1.416315789473684195e+00 1.803101598402045242e-03
1.418109956929313409e+00 1.786136549543801541e-03
1.419908675799086861e+00 1.625137336224808868e-03
1.421711963423926806e+00 1.713521536315597586e-03
1.423519837232960494e+00 1.465739957086412051e-03
1.425332314744079509e+00 1.608172093050950786e-03
1.427149413564507974e+00 1.287385119611361879e-03
1.428971151391370986e+00 1.385687265416244351e-03
1.430797546012269938e+00 1.062951147643685602e-03
1.432628615305861164e+00 1.030784017503567473e-03
1.434464377242439692e+00 8.033643917708201999e-04
1.436304849884526558e+00 5.882687809429380018e-04
1.438150051387461437e+00 4.804219132562345521e-04
1.439999999999999947e+00 1.426794460742427772e-04
