1.279999999999999805e+00 5.648074426189297502e-04
1.281020082881734190e+00 5.116767671848854691e-04
1.282041792949433656e+00 3.940745041360285044e-04
1.283065134099616866e+00 2.654795809066989886e-04
1.284090110241252303e+00 1.686634910215371722e-04
1.285116725295810669e+00 1.175239892091027122e-04
1.286144983197311520e+00 9.498917862224725054e-05
1.287174887892376773e+00 9.961216273198424066e-05
1.288206443340278673e+00 1.389028677808769340e-04
1.289239653512993300e+00 2.011665835446653798e-04
1.290274522395247869e+00 2.789205703044192420e-04
1.291311053984575574e+00 3.518608706813928784e-04
1.292349252291365103e+00 3.669543160740404864e-04
1.293389121338912151e+00 3.108391976657206342e-04
1.294430665163472272e+00 2.296051986769650924e-04
1.295473887814313496e+00 1.554037114042530548e-04
1.296518793353766519e+00 9.998097243411877195e-05
1.297565385857281317e+00 7.765881123526949226e-05
1.298613669413475558e+00 8.368484052121707376e-05
1.299663648124191440e+00 1.116282449354247079e-04
1.300715326104547653e+00 1.719397952419930199e-04
1.301768707482993337e+00 2.586971007772879971e-04
1.302823796401361367e+00 3.573526969758830576e-04
1.303880597014925202e+00 4.560963885257921782e-04
1.304939113492449954e+00 5.089320429524138954e-04
1.305999350016249450e+00 4.753673414870981245e-04
1.307061310782240859e+00 3.873079300928113458e-04
1.308124999999999982e+00 2.946043763250919250e-04
1.309190421892816314e+00 2.133906381044119356e-04
1.310257580697750113e+00 1.579428357999077719e-04
1.311326480665687910e+00 1.348182526435976749e-04
1.312397126061397579e+00 1.305235435303733348e-04
1.313469521163588727e+00 1.459827698504166367e-04
1.314543670264965769e+00 1.840702515178521367e-04
1.315619577672286766e+00 2.268077087726147489e-04
1.316697247706422047e+00 2.653739695495259052e-04
1.317776684702410162e+00 2.925185552046368430e-04
1.318857893009517390e+00 2.838484236924083710e-04
1.319940876991295919e+00 2.402153163232918906e-04
1.321025641025641129e+00 1.891562446875816143e-04
1.322112189504852653e+00 1.418323667625385727e-04
1.323200526835693003e+00 1.063978148411813773e-04
1.324290657439446184e+00 9.563632474243742609e-05
1.325382585751978981e+00 1.029754145426267702e-04
1.326476316223799357e+00 1.237205789964122176e-04
1.327571853320119066e+00 1.644211491936640047e-04
1.328669201520912724e+00 2.142006279459974486e-04
1.329768365320979306e+00 2.611784237833101327e-04
1.330869349230004994e+00 3.034630368972080178e-04
1.331972157772621790e+00 3.206484129800839245e-04
1.333076795488472355e+00 2.984932410892772751e-04
1.334183266932270850e+00 2.566320389558180825e-04
1.335291576673865999e+00 2.096584928352862164e-04
1.336401729298303920e+00 1.607076512683007410e-04
1.337513729405890972e+00 1.247820360632553676e-04
1.338627581612258366e+00 1.054122163857178424e-04
1.339743290548424559e+00 9.331375995792527635e-05
1.340860860860860759e+00 9.269213838567927171e-05
1.341980297211554651e+00 1.025665010285653229e-04
1.343101604278074790e+00 1.118695989503432975e-04
1.344224786753637657e+00 1.225799697677755701e-04
1.345349849347171167e+00 1.319907329289280948e-04
1.346476796783380836e+00 1.280107642287794782e-04
1.347605633802816838e+00 1.163541350258340512e-04
1.348736365161939954e+00 1.047346493528352731e-04
1.349868995633187962e+00 9.030190275002348589e-05
1.351003530005042697e+00 8.128679555193333835e-05
1.352139973082099766e+00 8.283740243703169022e-05
1.353278329685132064e+00 8.725632244754208909e-05
1.354418604651162816e+00 9.998000551802534218e-05
1.355560802833529976e+00 1.248131947825915173e-04
1.356704929101957946e+00 1.478128966445943341e-04
1.357850988342625520e+00 1.667579573703533390e-04
1.358998985458234943e+00 1.847140710144507425e-04
1.360148925368082518e+00 1.911361644073447880e-04
1.361300813008130106e+00 1.870001388764026926e-04
1.362454653331073295e+00 1.800929058527778485e-04
1.363610451306413340e+00 1.661028468864942579e-04
1.364768211920529772e+00 1.524991347817053597e-04
1.365927940176750566e+00 1.516549049995846667e-04
1.367089641095424524e+00 1.587611412828449542e-04
1.368253319713993887e+00 1.784080923217390294e-04
1.369418981087067611e+00 2.202868989835745782e-04
1.370586630286493968e+00 2.751813528624584299e-04
1.371756272401433829e+00 3.440666318541913868e-04
1.372927912538435491e+00 4.320285932565589410e-04
1.374101555821507947e+00 5.170234351073472057e-04
1.375277207392197276e+00 5.883267571645472245e-04
1.376454872409659025e+00 6.519736099582967891e-04
1.377634556050737258e+00 6.932149908566307339e-04
1.378816263510036055e+00 7.158177576532685684e-04
1.379999999999999893e+00 7.500787471276513553e-04
1.381185770750988251e+00 7.961876242643070893e-04
1.382373581011351771e+00 8.579912940276954256e-04
1.383563436047512418e+00 9.652429188344092189e-04
1.384755341144038532e+00 1.110923863051196036e-03
1.385949301603724759e+00 1.281764068679159922e-03
1.387145322747669995e+00 1.493905230320860707e-03
1.388343409915356652e+00 1.719954228224959214e-03
1.389543568464730150e+00 1.915034760896121855e-03
1.390745803772279077e+00 2.081698180261246350e-03
1.391950121233114013e+00 2.202715047443381310e-03
1.393156526261050354e+00 2.258991798631064616e-03
1.394365024288688470e+00 2.308253277774239068e-03
1.395575620767494307e+00 2.394323805540293608e-03
1.396788321167883096e+00 2.520406059907393491e-03
1.398003130979300623e+00 2.740601806571645038e-03
1.399220055710306498e+00 3.084086119966779772e-03
1.400439100888656530e+00 3.513895286997457436e-03
1.401660272061388213e+00 4.037297767927851104e-03
1.402883574794903332e+00 4.637011861543298419e-03
1.404109014675052336e+00 5.205816105635785104e-03
1.405336597307221602e+00 5.696422225644915543e-03
1.406566328316415815e+00 6.102821958843626486e-03
1.407798213347346117e+00 6.375424135574859694e-03
1.409032258064516041e+00 6.567521248476288799e-03
1.410268468152307664e+00 6.806180996338974214e-03
1.411506849315068424e+00 7.122177037878519267e-03
1.412747407277201717e+00 7.573977899126649836e-03
1.413990147783251494e+00 8.272315113203016976e-03
1.415235076597992636e+00 9.195652475097289974e-03
1.416482199506521100e+00 1.030573940956702392e-02
1.417731522314341186e+00 1.161158000763344578e-02
1.418983050847457461e+00 1.295397524783825118e-02
1.420236790952465356e+00 1.413760431352814595e-02
1.421492748496639535e+00 1.513990496291380342e-02
1.422750929368029826e+00 1.594140124085457327e-02
1.424011339475549365e+00 1.659006964172942550e-02
1.425273984749068967e+00 1.735829068973526734e-02
1.426538871139509945e+00 1.844074952686069677e-02
1.427806004618937585e+00 1.990831880044347663e-02
1.429075391180654409e+00 2.196017883636461332e-02
1.430347036839295427e+00 2.467806353409282560e-02
1.431620947630922736e+00 2.791366458374805459e-02
1.432897129613121878e+00 3.159158723441481131e-02
1.434175588865096440e+00 3.551184108649713123e-02
1.435456331487765747e+00 3.923340975280116549e-02
1.436739363603861230e+00 4.259601365228546377e-02
1.438024691358024798e+00 4.570574654051219599e-02
1.439312320916905641e+00 4.864431437666723312e-02
1.440602258469259489e+00 5.181584656661152727e-02
1.441894510226049642e+00 5.583262475463285357e-02
1.443189082420542446e+00 6.099219728903260140e-02
1.444485981308410993e+00 6.760276520411705181e-02
1.445785213167835925e+00 7.602749684399358332e-02
1.447086784299603801e+00 8.601669389367957996e-02
1.448390701027211902e+00 9.697245033648856094e-02
1.449696969696969706e+00 1.083703464913070014e-01
1.451005596678100584e+00 1.194131101571036385e-01
1.452316588362847716e+00 1.295858019010234785e-01
1.453629951166576451e+00 1.393802627253959148e-01
1.454945691527878227e+00 1.494917888520738702e-01
1.456263815908679149e+00 1.605143720354409442e-01
1.457584330794341687e+00 1.735035193724187852e-01
1.458907242693773698e+00 1.891988322875706452e-01
1.460232558139534786e+00 2.074602360604640428e-01
1.461560283687943329e+00 2.280163121461466214e-01
1.462890425919184612e+00 2.499952520185729499e-01
1.464222991437420296e+00 2.714137520751381816e-01
1.465557986870897222e+00 2.907840002126306223e-01
1.466895418872056878e+00 3.078137073173163873e-01
1.468235294117647083e+00 3.226510839236456096e-01
1.469577619308831684e+00 3.364654420566601800e-01
1.470922401171303129e+00 3.512893610023967161e-01
1.472269646455394820e+00 3.680542171000258933e-01
1.473619361936193695e+00 3.865203124982595773e-01
1.474971554413653907e+00 4.059496196669748480e-01
1.476326230712711407e+00 4.239885707881103638e-01
1.477683397683397626e+00 4.373966018133461087e-01
1.479043062200956937e+00 4.446421821679440445e-01
1.480405231165960789e+00 4.457817197853663482e-01
1.481769911504424941e+00 4.415068693360378882e-01
1.483137110167927597e+00 4.335951498435743345e-01
1.484506834133727304e+00 4.235378303592138849e-01
1.485879090404880865e+00 4.108286622758701712e-01
1.487253886010362569e+00 3.943519253136301694e-01
1.488631228005186102e+00 3.734390627000393481e-01
1.490011123470522669e+00 3.474213613594190897e-01
1.491393579513824452e+00 3.169091425882411550e-01
1.492778603268945181e+00 2.843148782965234100e-01
1.494166201896263368e+00 2.515562790959807171e-01
1.495556382582805988e+00 2.193585062172050126e-01
1.496949152542373040e+00 1.884440938081629879e-01
1.498344519015659904e+00 1.592849610220297141e-01
1.499742489270386336e+00 1.321392198840042054e-01
1.501143070601419716e+00 1.080047867592708599e-01
1.502546270330902933e+00 8.779012350012817267e-02
1.503952095808383405e+00 7.139620292251135092e-02
1.505360554410938523e+00 5.858536948712366604e-02
1.506771653543306888e+00 4.910038530728158546e-02
1.508185400638018425e+00 4.211958063852252326e-02
1.509601803155522060e+00 3.691923160357438866e-02
1.511020868584320276e+00 3.311802279868958365e-02
1.512442604441099236e+00 3.014902123372371553e-02
1.513867018270860676e+00 2.763907910352965749e-02
1.515294117647058902e+00 2.559347872502746798e-02
1.516723910171730694e+00 2.382678740536271420e-02
1.518156403475632743e+00 2.218667871380387499e-02
1.519591605218377994e+00 2.080882894510979048e-02
1.521029523088569313e+00 1.962220992402014322e-02
1.522470164803940262e+00 1.849126129251093403e-02
1.523913538111490329e+00 1.753978374150936062e-02
1.525359650787625920e+00 1.672661288903245363e-02
1.526808510638297811e+00 1.590190699037623626e-02
1.528260125499144362e+00 1.517178726631439323e-02
1.529714503235630074e+00 1.453589061127728323e-02
1.531171651743189033e+00 1.385148370207552049e-02
1.532631578947368567e+00 1.321563416143253615e-02
1.534094292803970250e+00 1.266846142373568261e-02
1.535559801299197558e+00 1.207158617724593541e-02
1.537028112449799311e+00 1.149476610977906779e-02
1.538499234303216223e+00 1.099989530644004780e-02
1.539973174937727451e+00 1.045015096998476792e-02
1.541449942462600475e+00 9.885386698753250920e-03
1.542929545018237647e+00 9.392526012752363401e-03
1.544411990776325849e+00 8.856585050807738377e-03
1.545897287939988374e+00 8.299266909128945324e-03
1.547385444743935468e+00 7.830511873287577737e-03
1.548876469454615767e+00 7.358407819240782820e-03
1.550370370370370621e+00 6.876165962822810250e-03
1.551867155821587074e+00 6.492573167812202249e-03
1.553366834170854194e+00 6.127184163107914257e-03
1.554869413813116941e+00 5.740352387532491989e-03
1.556374903175832713e+00 5.432444617686478169e-03
1.557883310719131886e+00 5.140975188637911600e-03
1.559394644935972130e+00 4.807218662198194971e-03
1.560908914352301391e+00 4.528782313292427884e-03
1.562426127527216213e+00 4.270799781598376768e-03
1.563946293053123160e+00 3.965763663728736656e-03
1.565469419555901798e+00 3.705038149725348347e-03
1.566995515695067231e+00 3.477872326091245060e-03
1.568524590163934418e+00 3.208308483013199309e-03
1.570056651689783145e+00 2.972512707202506262e-03
1.571591709034024342e+00 2.777975238816176706e-03
1.573129770992366394e+00 2.544949038920387655e-03
1.574670846394984114e+00 2.333726743929642224e-03
1.576214944106687721e+00 2.168874270671764838e-03
1.577762073027090706e+00 1.973969035599370571e-03
1.579312242090783913e+00 1.793952266023812487e-03
1.580865460267506073e+00 1.665049243859033487e-03
1.582421736562315440e+00 1.515447805875365849e-03
1.583981080015766540e+00 1.373551568925749375e-03
1.585543499704083592e+00 1.281007971659024530e-03
1.587109004739336360e+00 1.171597274966041389e-03
1.588677604269618460e+00 1.059979854013513509e-03
1.590249307479224328e+00 9.916404450737625800e-04
1.591824123588829520e+00 9.086817090438438710e-04
1.593402061855670127e+00 8.163376933262253034e-04
1.594983131573724844e+00 7.631244225419993353e-04
1.596567342073897500e+00 7.002228125855716571e-04
1.598154702724199572e+00 6.254886900521861807e-04
1.599745222929936483e+00 5.876327380444654278e-04
1.601338912133891235e+00 5.448644826563688037e-04
1.602935779816514028e+00 4.887872940729364336e-04
1.604535835496107010e+00 4.665954759166504769e-04
1.606139088729016784e+00 4.417738788116195724e-04
1.607745549109822036e+00 4.017021692968922439e-04
1.609355226271525829e+00 3.927440217089201899e-04
1.610968129885748779e+00 3.824122957582316504e-04
1.612584269662921566e+00 3.550539640809962727e-04
1.614203655352480560e+00 3.574272579174637586e-04
1.615826296743063883e+00 3.595606428102585605e-04
1.617452203662709032e+00 3.423017194492252260e-04
1.619081385979049381e+00 3.541486158441135910e-04
1.620713853599516030e+00 3.666565484240582088e-04
1.622349616471538303e+00 3.555467901854327526e-04
1.623988684582743813e+00 3.726679140913955412e-04
1.625631067961165188e+00 3.918054974789382050e-04
1.627276776675440573e+00 3.815998976959740778e-04
1.628925820835022353e+00 3.986552272133850263e-04
1.630578210590383437e+00 4.214698873331982915e-04
1.632233956133225083e+00 4.096228224222305263e-04
1.633893067696686296e+00 4.242860353794156072e-04
1.635555555555555651e+00 4.512672220958592693e-04
1.637221430026482238e+00 4.387121157185857115e-04
1.638890701468189048e+00 4.504920855656511722e-04
1.640563380281690353e+00 4.825641443782058390e-04
1.642239476910503093e+00 4.698998226685348247e-04
1.643919001840867145e+00 4.767434793194436321e-04
1.645601965601965810e+00 5.133563924288473074e-04
1.647288378766140982e+00 5.009802426847826881e-04
1.648978251949117846e+00 5.006904298084382220e-04
1.650671595810228043e+00 5.415435772385996001e-04
1.652368421052631930e+00 5.311913488119109723e-04
1.654068738423543961e+00 5.216103364858023714e-04
1.655772558714462495e+00 5.648551974776408599e-04
1.657479892761394513e+00 5.569614539932832026e-04
1.659190751445086764e+00 5.329829711364524915e-04
1.660905145691258689e+00 5.723451899042511070e-04
1.662623086470831568e+00 5.659468815822370127e-04
1.664344584800165894e+00 5.229844566983873249e-04
1.666069651741293844e+00 5.522734916006802374e-04
1.667798298402158208e+00 5.502584557592255822e-04
1.669530535936850857e+00 4.902965273806557302e-04
1.671266375545851668e+00 5.063663199956294509e-04
1.673005828476269663e+00 5.136965749331976307e-04
1.674748906022087924e+00 4.410472791886340380e-04
1.676495619524405623e+00 4.371910586484310237e-04
1.678245980371685375e+00 4.539026960923143832e-04
1.680000000000000160e+00 3.721899175506397260e-04
