1.320000000000000062e+00 1.957580895047786752e-04
1.321027477232038949e+00 8.387154936825948540e-05
1.322056555269923050e+00 6.334361841830971843e-05
1.323087237857644149e+00 7.657908453757332544e-05
1.324119528750877794e+00 1.194050852973668254e-04
1.325153431717029928e+00 2.099078953981664271e-04
1.326188950535281963e+00 2.612697674126964408e-04
1.327226088996637188e+00 2.194769764080639369e-04
1.328264850903968508e+00 1.518460861100215343e-04
1.329305240072060856e+00 1.088607357749251292e-04
1.330347260327663594e+00 8.958932009715773613e-05
1.331390915509531592e+00 1.128005977275010305e-04
1.332436209468477628e+00 1.771842557554493603e-04
1.333483146067415914e+00 2.389062912125909264e-04
1.334531729181410942e+00 2.731764655034033223e-04
1.335581962697725888e+00 2.675316186293772683e-04
1.336633850515869693e+00 2.098795686918747882e-04
1.337687396547647234e+00 1.381987780642919170e-04
1.338742604717204632e+00 1.029110426073993434e-04
1.339799478961080093e+00 9.691682398451030762e-05
1.340858023228253426e+00 1.103042561450160521e-04
1.341918241480192675e+00 1.625198731948206154e-04
1.342980137690907849e+00 2.319405671668900914e-04
1.344043715846994669e+00 2.688737772134514601e-04
1.345108979947689631e+00 2.660047650204628005e-04
1.346175934004917973e+00 2.323330401430105110e-04
1.347244582043343630e+00 1.711083059287787315e-04
1.348314928100420973e+00 1.142844751569034394e-04
1.349386976226444990e+00 8.950317656486742252e-05
1.350460730484602356e+00 8.451173155983441633e-05
1.351536194951023395e+00 9.999861235874820894e-05
1.352613373714832479e+00 1.533144962381922916e-04
1.353692270878200654e+00 2.222288725082521312e-04
1.354772890556398490e+00 2.713124681096093505e-04
1.355855236877846259e+00 2.909201036124964713e-04
1.356939313984169004e+00 2.702442920698715396e-04
1.358025126030247387e+00 2.119154780835528552e-04
1.359112677184271867e+00 1.568523344240984078e-04
1.360201971627795103e+00 1.268171507618264871e-04
1.361293013555787690e+00 1.099840026847736911e-04
1.362385807176687891e+00 1.190995185544854496e-04
1.363480356712460928e+00 1.712868442470801087e-04
1.364576666398649163e+00 2.493591919994247097e-04
1.365674740484429162e+00 3.426983109470892620e-04
1.366774583232665208e+00 4.393418709119547975e-04
1.367876198919964814e+00 4.856791779120661927e-04
1.368979591836734899e+00 4.573113235817373185e-04
1.370084766287236633e+00 4.003723033096895064e-04
1.371191726589642279e+00 3.443793719171755140e-04
1.372300477076089820e+00 2.901162898634613435e-04
1.373411022092740907e+00 2.699717690300670382e-04
1.374523365999838154e+00 3.047813900314022572e-04
1.375637513171759974e+00 3.780797233811300853e-04
1.376753467997079428e+00 5.005650692653026024e-04
1.377871234878623063e+00 6.738928846972804323e-04
1.378990818233525983e+00 8.264686639660061068e-04
1.380112222493291130e+00 9.027875940385909426e-04
1.381235452103849681e+00 9.149923159220547898e-04
1.382360511525617230e+00 8.680529315737055621e-04
1.383487405233553291e+00 7.776044643371306936e-04
1.384616137717223028e+00 7.120562849575232632e-04
1.385746713480852321e+00 7.040002079748941240e-04
1.386879137043393051e+00 7.401006915537149469e-04
1.388013412938578828e+00 8.531833978034413174e-04
1.389149545714987388e+00 1.066205670635342806e-03
1.390287539936102545e+00 1.324280208806892728e-03
1.391427400180372365e+00 1.585249021990158338e-03
1.392569131041273556e+00 1.820448833156872170e-03
1.393712737127371426e+00 1.940086302014162314e-03
1.394858223062382052e+00 1.907726193644743466e-03
1.396005593485235119e+00 1.812931231340085807e-03
1.397154853050135870e+00 1.719213664902876498e-03
1.398306006426629278e+00 1.641517213508161344e-03
1.399459058299661995e+00 1.655335855977789700e-03
1.400614013369646083e+00 1.810023575140738651e-03
1.401770876352523620e+00 2.065239316460617224e-03
1.402929651979829551e+00 2.421004968545644332e-03
1.404090344998759177e+00 2.880274472089353662e-03
1.405252960172228338e+00 3.320536697049197676e-03
1.406417502278942688e+00 3.633997916294408326e-03
1.407583976113461199e+00 3.827377731127576312e-03
1.408752386486262331e+00 3.884476150854472131e-03
1.409922738223810201e+00 3.805492023426040350e-03
1.411095036168620531e+00 3.725240349652429728e-03
1.412269285179329259e+00 3.742366532399939681e-03
1.413445490130757154e+00 3.840111718920050446e-03
1.414623655913978650e+00 4.069676692256147740e-03
1.415803787436389349e+00 4.491599415216845047e-03
1.416985889621775074e+00 5.013508697766025368e-03
1.418169967410378929e+00 5.550557716472089356e-03
1.419356025758969686e+00 6.088519791467750415e-03
1.420544069640914175e+00 6.500782068358778795e-03
1.421734104046242786e+00 6.673200239323365604e-03
1.422926133981722296e+00 6.705127725397083509e-03
1.424120164470924266e+00 6.699375606913852976e-03
1.425316200554295865e+00 6.665663064287937443e-03
1.426514247289232706e+00 6.726635388986483555e-03
1.427714309750147237e+00 7.007295357609972207e-03
1.428916393028542675e+00 7.445927169730083908e-03
1.430120502233083402e+00 8.011894651210188512e-03
1.431326642489668677e+00 8.748990551386002720e-03
1.432534818941504362e+00 9.519454063739107852e-03
1.433745036749176416e+00 1.015142228817842232e-02
1.434957301090724613e+00 1.066552208040983003e-02
1.436171617161716041e+00 1.104632329848507372e-02
1.437387990175319707e+00 1.122033938484978850e-02
1.438606425362380481e+00 1.133448699276966634e-02
1.439826927971493920e+00 1.156805718423934044e-02
1.441049503269083987e+00 1.189946947958722516e-02
1.442274156539474772e+00 1.238592904871954614e-02
1.443500893084970649e+00 1.317184300924844481e-02
1.444729718225929993e+00 1.416127037219626003e-02
1.445960637300843787e+00 1.521238318957940198e-02
1.447193655666411116e+00 1.635651727390743243e-02
1.448428778697618879e+00 1.748101379985984860e-02
1.449666011787819286e+00 1.837695684312761965e-02
1.450905360348807349e+00 1.913000393907674304e-02
1.452146829810901041e+00 1.987747107631468099e-02
1.453390425623019677e+00 2.056318457721143314e-02
1.454636153252764075e+00 2.130615597743832496e-02
1.455884018186497375e+00 2.234355779109480425e-02
1.457134025929423871e+00 2.361209869058319630e-02
1.458386182005671605e+00 2.503553628695412078e-02
1.459640491958372976e+00 2.675088356148069488e-02
1.460896961349746448e+00 2.865096588846005599e-02
1.462155595761178928e+00 3.046799212863881418e-02
1.463416400793308370e+00 3.225642851535411720e-02
1.464679382066108593e+00 3.406448463494533146e-02
1.465944545218968775e+00 3.571400840074921007e-02
1.467211895910780717e+00 3.733905248916981334e-02
1.468481439820022771e+00 3.926284737216703680e-02
1.469753182644842671e+00 4.145341781350052324e-02
1.471027130103146563e+00 4.392873749840857378e-02
1.472303287932679838e+00 4.698789501061275548e-02
1.473581661891117722e+00 5.056370080395574534e-02
1.474862257756148765e+00 5.436308021643023597e-02
1.476145081325563657e+00 5.847144473738258991e-02
1.477430138417341388e+00 6.286293362955404362e-02
1.478717434869739389e+00 6.716601055866058823e-02
1.480006976541379693e+00 7.144527934033707839e-02
1.481298769311337971e+00 7.602306407681215517e-02
1.482592819079235014e+00 8.076842026563386956e-02
1.483889131765323333e+00 8.569462478360508062e-02
1.485187713310580193e+00 9.125765148602457688e-02
1.486488569676797766e+00 9.743900071010769270e-02
1.487791706846673057e+00 1.039311723491419120e-01
1.489097130823901161e+00 1.109541652393485067e-01
1.490404847633266305e+00 1.185436092629439386e-01
1.491714863320734885e+00 1.261841894196527036e-01
1.493027183953549830e+00 1.339081596001901742e-01
1.494341815620322311e+00 1.421218042288810435e-01
1.495658764431127441e+00 1.506166189733433025e-01
1.496978036517597310e+00 1.593612950447005072e-01
1.498299638033018688e+00 1.689827051894984555e-01
1.499623575152425614e+00 1.794915858216941384e-01
1.500949854072698653e+00 1.904084204877785347e-01
1.502278481012658373e+00 2.019426101729093759e-01
1.503609462213165715e+00 2.141176983692858471e-01
1.504942803937217244e+00 2.261002864732264694e-01
1.506278512470045294e+00 2.376484056389947253e-01
1.507616594119214781e+00 2.490967896983565799e-01
1.508957055214724230e+00 2.599254331743040547e-01
1.510299902109103698e+00 2.696253909889896883e-01
1.511645141177518470e+00 2.786484356656665495e-01
1.512992778817865869e+00 2.868836240694984108e-01
1.514342821450879173e+00 2.934973833794217724e-01
1.515695275520228869e+00 2.986154414417077629e-01
1.517050147492625678e+00 3.025923543101260438e-01
1.518407443857922701e+00 3.047640178623517992e-01
1.519767171129219996e+00 3.049449140217863063e-01
1.521129335842968500e+00 3.038636649774670295e-01
1.522493944559074386e+00 3.013383185199050573e-01
1.523861003861003871e+00 2.967492052401862201e-01
1.525230520355891350e+00 2.905445031632216124e-01
1.526602500674642648e+00 2.829472870695978748e-01
1.527976951472044709e+00 2.732453318230980699e-01
1.529353879426872176e+00 2.615760996153597140e-01
1.530733291241995087e+00 2.487556546628311438e-01
1.532115193644488560e+00 2.346559666973153657e-01
1.533499593385741377e+00 2.191993934792648702e-01
1.534886497241566783e+00 2.032971223332017685e-01
1.536275912012311062e+00 1.873058948749836972e-01
1.537667844522968341e+00 1.709230898844803781e-01
1.539062301623288276e+00 1.546973837649671946e-01
1.540459290187891517e+00 1.393184779406050067e-01
1.541858817116380953e+00 1.245972666649820260e-01
1.543260889333454511e+00 1.106618779347451204e-01
1.544665513789023503e+00 9.818708127859851476e-02
1.546072697458321876e+00 8.710893063344160581e-02
1.547482447342026113e+00 7.709801151945472331e-02
1.548894770466368698e+00 6.845042314556727681e-02
1.550309673883256023e+00 6.116077716244161522e-02
1.551727164670385184e+00 5.469641986523795379e-02
1.553147249931362772e+00 4.903259230984502448e-02
1.554569936795823004e+00 4.429401688396495534e-02
1.555995232419547181e+00 4.006720972625854582e-02
1.557423143984583147e+00 3.617602620354980897e-02
1.558853678699366530e+00 3.285117512981405863e-02
1.560286843798841749e+00 2.991161342191167929e-02
1.561722646544584592e+00 2.710684218283763991e-02
1.563161094224923886e+00 2.464551302900342897e-02
1.564602194155065851e+00 2.253374799022693151e-02
1.566045953677217106e+00 2.049227712110240907e-02
1.567492380160709686e+00 1.861750683282828098e-02
1.568941481002126714e+00 1.703874293438816662e-02
1.570393263625427860e+00 1.552563564524511025e-02
1.571847735482078345e+00 1.406068554261912483e-02
1.573304904051172848e+00 1.283719832130184382e-02
1.574764776839565839e+00 1.172650569086509421e-02
1.576227361382000813e+00 1.062103570419381006e-02
1.577692665241238412e+00 9.701260270032801419e-03
1.579160696008188314e+00 8.936382292410165185e-03
1.580631461302039797e+00 8.161341124204026312e-03
1.582104968770392750e+00 7.491580963021477087e-03
1.583581226089390892e+00 6.975874119777827377e-03
1.585060240963855893e+00 6.442325542140713013e-03
1.586542021127419044e+00 5.931481871064859732e-03
1.588026574342659369e+00 5.551402402830270429e-03
1.589513908401236186e+00 5.169032287098100989e-03
1.591004031124027440e+00 4.758460035210940013e-03
1.592496950361264929e+00 4.454658036119194670e-03
1.593992673992673970e+00 4.184299909714697500e-03
1.595491209927611287e+00 3.867285227033888037e-03
1.596992566105204014e+00 3.627143325890011798e-03
1.598496750494490026e+00 3.450876177648570190e-03
1.600003771094560268e+00 3.225044314377897674e-03
1.601513635934698643e+00 3.037298545891827743e-03
1.603026353074525678e+00 2.929328416701478584e-03
1.604541930604141298e+00 2.781756678063067312e-03
1.606060376644269816e+00 2.636255997641683783e-03
1.607581699346405157e+00 2.576835449360617702e-03
1.609105906892955185e+00 2.500257385600541601e-03
1.610633007497390246e+00 2.397866919424352424e-03
1.612163009404389058e+00 2.376706769212237873e-03
1.613695920889987923e+00 2.364402028345481601e-03
1.615231750261730381e+00 2.303140653215058828e-03
1.616770505858816875e+00 2.302877247574543380e-03
1.618312196052255292e+00 2.334650689260470927e-03
1.619856829245013063e+00 2.301116965194153086e-03
1.621404413872169714e+00 2.296326286371889753e-03
1.622954958401071179e+00 2.345231308511403628e-03
1.624508471331482573e+00 2.329772152865808039e-03
1.626064961195746061e+00 2.308734182562663557e-03
1.627624436558933629e+00 2.360657341355854553e-03
1.629186906019007619e+00 2.369725063746533269e-03
1.630752378206976161e+00 2.341068637622938792e-03
1.632320861787054378e+00 2.391603297144993898e-03
1.633892365456821150e+00 2.432217048341971891e-03
1.635466897947383647e+00 2.406763809187309738e-03
1.637044468023536092e+00 2.447311538607707237e-03
1.638625084483923855e+00 2.516032175682675516e-03
1.640208756161206205e+00 2.503329337182257260e-03
1.641795491922221517e+00 2.527941159307233333e-03
1.643385300668151805e+00 2.619358717945873775e-03
1.644978191334690365e+00 2.634375859134672690e-03
1.646574172892209198e+00 2.646216046053458202e-03
1.648173254345926209e+00 2.751662718778676107e-03
1.649775444736074848e+00 2.803464665648909560e-03
1.651380753138075308e+00 2.802412148628252286e-03
1.652989188662706166e+00 2.897165409735968835e-03
1.654600760456273800e+00 2.975871788885052494e-03
1.656215477700790695e+00 2.957256517499612294e-03
1.657833349614144858e+00 3.012004242134728917e-03
1.659454385450278791e+00 3.103388111399187077e-03
1.661078594499364236e+00 3.080422301449093746e-03
1.662705986087979149e+00 3.090815810688109320e-03
1.664336569579287994e+00 3.192600957182818982e-03
1.665970354373220719e+00 3.195730387205647678e-03
1.667607349906652159e+00 3.176965041243887122e-03
1.669247565653585452e+00 3.282652789884794777e-03
1.670891011125332337e+00 3.330466217621593297e-03
1.672537695870700780e+00 3.295083384465907761e-03
1.674187629476176387e+00 3.383422604523528537e-03
1.675840821566110250e+00 3.475364983934491926e-03
1.677497281802906137e+00 3.437766067391591525e-03
1.679157019887206781e+00 3.489230267270600032e-03
1.680820045558086839e+00 3.616095341228005213e-03
1.682486368593239190e+00 3.598506610964974373e-03
1.684155998809169441e+00 3.602848082323500088e-03
1.685828946061388667e+00 3.740825400564487101e-03
1.687505220244605697e+00 3.756132253334943001e-03
1.689184831292923405e+00 3.704435624995575105e-03
1.690867789180034109e+00 3.810365152212540334e-03
1.692554103919417852e+00 3.856458288899475631e-03
1.694243785564540472e+00 3.756669940553877644e-03
1.695936844209053662e+00 3.798830716833336615e-03
1.697633289986996363e+00 3.878230237397609255e-03
1.699333133072995272e+00 3.773260276191707160e-03
1.701036383682469788e+00 3.752871937277511751e-03
1.702743052071837404e+00 3.867757426072876079e-03
1.704453148538716434e+00 3.806398098828942325e-03
1.706166683422137398e+00 3.733788758028327211e-03
1.707883667102747305e+00 3.860325754349172925e-03
1.709604110003022148e+00 3.865074518022502958e-03
1.711328022587476294e+00 3.747602160185197623e-03
1.713055415362874978e+00 3.841332952763809941e-03
1.714786298878448134e+00 3.912772666673831716e-03
1.716520683726104890e+00 3.772513337877393506e-03
1.718258580540649838e+00 3.796097065495883903e-03
1.719999999999999973e+00 3.921690570465834538e-03
