1.159999999999999698e+00 1.232147032940275242e-04
1.160995622693330898e+00 1.044713053785728757e-04
1.161992955931620886e+00 1.276968167614661099e-04
1.162992004126902179e+00 1.302153438678832096e-04
1.163992771706393370e+00 1.170322230474483093e-04
1.164995263112565516e+00 1.489829405828299971e-04
1.165999482803206533e+00 1.255270369191921020e-04
1.167005435251488032e+00 1.307961238055123908e-04
1.168013124946032377e+00 1.493199701423816286e-04
1.169022556390977297e+00 1.087838955367671979e-04
1.170033734106046053e+00 1.334447626426940646e-04
1.171046662626612278e+00 1.163165191123122477e-04
1.172061346503769030e+00 7.852040991453791479e-05
1.173077790304396739e+00 1.069472679718831725e-04
1.174095998611231595e+00 5.333419998156120579e-05
1.175115976022934605e+00 4.369554648970904354e-05
1.176137727154160206e+00 5.203124383208176045e-05
1.177161256635627762e+00 1.762046271999300306e-06
1.178186569114188398e+00 4.069595890916957980e-05
1.179213669252898500e+00 5.527173584680497897e-06
1.180242561731087880e+00 1.379593399573697348e-04
1.181273251244432609e+00 4.211822722701259671e-04
1.182305742505025847e+00 1.636307286628279419e-04
1.183340040241448676e+00 6.856612873321457950e-05
1.184376149198844264e+00 6.152740819758250723e-04
1.185414074138988694e+00 6.375653555157624304e-04
1.186453819840364687e+00 1.751520518187799319e-04
1.187495391098235320e+00 1.031132327855036962e-04
1.188538792724716409e+00 3.608890137323537213e-04
1.189584029548852229e+00 6.013078619822624041e-04
1.190631106416688567e+00 4.761300739087933210e-04
1.191680028191348439e+00 1.636550720880970656e-04
1.192730799753108029e+00 1.249456181298457880e-04
1.193783425999470404e+00 3.030898195884667396e-04
1.194837911845243239e+00 6.246545257642598060e-04
1.195894262222615190e+00 7.654149953665555228e-04
1.196952482081231839e+00 4.955064451166137562e-04
1.198012576388273631e+00 3.042459860279095210e-04
1.199074550128534700e+00 2.922600414922959513e-04
1.200138408304498139e+00 4.132840155181127643e-04
1.201204155936417717e+00 8.053660332211460627e-04
1.202271798062394481e+00 9.900112818982951309e-04
1.203341339738457139e+00 7.573813914163171146e-04
1.204412786038642880e+00 4.935335734900224989e-04
1.205486142055075316e+00 3.453689138894543782e-04
1.206561412898046415e+00 3.429441728271373415e-04
1.207638603696098434e+00 4.894644312124225415e-04
1.208717719596103857e+00 7.617905246336191365e-04
1.209798765763348438e+00 9.986585879942296191e-04
1.210881747381612916e+00 9.017867515573783042e-04
1.211966669653256723e+00 6.352618568305593320e-04
1.213053537799300363e+00 4.924296705339742224e-04
1.214142357059509791e+00 4.632356100494071415e-04
1.215233132692480345e+00 5.815727322107723009e-04
1.216325869975721563e+00 8.318520155577345749e-04
1.217420574205741790e+00 1.133400150553637385e-03
1.218517250698135213e+00 1.343078483402260648e-03
1.219615904787665572e+00 1.231276444866504644e-03
1.220716541828354540e+00 9.224104491019235368e-04
1.221819167193568756e+00 6.795933536954065508e-04
1.222923786276105096e+00 5.510004589976635024e-04
1.224030404488281709e+00 5.705790364676549455e-04
1.225139027262023284e+00 7.116189480129386747e-04
1.226249660048952972e+00 9.191272540152869378e-04
1.227362308320478990e+00 1.124784897895545659e-03
1.228476977567886541e+00 1.174697229179861007e-03
1.229593673302427081e+00 1.071329430718281992e-03
1.230712401055408911e+00 9.249995981919197433e-04
1.231833166378289546e+00 8.081346146069596842e-04
1.232955974842767422e+00 7.921483775866903273e-04
1.234080832040872044e+00 8.676399866621270192e-04
1.235207743585060580e+00 1.010187734905631206e-03
1.236336715108308004e+00 1.188360702784036329e-03
1.237467752264202359e+00 1.305639953729987061e-03
1.238600860727039343e+00 1.319477208522739980e-03
1.239736046191916241e+00 1.235648817782885678e-03
1.240873314374827840e+00 1.103632780421768449e-03
1.242012671012762803e+00 1.007055796243026130e-03
1.243154121863799144e+00 9.676533461817555300e-04
1.244297672707202596e+00 9.928441510118641428e-04
1.245443329343522532e+00 1.072764456761865232e-03
1.246591097594691444e+00 1.161668802192460060e-03
1.247740983304123308e+00 1.233826159506032230e-03
1.248892992336810837e+00 1.261978903496308122e-03
1.250047130579428734e+00 1.245775963494443698e-03
1.251203403940430947e+00 1.215827480172571246e-03
1.252361818350152589e+00 1.189245321583384286e-03
1.253522379760911853e+00 1.188013742022756957e-03
1.254685094147110602e+00 1.216436882868131243e-03
1.255849967505338283e+00 1.262099966671483345e-03
1.257017005854474512e+00 1.314337974857351368e-03
1.258186215235791883e+00 1.354218545238040613e-03
1.259357601713061880e+00 1.378650768170610816e-03
1.260531171372658354e+00 1.394837248095524276e-03
1.261706930323663656e+00 1.414814683932028548e-03
1.262884884697973886e+00 1.452873599880534711e-03
1.264065040650406369e+00 1.509603512617368679e-03
1.265247404358806227e+00 1.582552876806207808e-03
1.266431982024155189e+00 1.658310932553554206e-03
1.267618779870677503e+00 1.727151275346666811e-03
1.268807804145952511e+00 1.789938588011664132e-03
1.269999061121021455e+00 1.847060466767139458e-03
1.271192557090498942e+00 1.915788321486963869e-03
1.272388298372683746e+00 2.001159423636625963e-03
1.273586291309669383e+00 2.099914644835588606e-03
1.274786542267458245e+00 2.206144551500676450e-03
1.275989057636071955e+00 2.285431050211777972e-03
1.277193843829666609e+00 2.323679738153090670e-03
1.278400907286645793e+00 2.316669379414943407e-03
1.279610254469775832e+00 2.270930046539004418e-03
1.280821891866300577e+00 2.230727640721610373e-03
1.282035825988057764e+00 2.215719310351794286e-03
1.283252063371596474e+00 2.248753826824824355e-03
1.284470610578292815e+00 2.342814191957481081e-03
1.285691474194468276e+00 2.462238080077283620e-03
1.286914660831509627e+00 2.586835317596063166e-03
1.288140177125987940e+00 2.671752850764158235e-03
1.289368029739776933e+00 2.688972812472259586e-03
1.290598225360175322e+00 2.671854261143704300e-03
1.291830770700028497e+00 2.638014543907223671e-03
1.293065672497849095e+00 2.643981399009043363e-03
1.294302937517940677e+00 2.730776504094314331e-03
1.295542572550521854e+00 2.885124753923392661e-03
1.296784584411849295e+00 3.105858221446321753e-03
1.298028979944343186e+00 3.311807840759825421e-03
1.299275766016712907e+00 3.423175277467482239e-03
1.300524949524084040e+00 3.420384956032476980e-03
1.301776537388124044e+00 3.290999795839204180e-03
1.303030536557171493e+00 3.125108186482950315e-03
1.304286954006363741e+00 3.000320570301129568e-03
1.305545796737766606e+00 2.953337640038692074e-03
1.306807071780504037e+00 3.046778960717867225e-03
1.308070786190890678e+00 3.242927258587566339e-03
1.309336947052560207e+00 3.499531673230360518e-03
1.310605561476601011e+00 3.751191201698973136e-03
1.311876636601687629e+00 3.883537779905203626e-03
1.313150179594214206e+00 3.921203387333256456e-03
1.314426197648430605e+00 3.907408457968284191e-03
1.315704697986577187e+00 3.922198482092838744e-03
1.316985687859020482e+00 4.086058338125958707e-03
1.318269174544391076e+00 4.389425273875340559e-03
1.319555165349721948e+00 4.842417685052442626e-03
1.320843667610585026e+00 5.363329013957064684e-03
1.322134688691232629e+00 5.775887034631669442e-03
1.323428235984737134e+00 6.037688351405568962e-03
1.324724316913132860e+00 6.109757531046817146e-03
1.326022938927555961e+00 6.112535386154461375e-03
1.327324109508389638e+00 6.256627453452738748e-03
1.328627836165405807e+00 6.620784510620778517e-03
1.329934126437911646e+00 7.372641772021361860e-03
1.331242987894892149e+00 8.526030943471601606e-03
1.332554428135159119e+00 9.963461092837251620e-03
1.333868454787496161e+00 1.159926387641037511e-02
1.335185075510808339e+00 1.316990249007725378e-02
1.336504297994269397e+00 1.474888258694174309e-02
1.337826129957472077e+00 1.666583698108879338e-02
1.339150579150579112e+00 1.915989547703911972e-02
1.340477653354473997e+00 2.279108673466497328e-02
1.341807360380914638e+00 2.769738884717990596e-02
1.343139708072683902e+00 3.321002801069831284e-02
1.344474704303747048e+00 3.879596855695351121e-02
1.345812356979404933e+00 4.426221655723770049e-02
1.347152674036450337e+00 4.970739530431075165e-02
1.348495663443325610e+00 5.567135064290006791e-02
1.349841333200279436e+00 6.319121520104119261e-02
1.351189691339526489e+00 7.306639329244903058e-02
1.352540745925407517e+00 8.463634803850603183e-02
1.353894505054549002e+00 9.614972205154988238e-02
1.355250976856026579e+00 1.057993420212105934e-01
1.356610169491525353e+00 1.131500693179465500e-01
1.357972091155506433e+00 1.198953583962904662e-01
1.359336750075369249e+00 1.272315317613252339e-01
1.360704154511618524e+00 1.342203437621658779e-01
1.362074312758030370e+00 1.386914486972598559e-01
1.363447233141820369e+00 1.384217657453510331e-01
1.364822924023811668e+00 1.337287108690901061e-01
1.366201393798606167e+00 1.266120217761594891e-01
1.367582650894752616e+00 1.170881441071192630e-01
1.368966703774921356e+00 1.042257276538728628e-01
1.370353560936075521e+00 8.839023248365918128e-02
1.371743230909644007e+00 7.159504764441988744e-02
1.373135722261699332e+00 5.638284381951198798e-02
1.374531043593130830e+00 4.365673302766759356e-02
1.375929203539822954e+00 3.367479638942478398e-02
1.377330210772833796e+00 2.691044606924585664e-02
1.378734073998573173e+00 2.274215856716645459e-02
1.380140801958983587e+00 2.034406738240455981e-02
1.381550403431722973e+00 1.907729189536603795e-02
1.382962887230344551e+00 1.827346941821236456e-02
1.384378262204482679e+00 1.784902412701483421e-02
1.385796537240036930e+00 1.760282662113822963e-02
1.387217721259358161e+00 1.739434141071559067e-02
1.388641823221435034e+00 1.731803560588455679e-02
1.390068852122084087e+00 1.713850564281187497e-02
1.391498816994136245e+00 1.693197501335802491e-02
1.392931726907630452e+00 1.672068899565532993e-02
1.394367590970003290e+00 1.639164835898720973e-02
1.395806418326281939e+00 1.617662704987844063e-02
1.397248218159280908e+00 1.597904904769494039e-02
1.398692999689794103e+00 1.582815453916607343e-02
1.400140772176793114e+00 1.584038558876737016e-02
1.401591544917625054e+00 1.580012368384311680e-02
1.403045327248210850e+00 1.583385398666520630e-02
1.404502128543245520e+00 1.586898615700130591e-02
1.405961958216401797e+00 1.579059761734912318e-02
1.407424825720528627e+00 1.579116991119501601e-02
1.408890740547859455e+00 1.569646966162934962e-02
1.410359712230215612e+00 1.558651413383411836e-02
1.411831750339212821e+00 1.553532897808640803e-02
1.413306864486469472e+00 1.534333590114576873e-02
1.414785064323815345e+00 1.520098179159662909e-02
1.416266359543503439e+00 1.500645614563163137e-02
1.417750759878419586e+00 1.472704260518117175e-02
1.419238275102297830e+00 1.457286457305721587e-02
1.420728915029933814e+00 1.436408178339295370e-02
1.422222689517400829e+00 1.425736173649928135e-02
1.423719608462266972e+00 1.427731306920123136e-02
1.425219681803814087e+00 1.424704717701239659e-02
1.426722919523256916e+00 1.436186043059934671e-02
1.428229331643965816e+00 1.442162665252303549e-02
1.429738928231687911e+00 1.441505944358138606e-02
1.431251719394772914e+00 1.447581500628360510e-02
1.432767715284397836e+00 1.437448534759557320e-02
1.434286926094793468e+00 1.432107323282441613e-02
1.435809362063475092e+00 1.427811368951079941e-02
1.437335033471469625e+00 1.412626666414622950e-02
1.438863950643548328e+00 1.409993509404986606e-02
1.440396123948461060e+00 1.397169398795609224e-02
1.441931563799168758e+00 1.382834203624472985e-02
1.443470280653078586e+00 1.377799263125501807e-02
1.445012285012284847e+00 1.360579341637435137e-02
1.446557587423805025e+00 1.357784851197341679e-02
1.448106198479820028e+00 1.358174055943441039e-02
1.449658128817918668e+00 1.355107877518217999e-02
1.451213389121338793e+00 1.369277756844929257e-02
1.452771990119213763e+00 1.370702415863670962e-02
1.454333942586818695e+00 1.372541278969447061e-02
1.455899257345818709e+00 1.375282566633189568e-02
1.457467945264518727e+00 1.356774576236986947e-02
1.459040017258116606e+00 1.346983932784038933e-02
1.460615484288953603e+00 1.328018032856042793e-02
1.462194357366771058e+00 1.302655726350019846e-02
1.463776647548966636e+00 1.291988813047415495e-02
1.465362365940851674e+00 1.266721937885117999e-02
1.466951523695911641e+00 1.250096409615932685e-02
1.468544132016067705e+00 1.237272953097899239e-02
1.470140202151939857e+00 1.211500561651494140e-02
1.471739745403111810e+00 1.203556743380006754e-02
1.473342773118396565e+00 1.187710583770579947e-02
1.474949296696107082e+00 1.173653715250893084e-02
1.476559327584324732e+00 1.174658492090736167e-02
1.478172877281171305e+00 1.159410226417846752e-02
1.479789957335083672e+00 1.155490203664033023e-02
1.481410579345088019e+00 1.146788281175290664e-02
1.483034754961078949e+00 1.121894061995606755e-02
1.484662495884096156e+00 1.110252925019246384e-02
1.486293813866607971e+00 1.081090560964058193e-02
1.487928720712792918e+00 1.054876382413266409e-02
1.489567228278823707e+00 1.039776967221827525e-02
1.491209348473156338e+00 1.009429495954479623e-02
1.492855093256814980e+00 9.981064496900846419e-03
1.494504474643685521e+00 9.826261046752611528e-03
1.496157504700807550e+00 9.608520592160130561e-03
1.497814195548665683e+00 9.572298591271151749e-03
1.499474559361489989e+00 9.361007749016924187e-03
1.501138608367550642e+00 9.247670977062029743e-03
1.502806354849461012e+00 9.195288095312127361e-03
1.504477811144477872e+00 8.978913598654247527e-03
1.506152989644805817e+00 8.953855817481265120e-03
1.507831902797904355e+00 8.792304360307170302e-03
1.509514563106796103e+00 8.569087136958399020e-03
1.511200983130376541e+00 8.467922004333466868e-03
1.512891175483726647e+00 8.124727546229768005e-03
1.514585152838427984e+00 7.899676907823597119e-03
1.516282927922878887e+00 7.675678489333813068e-03
1.517984513522612211e+00 7.314641724075408337e-03
1.519689922480620181e+00 7.182200865072184588e-03
1.521399167697671917e+00 6.907168587502747828e-03
1.523112262132642725e+00 6.665058589064016929e-03
1.524829218802840503e+00 6.553879543824188240e-03
1.526550050784335921e+00 6.226329957949952934e-03
1.528274771212292382e+00 6.069160790062862881e-03
1.530003393281303081e+00 5.854898466152193975e-03
1.531735930245725408e+00 5.525168044051178076e-03
1.533472395420020229e+00 5.397037779864688814e-03
1.535212802179094282e+00 5.069495881490794671e-03
1.536957163958641459e+00 4.805090849550346446e-03
1.538705494255488526e+00 4.616203355954226310e-03
1.540457806627946624e+00 4.221255561401130590e-03
1.542214114696157656e+00 4.021141038982252100e-03
1.543974432142449560e+00 3.732259538897593574e-03
1.545738772711690023e+00 3.396016011130928609e-03
1.547507150211646199e+00 3.255031174592378559e-03
1.549279578513343303e+00 2.936017760124931281e-03
1.551056071551427662e+00 2.748553031416417144e-03
1.552836643324532195e+00 2.603452993415853508e-03
1.554621307895644122e+00 2.315639555812622902e-03
1.556410079392474888e+00 2.227362361462639859e-03
1.558202972007833198e+00 2.012383277150193821e-03
1.560000000000000053e+00 1.805689479168551921e-03
