1.000000000000000000e+00 1.711807633116023308e-06
1.000956480153036843e+00 1.732794761260178563e-05
1.001914791766395307e+00 1.975029321506374609e-05
1.002874940105414669e+00 1.996664570624527275e-04
1.003836930455635379e+00 1.289251641342210289e-04
1.004800768122899646e+00 2.799717178605546302e-06
1.005766458433445365e+00 1.511063559908246445e-05
1.006734006734006703e+00 1.945024460959700753e-04
1.007703418391911576e+00 2.769594481247029971e-04
1.008674698795180902e+00 4.384847731526292109e-05
1.009647853352628966e+00 4.112658799378740712e-05
1.010622887493964228e+00 6.666343785610159096e-05
1.011599806669888579e+00 3.990349192822810909e-04
1.012578616352201477e+00 7.844985168817743704e-04
1.013559322033898313e+00 5.229809676006662951e-04
1.014541929229277883e+00 1.482765114774786718e-04
1.015526443474041640e+00 4.996501936685417632e-05
1.016512870325400719e+00 1.471773744716338305e-05
1.017501215362178080e+00 4.213586885699516942e-05
1.018491484184914864e+00 1.084860524282751048e-04
1.019483682415976755e+00 1.602391782943998961e-04
1.020477815699658564e+00 8.124505729573198694e-05
1.021473889702293691e+00 4.832759113630961386e-05
1.022471910112359605e+00 9.166571949143539465e-05
1.023471882640586861e+00 2.392127340639116384e-04
1.024473813020068569e+00 5.268458737662191698e-04
1.025477707006369421e+00 9.676556604389696713e-04
1.026483570377636045e+00 1.143809477662370349e-03
1.027491408934708028e+00 8.164727167072702990e-04
1.028501228501228493e+00 4.449654695976431261e-04
1.029513034923758008e+00 2.084913774843657802e-04
1.030526834071885833e+00 1.025558869761522578e-04
1.031542631838344048e+00 7.497735595070038981e-05
1.032560434139121908e+00 1.265017148919339812e-04
1.033580246913580414e+00 2.371698858391963404e-04
1.034602076124567560e+00 3.220535032641539167e-04
1.035625927758535125e+00 2.458913728300268146e-04
1.036651807825656135e+00 1.288958992382820818e-04
1.037679722359940548e+00 5.651112426847487930e-05
1.038709677419354716e+00 5.685859124111872313e-05
1.039741679085941284e+00 1.297758817933437707e-04
1.040775733465937103e+00 2.893519973190005791e-04
1.041811846689895349e+00 5.138568559475540807e-04
1.042850024912805207e+00 7.486546930791941525e-04
1.043890274314214439e+00 8.137217805531991128e-04
1.044932601098352398e+00 6.559121044358187484e-04
1.045977011494252817e+00 4.400933956525880739e-04
1.047023511755877712e+00 2.734040620524927964e-04
1.048072108162243499e+00 1.812574778161775912e-04
1.049122807017543790e+00 1.316597634879104338e-04
1.050175614651279288e+00 1.234239096490117151e-04
1.051230537418383015e+00 1.316768684239904110e-04
1.052287581699346442e+00 1.465422921844183098e-04
1.053346753900352484e+00 1.389988469946139987e-04
1.054408060453400520e+00 1.316270220473608093e-04
1.055471507816439836e+00 1.426565187988451764e-04
1.056537102473497969e+00 2.049978388853773985e-04
1.057604850934815710e+00 3.255438749055872922e-04
1.058674759736975224e+00 5.474464892391422977e-04
1.059746835443037938e+00 8.649271771915360016e-04
1.060821084642676215e+00 1.226372492987017841e-03
1.061897513952308580e+00 1.405833021823274954e-03
1.062976130015236276e+00 1.334025954014923885e-03
1.064056939501779375e+00 1.039165507588475689e-03
1.065139949109414896e+00 7.156163809458870049e-04
1.066225165562913801e+00 4.693151276779675791e-04
1.067312595614482440e+00 3.296649300832503460e-04
1.068402246043899995e+00 2.694542271019492513e-04
1.069494123658661255e+00 2.715349880387398873e-04
1.070588235294117840e+00 3.095469237115900806e-04
1.071684587813620082e+00 3.393670118019123986e-04
1.072783188108662467e+00 3.029268286453484847e-04
1.073884043099025076e+00 2.065286343664314128e-04
1.074987159732922581e+00 1.157130276775904118e-04
1.076092544987146571e+00 6.996955257688383396e-05
1.077200205867215654e+00 9.087960632207334080e-05
1.078310149407522012e+00 1.819473193294538686e-04
1.079422382671480385e+00 3.485310413863309002e-04
1.080536912751677958e+00 6.092744872257526171e-04
1.081653746770025792e+00 9.258372705903417923e-04
1.082772891877909816e+00 1.162497119681660382e-03
1.083894355256344033e+00 1.187848879992443310e-03
1.085018144116122407e+00 9.848371705441377483e-04
1.086144265697976286e+00 7.276662886181119085e-04
1.087272727272727169e+00 4.813474551395513978e-04
1.088403536141445471e+00 3.118888139421279642e-04
1.089536699635606398e+00 1.945784154213642931e-04
1.090672225117248706e+00 1.468387606483824079e-04
1.091810119979134130e+00 1.362139279910970979e-04
1.092950391644908592e+00 1.589298050894591657e-04
1.094093047569262733e+00 1.641932906739622540e-04
1.095238095238095122e+00 1.525841788208991839e-04
1.096385542168674787e+00 1.268922385964712791e-04
1.097535395909805978e+00 1.354815179005795854e-04
1.098687664041994694e+00 1.800320600746956252e-04
1.099842354177614334e+00 2.891700161917762162e-04
1.100999473961073116e+00 4.460748608657865593e-04
1.102159031068983719e+00 6.734662605302564999e-04
1.103321033210332036e+00 9.141723647631916447e-04
1.104485488126649040e+00 1.158753592647107818e-03
1.105652403592181532e+00 1.259162170550689542e-03
1.106821787414066671e+00 1.181457259415222500e-03
1.107993647432504059e+00 9.461163418073687513e-04
1.109167991520932706e+00 7.100681527526172014e-04
1.110344827586206895e+00 5.155105431940453561e-04
1.111524163568773149e+00 3.910598692918127654e-04
1.112706007442849421e+00 3.170737511348649374e-04
1.113890367216604727e+00 2.877221153657915395e-04
1.115077250932338782e+00 2.883452933099666109e-04
1.116266666666666518e+00 2.976366076216093804e-04
1.117458622530699497e+00 3.190732770361011036e-04
1.118653126670229758e+00 3.588143237619285594e-04
1.119850187265917674e+00 3.481323016919127917e-04
1.121049812533476242e+00 3.661397515765729758e-04
1.122252010723860494e+00 4.023214189825486601e-04
1.123456790123456894e+00 4.745470972466513462e-04
1.124664159054271861e+00 6.049783157656839390e-04
1.125874125874125831e+00 7.691689430832599015e-04
1.127086698976844437e+00 8.983882029646006028e-04
1.128301886792452802e+00 9.722905048210482484e-04
1.129519697787371824e+00 9.547363380022247078e-04
1.130740140464613575e+00 8.175762159294372878e-04
1.131963223363980475e+00 6.428911299143367022e-04
1.133188955062263137e+00 4.676842718143336313e-04
1.134417344173441755e+00 3.615892224558626467e-04
1.135648399348887727e+00 3.128012790789887893e-04
1.136882129277566600e+00 3.426932861630885936e-04
1.138118542686242574e+00 4.295561830347221360e-04
1.139357648339684337e+00 5.707571724261642455e-04
1.140599455040871790e+00 7.251550226512927392e-04
1.141843971631205434e+00 8.801102090367649228e-04
1.143091206990715536e+00 9.960983303901414093e-04
1.144341170038272404e+00 1.103346996739057884e-03
1.145593869731800885e+00 1.201684622868107741e-03
1.146849315068493302e+00 1.364017325972647450e-03
1.148107515085024621e+00 1.579622700094436777e-03
1.149368478857770492e+00 1.911532927920591785e-03
1.150632215503023525e+00 2.308740124165022112e-03
1.151898734177215111e+00 2.798039022700662959e-03
1.153168044077135024e+00 3.241866180900888385e-03
1.154440154440154354e+00 3.679125877386078824e-03
1.155715074544450660e+00 4.021838949792132765e-03
1.156992813709231349e+00 4.449528569970920625e-03
1.158273381294964155e+00 4.961873686125593298e-03
1.159556786703601183e+00 5.869076493796639843e-03
1.160843039378812946e+00 7.203942262597318527e-03
1.162132148806218845e+00 9.249372926847063137e-03
1.163424124513618763e+00 1.176169960584042343e-02
1.164718976071229761e+00 1.472194136335969010e-02
1.166016713091922341e+00 1.753726006045396371e-02
1.167317345231455583e+00 2.031900573749178054e-02
1.168620882188721399e+00 2.285390502459972925e-02
1.169927333705981010e+00 2.578069754389443469e-02
1.171236709569110079e+00 2.903005469974928587e-02
1.172549019607843190e+00 3.322108910514297297e-02
1.173864273696017868e+00 3.824546835998383909e-02
1.175182481751824826e+00 4.469472697594509963e-02
1.176503653738055100e+00 5.214241176431190505e-02
1.177827799662352071e+00 6.079297843604729995e-02
1.179154929577464817e+00 7.035818154986997475e-02
1.180485053581500354e+00 8.170414298432336631e-02
1.181818181818181879e+00 9.537728060255289131e-02
1.183154324477105668e+00 1.125151993909594833e-01
1.184493491794001097e+00 1.335152823243881404e-01
1.185835694050991318e+00 1.579335377787486061e-01
1.187180941576857718e+00 1.840585121503352517e-01
1.188529244747302593e+00 2.091418077681281573e-01
1.189880613985218938e+00 2.319141306495953181e-01
1.191235059760956227e+00 2.519963339356690590e-01
1.192592592592592649e+00 2.729187510736382216e-01
1.193953223046206435e+00 2.963865128029164464e-01
1.195316961736150763e+00 3.239793946562457005e-01
1.196683819325328857e+00 3.506786709632385701e-01
1.198053806525471998e+00 3.726270424950641758e-01
1.199426934097421293e+00 3.839318462097662810e-01
1.200803212851405677e+00 3.857236637121988498e-01
1.202182653647329236e+00 3.786318001138371248e-01
1.203565267395054761e+00 3.665133294466619285e-01
1.204951065054691961e+00 3.484831917318917949e-01
1.206340057636887675e+00 3.243724972070900492e-01
1.207732256203115861e+00 2.933058120345923281e-01
1.209127671865973586e+00 2.577112329070828656e-01
1.210526315789473895e+00 2.213496472798337777e-01
1.211928199189345579e+00 1.864152152315456112e-01
1.213333333333333375e+00 1.537898904161958402e-01
1.214741729541497506e+00 1.224907063786440514e-01
1.216153399186519657e+00 9.446157158221288319e-02
1.217568353694008287e+00 7.079818928285797064e-02
1.218986604542807273e+00 5.336056449099689514e-02
1.220408163265306323e+00 4.087305330424805677e-02
1.221833041447752732e+00 3.275288951551603989e-02
1.223261250730566907e+00 2.699815545909253767e-02
1.224692802808660108e+00 2.323194154203556475e-02
1.226127709431751533e+00 2.031863345855948119e-02
1.227565982404692280e+00 1.848183184804154389e-02
1.229007633587786197e+00 1.696604709616364101e-02
1.230452674897119181e+00 1.602343672296395113e-02
1.231901118304885134e+00 1.491769757109196598e-02
1.233352975839717036e+00 1.398461911482853058e-02
1.234808259587020451e+00 1.276277707956278810e-02
1.236266981689309041e+00 1.182220500523995486e-02
1.237729154346540295e+00 1.081366336066116526e-02
1.239194789816459252e+00 1.017824297398675810e-02
1.240663900414937793e+00 9.476378740764882305e-03
1.242136498516320575e+00 9.026441033577345396e-03
1.243612596553773209e+00 8.448304911597098385e-03
1.245092207019631303e+00 8.141318039921126987e-03
1.246575342465753522e+00 7.718071070099171219e-03
1.248062015503876188e+00 7.489684653278340203e-03
1.249552238805970106e+00 7.088077293986258000e-03
1.251046025104602499e+00 6.799602465724016720e-03
1.252543387193297386e+00 6.300922300285334392e-03
1.254044337926902397e+00 5.953634814943865178e-03
1.255548890221955594e+00 5.533294995608403245e-03
1.257057057057057170e+00 5.321383781759262202e-03
1.258568851473240935e+00 5.052074176648176269e-03
1.260084286574352674e+00 4.936831690230156916e-03
1.261603375527426074e+00 4.735839485953591103e-03
1.263126131563065746e+00 4.636167149958409471e-03
1.264652567975830699e+00 4.456312603540199188e-03
1.266182698124621808e+00 4.361346668122570609e-03
1.267716535433070835e+00 4.187003416819472072e-03
1.269254093389933225e+00 4.039185443832429834e-03
1.270795385549483791e+00 3.807528043531468922e-03
1.272340425531915065e+00 3.600517086993619467e-03
1.273889227023737192e+00 3.392415345338553948e-03
1.275441803778184058e+00 3.246314015182407125e-03
1.276998169615619183e+00 3.135447999076469532e-03
1.278558338423946061e+00 3.047293517098516747e-03
1.280122324159021163e+00 2.967316940269164403e-03
1.281690140845070491e+00 2.849123130342039959e-03
1.283261802575107247e+00 2.744450864816553280e-03
1.284837323511356599e+00 2.588905074329620002e-03
1.286416717885679128e+00 2.481938158846170531e-03
1.288000000000000256e+00 2.308182879821956378e-03
1.289587184226740790e+00 2.199344826954454778e-03
1.291178285009253468e+00 2.010704035476126254e-03
1.292773316862260824e+00 1.919841929711591823e-03
1.294372294372294174e+00 1.759219098975758596e-03
1.295975232198142590e+00 1.721479258749242453e-03
1.297582145071295878e+00 1.597838114389091161e-03
1.299193047796399769e+00 1.587553378056057391e-03
1.300807955251709336e+00 1.452524121140036763e-03
1.302426882389545737e+00 1.428267504782401200e-03
1.304049844236760292e+00 1.269494956993518203e-03
1.305676855895196553e+00 1.244664422105153274e-03
1.307307932542161266e+00 1.089334375179022143e-03
1.308943089430894657e+00 1.077829517840346975e-03
1.310582341891045832e+00 9.297257806461364446e-04
1.312225705329153724e+00 9.288764805450926794e-04
1.313873195229127377e+00 7.924093287152587841e-04
1.315524827152734222e+00 8.098635605855590601e-04
1.317180616740088350e+00 6.901030865190772379e-04
1.318840579710145011e+00 7.206540974523928779e-04
1.320504731861198655e+00 6.005032367781096584e-04
1.322173089071383423e+00 6.240231771406340010e-04
1.323845667299177631e+00 4.947896242251907791e-04
1.325522482583913808e+00 5.136498369193485221e-04
1.327203551046290286e+00 3.921388833121085618e-04
1.328888888888888786e+00 4.188258906274991617e-04
1.330578512396694002e+00 3.112468067783980431e-04
1.332272437937619403e+00 3.455109284602717631e-04
1.333970681963033700e+00 2.490272838411972090e-04
1.335673261008296198e+00 2.911031337128704957e-04
1.337380191693290810e+00 2.055787367067866283e-04
1.339091490722968736e+00 2.573814499321030167e-04
1.340807174887892250e+00 1.785585589456232592e-04
1.342527261064785149e+00 2.376012554951500652e-04
1.344251766217084088e+00 1.596838768514268446e-04
1.345980707395498355e+00 2.262350011847096432e-04
1.347714101738570314e+00 1.494056790778405331e-04
1.349451966473242948e+00 2.298902304376517988e-04
1.351194318915429404e+00 1.525751147240028758e-04
1.352941176470588314e+00 2.516548869882281186e-04
1.354692556634304212e+00 1.654112716384336897e-04
1.356448476992871077e+00 2.845274688226770454e-04
1.358208955223880743e+00 1.799235945827808701e-04
1.359974009096815983e+00 3.212199203442873009e-04
1.361743656473649811e+00 1.890699100879374541e-04
1.363517915309446327e+00 3.497917340718406523e-04
1.365296803652968016e+00 1.789831939666026712e-04
1.367080339647289700e+00 3.474481135021841439e-04
1.368868541530412042e+00 1.394593523323142106e-04
1.370661427635887275e+00 3.027128933170807469e-04
1.372459016393442699e+00 7.647174394244405911e-05
1.374261326329612620e+00 1.951851282013515078e-04
1.376068376068376065e+00 4.793029202162682023e-05
1.377880184331797375e+00 3.125086926363697783e-04
1.379696769940672585e+00 2.353316810841897793e-04
1.381518151815181561e+00 2.320346918396410516e-05
1.383344348975545257e+00 1.717434707508013652e-03
1.385175380542687185e+00 1.103361929226013248e-02
1.387011265738899990e+00 1.443016289778446121e-02
1.388852023888520471e+00 7.253986134974686403e-03
1.390697674418604590e+00 5.332171249673542390e-03
1.392548236859614041e+00 1.011428174192209595e-02
1.394403730846102585e+00 2.924855778365960737e-02
1.396264176117411493e+00 7.159485353857734935e-02
1.398129592518370101e+00 7.954153514443147721e-02
1.400000000000000133e+00 4.374316943053999790e-02
