1.499999999999999932e-07
1.575000000000000008e-07
1.274999999999999439e-07
1.499999999999999932e-07
1.282499999999999209e-07
1.570833333333332676e-07
1.338556134259258622e-07
1.618872170781893123e-07
1.545670584079931744e-07
1.349453484457161617e-07
1.503728976484927286e-07
1.667426579069318080e-07
1.405951848601224668e-07
1.439249484366719905e-07
1.487436971217131663e-07
1.425615221777063108e-07
1.487284000864911184e-07
1.420028829867745105e-07
1.483411810138473073e-07
1.566978374805933477e-07
1.439229075546297007e-07
1.452842331393342636e-07
1.429700858834818136e-07
1.410594412726371725e-07
1.435711616114822802e-07
1.449314012748627353e-07
1.456054792504366229e-07
1.442767909923899897e-07
1.385432147636378757e-07
1.376530409864855480e-07
1.434115327817405875e-07
1.377549953552618839e-07
1.429330214677764302e-07
1.377629949965648538e-07
1.358965526251732655e-07
1.335674765885283918e-07
1.409691418824923191e-07
1.355059073695975882e-07
1.372038267655583764e-07
1.376402813410746979e-07
1.408926712144432394e-07
1.366238037163837199e-07
1.370581311999924008e-07
1.393306664004597320e-07
1.356362626405753187e-07
1.330871960867297438e-07
1.310279031851757680e-07
1.350518230015848024e-07
1.323109144506608671e-07
1.310825382495099674e-07
1.294916029014774106e-07
1.282289286192770174e-07
1.282259817867160058e-07
1.242628213101010036e-07
1.213683374895060148e-07
1.264142622756592564e-07
1.252155334366859841e-07
1.211489728407485446e-07
1.184102036543387566e-07
1.226582641839496591e-07
1.246818517449033458e-07
1.232216670075114084e-07
1.246506168468314119e-07
1.238553522850824109e-07
1.221542677351843498e-07
1.220760177403745812e-07
1.216949944617508099e-07
1.187046747218142785e-07
1.188822879417618175e-07
1.214697939269541110e-07
1.241909166409694881e-07
1.198410786741382092e-07
1.216199298088262096e-07
1.212558667838717130e-07
1.196239935826788753e-07
1.232818447829327975e-07
1.229923553561191054e-07
1.216169001895005710e-07
1.226298518566449406e-07
1.224185701391897821e-07
1.203951937009752965e-07
1.199081584698998471e-07
1.218941866769430992e-07
1.208853877181788421e-07
1.214668226571989948e-07
1.216112105911443835e-07
1.208942132043056725e-07
1.217113208294373398e-07
1.213881705161592028e-07
1.215647299552215671e-07
1.208863617261507319e-07
1.216839985733434058e-07
1.212946618725777566e-07
1.212046887690588385e-07
1.208707363861774277e-07
1.215360650775066196e-07
1.215541716523508841e-07
1.210276563120559240e-07
1.215723862608984518e-07
1.210423624707745552e-07
1.211489294019430232e-07
1.211166404848193214e-07
1.214797900205312373e-07
1.214676470498766114e-07
1.211062041914875984e-07
1.208775663256869404e-07
1.213446393158000280e-07
1.211759730892970792e-07
1.211690151778419187e-07
1.214099758385326162e-07
1.210165504811186181e-07
1.210984810973040890e-07
1.212103801397978779e-07
1.211776328067911961e-07
1.212017623679321459e-07
1.213498163197013683e-07
1.212974421077278930e-07
1.213532828962442963e-07
1.212129070846040546e-07
1.212955886144184472e-07
1.212336529860341976e-07
1.212164590267036292e-07
1.213060072572055911e-07
1.213829157176912595e-07
1.212511321704175306e-07
1.213482319068269882e-07
1.213280009801778308e-07
1.212962064440952011e-07
1.213031521766024849e-07
1.212665682835393205e-07
1.213313012795636176e-07
1.213250573469870777e-07
1.212858005320348746e-07
1.212658745846124936e-07
1.213127268923594085e-07
1.212896810408825783e-07
1.213012488066322104e-07
1.213158520348687912e-07
1.212763968481919405e-07
1.212632459725925923e-07
1.212744314919571391e-07
