5.999999999999999728e-07 7.500000000000000000e-01 1.650000000000000127e-05
6.300000000000000033e-07 7.500000000000000000e-01 1.650000000000000127e-05
5.999999999999999728e-07 7.875000000000000888e-01 1.650000000000000127e-05
5.999999999999999728e-07 7.500000000000000000e-01 1.732500000000000099e-05
5.699999999999999424e-07 7.750000000000001332e-01 1.705000000000000108e-05
5.799999999999999526e-07 7.291666666666667407e-01 1.741666666666666537e-05
5.958333333333332755e-07 7.753472222222222987e-01 1.669097222222222436e-05
6.272222222222222050e-07 7.418981481481481399e-01 1.662731481481481666e-05
6.153009259259259444e-07 7.487943672839507681e-01 1.671537422839506314e-05
5.819212962962962030e-07 7.681037808641975051e-01 1.696194058641975461e-05
6.083468364197531346e-07 7.528171617798354864e-01 1.676674221965020691e-05
6.097312242798353741e-07 7.265308856310014329e-01 1.703685592421124841e-05
5.987287272805212215e-07 7.651771520990512387e-01 1.676303132680327161e-05
6.047170424668495092e-07 7.619962092525911501e-01 1.602818236430232564e-05
6.009827171805935998e-07 7.524992102609564526e-01 1.705482965922965337e-05
5.914607932209899909e-07 7.589670797935029745e-01 1.677849843770507499e-05
6.048289107533440757e-07 7.540983946993495834e-01 1.676919143174496912e-05
6.030269034763059585e-07 7.645165047062381092e-01 1.722470161185192587e-05
6.006306048908970444e-07 7.530242718137996061e-01 1.665097950246915279e-05
6.055660946027020662e-07 7.412374324170193374e-01 1.688696906882590740e-05
6.001531788059755377e-07 7.601897104986279352e-01 1.678885168972465519e-05
5.963487564983001161e-07 7.563770670162395238e-01 1.689391580253734297e-05
5.971056429495216029e-07 7.605614892914882574e-01 1.650100167059111845e-05
5.958132848724977098e-07 7.632489156349988590e-01 1.631639234104494127e-05
6.013826225479468158e-07 7.612648649487112618e-01 1.627689988628848986e-05
5.973974785919764501e-07 7.573953582521710803e-01 1.676537081998549631e-05
5.957410667642718612e-07 7.555893199686851691e-01 1.636631008594173839e-05
5.992339887972872982e-07 7.592312958048899052e-01 1.670082218893654809e-05
5.943325632836105944e-07 7.668927746475735496e-01 1.653741073084217099e-05
5.955224127102873555e-07 7.688532991394705363e-01 1.627104602056360833e-05
5.970068398666244936e-07 7.597824292703585503e-01 1.666238648677260270e-05
5.922011365512013043e-07 7.673847838970642155e-01 1.630997085016992629e-05
5.956816109099383401e-07 7.600513112207074595e-01 1.632175572114947585e-05
5.921238483558003386e-07 7.673409112314883984e-01 1.596969278813695279e-05
5.904961845188589536e-07 7.698604052185318292e-01 1.573879488859173729e-05
5.899921263851002344e-07 7.736114252796890689e-01 1.592168299872159405e-05
5.944963016339303750e-07 7.628763349829952300e-01 1.623840723731033352e-05
5.911774356611081996e-07 7.707864015174012984e-01 1.600503148256073637e-05
5.927901334837754123e-07 7.685456976835569609e-01 1.573017495796167915e-05
5.923238442454875326e-07 7.676266409359169263e-01 1.618918003929320729e-05
5.945781067634545978e-07 7.630375730088971853e-01 1.615788003005919204e-05
5.918859088074303659e-07 7.691720622447962841e-01 1.603687492995624741e-05
5.917146243366113043e-07 7.683712290301218939e-01 1.603905165572604949e-05
5.940409180879514931e-07 7.654527454961764787e-01 1.612385985689387215e-05
5.909503519470251176e-07 7.704777360844448086e-01 1.591628595123773668e-05
5.880665224470454946e-07 7.736868347258892831e-01 1.567222847347647457e-05
5.860750572334103382e-07 7.764315311357934402e-01 1.552168467900400645e-05
5.892345355879853135e-07 7.708012432319173435e-01 1.571709739395843304e-05
5.868168706993152034e-07 7.745277597541040393e-01 1.537969551495837366e-05
5.855824346373717207e-07 7.761501532560752814e-01 1.544055269967044571e-05
5.839445180102092392e-07 7.782467359352562841e-01 1.534113863669668072e-05
5.833174051830613113e-07 7.801729770449157275e-01 1.521161102279592185e-05
5.834020930608954932e-07 7.802099387166034905e-01 1.543695657368767776e-05
5.790428217223983934e-07 7.853995997386279404e-01 1.498757568197704113e-05
5.760349214808493950e-07 7.893038547428743446e-01 1.475935808481056445e-05
5.809422166792741059e-07 7.823978725487428232e-01 1.529883623877834568e-05
5.792176112136922618e-07 7.838195334318143193e-01 1.498141046461370172e-05
5.755239150667005310e-07 7.894979345442005858e-01 1.483740962021604272e-05
5.727170474188642949e-07 7.932483340805152050e-01 1.466949994805582893e-05
5.777883577652230211e-07 7.877107377892333950e-01 1.510113722936725017e-05
5.789198500785945828e-07 7.846302010062766730e-01 1.500635354060402389e-05
5.778698528371657726e-07 7.867657113404854519e-01 1.493752032805670776e-05
5.791361161417496162e-07 7.847645598805620404e-01 1.514502736592424413e-05
5.779863791646950182e-07 7.857123338026097414e-01 1.493341018314781595e-05
5.770335435323824028e-07 7.883064700408890513e-01 1.501322802631684487e-05
5.765925303233892608e-07 7.882802649699490738e-01 1.505958968024804558e-05
5.761667561521302823e-07 7.887851161797703181e-01 1.510027946431182768e-05
5.733466936923925279e-07 7.929617872960111891e-01 1.482225070797223158e-05
5.729913664084330168e-07 7.925234219724324181e-01 1.482673183534989092e-05
5.761914232982263249e-07 7.891850016932939749e-01 1.497437465319872960e-05
5.785747026523122309e-07 7.853502476488319894e-01 1.511912511717883170e-05
5.744358622257091062e-07 7.913760498695154855e-01 1.488409954322360576e-05
5.761749785341623318e-07 7.889184113509448704e-01 1.505831119394079499e-05
5.757464178105424270e-07 7.893936235938984192e-01 1.488306463121027168e-05
5.742949368943370916e-07 7.917028587617721547e-01 1.487295868971439702e-05
5.777802762009502269e-07 7.866284989969859476e-01 1.507087496251879710e-05
5.776847008783503738e-07 7.870943177669179613e-01 1.518597590856194052e-05
5.761502267830023983e-07 7.889146015466108608e-01 1.494617114732520283e-05
5.772808919058904026e-07 7.875733398142055197e-01 1.512286939244700937e-05
5.770453366719555428e-07 7.878527693417900490e-01 1.508605725804663428e-05
5.751608828019459061e-07 7.906756225936998339e-01 1.500828710760530994e-05
5.746395197509343774e-07 7.913332544168358851e-01 1.494125804511658874e-05
5.765441248134094226e-07 7.885778703990913296e-01 1.505589075535287451e-05
5.757559754082254372e-07 7.900405851064453699e-01 1.496739048349714771e-05
5.760876862162588297e-07 7.891521975500075392e-01 1.503936937926503528e-05
5.763089904699539888e-07 7.889826245952263895e-01 1.500154668725011180e-05
5.756219634724337802e-07 7.899763718621636288e-01 1.502415499018783090e-05
5.762980272939113621e-07 7.888048977003270235e-01 1.505750438107815483e-05
5.760004199165490544e-07 7.892568020458284872e-01 1.509015339716245943e-05
5.762447049379945922e-07 7.890397448974351136e-01 1.502000641848185202e-05
5.755656723228172082e-07 7.899694725741925883e-01 1.501188643781234953e-05
5.763402805445359828e-07 7.888677875189040734e-01 1.504672318919859748e-05
5.759288092692595618e-07 7.893929598234947775e-01 1.506558195516120232e-05
5.758235107130145517e-07 7.895106981321813322e-01 1.508077380072098293e-05
5.756293415635749251e-07 7.900198484360478890e-01 1.503346904195359559e-05
5.761587177667578848e-07 7.890580124369355186e-01 1.505249701876053846e-05
5.762031234527772111e-07 7.890428449537676414e-01 1.505300944451946633e-05
5.757242454047090760e-07 7.897819011826073821e-01 1.503796397851228748e-05
5.761749546190274286e-07 7.890009184080496452e-01 1.506019690577250456e-05
5.756822160758867626e-07 7.897410079890001544e-01 1.505615244844452991e-05
5.757907384460723521e-07 7.895955573566599828e-01 1.505549765596014124e-05
5.757924333595592732e-07 7.896522540629031806e-01 1.504716997072859299e-05
5.760929061691048064e-07 7.891315988798647263e-01 1.506199192223540325e-05
5.761116853916046260e-07 7.891595499103433164e-01 1.505720028140004443e-05
5.757957125111775716e-07 7.896715769846295307e-01 1.505130954929115658e-05
5.755662847017261705e-07 7.899849773370083428e-01 1.505217403538725796e-05
5.759980602478799831e-07 7.893315139575651784e-01 1.505615314681404697e-05
5.758378919961260714e-07 7.895658226497670462e-01 1.505330729887279667e-05
5.758400780972049370e-07 7.895787045975846130e-01 1.505606701791450573e-05
5.760507266841563066e-07 7.892373532147270998e-01 1.505999417265376316e-05
5.756871262242374068e-07 7.897876381658374134e-01 1.505664334197857331e-05
5.757628763200539061e-07 7.896729954676895424e-01 1.505734143170257388e-05
5.758463069597548264e-07 7.895091473630495571e-01 1.506142010590987845e-05
5.758413757769027600e-07 7.895642135070564116e-01 1.505718224458020739e-05
5.758450092800570034e-07 7.895236384535777585e-01 1.506030487924417679e-05
5.759782640435746595e-07 7.893152851502034384e-01 1.506212132381620997e-05
5.759333916011746084e-07 7.893898081330130712e-01 1.506112551295920457e-05
5.759669147708679738e-07 7.893051149569567659e-01 1.507136759937026025e-05
5.758647717408640030e-07 7.895115085470982841e-01 1.505706986147643491e-05
5.759303367132312793e-07 7.893919092600009124e-01 1.506409647442720364e-05
5.758744700537628717e-07 7.894790283467228997e-01 1.506057842381585328e-05
5.758697251978089171e-07 7.895071511441823509e-01 1.505591337023493320e-05
5.759478322877137354e-07 7.893802173447413972e-01 1.506017848126503873e-05
5.760046485369375689e-07 7.892674720143212364e-01 1.506768694219936363e-05
5.758978342267940705e-07 7.894572179921279798e-01 1.505836619772752400e-05
5.759765395079524155e-07 7.893174051663756075e-01 1.506523411470677283e-05
5.759601425743778220e-07 7.893465328384074997e-01 1.506380329866943257e-05
5.759313550092124243e-07 7.893912088843383357e-01 1.506310615393787005e-05
5.759430187255340617e-07 7.893834142741652515e-01 1.506049415849642678e-05
5.759096866849209518e-07 7.894347480390896399e-01 1.505928596947141809e-05
5.759621568723599896e-07 7.893415394885882064e-01 1.506386458079091505e-05
5.759610231235000861e-07 7.893519657128394984e-01 1.506055001422649534e-05
5.759294654277793930e-07 7.894085859247569337e-01 1.505758187633050162e-05
5.759095607128251481e-07 7.894359065084505245e-01 1.505891768429759330e-05
5.759503017879427632e-07 7.893694533785917677e-01 1.506020994549130812e-05
5.759307741522444295e-07 7.894023266608423128e-01 1.505876308854006870e-05
5.759398096840809106e-07 7.893855455604478211e-01 1.506070460998401994e-05
5.759518126160582602e-07 7.893645798528973190e-01 1.506074184713739842e-05
5.759175043422750388e-07 7.894205403833048917e-01 1.505965362718479931e-05
5.759060682510140356e-07 7.894391938934408604e-01 1.505929088720060074e-05
5.759146370463817366e-07 7.894229045576589554e-01 1.505899020913869625e-05
