1.114999999999999991e+00 1.491930075244626266e-04
1.115985450246914867e+00 1.327905715788783923e-04
1.116972643939980303e+00 1.243347453256639314e-04
1.117961585710016914e+00 1.108130248298746720e-04
1.118952280204259964e+00 9.972650263218076354e-05
1.119944732086433081e+00 9.216567043297478449e-05
1.120938946036818873e+00 7.998057541723420935e-05
1.121934926752335082e+00 7.656002069992221676e-05
1.122932678946607643e+00 6.483353609273976074e-05
1.123932207350045065e+00 5.914176990533883831e-05
1.124933516709912373e+00 4.965680837413114315e-05
1.125936611790407493e+00 3.767174278099605849e-05
1.126941497372736745e+00 3.289545611236737387e-05
1.127948178255189449e+00 1.800516180904316549e-05
1.128956659253215866e+00 1.606795204155155157e-05
1.129966945199503137e+00 4.797032242535672789e-06
1.130979040944053216e+00 4.373143657989721550e-06
1.131992951354258814e+00 6.737024250033997913e-06
1.133008681314983557e+00 1.379583834400926345e-05
1.134026235728639476e+00 7.133654211445617269e-05
1.135045619515264503e+00 3.881030183398846315e-05
1.136066837612604852e+00 4.620771260794971141e-06
1.137089894976192284e+00 7.168591271428367069e-05
1.138114796579424493e+00 5.608247913322563102e-05
1.139141547413647038e+00 1.467971065487933723e-05
1.140170152488233057e+00 2.117676401502699987e-05
1.141200616830665204e+00 8.338431637265966440e-05
1.142232945486617579e+00 1.556468208155468319e-04
1.143267143520038109e+00 9.549170778572789247e-05
1.144303216013231150e+00 2.642431727573337858e-05
1.145341168066941195e+00 2.726468558774906294e-05
1.146381004800435699e+00 8.874211954159546580e-05
1.147422731351590564e+00 1.883148564266162836e-04
1.148466352876973851e+00 1.728808225731018214e-04
1.149511874551930601e+00 9.770240563693066856e-05
1.150559301570668547e+00 6.073007016174440507e-05
1.151608639146345370e+00 5.803574698676975795e-05
1.152659892511153972e+00 1.146205282158940358e-04
1.153713066916408625e+00 2.303726589398559770e-04
1.154768167632634901e+00 3.099612679771325996e-04
1.155825199949655158e+00 2.341408990321401336e-04
1.156884169176677801e+00 1.239126465810928140e-04
1.157945080642387881e+00 8.244788539629762498e-05
1.159007939695033018e+00 8.774146815119914791e-05
1.160072751702516003e+00 1.807986732314639843e-04
1.161139522052484496e+00 3.664656732747308978e-04
1.162208256152421182e+00 5.750103594489147912e-04
1.163278959429735915e+00 5.849030109757859339e-04
1.164351637331858091e+00 4.197190072683654725e-04
1.165426295326326578e+00 3.154230356788867169e-04
1.166502938900885633e+00 2.852809847363402740e-04
1.167581573563577280e+00 3.854808235366208443e-04
1.168662204842833452e+00 6.202916791909930802e-04
1.169744838287573696e+00 9.513879971740856444e-04
1.170829479467297096e+00 1.232269343598988483e-03
1.171916133972179974e+00 1.185101363930468480e-03
1.173004807413170481e+00 9.428134441410181534e-04
1.174095505422085850e+00 7.132052256221779090e-04
1.175188233651709435e+00 5.996756227054078885e-04
1.176282997775888850e+00 6.705767494149141158e-04
1.177379803489632337e+00 8.712728998490167813e-04
1.178478656509210465e+00 1.209595749108910261e-03
1.179579562572252494e+00 1.508332238011950242e-03
1.180682527437848295e+00 1.634789219620872477e-03
1.181787556886647605e+00 1.609052454278012481e-03
1.182894656720962168e+00 1.470901568973615120e-03
1.184003832764865205e+00 1.406633977176608742e-03
1.185115090864296006e+00 1.419458996005959310e-03
1.186228436887161397e+00 1.522733031057486516e-03
1.187343876723438774e+00 1.698926673798408903e-03
1.188461416285280459e+00 1.815153902717474461e-03
1.189581061507118731e+00 1.892944310806042932e-03
1.190702818345768854e+00 1.864705800576200957e-03
1.191826692780537211e+00 1.813193787397990829e-03
1.192952690813325667e+00 1.824077705162780068e-03
1.194080818468739702e+00 1.872308012999765372e-03
1.195211081794195218e+00 2.026185164575642836e-03
1.196343486860025562e+00 2.162015639394562674e-03
1.197478039759593216e+00 2.265008746160384560e-03
1.198614746609395043e+00 2.309763632802462607e-03
1.199753613549176201e+00 2.263544491297777347e-03
1.200894646742037830e+00 2.265806640479757321e-03
1.202037852374549187e+00 2.290187420708280665e-03
1.203183236656860000e+00 2.420950321647194394e-03
1.204330805822811934e+00 2.629292454196280066e-03
1.205480566130052056e+00 2.807562850025052074e-03
1.206632523860147632e+00 2.943050396468577593e-03
1.207786685318698705e+00 2.877539894115097203e-03
1.208943056835453778e+00 2.706857804435888575e-03
1.210101644764426165e+00 2.509987201096810627e-03
1.211262455484010125e+00 2.361520233224449934e-03
1.212425495397097874e+00 2.401500125370743290e-03
1.213590770931196383e+00 2.559557328185317528e-03
1.214758288538547504e+00 2.881153920872706661e-03
1.215928054696245653e+00 3.221621783742706184e-03
1.217100075906357937e+00 3.423418913162254267e-03
1.218274358696045390e+00 3.427291221118543892e-03
1.219450909617682877e+00 3.150291446861115327e-03
1.220629735248981884e+00 2.837562925545177462e-03
1.221810842193112645e+00 2.601135491137028695e-03
1.222994237078828483e+00 2.557873991963389906e-03
1.224179926560587495e+00 2.802688124833539133e-03
1.225367917318679556e+00 3.252745490673826685e-03
1.226558216059351336e+00 3.925095606269462557e-03
1.227750829514931086e+00 4.521455347139745513e-03
1.228945764443957644e+00 4.815509342681942653e-03
1.230143027631306341e+00 4.714807460132845567e-03
1.231342625888318443e+00 4.260804492218933127e-03
1.232544566052930168e+00 3.808379506329314605e-03
1.233748854989801469e+00 3.455860854378306653e-03
1.234955499590449257e+00 3.374502999755254855e-03
1.236164506773376415e+00 3.619329398261150743e-03
1.237375883484204353e+00 4.110687122358044725e-03
1.238589636695807794e+00 4.834023511814944385e-03
1.239805773408446443e+00 5.428309041901836253e-03
1.241024300649900880e+00 5.720626333984242529e-03
1.242245225475607784e+00 5.609538524126574457e-03
1.243468554968794715e+00 5.242618315283371563e-03
1.244694296240619780e+00 5.014339277950131263e-03
1.245922456430306857e+00 5.003435515665738929e-03
1.247153042705285264e+00 5.421313592719956970e-03
1.248386062261329421e+00 6.202837942651657360e-03
1.249621522322698741e+00 7.214129788222301345e-03
1.250859430142278406e+00 8.276768596778711837e-03
1.252099793001722583e+00 8.890202196557559985e-03
1.253342618211595871e+00 8.969410534459260412e-03
1.254587913111516961e+00 8.493557414125508728e-03
1.255835685070303409e+00 7.829887815484198182e-03
1.257085941486118186e+00 7.437462395203467760e-03
1.258338689786613784e+00 7.385605149324521446e-03
1.259593937429080768e+00 7.898899288552576822e-03
1.260851691900595206e+00 8.786092566712628768e-03
1.262111960718167891e+00 9.897639034979836478e-03
1.263374751428893106e+00 1.093429651781976930e-02
1.264640071610100280e+00 1.145384842341606695e-02
1.265907928869506316e+00 1.161799328032380590e-02
1.267178330845365464e+00 1.152294844730316833e-02
1.268451285206624979e+00 1.162679659535916996e-02
1.269726799653078775e+00 1.218686190913349440e-02
1.271004881915522633e+00 1.320110130732757465e-02
1.272285539755910300e+00 1.484308121726115801e-02
1.273568780967510028e+00 1.670155646568193333e-02
1.274854613375064671e+00 1.857395318354784081e-02
1.276143044834948226e+00 2.000168302948585747e-02
1.277434083235327700e+00 2.081617194074687760e-02
1.278727736496322542e+00 2.159020911644868659e-02
1.280024012570168734e+00 2.257898258416679571e-02
1.281322919441379105e+00 2.445367879116162879e-02
1.282624465126909197e+00 2.730928076768318613e-02
1.283928657676322027e+00 3.106304575553418823e-02
1.285235505171952841e+00 3.556777789762357450e-02
1.286545015729077646e+00 3.987518706302269067e-02
1.287857197496079520e+00 4.384666296757275261e-02
1.289172058654619146e+00 4.730706826997944925e-02
1.290489607419804230e+00 5.086334994372208179e-02
1.291809852040359363e+00 5.560059279953208367e-02
1.293132800798801663e+00 6.185199374289775814e-02
1.294458462011609745e+00 7.043649274466479149e-02
1.295786844029400697e+00 8.066789607474099399e-02
1.297117955237104381e+00 9.152007256246080802e-02
1.298451804054140624e+00 1.022116083473821879e-01
1.299788398934596190e+00 1.121871761694058084e-01
1.301127748367401971e+00 1.231757281689976613e-01
1.302469860876516394e+00 1.360634224610883514e-01
1.303814745021102839e+00 1.514960197054907587e-01
1.305162409395713041e+00 1.690038948838975263e-01
1.306512862630469174e+00 1.854433617742809182e-01
1.307866113391250140e+00 1.988764244166364437e-01
1.309222170379874761e+00 2.079749596050854410e-01
1.310581042334288737e+00 2.141395563696071869e-01
1.311942738028754274e+00 2.196658323042962879e-01
1.313307266274035268e+00 2.234722829899275232e-01
1.314674635917591816e+00 2.236604238547387213e-01
1.316044855843766515e+00 2.170462245911918553e-01
1.317417934973981630e+00 2.041264681301175610e-01
1.318793882266929618e+00 1.888755352700263457e-01
1.320172706718768296e+00 1.718787010956029648e-01
1.321554417363318912e+00 1.528842660462908232e-01
1.322939023272260428e+00 1.303767051564491131e-01
1.324326533555331364e+00 1.047070617364883743e-01
1.325716957360525861e+00 8.019942740795757419e-02
1.327110303874298625e+00 5.845584086593737932e-02
1.328506582321764551e+00 4.000818458774986486e-02
1.329905801966902334e+00 2.587350741456000483e-02
1.331307972112761417e+00 1.616775842444796371e-02
1.332713102101666047e+00 1.046064774688632189e-02
1.334121201315424443e+00 7.226953480125120587e-03
1.335532279175535519e+00 5.433257592891409075e-03
1.336946345143401604e+00 4.409455154523794426e-03
1.338363408720537384e+00 3.715863265388169578e-03
1.339783479448784176e+00 3.335881899992899392e-03
1.341206566910524867e+00 3.035869485219889943e-03
1.342632680728896410e+00 2.893437830461914086e-03
1.344061830568010762e+00 2.783766424191339624e-03
1.345494026133169596e+00 2.705146307670181719e-03
1.346929277171086570e+00 2.688580041924423011e-03
1.348367593470106929e+00 2.634898251300535170e-03
1.349808984860429772e+00 2.678660035421535739e-03
1.351253461214334317e+00 2.692574852296783592e-03
1.352701032446402385e+00 2.775595814766839992e-03
1.354151708513747110e+00 2.884582757360923660e-03
1.355605499416240312e+00 2.982656789579719945e-03
1.357062415196743421e+00 3.165159592874711419e-03
1.358522465941337298e+00 3.288286672692356319e-03
1.359985661779554711e+00 3.504107220936007999e-03
1.361452012884617924e+00 3.701269898774374456e-03
1.362921529473669624e+00 3.919209007844700471e-03
1.364394221808014951e+00 4.198321369254031515e-03
1.365870100193355308e+00 4.391514371310667984e-03
1.367349174980034388e+00 4.663836057490084071e-03
1.368831456563274873e+00 4.832587596482152033e-03
1.370316955383425572e+00 5.016286147423750300e-03
1.371805681926205223e+00 5.218834594998216815e-03
1.373297646722949406e+00 5.358456362246952209e-03
1.374792860350857904e+00 5.633579639423029820e-03
1.376291333433246500e+00 5.829916911697174443e-03
1.377793076639796777e+00 6.122741221271886351e-03
1.379298100686811024e+00 6.415195742756174546e-03
1.380806416337466036e+00 6.652819820036631401e-03
1.382318034402068907e+00 7.000357672111333189e-03
1.383832965738317711e+00 7.213429679490027981e-03
1.385351221251559961e+00 7.537612862488152904e-03
1.386872811895053070e+00 7.801934356465921837e-03
1.388397748670231024e+00 8.012326478490506068e-03
1.389926042626965508e+00 8.283606835463391826e-03
1.391457704863837241e+00 8.350248159603775727e-03
1.392992746528400216e+00 8.511515416761979841e-03
1.394531178817455030e+00 8.556432522928297119e-03
1.396073012977320893e+00 8.612179423626051961e-03
1.397618260304107629e+00 8.782312763067394445e-03
1.399166932143994790e+00 8.843658990306689852e-03
1.400719039893506102e+00 9.104346906918803217e-03
1.402274594999791901e+00 9.244154664409892641e-03
1.403833608960906920e+00 9.421857598678593307e-03
1.405396093326098717e+00 9.620529728271182135e-03
1.406962059696087675e+00 9.647735950245298411e-03
1.408531519723356773e+00 9.832987363689952784e-03
1.410104485112441797e+00 9.829756797636613266e-03
1.411680967620218663e+00 9.905066167690351753e-03
1.413260979056199851e+00 9.963921882338126756e-03
1.414844531282826834e+00 9.874454899224413204e-03
1.416431636215768952e+00 9.940857481185557537e-03
1.418022305824220508e+00 9.796417418924353512e-03
1.419616552131202747e+00 9.807359889136269687e-03
1.421214387213866726e+00 9.815030803674656967e-03
1.422815823203797070e+00 9.801649645368171182e-03
1.424420872287321505e+00 1.001190213806360703e-02
1.426029546705817275e+00 1.004044630936777940e-02
1.427641858756023785e+00 1.026372784925225386e-02
1.429257820790356126e+00 1.035996549029758601e-02
1.430877445217218602e+00 1.039152132948938448e-02
1.432500744501326029e+00 1.052977914121766209e-02
1.434127731164018593e+00 1.041600394893425242e-02
1.435758417783589147e+00 1.051923533416779417e-02
1.437392816995602951e+00 1.045663593370942286e-02
1.439030941493226079e+00 1.041998373311469293e-02
1.440672804027554044e+00 1.047747340835450056e-02
1.442318417407941311e+00 1.030879957872195274e-02
1.443967794502337032e+00 1.039606829583508522e-02
1.445620948237617220e+00 1.028760105369435837e-02
1.447277891599925370e+00 1.031486094395317812e-02
1.448938637635010185e+00 1.043162630497889223e-02
1.450603199448568859e+00 1.039093642210787635e-02
1.452271590206593244e+00 1.062343715862228491e-02
1.453943823135714020e+00 1.055947647679386994e-02
1.455619911523553078e+00 1.061011967990823507e-02
1.457299868719072800e+00 1.057817456754376120e-02
1.458983708132934654e+00 1.034410092495996122e-02
1.460671443237850031e+00 1.034980321632821693e-02
1.462363087568944842e+00 1.004841364354495080e-02
1.464058654724118336e+00 9.987523949210668286e-03
1.465758158364409258e+00 9.846158313786459310e-03
1.467461612214361333e+00 9.620140585575497061e-03
1.469169030062393411e+00 9.638022280255304636e-03
1.470880425761171839e+00 9.345394298430512864e-03
1.472595813227983497e+00 9.360621333872378921e-03
1.474315206445115711e+00 9.229352376046153980e-03
1.476038619460233514e+00 9.109344608476316330e-03
1.477766066386763555e+00 9.193546609395910826e-03
1.479497561404279571e+00 8.946850970058640301e-03
1.481233118758889633e+00 9.008750460361814039e-03
1.482972752763627167e+00 8.773577746256783216e-03
1.484716477798844414e+00 8.569455701251430316e-03
1.486464308312609450e+00 8.475220386350039090e-03
1.488216258821102533e+00 8.080371133802831049e-03
1.489972343909022445e+00 8.072920518003118620e-03
1.491732578229986395e+00 7.770236000378329122e-03
1.493496976506941465e+00 7.654736228987318349e-03
1.495265553532572289e+00 7.602460171002189092e-03
1.497038324169716939e+00 7.304097389931058643e-03
1.498815303351781036e+00 7.387624104687826737e-03
1.500596506083158532e+00 7.088956570488616840e-03
1.502381947439653587e+00 7.056878138364620044e-03
1.504171642568905565e+00 6.977226901243568057e-03
1.505965606690817804e+00 6.700449681558705121e-03
1.507763855097989270e+00 6.776230041162221475e-03
1.509566403156148207e+00 6.384414779802677006e-03
1.511373266304591789e+00 6.309201155309928505e-03
1.513184460056623104e+00 6.060101307401997116e-03
1.514999999999999680e+00 5.683071712301972223e-03
