1.126000000000000112e+00 6.295455783899825191e-04
1.126987992296117014e+00 6.372348841947617646e-04
1.127977719913760390e+00 6.416321550745214194e-04
1.128969187428857879e+00 6.855943483684156939e-04
1.129962399433440456e+00 7.491565063688233449e-04
1.130957360535711942e+00 7.901208707967870585e-04
1.131954075360122047e+00 8.191399624271924985e-04
1.132952548547436100e+00 8.309926248291540354e-04
1.133952784754808318e+00 7.589932677437614223e-04
1.134954788655853974e+00 6.002189744055604894e-04
1.135958564940721782e+00 4.710566441543807392e-04
1.136964118316167838e+00 4.448868737371855443e-04
1.137971453505628228e+00 4.598890486861360156e-04
1.138980575249294080e+00 4.600841657843478196e-04
1.139991488304184397e+00 4.844846188356007966e-04
1.141004197444223101e+00 5.515131854191485713e-04
1.142018707460311200e+00 5.955441024949102800e-04
1.143035023160405395e+00 5.741147521359396023e-04
1.144053149369591793e+00 5.270329865428787256e-04
1.145073090930163184e+00 5.092848416238389105e-04
1.146094852701695865e+00 5.533132332884664996e-04
1.147118439561126468e+00 6.693156120385681260e-04
1.148143856402830121e+00 7.963299867942231830e-04
1.149171108138697273e+00 8.138658562275971663e-04
1.150200199698214076e+00 6.914404787435473893e-04
1.151231136028538549e+00 5.501563293995841023e-04
1.152263922094582727e+00 4.948161711544284396e-04
1.153298562879090827e+00 4.828907639997754783e-04
1.154335063382718740e+00 4.436845638520411374e-04
1.155373428624115739e+00 4.156825819883851734e-04
1.156413663640005973e+00 4.651703675398604102e-04
1.157455773485268402e+00 5.595891281027834657e-04
1.158499763233019175e+00 6.143016852329423677e-04
1.159545637974695120e+00 6.043519505933511466e-04
1.160593402820134123e+00 5.731944458615167211e-04
1.161643062897660617e+00 5.756279807203752404e-04
1.162694623354169066e+00 6.284498541299298694e-04
1.163748089355205462e+00 6.805395623789825457e-04
1.164803466085055916e+00 6.544086684602067700e-04
1.165860758746828818e+00 5.534964536373774462e-04
1.166919972562540542e+00 4.750663723275865761e-04
1.167981112773203378e+00 4.776540268254482122e-04
1.169044184638909245e+00 5.071729421727815944e-04
1.170109193438919171e+00 4.968539123077125646e-04
1.171176144471748781e+00 4.616913542753119624e-04
1.172245043055257785e+00 4.453204396982163391e-04
1.173315894526736125e+00 4.435456071190375482e-04
1.174388704242995241e+00 4.307525949042945667e-04
1.175463477580455329e+00 4.132513954604588179e-04
1.176540219935237941e+00 4.179266480188014842e-04
1.177618936723252130e+00 4.563519513018814752e-04
1.178699633380288825e+00 5.149754101771033101e-04
1.179782315362111200e+00 5.582512664615674972e-04
1.180866988144545493e+00 5.471170805823173623e-04
1.181953657223574483e+00 4.831994512595626690e-04
1.183042328115429642e+00 4.236206831026717991e-04
1.184133006356684392e+00 4.234639918883300507e-04
1.185225697504348696e+00 4.790178256674292685e-04
1.186320407135962984e+00 5.524799719745008110e-04
1.187417140849692743e+00 6.258166524633754961e-04
1.188515904264424883e+00 6.978681174011030879e-04
1.189616703019862110e+00 7.576254731634622392e-04
1.190719542776621509e+00 8.025617594361834570e-04
1.191824429216329584e+00 8.605545285164132793e-04
1.192931368041720619e+00 9.463612874762243046e-04
1.194040364976735713e+00 1.011502293254581269e-03
1.195151425766620035e+00 9.900709710784481345e-04
1.196264556178022742e+00 8.926628266398567305e-04
1.197379761999095793e+00 8.049563564698961450e-04
1.198497049039596751e+00 7.867102086195227337e-04
1.199616423130986265e+00 8.181656078641134661e-04
1.200737890126532648e+00 8.548370120863684743e-04
1.201861455901411802e+00 8.863219893201280172e-04
1.202987126352810021e+00 9.224772469234438204e-04
1.204114907400029022e+00 9.620823754852556899e-04
1.205244804984587415e+00 9.966571918730681833e-04
1.206376825070326175e+00 1.022280785859771982e-03
1.207510973643513230e+00 1.044163663272317790e-03
1.208647256712948925e+00 1.085955462653926014e-03
1.209785680310073053e+00 1.169116543332051868e-03
1.210926250489070988e+00 1.253376876841233141e-03
1.212068973326979604e+00 1.243545431443765243e-03
1.213213854923797186e+00 1.108049567050402133e-03
1.214360901402591786e+00 9.441126215482022188e-04
1.215510118909608916e+00 8.652127119421875725e-04
1.216661513614383239e+00 8.735844456771499735e-04
1.217815091709847364e+00 9.065145190279856038e-04
1.218970859412443097e+00 9.511185261653416941e-04
1.220128822962234905e+00 1.037498320002583872e-03
1.221288988623019378e+00 1.160229312366774408e-03
1.222451362682440701e+00 1.276310876227810696e-03
1.223615951452102335e+00 1.360486707319913521e-03
1.224782761267683151e+00 1.422195549781657279e-03
1.225951798489049782e+00 1.482385131986695354e-03
1.227123069500375196e+00 1.544439926485364871e-03
1.228296580710252384e+00 1.572680014008256055e-03
1.229472338551812483e+00 1.517215825977589420e-03
1.230650349482842243e+00 1.385423362077554347e-03
1.231830619985901931e+00 1.257123678640655572e-03
1.233013156568444346e+00 1.201510335864051015e-03
1.234197965762934945e+00 1.221425106852562113e-03
1.235385054126971083e+00 1.302350117537925001e-03
1.236574428243403911e+00 1.456142183680483914e-03
1.237766094720459620e+00 1.682210161682786472e-03
1.238960060191861778e+00 1.937323741106808427e-03
1.240156331316954574e+00 2.175074285271914095e-03
1.241354914780826935e+00 2.386056808693845510e-03
1.242555817294437093e+00 2.595516281427061745e-03
1.243759045594736268e+00 2.835202893524906616e-03
1.244964606444796784e+00 3.085363693440081219e-03
1.246172506633937749e+00 3.244500391424056350e-03
1.247382752977852505e+00 3.238751771669893999e-03
1.248595352318737195e+00 3.169371351923030034e-03
1.249810311525418882e+00 3.237009685086684324e-03
1.251027637493486333e+00 3.505321154328301485e-03
1.252247337145420136e+00 3.871451275119170213e-03
1.253469417430722599e+00 4.269996643425161970e-03
1.254693885326052527e+00 4.735960915987477704e-03
1.255920747835354900e+00 5.255763191957388454e-03
1.257150011989997207e+00 5.739577543058521809e-03
1.258381684848900894e+00 6.159551083891712242e-03
1.259615773498678593e+00 6.545851661092533247e-03
1.260852285053770450e+00 6.854552676133745213e-03
1.262091226656578691e+00 7.016448002486221948e-03
1.263332605477606396e+00 7.090860914923331586e-03
1.264576428715595835e+00 7.194601097039141600e-03
1.265822703597668353e+00 7.325364853815343955e-03
1.267071437379462040e+00 7.426575028605852426e-03
1.268322637345275172e+00 7.550007974597283157e-03
1.269576310808206099e+00 7.779191413203686081e-03
1.270832465110296461e+00 8.091610101170159872e-03
1.272091107622674411e+00 8.476868445551856077e-03
1.273352245745698719e+00 9.082115271179422647e-03
1.274615886909103546e+00 1.006551517103127479e-02
1.275882038572145216e+00 1.140957653271103787e-02
1.277150708223747877e+00 1.300495704774645364e-02
1.278421903382652269e+00 1.475695100175300999e-02
1.279695631597562944e+00 1.646893787579484236e-02
1.280971900447299028e+00 1.780780495284076809e-02
1.282250717540943441e+00 1.856988257119129154e-02
1.283532090517995217e+00 1.886301434223036297e-02
1.284816027048520271e+00 1.892089576867549139e-02
1.286102534833305722e+00 1.890614435307233152e-02
1.287391621604013325e+00 1.900665030323389973e-02
1.288683295123334016e+00 1.952607653757176473e-02
1.289977563185144005e+00 2.069290961929468042e-02
1.291274433614661987e+00 2.246560585056330689e-02
1.292573914268606350e+00 2.462302843523637638e-02
1.293876013035353711e+00 2.695131124453814878e-02
1.295180737835098794e+00 2.928059153137736043e-02
1.296488096620015629e+00 3.146130689861567631e-02
1.297798097374417203e+00 3.340606794590731538e-02
1.299110748114920444e+00 3.511478519022617067e-02
1.300426056890607862e+00 3.665157431692110668e-02
1.301744031783193201e+00 3.817471221964066630e-02
1.303064680907186412e+00 3.996774363049008377e-02
1.304388012410060194e+00 4.232575134313887322e-02
1.305714034472417628e+00 4.537928044507963388e-02
1.307042755308160942e+00 4.906023021601614575e-02
1.308374183164660698e+00 5.316666262561015044e-02
1.309708326322927663e+00 5.736540226429128614e-02
1.311045193097781558e+00 6.122449090926578713e-02
1.312384791838027587e+00 6.442752477503214947e-02
1.313727130926627851e+00 6.696133765309687791e-02
1.315072218780876323e+00 6.896729999207822093e-02
1.316420063852575595e+00 7.041871795917396815e-02
1.317770674628213401e+00 7.107409456614999232e-02
1.319124059629140922e+00 7.074819942489085633e-02
1.320480227411752194e+00 6.950875737234590845e-02
1.321839186567663527e+00 6.760267501891216446e-02
1.323200945723896238e+00 6.529788627544999557e-02
1.324565513543057849e+00 6.278550554132684980e-02
1.325932898723527265e+00 6.009973186145944196e-02
1.327303109999638409e+00 5.710543199502063350e-02
1.328676156141866516e+00 5.366885404961573014e-02
1.330052045957015094e+00 4.986017902820653880e-02
1.331430788288405109e+00 4.589514662252452970e-02
1.332812392016063274e+00 4.187653130954283043e-02
1.334196866056913677e+00 3.770969493289308416e-02
1.335584219364968961e+00 3.330139714814256413e-02
1.336974460931523057e+00 2.874295415256851449e-02
1.338367599785346362e+00 2.426432609862763656e-02
1.339763644992881142e+00 2.009463038051038236e-02
1.341162605658436702e+00 1.640312236220150405e-02
1.342564490924390119e+00 1.329165861455832744e-02
1.343969309971381643e+00 1.077426014873816666e-02
1.345377072018519193e+00 8.784194903724952888e-03
1.346787786323576430e+00 7.230051396262909998e-03
1.348201462183198140e+00 6.036450630522195715e-03
1.349618108933102745e+00 5.138866412694158975e-03
1.351037735948290130e+00 4.476394641737212708e-03
1.352460352643244823e+00 4.000889719049395207e-03
1.353885968472148260e+00 3.675410187424082813e-03
1.355314592929085071e+00 3.463040263376997423e-03
1.356746235548255131e+00 3.329623666469539150e-03
1.358180905904185831e+00 3.250665970347867834e-03
1.359618613611944804e+00 3.206325578308445289e-03
1.361059368327355079e+00 3.182948206880497656e-03
1.362503179747211357e+00 3.186349322648525731e-03
1.363950057609498057e+00 3.229852682736795988e-03
1.365400011693606253e+00 3.294653584942112794e-03
1.366853051820556830e+00 3.327913933226160029e-03
1.368309187853220088e+00 3.302989735301683355e-03
1.369768429696540002e+00 3.258975363670396207e-03
1.371230787297757381e+00 3.251974072638771657e-03
1.372696270646638572e+00 3.284574484947741426e-03
1.374164889775699727e+00 3.314058402224078631e-03
1.375636654760438393e+00 3.312553046245293818e-03
1.377111575719562442e+00 3.277913516974713826e-03
1.378589662815221883e+00 3.193883283240951318e-03
1.380070926253243568e+00 3.027966139925704694e-03
1.381555376283364778e+00 2.778277309430295192e-03
1.383043023199470367e+00 2.486536394180710770e-03
1.384533877339829910e+00 2.195353144386106084e-03
1.386027949087338174e+00 1.922378671774498853e-03
1.387525248869755812e+00 1.680085607061764788e-03
1.389025787159951619e+00 1.487256075710456952e-03
1.390529574476147223e+00 1.352403877724298910e-03
1.392036621382161998e+00 1.271660183749173407e-03
1.393546938487661091e+00 1.244936273947356642e-03
1.395060536448405220e+00 1.268437283838722137e-03
1.396577425966499586e+00 1.313044781334341601e-03
1.398097617790646341e+00 1.337571902266674858e-03
1.399621122716400601e+00 1.324694396859268496e-03
1.401147951586422913e+00 1.286412394156300279e-03
1.402678115290738603e+00 1.243542877256324265e-03
1.404211624766996236e+00 1.218696873715195044e-03
1.405748491000727851e+00 1.234361810938112460e-03
1.407288725025611198e+00 1.294570894743029112e-03
1.408832337923734634e+00 1.380074580231905072e-03
1.410379340825861805e+00 1.479696133867094022e-03
1.411929744911700313e+00 1.612720821253350910e-03
1.413483561410169731e+00 1.804948288735783776e-03
1.415040801599673825e+00 2.055177758961515642e-03
1.416601476808373228e+00 2.332717170051046372e-03
1.418165598414459661e+00 2.590443127491363386e-03
1.419733177846432826e+00 2.774856884460519604e-03
1.421304226583378183e+00 2.843224186726190164e-03
1.422878756155248059e+00 2.781400618891526413e-03
1.424456778143142976e+00 2.601018297326018920e-03
1.426038304179596539e+00 2.327717150770867993e-03
1.427623345948860090e+00 2.000550822482816907e-03
1.429211915187190263e+00 1.665090576473832141e-03
1.430804023683140525e+00 1.349431668936945878e-03
1.432399683277851388e+00 1.058396516558528667e-03
1.433998905865343287e+00 8.006557070452495484e-04
1.435601703392814343e+00 6.034245839430746414e-04
1.437208087860935457e+00 4.897495795094700772e-04
1.438818071324151404e+00 4.575601920649534360e-04
1.440431665890981705e+00 4.867547420885507065e-04
1.442048883724324604e+00 5.486479007190293985e-04
1.443669737041762158e+00 6.052810018253952434e-04
1.445294238115867769e+00 6.210006871954573552e-04
1.446922399274517490e+00 5.852651210509599066e-04
1.448554232901199557e+00 5.172127562096067279e-04
1.450189751435329688e+00 4.491286788174665115e-04
1.451828967372567725e+00 4.107586737794576286e-04
1.453471893265134263e+00 4.191966367675402697e-04
1.455118541722132175e+00 4.708641425662000936e-04
1.456768925409868798e+00 5.464124357222665618e-04
1.458423057052181004e+00 6.288528409775833100e-04
1.460080949430762276e+00 7.121529729436006529e-04
1.461742615385490884e+00 7.913573367512514696e-04
1.463408067814762958e+00 8.523255619178690288e-04
1.465077319675824219e+00 8.741419741609862985e-04
1.466750383985108819e+00 8.414163561279203347e-04
1.468427273818574630e+00 7.605451693481921028e-04
1.470108002312046080e+00 6.653222397786499355e-04
1.471792582661556104e+00 5.969311704812342535e-04
1.473481028123691416e+00 5.769858788990786438e-04
1.475173352015941353e+00 6.074758870391635916e-04
1.476869567717046916e+00 6.875754547912904047e-04
1.478569688667353610e+00 8.138651613142962185e-04
1.480273728369166264e+00 9.751547880234964945e-04
1.481981700387106970e+00 1.167301188205228674e-03
1.483693618348475241e+00 1.399829706272507496e-03
1.485409495943609492e+00 1.666688938310098176e-03
1.487129346926251872e+00 1.927566341677242837e-03
1.488853185113917732e+00 2.141886850278105266e-03
1.490581024388262232e+00 2.305504337129580215e-03
1.492312878695457590e+00 2.435340778264224147e-03
1.494048762046563450e+00 2.539627301554945975e-03
1.495788688517908360e+00 2.623458926118820908e-03
1.497532672251467467e+00 2.702244822402382653e-03
1.499280727455248874e+00 2.789390711347515279e-03
1.501032868403676668e+00 2.885228443733800236e-03
1.502789109437979942e+00 2.986486431073317235e-03
1.504549464966586036e+00 3.086835858711992585e-03
1.506313949465511781e+00 3.162246740694986315e-03
1.508082577478762509e+00 3.176506316370261533e-03
1.509855363618730850e+00 3.106726329871323158e-03
1.511632322566598186e+00 2.950491269448534629e-03
1.513413469072741879e+00 2.714895259499714407e-03
1.515198817957142063e+00 2.416897661959907344e-03
1.516988384109793087e+00 2.086522268368951570e-03
1.518782182491116739e+00 1.752199827982371758e-03
1.520580228132380585e+00 1.430180849911326726e-03
1.522382536136117182e+00 1.136895224527194976e-03
1.524189121676545966e+00 8.939042211343619596e-04
1.526000000000000023e+00 7.086797227427328854e-04
