5.079783362258327327e-04
3.676140461718242249e-04
4.690739965128275777e-04
5.790797963571496336e-04
5.311653225294899871e-04
5.042561979427528105e-04
5.137699631223430208e-04
5.016598624910742227e-04
5.321786908355128319e-04
8.539421394626106263e-04
1.773012865680716589e-03
8.861847665471101138e-04
3.208648054581230303e-03
8.136121419366249691e-03
1.029056483541879868e-02
2.022085094686116441e-02
3.343901963540499289e-02
4.441843944522360504e-02
4.409443473033643202e-02
4.609187918306567600e-02
5.152988594448316279e-02
5.330503681362020602e-02
3.808039887542834234e-02
3.732207758189911434e-02
2.756007869898308149e-02
3.464573080953411294e-02
3.545957784700663057e-02
1.275552242572502645e-02
4.552621505172087246e-02
3.845771618877395770e-02
4.298813821640854599e-02
5.130061710008469722e-02
3.950393618015749647e-02
4.761255123434478959e-02
3.516560768973851087e-02
4.947574510233596068e-02
5.298343325770557555e-02
4.717292958982027135e-02
5.006953563480627534e-02
5.035570035944503253e-02
5.753269439120933804e-02
5.841327596879286599e-02
4.938951873071927706e-02
5.471761739627419713e-02
5.173674499958908629e-02
5.232220146186002119e-02
5.074763168022200510e-02
5.797792903275466453e-02
5.176814872823856661e-02
5.325430399026069572e-02
5.293412096869277300e-02
5.389657054127261482e-02
5.837691403049168060e-02
5.254523287123889080e-02
5.690876942663911087e-02
6.105690859957065009e-02
6.277138617397479137e-02
5.389104446231392231e-02
5.606292461052164028e-02
5.519394391978488940e-02
6.264494687644091286e-02
5.669609566076015683e-02
6.165435016808352292e-02
6.074977936257413419e-02
6.791895574414089087e-02
6.908067466356583586e-02
5.400792623518128888e-02
6.328964843046987199e-02
5.785678351537019287e-02
6.274704151357266002e-02
6.833578318361069326e-02
7.158481868209709553e-02
7.154418729083002193e-02
7.313882130806258208e-02
7.384951413897328232e-02
7.392820687707842009e-02
7.178904000344450698e-02
6.184286367355544545e-02
6.729555074544173177e-02
7.516797520609809491e-02
7.402620288996183961e-02
7.110518514356194142e-02
7.074845942987532943e-02
6.823723803094690343e-02
6.096934066954597803e-02
7.122088007096022411e-02
7.280763941681415996e-02
7.278822422829228644e-02
6.999331735330945048e-02
6.724175033058026052e-02
6.620077916870627244e-02
7.470332821200083295e-02
7.051151011764207610e-02
7.249570395644801268e-02
6.861330943632951151e-02
7.086705266950889259e-02
6.849834037531127295e-02
7.231553917020284994e-02
6.871921685206702768e-02
7.472412335742420475e-02
7.426521304761270204e-02
7.010277514218807293e-02
7.221076590991452882e-02
7.276677762625403945e-02
7.279352806075684024e-02
7.109895794347773079e-02
7.283893715237228783e-02
7.194696955590738907e-02
6.789230381189462205e-02
6.776315398904310394e-02
7.189259791055091497e-02
7.006018636675340194e-02
7.164626738839444120e-02
7.409077953375280134e-02
6.822448677958921348e-02
7.168314007288707768e-02
6.791618744447125433e-02
6.926391503198676969e-02
7.120733750753330260e-02
6.978992455345532642e-02
6.914564905331777034e-02
6.868004179230757789e-02
6.109019420120018889e-02
7.282313298225143172e-02
7.117068795037918838e-02
6.896984230625848034e-02
6.470339770661621970e-02
7.183098000795218319e-02
6.901391607343113077e-02
6.992984565053504686e-02
6.879482577818049616e-02
6.980564482954357275e-02
7.228948409374165440e-02
6.995708633764408102e-02
7.005444602070576288e-02
7.010128370312307400e-02
6.590803698062930316e-02
7.130418967375921901e-02
6.935659720768773406e-02
6.988944669257536602e-02
6.905213914729492475e-02
6.877380815701417127e-02
6.997039134136030791e-02
7.107133419711651745e-02
6.983742086319458253e-02
6.944295891369987872e-02
6.962235394086824236e-02
6.906824394778765530e-02
6.885002452854016575e-02
6.982580180993079588e-02
7.059501716728569520e-02
6.980589367474483720e-02
6.792485997480501858e-02
7.032478516683884906e-02
6.926904366102241972e-02
6.976181734095411591e-02
6.900251587365931194e-02
7.011837652129655762e-02
6.874212205772839424e-02
6.956361875215709423e-02
6.956124509543500090e-02
6.916958271547420101e-02
6.887064400016143506e-02
6.873343814326549062e-02
6.888291475360540372e-02
6.922340813581921715e-02
6.935878270942133494e-02
7.007073380063243151e-02
6.893443144644925691e-02
6.946089610933618708e-02
6.979232059198661742e-02
6.901668144630894453e-02
6.951805488022849699e-02
6.903533046368483250e-02
6.954880969639773425e-02
6.905404230626978335e-02
6.964997550171388163e-02
6.928505193733859591e-02
6.964084823666048807e-02
6.936273761441576202e-02
6.894743610686342172e-02
6.975308913048444692e-02
6.942185643858193866e-02
6.927002981504085111e-02
6.986564968544833887e-02
6.960897119156438106e-02
6.979729725327145362e-02
6.980735719792535710e-02
6.975745902624164163e-02
6.958739372207127516e-02
6.965837498435296926e-02
6.954837913603999222e-02
6.966702337641407505e-02
6.966370812842224980e-02
6.958060699880899702e-02
6.963542245820540655e-02
6.936514912701423341e-02
6.966224283569173725e-02
6.946899795962395430e-02
6.976015952107553209e-02
6.950991420170865576e-02
6.956983592367226021e-02
6.967869085960114173e-02
6.942808624166477149e-02
6.954162151832180006e-02
6.952370470802197999e-02
6.954952756909997535e-02
6.949104399839756141e-02
6.950818247439538577e-02
6.951798172289280764e-02
6.962713071666927489e-02
6.920781378114387872e-02
6.945276579583069265e-02
6.950615937711865366e-02
6.957201075782805388e-02
6.948852855958233266e-02
6.952563729379979129e-02
6.944228040776860567e-02
6.920149813037863862e-02
6.934443120094983815e-02
6.944889064921588862e-02
6.941633220097037649e-02
6.946932312889199379e-02
6.922802673193338696e-02
6.933981394621406558e-02
6.941897965871071663e-02
6.919035071561559225e-02
6.926620015119398788e-02
6.937447181979461419e-02
6.936593048234641901e-02
6.941866024428552939e-02
6.943165114805496807e-02
6.938119765072647827e-02
6.918917208651821638e-02
6.940117786421223789e-02
6.910149045924392219e-02
6.944594538243653581e-02
6.925583819019788534e-02
6.922746910841789947e-02
6.935674841392447387e-02
6.947881214364469427e-02
6.945810820812516051e-02
6.935817546949536727e-02
6.920764029351082758e-02
6.925560664739029149e-02
6.928041389551106710e-02
6.921067457364095399e-02
6.936178708705595386e-02
6.941047942940065107e-02
6.940199762671876715e-02
6.937256568156061065e-02
6.930702121032415730e-02
6.945717916688776139e-02
6.941881698642825282e-02
6.941799747255351927e-02
6.940855992289880760e-02
6.933289066496907405e-02
6.932873068234246539e-02
6.938488845161840113e-02
6.933681540622485540e-02
6.938310628646508771e-02
6.943843494478188494e-02
6.938772471918658313e-02
6.938007041320128077e-02
6.941300383235959881e-02
6.935055121781653897e-02
6.933413743819366593e-02
6.934656167775582469e-02
6.934466350380980026e-02
6.937612105205182012e-02
6.935026465986014743e-02
6.934412559013866661e-02
6.933750943514220555e-02
6.934942018070104630e-02
6.934399119875686579e-02
6.934410501441783115e-02
6.934095802831874433e-02
6.934778205797731410e-02
6.934221889941699635e-02
6.937490681534101700e-02
6.934286770610162409e-02
6.939904076092522078e-02
6.937644406249136864e-02
6.939948999252565365e-02
6.927182684845765992e-02
6.936213963862353227e-02
6.927200218487326866e-02
6.937263914760896655e-02
6.939598363558494021e-02
6.913231475050678199e-02
6.934462948519262704e-02
6.937287456327310975e-02
6.939753724625925824e-02
6.937503182756081521e-02
6.937257746263331137e-02
6.934379436049674383e-02
6.923436330537630079e-02
6.934328344480245043e-02
6.937130591273474312e-02
6.937546827207180522e-02
6.937772543950497528e-02
6.937252032465099361e-02
6.934261691976952025e-02
6.922662492402881229e-02
6.936925040856434244e-02
6.936159627936937244e-02
6.922810056718826932e-02
6.926241476315844747e-02
