1.126000000000000112e+00 6.651403663430663880e-04
1.126987992296117014e+00 6.783234232489561638e-04
1.127977719913760390e+00 6.731405056474950351e-04
1.128969187428857879e+00 7.036960834296444520e-04
1.129962399433440456e+00 7.490853108489297415e-04
1.130957360535711942e+00 7.801581680023427032e-04
1.131954075360122047e+00 7.685267180973318762e-04
1.132952548547436100e+00 7.865952855542692086e-04
1.133952784754808318e+00 8.238760785655551821e-04
1.134954788655853974e+00 7.369744215215495936e-04
1.135958564940721782e+00 6.056436512980149789e-04
1.136964118316167838e+00 5.860415270808720396e-04
1.137971453505628228e+00 5.944128541024917486e-04
1.138980575249294080e+00 5.708207652695239517e-04
1.139991488304184397e+00 6.042206808992328692e-04
1.141004197444223101e+00 6.489234747391296612e-04
1.142018707460311200e+00 6.443673550474633997e-04
1.143035023160405395e+00 6.425594063075389497e-04
1.144053149369591793e+00 6.320278524056956821e-04
1.145073090930163184e+00 6.607625051424273043e-04
1.146094852701695865e+00 7.422873052565988642e-04
1.147118439561126468e+00 8.139013765476116801e-04
1.148143856402830121e+00 9.430692799789100033e-04
1.149171108138697273e+00 9.732470564251782244e-04
1.150200199698214076e+00 7.485240985318050884e-04
1.151231136028538549e+00 5.685605218696810053e-04
1.152263922094582727e+00 5.634153582045244718e-04
1.153298562879090827e+00 5.767351189363185710e-04
1.154335063382718740e+00 5.931425900786025784e-04
1.155373428624115739e+00 6.210528778858229312e-04
1.156413663640005973e+00 6.547122152924972653e-04
1.157455773485268402e+00 6.973468979654991054e-04
1.158499763233019175e+00 7.080373414493881974e-04
1.159545637974695120e+00 6.947232973464908092e-04
1.160593402820134123e+00 7.085230438682201112e-04
1.161643062897660617e+00 7.417348371661557039e-04
1.162694623354169066e+00 8.067444174661495123e-04
1.163748089355205462e+00 9.333263344971450990e-04
1.164803466085055916e+00 9.304683795398502278e-04
1.165860758746828818e+00 7.065902651107785950e-04
1.166919972562540542e+00 5.571636523602266616e-04
1.167981112773203378e+00 5.928390103583361034e-04
1.169044184638909245e+00 6.425585443867200524e-04
1.170109193438919171e+00 6.468551471214264775e-04
1.171176144471748781e+00 6.343251250492409638e-04
1.172245043055257785e+00 6.510002686651516438e-04
1.173315894526736125e+00 6.901514127690890500e-04
1.174388704242995241e+00 7.051028297911142786e-04
1.175463477580455329e+00 7.187884741140973099e-04
1.176540219935237941e+00 7.430592503367447303e-04
1.177618936723252130e+00 7.901565208319272574e-04
1.178699633380288825e+00 9.003222370829974978e-04
1.179782315362111200e+00 9.774145343078605597e-04
1.180866988144545493e+00 8.950016149505731888e-04
1.181953657223574483e+00 7.751230477724319100e-04
1.183042328115429642e+00 7.622463052997081011e-04
1.184133006356684392e+00 7.876096623597332374e-04
1.185225697504348696e+00 8.255727268468104982e-04
1.186320407135962984e+00 8.937056907631516032e-04
1.187417140849692743e+00 9.500346846340261119e-04
1.188515904264424883e+00 1.002568521955036389e-03
1.189616703019862110e+00 1.033678359256878483e-03
1.190719542776621509e+00 1.042115437966147648e-03
1.191824429216329584e+00 1.058108224216270212e-03
1.192931368041720619e+00 1.066082346828595238e-03
1.194040364976735713e+00 1.092605652577801007e-03
1.195151425766620035e+00 1.082730611345088115e-03
1.196264556178022742e+00 9.654988462619955563e-04
1.197379761999095793e+00 8.500212597610183173e-04
1.198497049039596751e+00 8.009507642804824688e-04
1.199616423130986265e+00 7.745618685649778611e-04
1.200737890126532648e+00 7.611059702185599910e-04
1.201861455901411802e+00 7.816105825660994927e-04
1.202987126352810021e+00 8.369805118108823846e-04
1.204114907400029022e+00 8.986092367023837965e-04
1.205244804984587415e+00 9.524622109321820426e-04
1.206376825070326175e+00 9.851828752742723596e-04
1.207510973643513230e+00 1.016538306198466095e-03
1.208647256712948925e+00 1.070994260545622212e-03
1.209785680310073053e+00 1.152143788508699094e-03
1.210926250489070988e+00 1.314590947684770748e-03
1.212068973326979604e+00 1.397913713453379468e-03
1.213213854923797186e+00 1.185238722073596578e-03
1.214360901402591786e+00 9.196779321989220421e-04
1.215510118909608916e+00 8.318512787275989320e-04
1.216661513614383239e+00 8.062817514262405130e-04
1.217815091709847364e+00 8.084441784542256400e-04
1.218970859412443097e+00 8.604917930957991156e-04
1.220128822962234905e+00 9.186732893149061841e-04
1.221288988623019378e+00 9.738641452611239424e-04
1.222451362682440701e+00 1.019957039886665957e-03
1.223615951452102335e+00 1.083284256184159286e-03
1.224782761267683151e+00 1.189674670732342437e-03
1.225951798489049782e+00 1.338230810184741059e-03
1.227123069500375196e+00 1.570029468725234970e-03
1.228296580710252384e+00 1.744937498950656406e-03
1.229472338551812483e+00 1.604351306910959275e-03
1.230650349482842243e+00 1.277824765486562479e-03
1.231830619985901931e+00 1.068724941474249752e-03
1.233013156568444346e+00 9.987009959823347355e-04
1.234197965762934945e+00 1.016218268449221125e-03
1.235385054126971083e+00 1.100324228831419055e-03
1.236574428243403911e+00 1.204864344677289466e-03
1.237766094720459620e+00 1.343487515624210626e-03
1.238960060191861778e+00 1.524971949342846488e-03
1.240156331316954574e+00 1.754526224984315642e-03
1.241354914780826935e+00 2.047399068673670577e-03
1.242555817294437093e+00 2.393432649440474947e-03
1.243759045594736268e+00 2.780355831405029871e-03
1.244964606444796784e+00 3.022546481197962639e-03
1.246172506633937749e+00 2.877510120087451058e-03
1.247382752977852505e+00 2.512843803781798779e-03
1.248595352318737195e+00 2.327173174170860982e-03
1.249810311525418882e+00 2.423646183831466329e-03
1.251027637493486333e+00 2.693783882589969800e-03
1.252247337145420136e+00 3.102493179402637281e-03
1.253469417430722599e+00 3.602624905517204639e-03
1.254693885326052527e+00 4.099270600415387891e-03
1.255920747835354900e+00 4.587471308866394350e-03
1.257150011989997207e+00 5.073401622241187348e-03
1.258381684848900894e+00 5.512751142667839110e-03
1.259615773498678593e+00 5.908675390534794125e-03
1.260852285053770450e+00 6.193451413722099973e-03
1.262091226656578691e+00 6.199901586401630228e-03
1.263332605477606396e+00 5.997084548902326985e-03
1.264576428715595835e+00 5.926743916874139054e-03
1.265822703597668353e+00 6.232038552277035376e-03
1.267071437379462040e+00 6.876074125857218125e-03
1.268322637345275172e+00 7.726453151021491633e-03
1.269576310808206099e+00 8.773191332452055097e-03
1.270832465110296461e+00 9.947820270456647976e-03
1.272091107622674411e+00 1.101505022619931294e-02
1.273352245745698719e+00 1.184059291706762891e-02
1.274615886909103546e+00 1.239451465902845911e-02
1.275882038572145216e+00 1.272982876052243008e-02
1.277150708223747877e+00 1.299958375142102121e-02
1.278421903382652269e+00 1.336342194481624467e-02
1.279695631597562944e+00 1.405630215694020357e-02
1.280971900447299028e+00 1.495105230881106813e-02
1.282250717540943441e+00 1.556910407114699656e-02
1.283532090517995217e+00 1.603692748675326907e-02
1.284816027048520271e+00 1.676268875924616375e-02
1.286102534833305722e+00 1.785147258576078033e-02
1.287391621604013325e+00 1.955591370434340767e-02
1.288683295123334016e+00 2.202162391533111704e-02
1.289977563185144005e+00 2.498722720586294202e-02
1.291274433614661987e+00 2.822592568535984420e-02
1.292573914268606350e+00 3.164242413765650658e-02
1.293876013035353711e+00 3.520459876580557534e-02
1.295180737835098794e+00 3.892154904150758182e-02
1.296488096620015629e+00 4.265628459223884394e-02
1.297798097374417203e+00 4.610891151976845986e-02
1.299110748114920444e+00 4.898042721532903238e-02
1.300426056890607862e+00 5.113257919249309530e-02
1.301744031783193201e+00 5.290322007779244690e-02
1.303064680907186412e+00 5.513549838725741864e-02
1.304388012410060194e+00 5.849640053820873847e-02
1.305714034472417628e+00 6.299075455676915458e-02
1.307042755308160942e+00 6.807409943804523800e-02
1.308374183164660698e+00 7.314111582854102012e-02
1.309708326322927663e+00 7.804672889525224311e-02
1.311045193097781558e+00 8.290447157996222449e-02
1.312384791838027587e+00 8.788123376797694897e-02
1.313727130926627851e+00 9.305375693904049950e-02
1.315072218780876323e+00 9.790381883826901332e-02
1.316420063852575595e+00 1.018409920574830096e-01
1.317770674628213401e+00 1.048205704866431442e-01
1.319124059629140922e+00 1.070368517228743738e-01
1.320480227411752194e+00 1.088945672397567954e-01
1.321839186567663527e+00 1.107044731848182001e-01
1.323200945723896238e+00 1.122153789090573617e-01
1.324565513543057849e+00 1.128440915041511866e-01
1.325932898723527265e+00 1.120730782466655973e-01
1.327303109999638409e+00 1.097701058308528516e-01
1.328676156141866516e+00 1.062594285932837168e-01
1.330052045957015094e+00 1.022244732187353039e-01
1.331430788288405109e+00 9.804732160304610589e-02
1.332812392016063274e+00 9.320625523289169378e-02
1.334196866056913677e+00 8.737366563646017936e-02
1.335584219364968961e+00 8.095049524001488028e-02
1.336974460931523057e+00 7.409246595476734476e-02
1.338367599785346362e+00 6.681811412561523833e-02
1.339763644992881142e+00 5.939402915970554836e-02
1.341162605658436702e+00 5.212310397304359411e-02
1.342564490924390119e+00 4.535540461252787064e-02
1.343969309971381643e+00 3.920792682895643533e-02
1.345377072018519193e+00 3.352789912403487255e-02
1.346787786323576430e+00 2.837825461048766248e-02
1.348201462183198140e+00 2.390278802537668459e-02
1.349618108933102745e+00 2.002766252850270504e-02
1.351037735948290130e+00 1.670246148653875898e-02
1.352460352643244823e+00 1.392676891141914758e-02
1.353885968472148260e+00 1.157431915098155670e-02
1.355314592929085071e+00 9.565654466938943931e-03
1.356746235548255131e+00 7.898358956008103698e-03
1.358180905904185831e+00 6.530365197749139761e-03
1.359618613611944804e+00 5.441803808936172653e-03
1.361059368327355079e+00 4.618943785509428690e-03
1.362503179747211357e+00 4.068126571270134530e-03
1.363950057609498057e+00 3.786856901928807150e-03
1.365400011693606253e+00 3.710615646818024495e-03
1.366853051820556830e+00 3.806238183363668849e-03
1.368309187853220088e+00 4.028354564283648069e-03
1.369768429696540002e+00 4.322207587121872606e-03
1.371230787297757381e+00 4.647461756434282699e-03
1.372696270646638572e+00 4.970208850755061282e-03
1.374164889775699727e+00 5.325056656881793637e-03
1.375636654760438393e+00 5.643041388752233212e-03
1.377111575719562442e+00 5.858402539579503875e-03
1.378589662815221883e+00 6.040121204506077729e-03
1.380070926253243568e+00 6.074103558711216148e-03
1.381555376283364778e+00 5.871569436484933360e-03
1.383043023199470367e+00 5.591600922875139545e-03
1.384533877339829910e+00 5.353212377803039275e-03
1.386027949087338174e+00 5.188798497967085643e-03
1.387525248869755812e+00 5.088304787240580974e-03
1.389025787159951619e+00 5.085376050814878306e-03
1.390529574476147223e+00 5.210235175160704210e-03
1.392036621382161998e+00 5.304109116402763724e-03
1.393546938487661091e+00 5.242573360484815113e-03
1.395060536448405220e+00 5.033155562944629374e-03
1.396577425966499586e+00 4.695196084392620935e-03
1.398097617790646341e+00 4.293384559724196595e-03
1.399621122716400601e+00 3.850334290494149096e-03
1.401147951586422913e+00 3.358871039974926833e-03
1.402678115290738603e+00 2.878626805069823755e-03
1.404211624766996236e+00 2.447651817393767162e-03
1.405748491000727851e+00 2.073611500230501930e-03
1.407288725025611198e+00 1.798297298581737593e-03
1.408832337923734634e+00 1.648035257667740394e-03
1.410379340825861805e+00 1.594242343480772092e-03
1.411929744911700313e+00 1.623380439962365590e-03
1.413483561410169731e+00 1.734785846036253831e-03
1.415040801599673825e+00 1.904118790328569732e-03
1.416601476808373228e+00 2.124305843121450637e-03
1.418165598414459661e+00 2.366859157730842947e-03
1.419733177846432826e+00 2.602054212445991700e-03
1.421304226583378183e+00 2.833852782337897142e-03
1.422878756155248059e+00 3.032336263690643598e-03
1.424456778143142976e+00 3.184784348582272388e-03
1.426038304179596539e+00 3.306097565072487528e-03
1.427623345948860090e+00 3.418758274805088013e-03
1.429211915187190263e+00 3.562012375841877836e-03
1.430804023683140525e+00 3.724565621287560888e-03
1.432399683277851388e+00 3.920838970221953400e-03
1.433998905865343287e+00 4.168065112749958986e-03
1.435601703392814343e+00 4.383781757625552361e-03
1.437208087860935457e+00 4.541752342470887181e-03
1.438818071324151404e+00 4.672852451463050012e-03
1.440431665890981705e+00 4.764705818726010754e-03
1.442048883724324604e+00 4.824529034623140436e-03
1.443669737041762158e+00 4.850317649024915231e-03
1.445294238115867769e+00 4.797270927275163084e-03
1.446922399274517490e+00 4.652793652454091308e-03
1.448554232901199557e+00 4.470866576442853076e-03
1.450189751435329688e+00 4.290177950018406010e-03
1.451828967372567725e+00 4.092248011276926160e-03
1.453471893265134263e+00 3.886808684874307283e-03
1.455118541722132175e+00 3.698560068813059026e-03
1.456768925409868798e+00 3.523723888661234750e-03
1.458423057052181004e+00 3.368477776542037633e-03
1.460080949430762276e+00 3.237268030340332853e-03
1.461742615385490884e+00 3.124714166486940344e-03
1.463408067814762958e+00 3.028455135936384754e-03
1.465077319675824219e+00 2.954757452943084645e-03
1.466750383985108819e+00 2.894444888684074169e-03
1.468427273818574630e+00 2.804781574805382659e-03
1.470108002312046080e+00 2.687479109335710187e-03
1.471792582661556104e+00 2.580288414197273728e-03
1.473481028123691416e+00 2.483416329572170778e-03
1.475173352015941353e+00 2.380942410521571205e-03
1.476869567717046916e+00 2.268097162450361491e-03
1.478569688667353610e+00 2.168538356130702421e-03
1.480273728369166264e+00 2.085882830742906598e-03
1.481981700387106970e+00 1.991298234423914161e-03
1.483693618348475241e+00 1.906484715704897647e-03
1.485409495943609492e+00 1.843962667314219929e-03
1.487129346926251872e+00 1.775337048801480964e-03
1.488853185113917732e+00 1.697157195067412879e-03
1.490581024388262232e+00 1.603190465736659088e-03
1.492312878695457590e+00 1.503919513313210343e-03
1.494048762046563450e+00 1.424766896953370138e-03
1.495788688517908360e+00 1.352906101512805614e-03
1.497532672251467467e+00 1.285976292528165843e-03
1.499280727455248874e+00 1.216188618134865984e-03
1.501032868403676668e+00 1.109999368389042980e-03
1.502789109437979942e+00 9.836849574323374822e-04
1.504549464966586036e+00 8.671125226332481633e-04
1.506313949465511781e+00 7.591451981616673290e-04
1.508082577478762509e+00 6.701550755353631985e-04
1.509855363618730850e+00 5.991498647405558466e-04
1.511632322566598186e+00 5.232167473560758557e-04
1.513413469072741879e+00 4.391571494144164102e-04
1.515198817957142063e+00 3.568885393144042542e-04
1.516988384109793087e+00 2.916956119562586890e-04
1.518782182491116739e+00 2.614073644988326598e-04
1.520580228132380585e+00 2.654421478643265338e-04
1.522382536136117182e+00 3.003284135687562693e-04
1.524189121676545966e+00 3.768397718852286552e-04
1.526000000000000023e+00 4.946612840312741670e-04
