1.199999999999999946e-06 2.100000000000000200e-01 7.399999999999999911e-01 5.000000000000000000e-01 1.500000000000000038e-05
1.260000000000000007e-06 2.100000000000000200e-01 7.399999999999999911e-01 5.000000000000000000e-01 1.500000000000000038e-05
1.199999999999999946e-06 2.205000000000000293e-01 7.399999999999999911e-01 5.000000000000000000e-01 1.500000000000000038e-05
1.199999999999999946e-06 2.100000000000000200e-01 7.770000000000000240e-01 5.000000000000000000e-01 1.500000000000000038e-05
1.199999999999999946e-06 2.100000000000000200e-01 7.399999999999999911e-01 5.250000000000000222e-01 1.500000000000000038e-05
1.199999999999999946e-06 2.100000000000000200e-01 7.399999999999999911e-01 5.000000000000000000e-01 1.574999999999999998e-05
1.224000000000000055e-06 2.142000000000000570e-01 7.548000000000001375e-01 5.100000000000000089e-01 1.425000000000000417e-05
1.233599999999999929e-06 2.158800000000000718e-01 7.607200000000000628e-01 5.140000000000000124e-01 1.469999999999999986e-05
1.240320000000000137e-06 2.170560000000000822e-01 7.648639999999999883e-01 5.167999999999999261e-01 1.463999999999999874e-05
1.249728000000000006e-06 2.040024000000000282e-01 7.706656000000000617e-01 5.207199999999998496e-01 1.455599999999999921e-05
1.259673600000000145e-06 2.007028799999999724e-01 7.767987199999999426e-01 5.248639999999997752e-01 1.446719999999999931e-05
1.273597440000000424e-06 2.107835520000000407e-01 7.853850880000001755e-01 4.956655999999998174e-01 1.434287999999999811e-05
1.303036416000000446e-06 2.110969728000000045e-01 7.517391232000000256e-01 5.189318399999998110e-01 1.408003199999999991e-05
1.323643699200000504e-06 2.113163673599999792e-01 7.466869478400000038e-01 5.227182079999996844e-01 1.389603839999999744e-05
1.318893895680000347e-06 2.057435197440000141e-01 7.706939023359999918e-01 5.140191231999997612e-01 1.468844735999999545e-05
1.337872674816000321e-06 2.040522236928000721e-01 7.738726828031998739e-01 5.148229478399997117e-01 1.477613683199999710e-05
1.314042965606400351e-06 2.075644092211200165e-01 7.990429754572800913e-01 5.299483023359994327e-01 1.384890209279999387e-05
1.324851558727680547e-06 2.070772910653440602e-01 8.108515705487360226e-01 5.359379628031992748e-01 1.361868251135999020e-05
1.367535589097472808e-06 1.965169256472575898e-01 7.925740036767745522e-01 5.208034874572793349e-01 1.380037509734399344e-05
1.392978706916967469e-06 1.924091107767090802e-01 7.981160044121295982e-01 5.216041849487352833e-01 1.363245011681279102e-05
1.371833408736461052e-06 1.970827231061605955e-01 7.749284819474839825e-01 5.519930424401914282e-01 1.388049313628159357e-05
1.391480602483753093e-06 1.943425573273926954e-01 7.728371607369806107e-01 5.632585309282297503e-01 1.378801576353791639e-05
1.399999999999999937e-06 2.057153323486249907e-01 7.827667547264778314e-01 5.336462594162678652e-01 1.352149039079422735e-05
1.397193593351045701e-06 1.928614309840749330e-01 8.273104496410688125e-01 5.401632719827753615e-01 1.394283278711192119e-05
1.399999999999999937e-06 1.956492575677848400e-01 8.214998214130166954e-01 5.581946617998856386e-01 1.272941273715668710e-05
1.394649430840777723e-06 1.971197766396624862e-01 8.131650721562986295e-01 5.506046118569055681e-01 1.308758945375426550e-05
1.349916229124286719e-06 2.025817046209224259e-01 7.822074320599179398e-01 5.224129977829797822e-01 1.441796011540241870e-05
1.328461120923314893e-06 2.107281597312489207e-01 7.500208475426872745e-01 5.257542279771916238e-01 1.375276771336096472e-05
1.385165410676192736e-06 1.959881085148303947e-01 8.137847692738520156e-01 5.376416892817982296e-01 1.390957139920550364e-05
1.319720878544837608e-06 1.939833688331810135e-01 8.069717482762281957e-01 5.338694124899114879e-01 1.432934251304317043e-05
1.333769724799491016e-06 1.960364624483837137e-01 8.027358744050216988e-01 5.338303607020238317e-01 1.418796839164960455e-05
1.363346047690632545e-06 1.944988996918680935e-01 8.157424478808292800e-01 5.496696192908171463e-01 1.334087609893385207e-05
1.391323081171885114e-06 2.004291167618005576e-01 8.004166349260484203e-01 5.445879598072902450e-01 1.323203090560036794e-05
1.343841562164659972e-06 1.968051769532316586e-01 8.023300074962014250e-01 5.357129405454454929e-01 1.402067933159098839e-05
1.323397855890570288e-06 2.008042980707144265e-01 7.847858353461580894e-01 5.400051317329747080e-01 1.355487107099866275e-05
1.374356088588708733e-06 1.968309416871100725e-01 8.087099558365056229e-01 5.380552917107541688e-01 1.384749884176930530e-05
1.399999999999999937e-06 1.856165757689071660e-01 7.868623881863818781e-01 5.425557897745956204e-01 1.393728649100790088e-05
1.399999999999999937e-06 1.914132494072897928e-01 7.891969035149886125e-01 5.455179517240096310e-01 1.350193253454366971e-05
1.354891994794958326e-06 1.958615896326918460e-01 8.000317142994891606e-01 5.374288175016942448e-01 1.392989864210770805e-05
1.368686727539101049e-06 1.909997438516440882e-01 7.793456585598781405e-01 5.429250108750769410e-01 1.370807294450071526e-05
1.375967682406988440e-06 1.891068871732510814e-01 7.901902726728504689e-01 5.690254244956709506e-01 1.371827582778871652e-05
1.377654101068891947e-06 1.876248794784498020e-01 7.897135264720656078e-01 5.786698119033493182e-01 1.370185597387766114e-05
1.333890344467256374e-06 2.014033616133391047e-01 7.972330419578306238e-01 5.578609760667845308e-01 1.349376016883713602e-05
1.388430810281769824e-06 1.883792632916827525e-01 7.886772525963854363e-01 5.452341973757286464e-01 1.385966938462801771e-05
1.373101250025222856e-06 1.949720013066176261e-01 8.084824091989368799e-01 5.584154295665639811e-01 1.378361229139524194e-05
1.369459268974172408e-06 1.916948889062644601e-01 7.844445899217133977e-01 5.456358341460871841e-01 1.372129233020725811e-05
1.380887218387107390e-06 1.903512411521522119e-01 7.595664766943397428e-01 5.500573070929316577e-01 1.430297562947146754e-05
1.399739360719641489e-06 1.867844118191125946e-01 7.590911152336200507e-01 5.673495047185496132e-01 1.386318388124311536e-05
1.381284994060505471e-06 1.908680285664363374e-01 7.993662082544814584e-01 5.616378941775593825e-01 1.331419019458801296e-05
1.380956829129952202e-06 1.904416789496519158e-01 7.665314297173645430e-01 5.520839098327414707e-01 1.412993817836686206e-05
1.370751809705116243e-06 1.936649726900934732e-01 7.613971032008275408e-01 5.692008888775677011e-01 1.386560395692700325e-05
1.373845634806030651e-06 1.927399735453715346e-01 7.661711293450500504e-01 5.650067178647457666e-01 1.386456540677467968e-05
1.391477897345457211e-06 1.907673809311546398e-01 7.583203816448342849e-01 5.765476055946725520e-01 1.406129024197472742e-05
1.357893220250314673e-06 1.972710456631233122e-01 7.833655628974131035e-01 5.585131753726592096e-01 1.399864123523151430e-05
1.392416286137509444e-06 1.886195727418144563e-01 7.633391435747838294e-01 5.658031470830188203e-01 1.388688891819108535e-05
1.394032323193914382e-06 1.835874742303368889e-01 7.628924608344693770e-01 5.793936795081483515e-01 1.398389029295683552e-05
1.398472106085405132e-06 1.808884244551721143e-01 7.604852566118665003e-01 5.848738069217397362e-01 1.400456972429188290e-05
1.398899818994753840e-06 1.882759250760147607e-01 7.357486636847092587e-01 5.687006504230964765e-01 1.426062516005097708e-05
1.385044628407129747e-06 1.886257804411314853e-01 7.515636008267458923e-01 5.730819291717793584e-01 1.424150656639256698e-05
1.383570296861053469e-06 1.886270219809949023e-01 7.492084922771382605e-01 5.745376855895313328e-01 1.431243009603286263e-05
1.398139205125558261e-06 1.860773148298858759e-01 7.423841831279179848e-01 5.952003741576721296e-01 1.404308466142707360e-05
1.390282660022093842e-06 1.838755864078756574e-01 7.442207517936814121e-01 5.781977858209408350e-01 1.410445036560014197e-05
1.399999999999999937e-06 1.783572389386604562e-01 7.275898530729184577e-01 5.950151007333457365e-01 1.439712918433037733e-05
1.399999999999999937e-06 1.754806920173182516e-01 7.198735978184922502e-01 6.010167773070658193e-01 1.450364193984151381e-05
1.389875620861321012e-06 1.777031941845386154e-01 7.516622923867724015e-01 6.042476189285825861e-01 1.409827614297029936e-05
1.388070781234634574e-06 1.755886480062434085e-01 7.548450181271848525e-01 6.113570126296798968e-01 1.406580633955416314e-05
1.386864739681035987e-06 1.838166026971277955e-01 7.233965137695774761e-01 5.958239872326763775e-01 1.439181414620075810e-05
1.396440816964640638e-06 1.814008556475143474e-01 7.539947266144659821e-01 5.867900884761536595e-01 1.407233749812593623e-05
1.386518285376515810e-06 1.767571286494654670e-01 7.461418046481450572e-01 5.821333057241369069e-01 1.436500034374511178e-05
1.396105544169475895e-06 1.844462822483123043e-01 7.430417668939577336e-01 5.929136371818034545e-01 1.409941990583273053e-05
1.396703984138933050e-06 1.791871354076502998e-01 7.438336420224922474e-01 6.050222346052132050e-01 1.430162245566507951e-05
1.399999999999999937e-06 1.706614833610020643e-01 7.333988094677263980e-01 6.229142134277479981e-01 1.418861261058166153e-05
1.399999999999999937e-06 1.670686239449761801e-01 7.297658511959226324e-01 6.328806702789416816e-01 1.417803381941948248e-05
1.397102624616482357e-06 1.693270619988971604e-01 7.380634604300220225e-01 6.150827359161020746e-01 1.436637635304106361e-05
1.397302040705883735e-06 1.663032179490141482e-01 7.370677991372349691e-01 6.195165556629617098e-01 1.441976764248272718e-05
1.397111841317814176e-06 1.663334335202950043e-01 7.203397297186211468e-01 6.342968714964749566e-01 1.453243081849057498e-05
1.397246046188448630e-06 1.633199490948511468e-01 7.136087303394522685e-01 6.437982281005392160e-01 1.462444948256349866e-05
1.392397394809580827e-06 1.685946937516817901e-01 7.546473112746467926e-01 6.333822203413264074e-01 1.411264192823462796e-05
1.398669544091676603e-06 1.742756423208318695e-01 7.259589976733192840e-01 6.066807298380614277e-01 1.443521693781030921e-05
1.396479634651745389e-06 1.629236531266223809e-01 7.235374093309774324e-01 6.300401611363184440e-01 1.436809920526914736e-05
1.396434764754307603e-06 1.596709566704167527e-01 7.194781627926745138e-01 6.350437464425395806e-01 1.438139455518996229e-05
1.399999999999999937e-06 1.584957779265675493e-01 7.044588057443792461e-01 6.411317936960432284e-01 1.467937474288346603e-05
1.395825224306847915e-06 1.606712065763302721e-01 7.111462871740865666e-01 6.297522313041957753e-01 1.478534312819282905e-05
1.394990269168217298e-06 1.586731512193959304e-01 7.066957827153586003e-01 6.311198348794853086e-01 1.490468923171506119e-05
1.395683970245787696e-06 1.508160511759261690e-01 7.108808129853093627e-01 6.557613569104521201e-01 1.472652771852608149e-05
1.398147068668645970e-06 1.701702138704733747e-01 7.233203153529175200e-01 6.152698395757297822e-01 1.448619632443556987e-05
1.393612341804922352e-06 1.712656899477528194e-01 7.399256087576646657e-01 6.109655114043448521e-01 1.440509854607376891e-05
1.394730181989060749e-06 1.690309553440453860e-01 7.337189182303396340e-01 6.162446108053918348e-01 1.445309688051546472e-05
1.395281557612309868e-06 1.645493448833187378e-01 7.059770630020507642e-01 6.312719714943982874e-01 1.467803734168759736e-05
1.394877460993595010e-06 1.641985702701796446e-01 6.997589157750139233e-01 6.336230546606854697e-01 1.472969128152857546e-05
1.394739643518177365e-06 1.638054938572473529e-01 7.169600657340362559e-01 6.152816956600546394e-01 1.462361677495856190e-05
1.396696706702877702e-06 1.658910440792616681e-01 7.197482885213187798e-01 6.309692157251014510e-01 1.454838836087247150e-05
1.393124271381038094e-06 1.582570455905842888e-01 7.125506693671006531e-01 6.405884780405483037e-01 1.469472808358832496e-05
1.397268079143314677e-06 1.680854094214927763e-01 7.214356273053995627e-01 6.197006013070730512e-01 1.452268938228730311e-05
1.397556316922324970e-06 1.590180857479912002e-01 6.972387501197025994e-01 6.409961030115587377e-01 1.475566452821716410e-05
1.397061743309003509e-06 1.607703379273006938e-01 7.036227795390639361e-01 6.366645918754795241e-01 1.470271518986936561e-05
1.394935885434346661e-06 1.570376030728669881e-01 7.023969019381083312e-01 6.443257087372401548e-01 1.475808234947815478e-05
1.396859945244245327e-06 1.661520433104832495e-01 7.181038503661236749e-01 6.240099951073523332e-01 1.456388315154570181e-05
1.395048526857035812e-06 1.598483899521804807e-01 7.065520387726970108e-01 6.311502622024679487e-01 1.485935885370956809e-05
1.396240019243858327e-06 1.632487914779616467e-01 7.200253400651921432e-01 6.302865232079344349e-01 1.443008683255283702e-05
1.396413676884764178e-06 1.656227042400730820e-01 7.169940434174651989e-01 6.310297668789608405e-01 1.457431815703549667e-05
1.396705706169664781e-06 1.615261393185042915e-01 7.040936362316613240e-01 6.355860677992632990e-01 1.469777962023301230e-05
1.396870774837113757e-06 1.673781965138579630e-01 7.183439144447297808e-01 6.220148753445381429e-01 1.455375897416736264e-05
1.395236116004367657e-06 1.667328315084524726e-01 7.230633236491926796e-01 6.227152918520564295e-01 1.454044444342813038e-05
1.395493294283294453e-06 1.658216603752115104e-01 7.197436283511247090e-01 6.249676776428174652e-01 1.456797809936898404e-05
1.396448527890737986e-06 1.624373104517452537e-01 7.074133315297292945e-01 6.333336820085022634e-01 1.467024596429215864e-05
1.395660460164597103e-06 1.652293991386049044e-01 7.175858264073805559e-01 6.264317284068122715e-01 1.458587497573053790e-05
1.396281362009435336e-06 1.630295716883518597e-01 7.095711334734734477e-01 6.318696312445074570e-01 1.465234908793060478e-05
1.395475219339136978e-06 1.615990135661952154e-01 7.071937524857921931e-01 6.276075385185777566e-01 1.469511827898369128e-05
1.394459899187596687e-06 1.575318481133452242e-01 7.013838166749525316e-01 6.388594953226162110e-01 1.477222118377835813e-05
1.396448871598448280e-06 1.656550855437682324e-01 7.153758973350187178e-01 6.249626838407018603e-01 1.459198986084928634e-05
1.395234951461255015e-06 1.636091538970910753e-01 7.060920581561800358e-01 6.312476296360122197e-01 1.471430164409199150e-05
1.396034794978955431e-06 1.623933353411175784e-01 7.089673145333181825e-01 6.317257574360995998e-01 1.469375104108639778e-05
1.396001720766493824e-06 1.625687111728054135e-01 7.173306798066930723e-01 6.304592710068411821e-01 1.451594123678418256e-05
1.395389880842716829e-06 1.612488888433922796e-01 7.070654097431731122e-01 6.283160832553558173e-01 1.472796639392886630e-05
1.396506325241098253e-06 1.658722352015224721e-01 7.159855393103232712e-01 6.238419527161240818e-01 1.461487895007580406e-05
1.394577624721484766e-06 1.579951564811122589e-01 7.024174610945014274e-01 6.373176486985865363e-01 1.478964871776459911e-05
1.394915147312417063e-06 1.593736452571840323e-01 7.047918747822701224e-01 6.349594019016554514e-01 1.475906400841905913e-05
1.396168802650165956e-06 1.644937464254506987e-01 7.136111256225545763e-01 6.262001995130551668e-01 1.464546365942134404e-05
1.395134536996523161e-06 1.602696629616306989e-01 7.063352436793198796e-01 6.334265414836504071e-01 1.473918394734446009e-05
1.394689051790654595e-06 1.606245873897223786e-01 7.083828575299071506e-01 6.301141575976315634e-01 1.472894978925722760e-05
1.394419903152994513e-06 1.602708377994433442e-01 7.082659661292249886e-01 6.297918376299380672e-01 1.473598953889138950e-05
1.394197058412780171e-06 1.596715620448013739e-01 6.964403633458179366e-01 6.312425986632058672e-01 1.499196301454866016e-05
1.395685904854593925e-06 1.620617100754047080e-01 7.136748744260399402e-01 6.305963533467049409e-01 1.459924504789296453e-05
1.394927307941308174e-06 1.613165128670194792e-01 7.093494192824846278e-01 6.342978944512309702e-01 1.472844931898961978e-05
1.395308930584970272e-06 1.612607230475270326e-01 7.074651114125526385e-01 6.293629002146339246e-01 1.472805090581449816e-05
1.394480494221581618e-06 1.601832968238559585e-01 7.002560493942229236e-01 6.315242431070535734e-01 1.490869300819413161e-05
1.395474957993816686e-06 1.617329877563836726e-01 7.113265800454720011e-01 6.307587340547660126e-01 1.465339844094566953e-05
1.395184954826107052e-06 1.611334959159660962e-01 7.076486606360234966e-01 6.295131516912334524e-01 1.472823068250304439e-05
1.395125771527134846e-06 1.630122405956173359e-01 7.065502180309254365e-01 6.310209352283361328e-01 1.471723127312503872e-05
1.394976631843759611e-06 1.600036294396888492e-01 7.069182025241390610e-01 6.309430412815006939e-01 1.483327704081909999e-05
1.395045439955349363e-06 1.603406478472490237e-01 7.067447664494372894e-01 6.327640647064466384e-01 1.473713711572701427e-05
1.395486534241805974e-06 1.617742855382682532e-01 7.126164710468133601e-01 6.304999141968902210e-01 1.462518599616581748e-05
1.395139737736435468e-06 1.622786477044561304e-01 7.101017974576859793e-01 6.280724152917901426e-01 1.471601279702107836e-05
1.395064992648370319e-06 1.593136177996233027e-01 7.117169776469020048e-01 6.286361367952822965e-01 1.473543124918146976e-05
1.395021128403843468e-06 1.588611987288513772e-01 7.088114702958279167e-01 6.318101453332251038e-01 1.474441710614958668e-05
1.394488169563288044e-06 1.582003261712725262e-01 7.047747964063065806e-01 6.299067388826590230e-01 1.488293635099835728e-05
1.395311820423065326e-06 1.611488426490439996e-01 7.112441779847247236e-01 6.303961085168997558e-01 1.467029230826151254e-05
1.395008442266601617e-06 1.613950838496857887e-01 7.054851699413468014e-01 6.324745049729137980e-01 1.474663552161471804e-05
1.395055096331560828e-06 1.596778743583842364e-01 7.106264112984298498e-01 6.293078512263677871e-01 1.473739199685728787e-05
1.395085774219016518e-06 1.610317142107173527e-01 7.077955000148001830e-01 6.296333528725130968e-01 1.472837450385388103e-05
1.394919115833138608e-06 1.601278210296955551e-01 7.072111335252926345e-01 6.307772645447268234e-01 1.481241159050672619e-05
1.394954713081205609e-06 1.592138764610255830e-01 7.087257477426437413e-01 6.314709477861063514e-01 1.474132364277111487e-05
1.395187266696583137e-06 1.610439915971796643e-01 7.106719138937611646e-01 6.303397183330461395e-01 1.468202380446065521e-05
1.394989804476827090e-06 1.595758117176431234e-01 7.110501536235029896e-01 6.289317409557521055e-01 1.473413495719662065e-05
1.394944564171412636e-06 1.612409845576930900e-01 7.060647074590589156e-01 6.320024354978573955e-01 1.474309837514322402e-05
1.394981887423379497e-06 1.598672169646518648e-01 7.101777005447252877e-01 6.294691125006205423e-01 1.473570355533727717e-05
1.395006429733344091e-06 1.609502888465183523e-01 7.079129715178216209e-01 6.297295138175368345e-01 1.472848956093455001e-05
1.394873103024641805e-06 1.602271743017009142e-01 7.074454783262155155e-01 6.306446431553077714e-01 1.479571923025682647e-05
1.394901580823095364e-06 1.594960186467649366e-01 7.086571697000964010e-01 6.311995897484113938e-01 1.473884887206833742e-05
1.395087623715397344e-06 1.609601107556881960e-01 7.102141026209903840e-01 6.302946061859632243e-01 1.469140900141997037e-05
1.394929653939592548e-06 1.597855668520589689e-01 7.105166944047838218e-01 6.291682242841279971e-01 1.473309792360874204e-05
1.394672304009134272e-06 1.594733436590179687e-01 7.069519659705395531e-01 6.300478452552430442e-01 1.479863314903029830e-05
1.395014942766801328e-06 1.606999265137709076e-01 7.096432287071614553e-01 6.302514230230872316e-01 1.471017322725177691e-05
1.394864389315822240e-06 1.610136314273320490e-01 7.062999879076969911e-01 6.316075066526619652e-01 1.474777434829874532e-05
1.394918232630432691e-06 1.600004781527317455e-01 7.097787707677936098e-01 6.295950986986214026e-01 1.473566629792949270e-05
1.394942954144806150e-06 1.608851485551591465e-01 7.080069487202387268e-01 6.298064425735557803e-01 1.472858160659908553e-05
1.394949764571571981e-06 1.606848586889612074e-01 7.093911544717106388e-01 6.302239699379961202e-01 1.471392853965286773e-05
1.394836292777844448e-06 1.603066569193052071e-01 7.076329541669538203e-01 6.305385460437725742e-01 1.478236534205690704e-05
1.394859075016607210e-06 1.597217323953564194e-01 7.086023072660585509e-01 6.309825033182554499e-01 1.473686905550611613e-05
1.394881533509805000e-06 1.599533709595916398e-01 7.100899270298084431e-01 6.293574109468287325e-01 1.473226829673843882e-05
1.394829321810788330e-06 1.609358226198101260e-01 7.067165618321391563e-01 6.313088368416559515e-01 1.474400943649044279e-05
1.394818879470985208e-06 1.611323129518538178e-01 7.060418887926052101e-01 6.316991220206213953e-01 1.474635766444084393e-05
1.394839879021658738e-06 1.616530972738268179e-01 7.074498834223212906e-01 6.298142778795892127e-01 1.474226483011649411e-05
1.394843238320774456e-06 1.613151084200944996e-01 7.076515575949751113e-01 6.300187173313556155e-01 1.474132056955967720e-05
1.394717105794681300e-06 1.606868344357399170e-01 7.080495983903535295e-01 6.303530934464364188e-01 1.473196171870386996e-05
1.394920227678002628e-06 1.608952833680893368e-01 7.077488713426187683e-01 6.301069214271758367e-01 1.473166717257735698e-05
1.394925676019415209e-06 1.607350514751309800e-01 7.088562359437963201e-01 6.304409433187281309e-01 1.471994471902038342e-05
1.394834898584433182e-06 1.604324900594061853e-01 7.074496756999908431e-01 6.306926042033492719e-01 1.477469416094361351e-05
1.394853124375443519e-06 1.599645504402471552e-01 7.082251581792746720e-01 6.310477700229355502e-01 1.473829713170298214e-05
1.395028193592551932e-06 1.604984447493335853e-01 7.075490028087744188e-01 6.310857368791013000e-01 1.475148332959003819e-05
1.394962202698633079e-06 1.614342864684609191e-01 7.071029808716531306e-01 6.304062470450686462e-01 1.475042239574575520e-05
1.394872213082001554e-06 1.602217542451845611e-01 7.080287771504408800e-01 6.309355035018088254e-01 1.474041905291046937e-05
1.394943113992075043e-06 1.611770826635235132e-01 7.072993619004869226e-01 6.305185135661953710e-01 1.474830047453826797e-05
1.394884620741264457e-06 1.603889367183938819e-01 7.079011294816989208e-01 6.308625302630764820e-01 1.474179830169533413e-05
1.394930706332812140e-06 1.610099001903141924e-01 7.074270095692288818e-01 6.305914868049277144e-01 1.474692122575340321e-05
1.394892685719785323e-06 1.604976053259799251e-01 7.078181584970166806e-01 6.308150976579004476e-01 1.474269481340549588e-05
1.394922641354291274e-06 1.609012315827281492e-01 7.075099805539111220e-01 6.306389194101037488e-01 1.474602471404324146e-05
1.394897927955823928e-06 1.605682399209108768e-01 7.077642273569731968e-01 6.307842664645360031e-01 1.474327754601710119e-05
1.394847502984231232e-06 1.609277147694659627e-01 7.069230237342351009e-01 6.310684537587599729e-01 1.474154098370782597e-05
1.394851964403147029e-06 1.605250487211428156e-01 7.075095148285164282e-01 6.305754676481145626e-01 1.476608876327036187e-05
1.394924586351132650e-06 1.607670978537226458e-01 7.086347630235607653e-01 6.303741389404177164e-01 1.472228920973177779e-05
1.395006600409642071e-06 1.605778124730847245e-01 7.075889765155433109e-01 6.308899737887162518e-01 1.474752009818750228e-05
1.394898194111428869e-06 1.605771409344018130e-01 7.078043010661371204e-01 6.306734624117554810e-01 1.474048928523986844e-05
1.394986880210628121e-06 1.609729710383629442e-01 7.079704594443216870e-01 6.306697124826154965e-01 1.470731393650737140e-05
1.394976124942025982e-06 1.610792108666884992e-01 7.077421365579746881e-01 6.305702177473183623e-01 1.471964327504486397e-05
1.395078264852341010e-06 1.607892354705133531e-01 7.089510590193724981e-01 6.299759319957373149e-01 1.470983249311172300e-05
1.394947833204010170e-06 1.612237069658660205e-01 7.088299392395961407e-01 6.297887952485895502e-01 1.468877833660173565e-05
1.394966991976419765e-06 1.607801070119332099e-01 7.091119002698133000e-01 6.297959822904960481e-01 1.470430918436712128e-05
1.395035492817427858e-06 1.610974236881832777e-01 7.084101287027282368e-01 6.297607984374281598e-01 1.469447123953434485e-05
1.394943994982734301e-06 1.608249048747532606e-01 7.085954520174150284e-01 6.302668043523945718e-01 1.471742106494722686e-05
1.394973549704102980e-06 1.609574335043082172e-01 7.079261418239810588e-01 6.305571542715275868e-01 1.471218458372136885e-05
1.394942312098808661e-06 1.611580222463106782e-01 7.086137256602006440e-01 6.298524204843067853e-01 1.469735610379685958e-05
1.395046657417473249e-06 1.608104450500285609e-01 7.087106214840217522e-01 6.300021298820249749e-01 1.471419942900485014e-05
1.394957639116736338e-06 1.608031422831644464e-01 7.088392944843744381e-01 6.298581701178319614e-01 1.470978078200916842e-05
1.394923714616506603e-06 1.607927349565959896e-01 7.084575846873724103e-01 6.303206954377693627e-01 1.472416480230089363e-05
1.394942670666908182e-06 1.608264176573674098e-01 7.090218972394541908e-01 6.294989806681159372e-01 1.471868273215428264e-05
1.394968145872594017e-06 1.609345057310935800e-01 7.081178990216888680e-01 6.303719738909305814e-01 1.471332175969712766e-05
1.394962783956617811e-06 1.610332542576828341e-01 7.078201863939865834e-01 6.304034863310509218e-01 1.472250292494166610e-05
1.394958539463715638e-06 1.608434118787051559e-01 7.086609505685566024e-01 6.299536004551453683e-01 1.471200715702235441e-05
1.395010638395731074e-06 1.610639323530948797e-01 7.082832425434621992e-01 6.297941230180639227e-01 1.470325584653852452e-05
1.394938926277870790e-06 1.608401945009833023e-01 7.084270748121881400e-01 6.302285452643209274e-01 1.472050573504247878e-05
1.394950877106573036e-06 1.608537861765819976e-01 7.084785347233690800e-01 6.299842646495514842e-01 1.471593916013335492e-05
1.394937895214647370e-06 1.611054744706664210e-01 7.084407547966842245e-01 6.299033206728805734e-01 1.470421831755295838e-05
1.395021371469579082e-06 1.608274127136407050e-01 7.085182714557411998e-01 6.300230881910551251e-01 1.471769297771935117e-05
1.394958562233675655e-06 1.609266612584927258e-01 7.080440934858748259e-01 6.303189633981796103e-01 1.471699084227317353e-05
1.394923017228805766e-06 1.608132446388946535e-01 7.083158420184216819e-01 6.302779406356506797e-01 1.472566527635618596e-05
1.394971727072006927e-06 1.606210807916133576e-01 7.080014904137259535e-01 6.303811506477645654e-01 1.473896385407081132e-05
1.394965806496968878e-06 1.607058496854475993e-01 7.080783616807435621e-01 6.302975304021598557e-01 1.473288338518018358e-05
1.394943815789685420e-06 1.610207055768321793e-01 7.083638835296666159e-01 6.299869409184852831e-01 1.471029878644358612e-05
1.394947664163459866e-06 1.609656057958398501e-01 7.083139172061050370e-01 6.300412940781283666e-01 1.471425109122248720e-05
1.394946700824892327e-06 1.608154718187259358e-01 7.085060812126274810e-01 6.298544401944450311e-01 1.472509542893031893e-05
1.394956486487138498e-06 1.609072031065335306e-01 7.081249413380565905e-01 6.302376718375261033e-01 1.471840914493817507e-05
1.394944747220858954e-06 1.608620856148834655e-01 7.083326020472190399e-01 6.300087960050763103e-01 1.471908476262215567e-05
1.394942176866368461e-06 1.609515413102897419e-01 7.082009080334077389e-01 6.300544195479378384e-01 1.471773430749346082e-05
1.394922459318645139e-06 1.608296523847335957e-01 7.082024478832611436e-01 6.302437367939557333e-01 1.472686565560042016e-05
1.395001142711263834e-06 1.608409868445304369e-01 7.083643914331166913e-01 6.300398548382792896e-01 1.472048781669095165e-05
1.394950895322541092e-06 1.609203856804120591e-01 7.079850490572235922e-01 6.302765550039788334e-01 1.471992610833401022e-05
1.394941406195514091e-06 1.608314341285985716e-01 7.083546392386258495e-01 6.299049364409909924e-01 1.472640977765972722e-05
1.394949234725311409e-06 1.609048191588446919e-01 7.080497273389689816e-01 6.302115217554560278e-01 1.472106075046601179e-05
1.394937787028695294e-06 1.609402897218496498e-01 7.081105006952499448e-01 6.300649199237854381e-01 1.472052088051023937e-05
1.394984959704611508e-06 1.608518461492422225e-01 7.082412874150171289e-01 6.300532681560585546e-01 1.472272368786823306e-05
1.394939843312287689e-06 1.608687251655246397e-01 7.082158559062989855e-01 6.300284210894961934e-01 1.472160124461319560e-05
1.394922012990516721e-06 1.608427785814047495e-01 7.081117325751327130e-01 6.302163737205997984e-01 1.472782595899580685e-05
1.394944761793633484e-06 1.609153652179475258e-01 7.079378135143026274e-01 6.302426282886182118e-01 1.472227432118267957e-05
1.394969018816375690e-06 1.609458252676565782e-01 7.079899989742624022e-01 6.299820898334537178e-01 1.471968896370487430e-05
1.394955972822355640e-06 1.608854226509974228e-01 7.081847922190764866e-01 6.298516198833696844e-01 1.472420645852687812e-05
1.394946723723659798e-06 1.609101252687312467e-01 7.079810347876380749e-01 6.301742018176996751e-01 1.472261244521791491e-05
1.394935920185430592e-06 1.608740368060375681e-01 7.081224589935629643e-01 6.300441211570321220e-01 1.472361443020602720e-05
1.394934275158556846e-06 1.609312884510975816e-01 7.080381748247237539e-01 6.300733202244634956e-01 1.472275013892366323e-05
1.394959260588701035e-06 1.609357168877431354e-01 7.079417734479336310e-01 6.300070561521980972e-01 1.472208460547937152e-05
1.394972013299289774e-06 1.608605335930116398e-01 7.081428042005374346e-01 6.300639988102819666e-01 1.472451238481005852e-05
1.394939854970507397e-06 1.609113488479758936e-01 7.079000250799658556e-01 6.302154869163297812e-01 1.472415289146161505e-05
1.394956635530215640e-06 1.608594793500454367e-01 7.079041984011238409e-01 6.301017135607436259e-01 1.472766245489010712e-05
1.394938188223597230e-06 1.609187218584134660e-01 7.080147289505938080e-01 6.300782890583125351e-01 1.472360979421779049e-05
1.394955897718608549e-06 1.609346050160558317e-01 7.077768222150969679e-01 6.301445797886869871e-01 1.472679630921245389e-05
1.394939416253736576e-06 1.608846362427907573e-01 7.080619725573313872e-01 6.300617014175716735e-01 1.472417125903215297e-05
1.394951787446823331e-06 1.608866079320434295e-01 7.080640351196401117e-01 6.299116998298862624e-01 1.472626519498507781e-05
1.394941943153862876e-06 1.609070191876877109e-01 7.079287268369088837e-01 6.301623241762021044e-01 1.472452254457822180e-05
1.394935578538589786e-06 1.608867656678504843e-01 7.079993523143888190e-01 6.300707454194924839e-01 1.472567044174119377e-05
1.394961656175032388e-06 1.608674835480271847e-01 7.080640176289536569e-01 6.300725833336607851e-01 1.472594334236351753e-05
1.394951454006561396e-06 1.609276301838123702e-01 7.079031930268706585e-01 6.300270292071936673e-01 1.472400111889896793e-05
1.394934596114478310e-06 1.609140341603486346e-01 7.079615574289988000e-01 6.300840155320851510e-01 1.472522126988970311e-05
1.394935929512006401e-06 1.609081357519985822e-01 7.078697943324964159e-01 6.301937738184989479e-01 1.472565574768476344e-05
1.394945475493059233e-06 1.608883430192526443e-01 7.080010023642356876e-01 6.299507441493442661e-01 1.472734559050353568e-05
1.394943804946374722e-06 1.608918067474831570e-01 7.079780409586812207e-01 6.299932743414462522e-01 1.472704986801024893e-05
1.394937600058690911e-06 1.609046720237680694e-01 7.078927557380508828e-01 6.301512436263969619e-01 1.472595147017805019e-05
1.394942719091030034e-06 1.608940581708330209e-01 7.079631160450708949e-01 6.300209189663126264e-01 1.472685764838961491e-05
1.394948682687452116e-06 1.609126301045937235e-01 7.078569498746161148e-01 6.300538419670786983e-01 1.472780577910647177e-05
1.394955299740753115e-06 1.608847999897935754e-01 7.078529017382533262e-01 6.300285024284836277e-01 1.472928875464466854e-05
1.394952209024090623e-06 1.609010727068934110e-01 7.078072573994541594e-01 6.300946323791245529e-01 1.472862481864677819e-05
1.394950548285804967e-06 1.608998451630828663e-01 7.078345326624368994e-01 6.300817325318823769e-01 1.472831556385177284e-05
1.394953370475626393e-06 1.608730435120396263e-01 7.080009883716866792e-01 6.300794509523638398e-01 1.472708810840628576e-05
1.394945208740849600e-06 1.609211608206677635e-01 7.078723286900202583e-01 6.300430076511901456e-01 1.472553432963464642e-05
1.394942991685562176e-06 1.609091607572928351e-01 7.078353341682166455e-01 6.300644578590981482e-01 1.472857805780064881e-05
1.394948285328202933e-06 1.608868966654527222e-01 7.078320956591264146e-01 6.300441862282221139e-01 1.472976443823120691e-05
1.394938220808424468e-06 1.608943032102842785e-01 7.079202671045804474e-01 6.300381194584853128e-01 1.472781955322716400e-05
1.394945812754872939e-06 1.608999148391326572e-01 7.077955801880869702e-01 6.300970901887347209e-01 1.472923328943289259e-05
1.394939549399053078e-06 1.608952852453327531e-01 7.078984468941941222e-01 6.300484393362789648e-01 1.472806695706316659e-05
1.394944484164244330e-06 1.608989328040841826e-01 7.078174003984732954e-01 6.300867703109410689e-01 1.472898588559689000e-05
1.394940412982961441e-06 1.608959235681142463e-01 7.078842637574429553e-01 6.300551472568447497e-01 1.472822776955656768e-05
1.394946741916101725e-06 1.608774914832495628e-01 7.079505649658730526e-01 6.300849450473262614e-01 1.472800392124049933e-05
1.394940212528280206e-06 1.609159853301520837e-01 7.078476372205400047e-01 6.300557904063872616e-01 1.472676089822318853e-05
1.394938438884050267e-06 1.609063852794521410e-01 7.078180416030970257e-01 6.300729505727137303e-01 1.472919588075599112e-05
1.394942673798162830e-06 1.608885740059800562e-01 7.078154507958248631e-01 6.300567332680128141e-01 1.473014498510043760e-05
1.394935685054842988e-06 1.608952848698840810e-01 7.078685317838790958e-01 6.300601357544582948e-01 1.472878700016600467e-05
1.394939632866995990e-06 1.608982029168852246e-01 7.078036945873025232e-01 6.300908005341879781e-01 1.472952214299298543e-05
1.394936375921969848e-06 1.608957955281092866e-01 7.078571852744781623e-01 6.300655020909109449e-01 1.472891565016072656e-05
1.394941439068481821e-06 1.608810498602175065e-01 7.079102262412222402e-01 6.300893403232962209e-01 1.472873657150787154e-05
1.394938184574130789e-06 1.608899158784019012e-01 7.078021349051836220e-01 6.300667708998454186e-01 1.473044942259582114e-05
1.394936215558224733e-06 1.609118449377395232e-01 7.078278840449557796e-01 6.300660166105449544e-01 1.472774215309402188e-05
1.394934796642840824e-06 1.609041648971795690e-01 7.078042075510013742e-01 6.300797447436061738e-01 1.472969013912026396e-05
1.394932593579474874e-06 1.608952845695251210e-01 7.078445996956270747e-01 6.300694928890018254e-01 1.472936303464827445e-05
1.394935751829197360e-06 1.608976190071260137e-01 7.077927299383657278e-01 6.300940247127855276e-01 1.472995114890986313e-05
1.394933930840374448e-06 1.608861203234501214e-01 7.078285310379370809e-01 6.300894848458531428e-01 1.472972844835370788e-05
1.394934645127409187e-06 1.609010070967769046e-01 7.078084641612151229e-01 6.300814492614993378e-01 1.472969684323611664e-05
1.394934593194905242e-06 1.608909893763393884e-01 7.077914821926706290e-01 6.300748010053115467e-01 1.473069297259212830e-05
1.394933017982180227e-06 1.609085326238094971e-01 7.078120815044883773e-01 6.300741975738711753e-01 1.472852715699068924e-05
1.394932646998958498e-06 1.608971518793186894e-01 7.077839582192163581e-01 6.300966040556635894e-01 1.473029435364336258e-05
1.394937196790385940e-06 1.608838965617918615e-01 7.078779552615015458e-01 6.300928565440720996e-01 1.472932269172176862e-05
1.394931882849873269e-06 1.609023885913615226e-01 7.077931403093248308e-01 6.300851800803201064e-01 1.473008554581168222e-05
1.394927395724855153e-06 1.609039118334090190e-01 7.078149204621894119e-01 6.301075028671295764e-01 1.472926579570581420e-05
1.394927241411160389e-06 1.609004533120658165e-01 7.078348293328328156e-01 6.300900593413639728e-01 1.472925299147955786e-05
1.394926148984760466e-06 1.608944424883047009e-01 7.078423228521274480e-01 6.301034350211248691e-01 1.472912877757839118e-05
1.394922266253485688e-06 1.608826624016547746e-01 7.078354781960196629e-01 6.301261125064753221e-01 1.473092781463446427e-05
1.394931136429658577e-06 1.609040053349324040e-01 7.078161759255063856e-01 6.300832826870769177e-01 1.472894727207834894e-05
1.394924147806007338e-06 1.608871896905318677e-01 7.078313837750016546e-01 6.301170273932695798e-01 1.473050769954680457e-05
1.394929913420519631e-06 1.609010625971623032e-01 7.078188372991680577e-01 6.300891880106606058e-01 1.472922034688532927e-05
1.394925370815146284e-06 1.608901324283019685e-01 7.078287224013399825e-01 6.301111220696858917e-01 1.473023462473982424e-05
1.394913357055184451e-06 1.609097928102765085e-01 7.077499112949416915e-01 6.301147597465198702e-01 1.473049705311060984e-05
1.394933024836725743e-06 1.608884284052766733e-01 7.078555475673535824e-01 6.300966896045004928e-01 1.472952820496481753e-05
1.394924964723408813e-06 1.608946106642616392e-01 7.078236325502257342e-01 6.301041323023350849e-01 1.472963645657818434e-05
1.394925962115484605e-06 1.609021861403450715e-01 7.078017106382752388e-01 6.301073865791387840e-01 1.472974607108012309e-05
1.394924342187717510e-06 1.608911626162594366e-01 7.078127521895957175e-01 6.301102819411839029e-01 1.473052113430733113e-05
1.394925838664528794e-06 1.608994193232705094e-01 7.078176377347900061e-01 6.300934317585263900e-01 1.472973582769911836e-05
1.394933802967909193e-06 1.608861739230513510e-01 7.078521384777249903e-01 6.300956695206928471e-01 1.472979158789288630e-05
1.394914731179747748e-06 1.609068909218389909e-01 7.077497033044772845e-01 6.301131920826511523e-01 1.473073107700395927e-05
1.394930465404980908e-06 1.608897993978392060e-01 7.078342123224066196e-01 6.300987359690355394e-01 1.472995599848732373e-05
1.394924815227988125e-06 1.609008055858939246e-01 7.077911427791439003e-01 6.301072935487461724e-01 1.473013029137956953e-05
1.394923519285774576e-06 1.608919867666254166e-01 7.077999760202002832e-01 6.301096098383822675e-01 1.473075034196133562e-05
1.394924017314327534e-06 1.608947452050271676e-01 7.078086803087043632e-01 6.301046901273031908e-01 1.473004259977801887e-05
1.394924716467223646e-06 1.608985921322342860e-01 7.078038844563557808e-01 6.300961296922562571e-01 1.473012209667476541e-05
1.394931087909927880e-06 1.608879958120589537e-01 7.078314850507037015e-01 6.300979199019894894e-01 1.473016670482978009e-05
1.394915830479399063e-06 1.609045694110890767e-01 7.077495369121056257e-01 6.301119379515559560e-01 1.473091829611863983e-05
1.394928417859585168e-06 1.608908961918892322e-01 7.078171441264490271e-01 6.301003730606635767e-01 1.473029823330533004e-05
1.394918500529741775e-06 1.609016690312587983e-01 7.077638778363603000e-01 6.301094847928818687e-01 1.473078676764308988e-05
1.394916517063773181e-06 1.609038235991327170e-01 7.077532245783426657e-01 6.301113071393255050e-01 1.473088447451064320e-05
1.394919577282040108e-06 1.608921050154001331e-01 7.077789732065520312e-01 6.301034408024535072e-01 1.473121730007425446e-05
