6.300000000000000711e+01
6.615000000000000568e+01
6.615000000000000568e+01
6.300000000000000711e+01
5.984999999999999432e+01
6.300000000000000711e+01
6.423429600000001471e+01
6.471322502400002463e+01
6.504328573747203279e+01
6.109562161924303325e+01
6.006197012086026632e+01
6.769514024694879595e+01
6.616299809403655274e+01
6.674966707818160216e+01
6.593639638347222842e+01
6.622567162753428249e+01
6.410295991560136031e+01
6.365693771728263783e+01
6.439056735154497346e+01
6.411025237471046978e+01
6.056262523971999912e+01
5.905266540787585683e+01
6.715528031534482523e+01
6.195489580587504008e+01
6.050722048583552493e+01
6.177231364208054032e+01
6.530246015198949294e+01
6.638116886907742753e+01
6.275958054819335530e+01
5.966562460799342915e+01
6.094410474836456615e+01
5.970689730110798621e+01
6.349847791117970530e+01
6.139615455507010466e+01
6.112043296612458931e+01
6.248167188233540514e+01
5.943645953514616309e+01
6.089571996045164326e+01
6.137655799356788577e+01
5.974400086832051926e+01
5.607086222588924329e+01
5.445317374459519044e+01
5.939032425702836093e+01
5.947235555068318291e+01
5.910969338283352670e+01
5.963946383924735528e+01
5.913452739227987109e+01
5.655812636031856755e+01
5.778558183002698456e+01
5.889911531327894778e+01
5.718139019621754926e+01
5.759201683107531977e+01
5.620242138162517165e+01
5.913120349887321936e+01
5.701807182482095016e+01
5.382223022805164447e+01
5.250670017067315598e+01
5.679762966306783056e+01
5.576726676157074536e+01
5.551831038690372111e+01
5.265673791254445035e+01
5.391455642144507721e+01
5.056239191153638757e+01
4.900969641501911411e+01
4.887251767225789933e+01
4.736187501798373489e+01
5.151804585810381809e+01
5.233624987308818532e+01
5.120475602424132688e+01
5.241368761257198372e+01
4.942581637850459941e+01
4.504781378353952448e+01
4.293388486806944115e+01
4.552941562149345600e+01
4.420757729358913934e+01
4.249221850223442942e+01
4.064229324569924273e+01
4.303191079998274660e+01
4.793657921688839707e+01
4.208655054285845409e+01
4.068716158016413686e+01
3.981536687188029333e+01
4.151753415670124525e+01
4.082535153034947228e+01
3.622966193042650929e+01
4.576807422805237024e+01
4.642698279612951495e+01
4.523566060725148219e+01
4.232862558969763711e+01
4.195691711102384147e+01
4.394752915833549878e+01
4.275211947604288554e+01
3.962004025304924681e+01
4.465863010430367552e+01
3.989192610542367134e+01
4.080367243020501888e+01
3.895654059163459948e+01
4.363197332682887009e+01
4.112605618568694155e+01
4.213522745316299023e+01
4.266731362566232377e+01
4.110670792722235944e+01
4.418754041917016195e+01
4.388418552975316800e+01
4.339180507680288912e+01
4.158644001413380664e+01
4.307319485803446213e+01
4.189970629825081971e+01
4.198863140348390033e+01
3.966620049039305229e+01
4.337847689264546602e+01
4.208814361991451847e+01
4.174512769575676430e+01
4.193293219489468271e+01
4.181538244164232054e+01
4.356693078535396069e+01
3.995608176995846605e+01
4.057658264959412264e+01
4.292362490329230695e+01
4.098249880629509789e+01
4.143116352418908122e+01
4.136795710029247886e+01
4.104521039665584681e+01
4.177719646663121011e+01
4.114602322967476766e+01
4.169825394098398874e+01
4.115367235668112755e+01
4.166783085597859326e+01
4.164476484047465732e+01
4.195708505616207162e+01
4.118700092318667316e+01
4.107212414197367423e+01
4.170803108114665037e+01
4.210246107838379714e+01
4.126833868605864808e+01
4.079814737793279988e+01
4.082285650119737852e+01
4.155325065280778318e+01
4.137372402469262767e+01
4.128758632705872600e+01
4.160199913170162489e+01
4.123578434138736526e+01
4.092444134295980973e+01
4.152884232794716723e+01
4.130112739474714800e+01
4.138541732838309883e+01
4.131639343836202016e+01
4.156780292786461217e+01
4.127482875539610063e+01
4.102558786840762650e+01
4.150931239005120688e+01
4.132727780148891128e+01
4.114109458665019048e+01
4.144489592017220048e+01
4.136903671211217670e+01
4.133488754954209554e+01
4.154045643586681535e+01
4.144215044360997524e+01
4.130607560011853963e+01
4.110657634602559796e+01
4.134814657490068868e+01
4.138152825807483737e+01
4.138788338637996134e+01
4.173477285849384089e+01
4.162461253376616810e+01
4.142127882405539196e+01
4.150867726872895247e+01
4.143005560126010778e+01
4.132122027169360479e+01
4.116161188091058420e+01
4.129992509367378517e+01
4.161528230460272226e+01
4.124090418003464720e+01
4.153578995060879464e+01
4.129246692895651449e+01
4.148414267850442627e+01
4.132599232978706283e+01
4.145058156662925342e+01
4.134778790232624601e+01
4.140696219962273972e+01
4.135867961514545499e+01
4.144577401137219397e+01
4.134163480424221859e+01
4.136249731584730682e+01
4.146751508896866056e+01
4.150574144064799498e+01
4.150070940097148764e+01
4.163000206109543910e+01
4.151522316197455353e+01
4.160315408739120357e+01
4.147329335455998489e+01
4.147575273403460017e+01
4.160572506156527339e+01
4.150230475448334033e+01
4.151391795227000614e+01
4.145835087188464740e+01
4.155977227218956216e+01
4.149047038536298970e+01
4.151222972773180686e+01
4.151363514999449933e+01
4.159002015986185796e+01
4.148137745595074222e+01
4.151264444448672464e+01
4.158630779677478273e+01
4.150358039646662434e+01
4.149411303009766527e+01
4.146841372504257350e+01
4.140874463529576843e+01
4.143979550622842112e+01
4.155521156155723617e+01
4.153500416871994361e+01
4.151719383687207454e+01
4.149815740113221096e+01
4.151185156660658038e+01
4.152973819342047079e+01
4.147646488100625817e+01
4.150460049994423173e+01
4.149702668937409555e+01
4.151549274852325766e+01
4.150026159681274862e+01
4.152552562749168175e+01
4.150541632026666150e+01
4.151121706368188313e+01
4.148290636477641158e+01
4.149935732463247007e+01
4.153718193740555620e+01
4.153584536684248008e+01
4.150574386901675439e+01
4.151070933294634102e+01
4.152215571190642152e+01
4.153148014818728484e+01
4.150606880855561798e+01
4.150122164585730644e+01
4.150110779528215943e+01
4.151847217143635049e+01
4.151565629560149517e+01
4.151157565511375225e+01
4.152928490469226830e+01
4.150613343877252248e+01
4.151099602644316633e+01
4.150659069168924020e+01
4.152691902479219266e+01
4.151651309692639558e+01
4.150271298316994262e+01
4.152516349530387885e+01
4.152123511815729984e+01
4.150664228526810717e+01
4.151868156779801211e+01
4.151995654271390634e+01
4.151581595404994118e+01
4.151250167331495788e+01
4.151358321326421219e+01
4.150700812939909667e+01
4.152327032318026312e+01
4.151770055111532542e+01
4.151438828420952376e+01
4.151668069566078856e+01
4.151173677392038996e+01
4.151581554674138630e+01
4.151260199761023983e+01
4.151525319143868131e+01
4.150734203553756174e+01
4.152035148803594211e+01
4.151589580708552063e+01
4.151324612413610993e+01
4.151438787658097596e+01
4.151181703471601736e+01
4.151393798936354784e+01
4.150760913226985593e+01
4.151233238058892283e+01
4.151801650065270621e+01
4.151445204338083528e+01
4.151324574569349579e+01
4.151118907056312679e+01
4.150867768347763587e+01
4.151344151218457057e+01
4.151160137583870835e+01
4.151614856241437224e+01
4.151068670318481679e+01
4.150782279162166333e+01
4.151329705258922331e+01
4.151105134843053435e+01
4.151211205530916715e+01
4.150902777063178917e+01
4.150332847787803559e+01
4.151390489846966148e+01
4.150557184352172868e+01
4.151244655083760193e+01
4.150703006512162574e+01
4.151133635329248506e+01
4.150843773245015456e+01
4.150895767045999207e+01
4.151057653127352154e+01
4.150735950449051614e+01
4.151142508566945821e+01
4.150799370756140405e+01
4.151080455132787250e+01
4.150848564844358179e+01
4.151019667798591684e+01
4.150762305647255346e+01
4.150890159024739745e+01
4.151087551439422896e+01
4.150813043292657056e+01
4.151037910437494105e+01
4.150852397809273953e+01
4.150998561453400981e+01
4.151027792239385406e+01
4.150822852681363173e+01
