1.126000000000000112e+00 1.231707781737240767e-03
1.126987992296117014e+00 1.207140222917148925e-03
1.127977719913760390e+00 1.187403724168220468e-03
1.128969187428857879e+00 1.173022610216304480e-03
1.129962399433440456e+00 1.164064349155858767e-03
1.130957360535711942e+00 1.160176385805322327e-03
1.131954075360122047e+00 1.160659919113278191e-03
1.132952548547436100e+00 1.164569922816071669e-03
1.133952784754808318e+00 1.170828527543658773e-03
1.134954788655853974e+00 1.178338575670800437e-03
1.135958564940721782e+00 1.186085570017872230e-03
1.136964118316167838e+00 1.193218969184365588e-03
1.137971453505628228e+00 1.199107296530404869e-03
1.138980575249294080e+00 1.203365244312931074e-03
1.139991488304184397e+00 1.205854335666286994e-03
1.141004197444223101e+00 1.206661340183944964e-03
1.142018707460311200e+00 1.206060271926248347e-03
1.143035023160405395e+00 1.204464360750939897e-03
1.144053149369591793e+00 1.202373982204920332e-03
1.145073090930163184e+00 1.200325405789600623e-03
1.146094852701695865e+00 1.198843718653305702e-03
1.147118439561126468e+00 1.198401772875610713e-03
1.148143856402830121e+00 1.199385817329750399e-03
1.149171108138697273e+00 1.202067828843338820e-03
1.150200199698214076e+00 1.206584518289845632e-03
1.151231136028538549e+00 1.212923456595035301e-03
1.152263922094582727e+00 1.220917503895145627e-03
1.153298562879090827e+00 1.230249407672482460e-03
1.154335063382718740e+00 1.240468727831453739e-03
1.155373428624115739e+00 1.251022881007069452e-03
1.156413663640005973e+00 1.261302937882788095e-03
1.157455773485268402e+00 1.270702893855911019e-03
1.158499763233019175e+00 1.278688686689817685e-03
1.159545637974695120e+00 1.284870639762634601e-03
1.160593402820134123e+00 1.289070764471465531e-03
1.161643062897660617e+00 1.291374996364999268e-03
1.162694623354169066e+00 1.292160445492242151e-03
1.163748089355205462e+00 1.292089430137557471e-03
1.164803466085055916e+00 1.292065495925734083e-03
1.165860758746828818e+00 1.293151538287213827e-03
1.166919972562540542e+00 1.296455948973062634e-03
1.167981112773203378e+00 1.302998520296180579e-03
1.169044184638909245e+00 1.313572634564120481e-03
1.170109193438919171e+00 1.328623040946282302e-03
1.171176144471748781e+00 1.348158511944325382e-03
1.172245043055257785e+00 1.371715526508132795e-03
1.173315894526736125e+00 1.398383026592685307e-03
1.174388704242995241e+00 1.426889964538754618e-03
1.175463477580455329e+00 1.455747979877694033e-03
1.176540219935237941e+00 1.483432565050121516e-03
1.177618936723252130e+00 1.508578977406948565e-03
1.178699633380288825e+00 1.530165185619814221e-03
1.179782315362111200e+00 1.547654124126626382e-03
1.180866988144545493e+00 1.561071717079795963e-03
1.181953657223574483e+00 1.571005146505715646e-03
1.183042328115429642e+00 1.578516717288275294e-03
1.184133006356684392e+00 1.584980988464154000e-03
1.185225697504348696e+00 1.591864883800869854e-03
1.186320407135962984e+00 1.600480481584333871e-03
1.187417140849692743e+00 1.611746493719360372e-03
1.188515904264424883e+00 1.625995851197650213e-03
1.189616703019862110e+00 1.642862689695586808e-03
1.190719542776621509e+00 1.661272501619732826e-03
1.191824429216329584e+00 1.679545239693399413e-03
1.192931368041720619e+00 1.695604456636386334e-03
1.194040364976735713e+00 1.707268493268752083e-03
1.195151425766620035e+00 1.712584943414067204e-03
1.196264556178022742e+00 1.710159697947367377e-03
1.197379761999095793e+00 1.699428835031492526e-03
1.198497049039596751e+00 1.680826564789075599e-03
1.199616423130986265e+00 1.655815206895037929e-03
1.200737890126532648e+00 1.626762309642465010e-03
1.201861455901411802e+00 1.596672866532869483e-03
1.202987126352810021e+00 1.568807711990034826e-03
1.204114907400029022e+00 1.546238889026002464e-03
1.205244804984587415e+00 1.531405746203518253e-03
1.206376825070326175e+00 1.525739333678075753e-03
1.207510973643513230e+00 1.529416267329633495e-03
1.208647256712948925e+00 1.541287096620884813e-03
1.209785680310073053e+00 1.559000322720823211e-03
1.210926250489070988e+00 1.579314774792362494e-03
1.212068973326979604e+00 1.598564064960070327e-03
1.213213854923797186e+00 1.613211567037791967e-03
1.214360901402591786e+00 1.620416752635602670e-03
1.215510118909608916e+00 1.618526869127555204e-03
1.216661513614383239e+00 1.607413630204486063e-03
1.217815091709847364e+00 1.588592910150072278e-03
1.218970859412443097e+00 1.565094638907384627e-03
1.220128822962234905e+00 1.541086646802679880e-03
1.221288988623019378e+00 1.521295101687675623e-03
1.222451362682440701e+00 1.510299553471661617e-03
1.223615951452102335e+00 1.511806563048656397e-03
1.224782761267683151e+00 1.528017490146075857e-03
1.225951798489049782e+00 1.559200151416052608e-03
1.227123069500375196e+00 1.603550205566455162e-03
1.228296580710252384e+00 1.657388640572745328e-03
1.229472338551812483e+00 1.715691736204821806e-03
1.230650349482842243e+00 1.772896559940723279e-03
1.231830619985901931e+00 1.823876683107455033e-03
1.233013156568444346e+00 1.864947399472991190e-03
1.234197965762934945e+00 1.894743773544475601e-03
1.235385054126971083e+00 1.914822178338971463e-03
1.236574428243403911e+00 1.929867070344539045e-03
1.237766094720459620e+00 1.947436460827524666e-03
1.238960060191861778e+00 1.977245444214388234e-03
1.240156331316954574e+00 2.030058285411948799e-03
1.241354914780826935e+00 2.116325645141528371e-03
1.242555817294437093e+00 2.244754275240041976e-03
1.243759045594736268e+00 2.421023182361415910e-03
1.244964606444796784e+00 2.646856910381823694e-03
1.246172506633937749e+00 2.919631179267614431e-03
1.247382752977852505e+00 3.232621072621519667e-03
1.248595352318737195e+00 3.575914247145361383e-03
1.249810311525418882e+00 3.937912159872328059e-03
1.251027637493486333e+00 4.307244757646630333e-03
1.252247337145420136e+00 4.674843190608748977e-03
1.253469417430722599e+00 5.035864640227525647e-03
1.254693885326052527e+00 5.391153891277111233e-03
1.255920747835354900e+00 5.747963366562558116e-03
1.257150011989997207e+00 6.119736112640814830e-03
1.258381684848900894e+00 6.524876885666120070e-03
1.259615773498678593e+00 6.984580848515008905e-03
1.260852285053770450e+00 7.519938422385237346e-03
1.262091226656578691e+00 8.148667111255206499e-03
1.263332605477606396e+00 8.881915815141045584e-03
1.264576428715595835e+00 9.721627167592741814e-03
1.265822703597668353e+00 1.065891813938994043e-02
1.267071437379462040e+00 1.167384631889282175e-02
1.268322637345275172e+00 1.273677593243333073e-02
1.269576310808206099e+00 1.381135967016600304e-02
1.270832465110296461e+00 1.485893283333703137e-02
1.272091107622674411e+00 1.584390293545998030e-02
1.273352245745698719e+00 1.673953968505365042e-02
1.274615886909103546e+00 1.753345389900820908e-02
1.275882038572145216e+00 1.823202003167742266e-02
1.277150708223747877e+00 1.886305727021725040e-02
1.278421903382652269e+00 1.947623885177756156e-02
1.279695631597562944e+00 2.014093642291788985e-02
1.280971900447299028e+00 2.094150214056748199e-02
1.282250717540943441e+00 2.197031243926782576e-02
1.283532090517995217e+00 2.331920461819832896e-02
1.284816027048520271e+00 2.507019010063601255e-02
1.286102534833305722e+00 2.728648999369939071e-02
1.287391621604013325e+00 3.000498229810752773e-02
1.288683295123334016e+00 3.323106207807675211e-02
1.289977563185144005e+00 3.693669835031887505e-02
1.291274433614661987e+00 4.106214310478770169e-02
1.292573914268606350e+00 4.552134228234300944e-02
1.293876013035353711e+00 5.021066053347698205e-02
1.295180737835098794e+00 5.502011221146851233e-02
1.296488096620015629e+00 5.984585967764802228e-02
1.297798097374417203e+00 6.460281244202734086e-02
1.299110748114920444e+00 6.923582308525597084e-02
1.300426056890607862e+00 7.372762748761058083e-02
1.301744031783193201e+00 7.810294732396413919e-02
1.303064680907186412e+00 8.242773059318658779e-02
1.304388012410060194e+00 8.680333557178947224e-02
1.305714034472417628e+00 9.135596673660364986e-02
1.307042755308160942e+00 9.622221598350837179e-02
1.308374183164660698e+00 1.015320355618784948e-01
1.309708326322927663e+00 1.073908147771706623e-01
1.311045193097781558e+00 1.138624078621580382e-01
1.312384791838027587e+00 1.209549408455970892e-01
1.313727130926627851e+00 1.286110076207805653e-01
1.315072218780876323e+00 1.367034690072584935e-01
1.316420063852575595e+00 1.450375333514963561e-01
1.317770674628213401e+00 1.533591794564786448e-01
1.319124059629140922e+00 1.613693486915760977e-01
1.320480227411752194e+00 1.687427516249249138e-01
1.321839186567663527e+00 1.751496683219077866e-01
1.323200945723896238e+00 1.802788204452986376e-01
1.324565513543057849e+00 1.838592887561820988e-01
1.325932898723527265e+00 1.856795509452569271e-01
1.327303109999638409e+00 1.856020087455371170e-01
1.328676156141866516e+00 1.835718261010033381e-01
1.330052045957015094e+00 1.796194612740357743e-01
1.331430788288405109e+00 1.738568838204457567e-01
1.332812392016063274e+00 1.664680570634196333e-01
1.334196866056913677e+00 1.576947761327144315e-01
1.335584219364968961e+00 1.478193291685480082e-01
1.336974460931523057e+00 1.371456593657943146e-01
1.338367599785346362e+00 1.259807325912116749e-01
1.339763644992881142e+00 1.146176652419071129e-01
1.341162605658436702e+00 1.033218659288253766e-01
1.342564490924390119e+00 9.232103492006649148e-02
1.343969309971381643e+00 8.179939997670392093e-02
1.345377072018519193e+00 7.189610257444063734e-02
1.346787786323576430e+00 6.270723710266093431e-02
1.348201462183198140e+00 5.429073008697234831e-02
1.349618108933102745e+00 4.667305495277331018e-02
1.351037735948290130e+00 3.985672168903445917e-02
1.352460352643244823e+00 3.382755440520249929e-02
1.353885968472148260e+00 2.856095257188600786e-02
1.355314592929085071e+00 2.402659149557746440e-02
1.356746235548255131e+00 2.019131509873724542e-02
1.358180905904185831e+00 1.702026830310257241e-02
1.359618613611944804e+00 1.447656949561399765e-02
1.361059368327355079e+00 1.252000586299330948e-02
1.362503179747211357e+00 1.110532741117210322e-02
1.363950057609498057e+00 1.018071418075127028e-02
1.365400011693606253e+00 9.686903826190505079e-03
1.366853051820556830e+00 9.557313077662733455e-03
1.368309187853220088e+00 9.719294280386633900e-03
1.369768429696540002e+00 1.009646818836170551e-02
1.371230787297757381e+00 1.061189606213963112e-02
1.372696270646638572e+00 1.119172192270031715e-02
1.374164889775699727e+00 1.176884511668897099e-02
1.375636654760438393e+00 1.228617988012703152e-02
1.377111575719562442e+00 1.269911839737728441e-02
1.378589662815221883e+00 1.297692474492926837e-02
1.380070926253243568e+00 1.310293094653177878e-02
1.381555376283364778e+00 1.307356181307076960e-02
1.383043023199470367e+00 1.289636062193246467e-02
1.384533877339829910e+00 1.258730369106709178e-02
1.386027949087338174e+00 1.216776390913918565e-02
1.387525248869755812e+00 1.166150316282988167e-02
1.389025787159951619e+00 1.109204070558809409e-02
1.390529574476147223e+00 1.048066569607858725e-02
1.392036621382161998e+00 9.845250708404215331e-03
1.393546938487661091e+00 9.199896673622627238e-03
1.395060536448405220e+00 8.555317734417490147e-03
1.396577425966499586e+00 7.919774692621686651e-03
1.398097617790646341e+00 7.300301681533914733e-03
1.399621122716400601e+00 6.703949794289622635e-03
1.401147951586422913e+00 6.138794035109218852e-03
1.402678115290738603e+00 5.614509912867914239e-03
1.404211624766996236e+00 5.142411869240955634e-03
1.405748491000727851e+00 4.734943058442448068e-03
1.407288725025611198e+00 4.404699588748654630e-03
1.408832337923734634e+00 4.163148513743688411e-03
1.410379340825861805e+00 4.019247230782414110e-03
1.411929744911700313e+00 3.978186610019838337e-03
1.413483561410169731e+00 4.040460300093170858e-03
1.415040801599673825e+00 4.201412362825671272e-03
1.416601476808373228e+00 4.451343066955886114e-03
1.418165598414459661e+00 4.776169718322972532e-03
1.419733177846432826e+00 5.158558557674477497e-03
1.421304226583378183e+00 5.579377195311024246e-03
1.422878756155248059e+00 6.019274541807811962e-03
1.424456778143142976e+00 6.460182591524621896e-03
1.426038304179596539e+00 6.886552786998655258e-03
1.427623345948860090e+00 7.286185238441697520e-03
1.429211915187190263e+00 7.650573872171822533e-03
1.430804023683140525e+00 7.974764009211333590e-03
1.432399683277851388e+00 8.256789413012473669e-03
1.433998905865343287e+00 8.496812948476621316e-03
1.435601703392814343e+00 8.696130681451891276e-03
1.437208087860935457e+00 8.856209174376289753e-03
1.438818071324151404e+00 8.977909630219519863e-03
1.440431665890981705e+00 9.061014007984388371e-03
1.442048883724324604e+00 9.104114015556807535e-03
1.443669737041762158e+00 9.104862718049250292e-03
1.445294238115867769e+00 9.060529782924832062e-03
1.446922399274517490e+00 8.968753813912679757e-03
1.448554232901199557e+00 8.828355573584382651e-03
1.450189751435329688e+00 8.640068075488744476e-03
1.451828967372567725e+00 8.407054095617063488e-03
1.453471893265134263e+00 8.135115790699488578e-03
1.455118541722132175e+00 7.832549116986047000e-03
1.456768925409868798e+00 7.509649966293054438e-03
1.458423057052181004e+00 7.177930997649681517e-03
1.460080949430762276e+00 6.849150255397473165e-03
1.461742615385490884e+00 6.534278823664938472e-03
1.463408067814762958e+00 6.242541620219615138e-03
1.465077319675824219e+00 5.980652689860645535e-03
1.466750383985108819e+00 5.752336695860632391e-03
1.468427273818574630e+00 5.558186812761167946e-03
1.470108002312046080e+00 5.395862485967787246e-03
1.471792582661556104e+00 5.260585560472172059e-03
1.473481028123691416e+00 5.145856461734199354e-03
1.475173352015941353e+00 5.044288249819220936e-03
1.476869567717046916e+00 4.948448104267523691e-03
1.478569688667353610e+00 4.851603342522681564e-03
1.480273728369166264e+00 4.748290323851436616e-03
1.481981700387106970e+00 4.634655569338507440e-03
1.483693618348475241e+00 4.508553990197062579e-03
1.485409495943609492e+00 4.369423776025122517e-03
1.487129346926251872e+00 4.217986269671541999e-03
1.488853185113917732e+00 4.055838291236950333e-03
1.490581024388262232e+00 3.885011842253504634e-03
1.492312878695457590e+00 3.707571824620387382e-03
1.494048762046563450e+00 3.525308066413837538e-03
1.495788688517908360e+00 3.339556692787373944e-03
1.497532672251467467e+00 3.151161655482694578e-03
1.499280727455248874e+00 2.960564081834520227e-03
1.501032868403676668e+00 2.767988496445115357e-03
1.502789109437979942e+00 2.573683284482154634e-03
1.504549464966586036e+00 2.378168995451989016e-03
1.506313949465511781e+00 2.182451806327256015e-03
1.508082577478762509e+00 1.988169059411314110e-03
1.509855363618730850e+00 1.797646876132202778e-03
1.511632322566598186e+00 1.613863778956109571e-03
1.513413469072741879e+00 1.440326642925491511e-03
1.515198817957142063e+00 1.280874433594168804e-03
1.516988384109793087e+00 1.139430280665308572e-03
1.518782182491116739e+00 1.019723666280234918e-03
1.520580228132380585e+00 9.250028652990012522e-04
1.522382536136117182e+00 8.577547472680402667e-04
1.524189121676545966e+00 8.194462048795176897e-04
1.526000000000000023e+00 8.103000490970204122e-04
