1.199999999999999946e-06 2.100000000000000200e-01 7.399999999999999911e-01 5.000000000000000000e-01 1.500000000000000038e-05
1.260000000000000007e-06 2.100000000000000200e-01 7.399999999999999911e-01 5.000000000000000000e-01 1.500000000000000038e-05
1.199999999999999946e-06 2.205000000000000293e-01 7.399999999999999911e-01 5.000000000000000000e-01 1.500000000000000038e-05
1.199999999999999946e-06 2.100000000000000200e-01 7.770000000000000240e-01 5.000000000000000000e-01 1.500000000000000038e-05
1.199999999999999946e-06 2.100000000000000200e-01 7.399999999999999911e-01 5.250000000000000222e-01 1.500000000000000038e-05
1.199999999999999946e-06 2.100000000000000200e-01 7.399999999999999911e-01 5.000000000000000000e-01 1.574999999999999998e-05
1.224000000000000055e-06 2.142000000000000570e-01 7.548000000000001375e-01 5.100000000000000089e-01 1.425000000000000417e-05
1.233599999999999929e-06 2.158800000000000718e-01 7.607200000000000628e-01 5.140000000000000124e-01 1.469999999999999986e-05
1.240320000000000137e-06 2.170560000000000822e-01 7.648639999999999883e-01 5.167999999999999261e-01 1.463999999999999874e-05
1.249728000000000006e-06 2.040024000000000282e-01 7.706656000000000617e-01 5.207199999999998496e-01 1.455599999999999921e-05
1.259673600000000145e-06 2.007028799999999724e-01 7.767987199999999426e-01 5.248639999999997752e-01 1.446719999999999931e-05
1.273597440000000424e-06 2.107835520000000407e-01 7.853850880000001755e-01 4.956655999999998174e-01 1.434287999999999811e-05
1.288316928000000647e-06 2.109402624000000226e-01 7.944621056000000792e-01 4.897987199999996877e-01 1.421145600000000070e-05
1.303036416000000446e-06 2.110969728000000045e-01 7.517391232000000256e-01 5.189318399999998110e-01 1.408003199999999991e-05
1.310650982400000154e-06 2.056557619200000131e-01 7.727147724799998674e-01 5.125045759999997674e-01 1.476204479999999509e-05
1.295487060479999798e-06 2.071510035839999875e-01 7.695796872959999035e-01 5.120662751999996987e-01 1.467243695999999549e-05
1.288845806592000204e-06 2.087161633535999927e-01 7.993466473984001119e-01 5.273310860799995670e-01 1.388101958399999286e-05
1.265048016153599967e-06 2.097753285868800277e-01 7.503856632947200067e-01 5.047829400639999298e-01 1.480417842719999915e-05
1.230614030653440166e-06 2.070905328683520508e-01 7.870661402362880699e-01 5.027396861055999366e-01 1.509064615487999303e-05
1.212214174242816791e-06 2.110123137980929042e-01 7.762201573164033697e-01 5.058746152678400554e-01 1.466552487283199985e-05
1.280914305388492719e-06 2.078267328714662465e-01 7.707417695495706322e-01 5.109827347118717222e-01 1.467122734474559769e-05
1.297207313963396852e-06 2.113672645149864970e-01 7.522039561014280951e-01 5.184984238047485317e-01 1.407954815389824214e-05
1.242267855232682406e-06 2.078389609065130483e-01 7.809652580126875687e-01 5.054974652029509130e-01 1.491370400470818535e-05
1.253661264094870281e-06 2.079079217243117172e-01 8.011162709301832274e-01 5.167409799019290206e-01 1.440982611258151728e-05
1.283725785886418422e-06 1.969680190009163723e-01 8.011388425969767635e-01 5.047003119267006177e-01 1.448193498481412577e-05
1.247916012530123411e-06 2.135406033251604496e-01 7.712120974544709462e-01 5.146825545871724916e-01 1.461233862234247191e-05
1.284037193572712470e-06 2.084657150618623445e-01 7.811363203610024453e-01 5.196768824774382622e-01 1.408768482715965040e-05
1.249577489442187667e-06 2.079486428836991863e-01 7.809951939236425833e-01 5.079788632259861769e-01 1.476915064863719123e-05
1.271010274849451212e-06 2.084130427078186854e-01 7.529368766408904845e-01 5.049285211080830615e-01 1.473529253370859144e-05
1.256697340976921912e-06 2.079963178964254478e-01 7.926848769295569141e-01 5.146737996130059667e-01 1.446678273627875534e-05
1.280268057792917820e-06 2.005626469354759300e-01 7.914301619066372862e-01 5.069834444331728918e-01 1.447455766952214748e-05
1.253577620451112465e-06 2.112694609569656379e-01 7.747502587336000390e-01 5.133352103102225561e-01 1.458822695559891327e-05
1.280206633284423568e-06 2.074829346062437851e-01 7.791490913614484981e-01 5.158296746280538470e-01 1.424537616601211020e-05
1.254937589614579077e-06 2.078671439351444938e-01 7.806721259752587017e-01 5.093527552213480414e-01 1.467749011417780069e-05
1.268216118572442663e-06 2.175944030640007965e-01 7.848949276751946424e-01 4.927400399425794220e-01 1.463144286032042944e-05
1.280167497369862423e-06 2.095577989498491611e-01 7.910012565182323874e-01 4.960307614852993430e-01 1.452770226661011721e-05
1.252532089225029881e-06 2.136929534667016961e-01 8.031135404897264962e-01 4.924024477930214472e-01 1.438729184620923720e-05
1.242224733985727160e-06 2.136159491950598843e-01 7.876989671096624734e-01 5.059030955426825349e-01 1.447465275618436839e-05
1.273527513777638847e-06 2.102679752427610294e-01 7.904233558717326247e-01 4.977584199453414238e-01 1.451841860228561201e-05
1.274890611406234244e-06 2.162669367328111103e-01 8.019285896112255951e-01 4.879433676962310340e-01 1.426123630385981215e-05
1.280408168215616512e-06 2.194460103060844325e-01 7.936133237295950327e-01 4.719301505378633577e-01 1.438972510879128090e-05
1.260846735743693530e-06 2.100000140681157756e-01 7.928473551195636126e-01 5.071936610248559685e-01 1.445329765146844672e-05
1.265941637488595684e-06 2.068101695401551310e-01 8.045842439617045816e-01 4.996453586412004100e-01 1.415380690120881168e-05
1.267818084382769442e-06 2.157071621973278286e-01 7.883405580253338707e-01 4.939484707148381060e-01 1.454785656747589591e-05
1.266339671678268905e-06 2.086974104068280988e-01 8.011386136115653533e-01 4.984369278689417260e-01 1.423739319405334521e-05
1.267559362159481816e-06 2.144804556339903745e-01 7.905802177529243080e-01 4.947339507168062034e-01 1.449352547712694843e-05
1.287636576009789664e-06 2.110266200043696139e-01 7.813523020524519858e-01 5.009155519602722650e-01 1.444045136768708977e-05
1.258675374412362896e-06 2.132263451107935803e-01 7.993053237632035124e-01 4.938922410222903459e-01 1.439659476246786182e-05
1.269055707976490076e-06 2.097374736278022622e-01 7.973756671933659446e-01 4.982473651586813435e-01 1.429544545090574321e-05
1.267821222677458293e-06 2.136504337829074340e-01 7.917694214050015056e-01 4.953487982441343584e-01 1.445886147253823752e-05
1.260707143206954955e-06 2.145811299749555423e-01 8.051245303082903426e-01 4.971889951731413015e-01 1.449248351704799201e-05
1.258129083848345861e-06 2.153406455699466981e-01 8.090724187699482872e-01 4.974936742077694651e-01 1.452240422045759317e-05
1.273402010448565825e-06 2.171971142695757473e-01 8.025731332642178639e-01 4.816590678075993726e-01 1.439774021181135813e-05
1.275913065389540496e-06 2.186365343098677361e-01 8.045182888931485810e-01 4.765521491641481200e-01 1.438662872387993906e-05
1.281464026194377631e-06 2.155590908904107539e-01 7.974222884209836160e-01 4.900672185242886947e-01 1.445490128054934223e-05
1.262663388474215379e-06 2.136345756222265690e-01 7.989757925783149695e-01 4.932228620851401013e-01 1.440679840313212115e-05
1.270255044247985322e-06 2.151286589540244987e-01 8.078407392485109639e-01 4.877602868388469792e-01 1.437180934271651998e-05
1.261331428655909887e-06 2.120568448926062333e-01 8.000464308972008443e-01 4.950924850437966596e-01 1.461366372693762510e-05
1.273025867660606979e-06 2.140581137113425625e-01 8.034274832576659975e-01 4.905608398383503044e-01 1.455084775718752039e-05
1.264476822331833962e-06 2.137086947878218679e-01 7.997548384472014105e-01 4.927570081919518952e-01 1.443200704009181517e-05
1.263246116655277213e-06 2.151043268338795889e-01 8.046142508994758025e-01 4.940830097000329379e-01 1.447353485600066558e-05
1.273502413111824158e-06 2.116538030481239785e-01 7.928533113502296281e-01 4.945385495177930246e-01 1.449428292419076090e-05
1.270884437488101423e-06 2.155423500171347595e-01 8.067872180516523217e-01 4.865400430325974579e-01 1.437699551653548829e-05
1.263745545014441074e-06 2.130848987680001305e-01 8.005517713706042926e-01 4.924058015965572244e-01 1.457047902391237171e-05
1.264811112869085468e-06 2.143470833516964158e-01 7.996952607154955706e-01 4.909101032296319667e-01 1.440498676486796820e-05
1.273101096218198324e-06 2.146859138229892661e-01 8.032566132589763486e-01 4.887804854322001513e-01 1.452022624811229099e-05
1.271650349132103500e-06 2.146266184905130103e-01 8.026333765638670181e-01 4.891531685467506163e-01 1.450005933854453374e-05
1.277328585719907773e-06 2.165647862956906478e-01 8.032327446811726723e-01 4.859837338453522060e-01 1.432656611492075433e-05
1.266122577137897694e-06 2.136938790853459558e-01 8.010209416999536369e-01 4.912819397400963184e-01 1.452779426483883918e-05
1.264760346961515686e-06 2.110512767204231477e-01 8.005905061618536767e-01 5.005796164073087473e-01 1.455132654823275965e-05
1.271889719338331987e-06 2.161215926984740299e-01 8.022261735213040978e-01 4.849701638125485381e-01 1.442461782068510373e-05
1.269356773321536538e-06 2.154547453804837309e-01 8.063526246212170401e-01 4.880486363660845317e-01 1.439630338442852341e-05
1.269969502636738201e-06 2.147221601591863260e-01 8.030295514309887528e-01 4.901391367774070584e-01 1.449475444203575943e-05
1.265547285041373640e-06 2.139759686350526935e-01 8.017396035398580700e-01 4.918421537320836201e-01 1.451694238307120412e-05
1.271451153820514854e-06 2.123439078052750950e-01 7.952054992600788852e-01 4.944474415542410295e-01 1.449013331055274183e-05
1.271370831689908103e-06 2.167785567824365156e-01 8.029813567912694738e-01 4.841438561860860745e-01 1.441289914064921894e-05
1.264345049917418370e-06 2.180703953111404469e-01 8.122814556530447705e-01 4.848552755504367262e-01 1.442764037192140472e-05
1.261615059339029398e-06 2.141524817454606433e-01 8.082256376665643005e-01 4.954434286643319418e-01 1.451077103433380532e-05
1.269663571528504287e-06 2.163189936509657407e-01 8.038991059444461351e-01 4.861212813697791124e-01 1.443002672204402037e-05
1.268134641988284758e-06 2.153846616711629081e-01 8.060049498768687704e-01 4.892555110328742352e-01 1.441174967874295252e-05
1.268624825440446088e-06 2.147985934941249730e-01 8.033464913246861627e-01 4.909279113619322565e-01 1.449051052482874134e-05
1.264125263264990181e-06 2.174771816156882698e-01 8.107480147023309325e-01 4.867008223803559464e-01 1.443681926873725622e-05
1.265087051364154397e-06 2.142016402748180837e-01 8.023145330117815721e-01 4.922903249256734837e-01 1.450826087765709675e-05
1.269745888682981840e-06 2.164437107927251192e-01 8.033079356129106952e-01 4.861316868888754250e-01 1.442502628371950759e-05
1.261941270802279046e-06 2.143428507631444102e-01 8.075033603131467341e-01 4.951713448714720744e-01 1.450332379866717805e-05
1.268380080553858915e-06 2.160760602875484993e-01 8.040421349354519576e-01 4.877136270358298220e-01 1.443872834883535009e-05
1.263307078931401971e-06 2.147105012683210301e-01 8.067691609906054717e-01 4.935894047245176774e-01 1.448962173355133555e-05
1.267492305269928939e-06 2.158370874591836741e-01 8.045193644951038614e-01 4.887418881313501662e-01 1.444763469116064839e-05
1.264194854215331947e-06 2.149494740966858553e-01 8.062919314309535679e-01 4.925611436289973333e-01 1.448071539122603724e-05
1.263535364004412421e-06 2.147719514241863137e-01 8.066464448181234204e-01 4.933249947285268666e-01 1.448733153123911264e-05
1.266243229261577593e-06 2.168840548097985543e-01 8.100877222819446999e-01 4.891210343160036222e-01 1.440907101015716644e-05
1.265289382496203552e-06 2.146710628184396730e-01 8.036748411340601805e-01 4.917356990689812357e-01 1.449090265084460844e-05
1.267346684433694281e-06 2.152976241562674919e-01 8.060623461876856855e-01 4.899166375520988548e-01 1.442554282123957014e-05
1.263435864167288075e-06 2.150733562864408366e-01 8.049497870057713556e-01 4.937786364858258170e-01 1.447497096304573991e-05
1.267738831195423302e-06 2.148287696146371495e-01 8.039355793459396216e-01 4.912545578153452719e-01 1.448855149810820052e-05
1.264139181455058534e-06 2.169716401118877980e-01 8.098567980480554374e-01 4.878728866300842126e-01 1.444559849323501242e-05
1.264908611934389949e-06 2.143512070391916380e-01 8.031100126956159935e-01 4.923444886663382314e-01 1.450275178037088552e-05
1.265833554252328760e-06 2.164971386671760145e-01 8.093285641117463625e-01 4.898090561786024311e-01 1.442339988637093654e-05
1.265671689346689437e-06 2.161216006322786987e-01 8.082403176139234535e-01 4.902527568639560851e-01 1.443728646782092481e-05
1.265070476840029273e-06 2.147267450740889538e-01 8.041982591934389024e-01 4.919007879809845774e-01 1.448886519892089725e-05
1.261935993249137542e-06 2.159787662755111581e-01 8.086080694004224023e-01 4.911574790958510017e-01 1.443772564895870633e-05
1.260163863537044207e-06 2.157823685815783155e-01 8.074995918437708475e-01 4.929917359765983442e-01 1.450560745691498577e-05
1.262765883551352610e-06 2.162902413694599846e-01 8.096320729608852407e-01 4.888149768391803485e-01 1.446843391265651366e-05
1.263318617559499274e-06 2.152863111759691916e-01 8.057691870479163354e-01 4.929099960476628350e-01 1.447382697922762566e-05
1.261656398840975755e-06 2.165488583909283005e-01 8.080808307824880465e-01 4.901720106634750995e-01 1.445993411967685644e-05
1.263750624524819613e-06 2.152293663481782693e-01 8.066049888174720017e-01 4.921430453600309507e-01 1.447707866870492959e-05
1.262100628531488088e-06 2.162689661394358864e-01 8.077677733959696127e-01 4.905901089324414821e-01 1.446357084219796409e-05
1.263461875225986628e-06 2.154112963116483481e-01 8.068084761187090947e-01 4.918712814852027604e-01 1.447471479906621054e-05
1.262589938563403030e-06 2.162620153659167155e-01 8.090192907938423827e-01 4.894076724198255235e-01 1.446717765961070537e-05
1.263191098735182389e-06 2.154570594092100055e-01 8.063379552034534159e-01 4.922970894127912667e-01 1.447266334829466410e-05
1.262717457387719915e-06 2.160912671326759016e-01 8.084505226383053023e-01 4.900205790546970919e-01 1.446834129054366693e-05
1.263108211499376382e-06 2.155680457608165068e-01 8.067076545045525071e-01 4.918987001001248194e-01 1.447190698818823934e-05
1.260053173146611959e-06 2.171581017424878968e-01 8.115939767727653464e-01 4.904160453341599446e-01 1.444535615562436587e-05
1.264192448693681264e-06 2.151522324910587758e-01 8.054925097698210079e-01 4.916409580177902305e-01 1.448125111634400282e-05
1.261954004147732459e-06 2.163699249766927180e-01 8.084573733079398750e-01 4.903534224429767496e-01 1.446212108239016881e-05
1.263197997787292212e-06 2.155790563280310934e-01 8.070970331268244591e-01 4.916056561528132640e-01 1.447251089864790425e-05
1.262343582389509037e-06 2.162175797544104161e-01 8.087139463710050213e-01 4.902087862491300019e-01 1.446517045745200462e-05
1.260519798673535264e-06 2.170595319295087477e-01 8.112176657462103480e-01 4.898936596240003882e-01 1.444939406573944458e-05
1.262209776287838160e-06 2.166653044066554346e-01 8.091459446539238654e-01 4.898716107571994827e-01 1.449758689983703026e-05
1.261983905280910118e-06 2.160989104484614121e-01 8.087021975697851195e-01 4.909324521365869831e-01 1.444820136786241209e-05
1.262161864256065583e-06 2.165451602337051806e-01 8.090518164845611482e-01 4.900966377164635013e-01 1.448711118093332450e-05
1.262015048101562325e-06 2.161770041608790660e-01 8.087633808798708746e-01 4.907861846130653349e-01 1.445501058514982176e-05
1.262130721435413377e-06 2.164670665212875267e-01 8.089906331744753931e-01 4.902429052399851495e-01 1.448030196364591483e-05
1.262035290934986365e-06 2.162277650739505563e-01 8.088031500314266653e-01 4.906911107227762692e-01 1.445943657638663635e-05
1.264730476959108273e-06 2.170398606975370848e-01 8.107758454856379693e-01 4.871171037749231769e-01 1.441123673966941241e-05
1.260963020885905387e-06 2.160024297018711126e-01 8.080729362310975494e-01 4.919636753413051955e-01 1.448909258139700941e-05
1.262514465469065714e-06 2.160898750691345460e-01 8.083905637221688867e-01 4.904881602298666321e-01 1.446663854569118489e-05
1.263950944721505227e-06 2.166931233551164515e-01 8.093048450638092861e-01 4.886194405346300229e-01 1.445098097431759079e-05
1.261055438496286569e-06 2.167634368092132280e-01 8.103935392223331480e-01 4.902360589297629634e-01 1.445401743232113617e-05
1.262267832305447449e-06 2.160980233247666582e-01 8.084619266505062019e-01 4.908740198087836459e-01 1.446205144083888959e-05
1.260770690387093893e-06 2.157417061308688766e-01 8.074190801003815476e-01 4.927145200118413504e-01 1.449898814526156980e-05
1.264423981124745061e-06 2.167476998236359809e-01 8.100400830138749786e-01 4.880148142505014164e-01 1.442349157146511180e-05
1.263784655245655863e-06 2.165716509274017154e-01 8.095814075040136393e-01 4.888372627587358465e-01 1.443670347187949017e-05
1.265230919715300272e-06 2.156492547925669689e-01 8.067407712045959745e-01 4.899337568641688456e-01 1.446153670022888703e-05
1.264858474441014780e-06 2.161465684220185424e-01 8.080838296977310709e-01 4.894598942177860179e-01 1.444687484867391714e-05
1.263785007076379088e-06 2.153246981627975065e-01 8.066811422096592521e-01 4.916647953862851583e-01 1.446088996979004313e-05
1.263921905633608206e-06 2.164536489464606306e-01 8.088456970643329580e-01 4.891523776336696994e-01 1.445271504852526978e-05
1.266129748823701168e-06 2.160620484418249443e-01 8.076775687884929500e-01 4.887215592420859345e-01 1.444608494634329301e-05
1.266902132127351827e-06 2.160548534652366182e-01 8.075206972160902108e-01 4.882910671287464810e-01 1.444289164744417064e-05
1.265550963314710538e-06 2.153845798449591786e-01 8.057965524487772369e-01 4.907120348854736580e-01 1.447518550508822034e-05
1.264093759157740421e-06 2.163639134879742909e-01 8.089190578693472577e-01 4.891653478809149802e-01 1.444343782769101685e-05
1.265482454336411081e-06 2.154666876425057054e-01 8.065616072104633272e-01 4.904021081094379619e-01 1.445546304010873753e-05
1.264195001656598847e-06 2.162809307182685103e-01 8.084459813399058614e-01 4.893710804669291203e-01 1.445319594705237689e-05
1.263784347994573961e-06 2.156756547507898691e-01 8.072131402591581351e-01 4.910288367706677759e-01 1.446722570818698234e-05
1.264500957090932485e-06 2.163035404787444216e-01 8.086707600531763962e-01 4.890765901531491933e-01 1.444396725142147174e-05
1.265410685536980451e-06 2.157318135224185751e-01 8.069281307213753696e-01 4.896913173397522412e-01 1.445844634945176822e-05
1.265112729317552100e-06 2.161296644259798339e-01 8.080025775158834467e-01 4.893122272226460012e-01 1.444671686820779231e-05
1.264363474271626714e-06 2.163753288455334822e-01 8.086120714091649120e-01 4.890662139553529353e-01 1.445138902808887476e-05
1.264562956169573897e-06 2.159296899897446831e-01 8.076380909766636140e-01 4.897215797617573418e-01 1.446012844518916237e-05
1.264659166470470093e-06 2.159646855160858303e-01 8.077018761210269515e-01 4.896499430674128295e-01 1.445778141921741930e-05
1.266241264882910319e-06 2.164993119710530989e-01 8.086230225781362302e-01 4.874534127324333665e-01 1.443584188962214712e-05
1.266413254850371178e-06 2.158492311265172992e-01 8.072284718957181138e-01 4.887709150585805573e-01 1.444545971433356771e-05
1.265767071310373731e-06 2.165397134912716848e-01 8.090325490532450647e-01 4.877776507617125334e-01 1.443320773892339133e-05
1.265473053047324127e-06 2.158731960169678610e-01 8.072964039294525662e-01 4.893564256885952757e-01 1.445402959260930193e-05
1.265704703800030055e-06 2.163983309967223989e-01 8.086642758451678681e-01 4.881125424128694990e-01 1.443762449576585762e-05
1.264721867531291842e-06 2.157318226529048033e-01 8.073541585032967260e-01 4.902792072412059943e-01 1.445652524121049528e-05
1.265975370346377022e-06 2.163650013403771166e-01 8.084009713650393003e-01 4.879479267714685875e-01 1.443946147615010779e-05
1.264374723762233321e-06 2.165882115829845522e-01 8.092177089734431394e-01 4.886325096002138157e-01 1.444450812122569412e-05
1.266056511909947106e-06 2.159785527063990407e-01 8.075765883843200044e-01 4.887466941033664081e-01 1.444529318553969017e-05
1.266909243449277777e-06 2.160039071218192441e-01 8.073377521484423891e-01 4.881948760857320879e-01 1.444653095778507677e-05
1.264922407203642837e-06 2.162511046412825266e-01 8.084374836698479116e-01 4.889222901913511388e-01 1.444441590003510338e-05
1.265789712804764278e-06 2.163310744857429024e-01 8.084669344338328845e-01 4.882343457787127750e-01 1.443931658588134402e-05
1.266071159292697876e-06 2.159952518534842270e-01 8.075967844651545935e-01 4.887416671311103356e-01 1.444545153770041141e-05
1.266006246041841766e-06 2.163044107606666711e-01 8.082562908497300525e-01 4.881026532655920458e-01 1.444078617018874551e-05
1.264953282941116393e-06 2.159841581012336420e-01 8.076970146545201512e-01 4.894642663023474616e-01 1.445544212464259438e-05
1.264826715437486137e-06 2.162552420713605150e-01 8.084721218002397514e-01 4.890055839709365193e-01 1.444439079040583633e-05
1.265405148209973143e-06 2.159093700056851084e-01 8.074129777894223370e-01 4.893799461861160771e-01 1.445354564183100756e-05
1.266599518686246001e-06 2.158468535937973221e-01 8.069841328186881935e-01 4.887584528799641115e-01 1.445213337787658713e-05
1.266954079335998144e-06 2.157651758982846446e-01 8.066865350223779707e-01 4.887090266617695189e-01 1.445368189537074067e-05
1.266498834104268139e-06 2.161677190947176586e-01 8.078717388412119949e-01 4.881354933423239228e-01 1.444241362086964434e-05
1.265596543241474757e-06 2.159545810962658074e-01 8.074932609734855049e-01 4.891621669384524362e-01 1.445159753816277010e-05
1.266223702796210177e-06 2.160190094722194143e-01 8.075388815945320209e-01 4.887289379696615477e-01 1.444729463264995183e-05
1.266124900570722698e-06 2.162128993272927902e-01 8.080018592435216362e-01 4.882338131884664811e-01 1.444305561172631451e-05
1.266176831171407459e-06 2.159655722015468571e-01 8.074742541358612691e-01 4.887450242808810685e-01 1.444678790573564723e-05
1.265282530090142230e-06 2.159566971997463891e-01 8.075544382873537375e-01 4.893231036178707916e-01 1.445478037528939361e-05
1.265644022305227715e-06 2.158968667233075456e-01 8.073272087952755305e-01 4.892556475248857062e-01 1.445326318904012347e-05
1.265707418333288433e-06 2.159325461460569473e-01 8.073978757177481258e-01 4.889974786271656937e-01 1.445271355121727523e-05
1.265639227663802037e-06 2.156265150184892565e-01 8.066933046584492395e-01 4.897980695838405341e-01 1.446081574793729887e-05
1.266039907812011582e-06 2.161102820732521690e-01 8.077728621911339779e-01 4.885075580576569987e-01 1.444616363556323644e-05
1.265885838403880032e-06 2.159154076356050167e-01 8.073151271379361837e-01 4.889496734777253883e-01 1.445259751654913761e-05
1.265835121581431414e-06 2.158868640974055120e-01 8.072585935999581075e-01 4.891562085959013650e-01 1.445303722680741688e-05
1.265545927809362899e-06 2.159347284785565757e-01 8.074403771936206065e-01 4.892101734702894444e-01 1.445425097580683231e-05
1.266261368674375125e-06 2.159418284799969612e-01 8.073762298724266318e-01 4.887477100006976660e-01 1.444785700016383487e-05
1.266219824193827359e-06 2.161396901805937021e-01 8.077983139585549477e-01 4.883387411267660072e-01 1.444487116495636836e-05
1.265831285868291253e-06 2.156705827335508308e-01 8.067514702904972079e-01 4.895901462430650719e-01 1.445907927392515381e-05
1.265899280075260103e-06 2.157526765367832888e-01 8.069346679324072014e-01 4.893711503477126690e-01 1.445659285485561457e-05
1.265644905948097479e-06 2.157927836568621915e-01 8.069969296006177517e-01 4.894305535079395697e-01 1.445958778059440256e-05
1.266399938068603367e-06 2.157431057296247123e-01 8.067554032422225019e-01 4.890562420534077526e-01 1.445532852686643322e-05
1.265695379604729939e-06 2.159011944974935093e-01 8.073205067521258549e-01 4.891832354723351095e-01 1.445443954724226290e-05
1.265965025614493927e-06 2.159845648556821540e-01 8.074154480313231463e-01 4.888200992258335265e-01 1.445212532477231029e-05
1.265910785544625959e-06 2.157932569925906097e-01 8.070188044497175195e-01 4.892747164013838690e-01 1.445581103709103556e-05
1.265988001002394374e-06 2.158788619966838795e-01 8.072037014437041247e-01 4.890766574527138921e-01 1.445285645702125127e-05
1.266028574460353225e-06 2.159016968272434722e-01 8.072489282740865635e-01 4.889114293581731108e-01 1.445250468881462819e-05
1.265835828495727268e-06 2.158035976442492232e-01 8.069943702442318179e-01 4.892961333823444559e-01 1.445809690005083880e-05
1.265876207421033194e-06 2.158903263167542830e-01 8.072532319654383004e-01 4.890982789538609321e-01 1.445397831336912808e-05
1.266039327797457241e-06 2.157715119481860844e-01 8.069445609096633776e-01 4.892486108541629353e-01 1.445570095945980942e-05
1.266163781741932313e-06 2.158067325354082744e-01 8.069663882411393097e-01 4.890485047186883261e-01 1.445610923880714470e-05
1.266447135547081267e-06 2.158832508443065401e-01 8.071645266393746576e-01 4.887299773235952438e-01 1.445007373128007953e-05
1.265942807229714260e-06 2.158175369542592592e-01 8.070241476133818148e-01 4.891970560720633188e-01 1.445669284551595677e-05
1.266433396545248107e-06 2.157674064268035041e-01 8.068140311773454032e-01 4.889673425993598110e-01 1.445527813082052376e-05
1.265973715517770782e-06 2.158688153360129036e-01 8.071763718275221100e-01 4.890753650918232553e-01 1.445420578142312190e-05
1.266151365975214993e-06 2.157865802773083208e-01 8.069524752914682963e-01 4.891505792593231483e-01 1.445498744314316463e-05
1.266250929130795050e-06 2.158147567470860839e-01 8.069699371566491086e-01 4.889904943509434943e-01 1.445531406662103386e-05
1.266142763305531823e-06 2.158907281805542422e-01 8.071959691830068451e-01 4.888808340625312998e-01 1.445243042662702032e-05
1.266074149521020524e-06 2.158234002821668718e-01 8.070161446544430461e-01 4.891093354336434884e-01 1.445578095198808318e-05
1.266020869674075840e-06 2.158816317721628797e-01 8.071994121360882568e-01 4.890303137390815680e-01 1.445360932627061955e-05
1.266466620973447432e-06 2.157832958602022011e-01 8.068480515056138946e-01 4.889255646554805379e-01 1.445464918023173948e-05
1.266388614496057065e-06 2.158005046447953046e-01 8.069095396159466915e-01 4.889438957451106571e-01 1.445446720578854002e-05
1.266240996517421195e-06 2.157986349406061100e-01 8.069588067969122314e-01 4.890721539834513298e-01 1.445441663008984946e-05
1.266320647041885241e-06 2.158211761164283427e-01 8.069727762890569478e-01 4.889440860567476066e-01 1.445467792887214519e-05
1.266234114381674659e-06 2.158819532632028637e-01 8.071536019101430703e-01 4.888563578260178843e-01 1.445237101687693300e-05
1.266179223354065662e-06 2.158280909444929563e-01 8.070097422872920534e-01 4.890391589229076130e-01 1.445505143716578363e-05
1.266136599476509957e-06 2.158746761364897793e-01 8.071563562726082885e-01 4.889759415672580989e-01 1.445331413659181239e-05
1.266235533924481918e-06 2.158709074350072810e-01 8.071322797452008535e-01 4.889367400150919640e-01 1.445223671056824037e-05
1.266459155269045647e-06 2.158158999343528228e-01 8.069390691506861391e-01 4.888892038837150400e-01 1.445316953243914844e-05
1.266193046740203692e-06 2.158643903011158161e-01 8.071183310262719512e-01 4.889607624726380886e-01 1.445328883086509560e-05
1.266345213307292390e-06 2.158015976228049304e-01 8.069277151596032649e-01 4.890505494836034917e-01 1.445447977774928880e-05
1.266253556693657867e-06 2.158678910261332129e-01 8.071140717287985655e-01 4.888903413660953268e-01 1.445274005002959527e-05
