1.126000000000000112e+00 2.000700662315087490e-04
1.126987992296117014e+00 3.402813354439513738e-04
1.127977719913760390e+00 2.622526803717465543e-04
1.128969187428857879e+00 2.145002685753839475e-04
1.129962399433440456e+00 2.689903180184290664e-04
1.130957360535711942e+00 3.592168463557758660e-04
1.131954075360122047e+00 4.526562225835325083e-04
1.132952548547436100e+00 4.866144868246782937e-04
1.133952784754808318e+00 4.377927972559412769e-04
1.134954788655853974e+00 3.349767224870879643e-04
1.135958564940721782e+00 2.929386335798237709e-04
1.136964118316167838e+00 2.424705383049570071e-04
1.137971453505628228e+00 1.628514676038804378e-04
1.138980575249294080e+00 2.406578703251008842e-04
1.139991488304184397e+00 3.617440179633580125e-04
1.141004197444223101e+00 4.246525943068026358e-04
1.142018707460311200e+00 4.903789664647780801e-04
1.143035023160405395e+00 4.815043181221876126e-04
1.144053149369591793e+00 4.128746595082751717e-04
1.145073090930163184e+00 3.767542391433219306e-04
1.146094852701695865e+00 3.727846525416823919e-04
1.147118439561126468e+00 3.153151635267906726e-04
1.148143856402830121e+00 2.165855749405844405e-04
1.149171108138697273e+00 2.004728505648046384e-04
1.150200199698214076e+00 2.672606545194840884e-04
1.151231136028538549e+00 3.734061714579114629e-04
1.152263922094582727e+00 4.110972135693957003e-04
1.153298562879090827e+00 3.443569535608935299e-04
1.154335063382718740e+00 2.670461993387536785e-04
1.155373428624115739e+00 1.939121318604269787e-04
1.156413663640005973e+00 2.495936621668078700e-04
1.157455773485268402e+00 3.773310838754826866e-04
1.158499763233019175e+00 4.369317710371907405e-04
1.159545637974695120e+00 5.305897098722138928e-04
1.160593402820134123e+00 5.113269877504811149e-04
1.161643062897660617e+00 4.757942422900664605e-04
1.162694623354169066e+00 6.748906349010669803e-04
1.163748089355205462e+00 8.429126545121218240e-04
1.164803466085055916e+00 9.532676588113623900e-04
1.165860758746828818e+00 1.003627018427347530e-03
1.166919972562540542e+00 9.084960843137263129e-04
1.167981112773203378e+00 1.023962929615161114e-03
1.169044184638909245e+00 1.155938325243477350e-03
1.170109193438919171e+00 9.620945908853591232e-04
1.171176144471748781e+00 9.500941926143814361e-04
1.172245043055257785e+00 1.152390971142686982e-03
1.173315894526736125e+00 1.113881555407789364e-03
1.174388704242995241e+00 1.124886561968977718e-03
1.175463477580455329e+00 1.320452002343645848e-03
1.176540219935237941e+00 1.384421908642396613e-03
1.177618936723252130e+00 1.427571098614851186e-03
1.178699633380288825e+00 1.445878875907012119e-03
1.179782315362111200e+00 1.315423374061736039e-03
1.180866988144545493e+00 1.262076133364222006e-03
1.181953657223574483e+00 1.383374582928178316e-03
1.183042328115429642e+00 1.575812842433788963e-03
1.184133006356684392e+00 1.633787445296873420e-03
1.185225697504348696e+00 1.593406776801570670e-03
1.186320407135962984e+00 1.592783962916073876e-03
1.187417140849692743e+00 1.364757169291034179e-03
1.188515904264424883e+00 1.133311390200454323e-03
1.189616703019862110e+00 1.224709992309694307e-03
1.190719542776621509e+00 1.294995217740749650e-03
1.191824429216329584e+00 1.366273136148038903e-03
1.192931368041720619e+00 1.499631507037759185e-03
1.194040364976735713e+00 1.477519511965957530e-03
1.195151425766620035e+00 1.347675475964709487e-03
1.196264556178022742e+00 1.139150269854523724e-03
1.197379761999095793e+00 1.427772253653424982e-03
1.198497049039596751e+00 2.696469928422895804e-03
1.199616423130986265e+00 3.638867365907289333e-03
1.200737890126532648e+00 3.382319330271812020e-03
1.201861455901411802e+00 3.144519776594725292e-03
1.202987126352810021e+00 3.633123672439713542e-03
1.204114907400029022e+00 4.611128929433458944e-03
1.205244804984587415e+00 5.281399895849045109e-03
1.206376825070326175e+00 4.449453050706029568e-03
1.207510973643513230e+00 3.393282897834999558e-03
1.208647256712948925e+00 3.543880104679035525e-03
1.209785680310073053e+00 4.032867877194931151e-03
1.210926250489070988e+00 5.179928000966745223e-03
1.212068973326979604e+00 6.948043153815375468e-03
1.213213854923797186e+00 8.327730790205671932e-03
1.214360901402591786e+00 9.303991381628309854e-03
1.215510118909608916e+00 9.542885405675560068e-03
1.216661513614383239e+00 1.062322499122481979e-02
1.217815091709847364e+00 1.337985190683886084e-02
1.218970859412443097e+00 1.473450175454126855e-02
1.220128822962234905e+00 1.425838396426023363e-02
1.221288988623019378e+00 1.448117855649689624e-02
1.222451362682440701e+00 1.634275870851574150e-02
1.223615951452102335e+00 1.836943955980880824e-02
1.224782761267683151e+00 1.980220750330806065e-02
1.225951798489049782e+00 2.347753423735446723e-02
1.227123069500375196e+00 3.000556710437486327e-02
1.228296580710252384e+00 3.671333564268933897e-02
1.229472338551812483e+00 3.910814678834952096e-02
1.230650349482842243e+00 3.171275950304539015e-02
1.231830619985901931e+00 2.163024468538372880e-02
1.233013156568444346e+00 2.258054337550863613e-02
1.234197965762934945e+00 3.268870769834000822e-02
1.235385054126971083e+00 4.477664393117822966e-02
1.236574428243403911e+00 6.092371157752005106e-02
1.237766094720459620e+00 7.782742953698369714e-02
1.238960060191861778e+00 8.394879244863279188e-02
1.240156331316954574e+00 8.154639395223145515e-02
1.241354914780826935e+00 8.310530861326310970e-02
1.242555817294437093e+00 9.168569032409609743e-02
1.243759045594736268e+00 1.030222624419209476e-01
1.244964606444796784e+00 1.032991424501163991e-01
1.246172506633937749e+00 8.443271073510687230e-02
1.247382752977852505e+00 6.544526793435093137e-02
1.248595352318737195e+00 5.460238491542943051e-02
1.249810311525418882e+00 4.256472577085388537e-02
1.251027637493486333e+00 3.762845524252825258e-02
1.252247337145420136e+00 3.878720313100679495e-02
1.253469417430722599e+00 3.019001937936493379e-02
1.254693885326052527e+00 1.677872332455077400e-02
1.255920747835354900e+00 7.865676576751582522e-03
1.257150011989997207e+00 2.495447241005034102e-03
1.258381684848900894e+00 6.400644064691867353e-04
1.259615773498678593e+00 7.263508656178837512e-04
1.260852285053770450e+00 1.058522016915026346e-03
1.262091226656578691e+00 1.624847911546497149e-03
1.263332605477606396e+00 1.657173069054130752e-03
1.264576428715595835e+00 1.555811420249435771e-03
1.265822703597668353e+00 1.453883076496049294e-03
1.267071437379462040e+00 1.003997623849747214e-03
1.268322637345275172e+00 7.341869786229660369e-04
1.269576310808206099e+00 7.275268611247076057e-04
1.270832465110296461e+00 7.418598310797548060e-04
1.272091107622674411e+00 7.582328801213781893e-04
1.273352245745698719e+00 7.358387548997535454e-04
1.274615886909103546e+00 6.868401983951123810e-04
1.275882038572145216e+00 8.042879066007995251e-04
1.277150708223747877e+00 9.559741897245111180e-04
1.278421903382652269e+00 8.675508857737997126e-04
1.279695631597562944e+00 7.633379760457025941e-04
1.280971900447299028e+00 7.348580105659504756e-04
1.282250717540943441e+00 7.684194765624019572e-04
1.283532090517995217e+00 7.425520525002604882e-04
1.284816027048520271e+00 4.501117515488641582e-04
1.286102534833305722e+00 2.984200511968722954e-04
1.287391621604013325e+00 3.255975041515211011e-04
1.288683295123334016e+00 2.637593962917383233e-04
1.289977563185144005e+00 2.891979477115837866e-04
1.291274433614661987e+00 3.053905439193574725e-04
1.292573914268606350e+00 2.932424248862309439e-04
1.293876013035353711e+00 3.565365129613568928e-04
1.295180737835098794e+00 3.876540728579672438e-04
1.296488096620015629e+00 4.120448108132610692e-04
1.297798097374417203e+00 3.843956548311026943e-04
1.299110748114920444e+00 3.357766561605279626e-04
1.300426056890607862e+00 3.784116820549620892e-04
1.301744031783193201e+00 4.164871485565246109e-04
1.303064680907186412e+00 3.698724857639210974e-04
1.304388012410060194e+00 2.579351325286112300e-04
1.305714034472417628e+00 2.075882482458794788e-04
1.307042755308160942e+00 2.425682067381171303e-04
1.308374183164660698e+00 2.340751291286875173e-04
1.309708326322927663e+00 1.892184155367218970e-04
1.311045193097781558e+00 1.530462371315132353e-04
1.312384791838027587e+00 1.486376258223131273e-04
1.313727130926627851e+00 1.986824361808675675e-04
1.315072218780876323e+00 2.624170752650764301e-04
1.316420063852575595e+00 3.091470893735416754e-04
1.317770674628213401e+00 3.433142830211268252e-04
1.319124059629140922e+00 3.400245505912554453e-04
1.320480227411752194e+00 2.980445804348713580e-04
1.321839186567663527e+00 3.141792303943477939e-04
1.323200945723896238e+00 3.684457993394264232e-04
1.324565513543057849e+00 3.464978756455125062e-04
1.325932898723527265e+00 2.492427792602125067e-04
1.327303109999638409e+00 1.420671864147963397e-04
1.328676156141866516e+00 1.702112378938174929e-04
1.330052045957015094e+00 2.825209121357559494e-04
1.331430788288405109e+00 2.904036370728246743e-04
1.332812392016063274e+00 2.837790929835456760e-04
1.334196866056913677e+00 2.871196159006192015e-04
1.335584219364968961e+00 3.081205099481149285e-04
1.336974460931523057e+00 4.431709583172092253e-04
1.338367599785346362e+00 5.066121960921043943e-04
1.339763644992881142e+00 4.868337244396914957e-04
1.341162605658436702e+00 5.350998385496385070e-04
1.342564490924390119e+00 5.018906403340390012e-04
1.343969309971381643e+00 4.051718863272396436e-04
1.345377072018519193e+00 3.779024524195751119e-04
1.346787786323576430e+00 3.419291902270929604e-04
1.348201462183198140e+00 3.673033652624694981e-04
1.349618108933102745e+00 4.810913241999372468e-04
1.351037735948290130e+00 5.181501335906453726e-04
1.352460352643244823e+00 5.509585023109316113e-04
1.353885968472148260e+00 6.284649055980454655e-04
1.355314592929085071e+00 6.328727184397592168e-04
1.356746235548255131e+00 6.615703377168709581e-04
1.358180905904185831e+00 8.029320892085705600e-04
1.359618613611944804e+00 9.282887953884394515e-04
1.361059368327355079e+00 8.984604866819842234e-04
1.362503179747211357e+00 7.305327607535183317e-04
1.363950057609498057e+00 5.845625556273471423e-04
1.365400011693606253e+00 5.452459722406234870e-04
1.366853051820556830e+00 5.606312716002340765e-04
1.368309187853220088e+00 5.333410656411777164e-04
1.369768429696540002e+00 5.428490000413467879e-04
1.371230787297757381e+00 7.153101326699048274e-04
1.372696270646638572e+00 8.718043593270020757e-04
1.374164889775699727e+00 9.670594342205794539e-04
1.375636654760438393e+00 1.099048205083019616e-03
1.377111575719562442e+00 1.116298203840474174e-03
1.378589662815221883e+00 9.605424988214381413e-04
1.380070926253243568e+00 8.205017882252406761e-04
1.381555376283364778e+00 9.348534432162693792e-04
1.383043023199470367e+00 1.219636780189863523e-03
1.384533877339829910e+00 1.405835695502125537e-03
1.386027949087338174e+00 1.454570579028188759e-03
1.387525248869755812e+00 1.337526035860335440e-03
1.389025787159951619e+00 1.157680473326368675e-03
1.390529574476147223e+00 9.475350982229438848e-04
1.392036621382161998e+00 6.585552015546964483e-04
1.393546938487661091e+00 6.136832004499763460e-04
1.395060536448405220e+00 7.043393207457267517e-04
1.396577425966499586e+00 6.754237641567263683e-04
1.398097617790646341e+00 7.612182758964197802e-04
1.399621122716400601e+00 8.776825149325709384e-04
1.401147951586422913e+00 9.648270657695454328e-04
1.402678115290738603e+00 1.099364287030939191e-03
1.404211624766996236e+00 1.168415137773876631e-03
1.405748491000727851e+00 1.266408686786862307e-03
1.407288725025611198e+00 1.324502288560760327e-03
1.408832337923734634e+00 1.286499746574186346e-03
1.410379340825861805e+00 1.240212969604767438e-03
1.411929744911700313e+00 1.072417191932286459e-03
1.413483561410169731e+00 9.663472179646410152e-04
1.415040801599673825e+00 1.031433140143687673e-03
1.416601476808373228e+00 1.093278137148433063e-03
1.418165598414459661e+00 1.185782466585830327e-03
1.419733177846432826e+00 1.280959063697239024e-03
1.421304226583378183e+00 1.325501489665206582e-03
1.422878756155248059e+00 1.348464135724173826e-03
1.424456778143142976e+00 1.387107746436701131e-03
1.426038304179596539e+00 1.513043082725308965e-03
1.427623345948860090e+00 1.678183754225836708e-03
1.429211915187190263e+00 1.770281125049679230e-03
1.430804023683140525e+00 1.718504381270474866e-03
1.432399683277851388e+00 1.591403439985127673e-03
1.433998905865343287e+00 1.511242980415758441e-03
1.435601703392814343e+00 1.501414150106204770e-03
1.437208087860935457e+00 1.574847413867941316e-03
1.438818071324151404e+00 1.758699241642295219e-03
1.440431665890981705e+00 2.060819228988817250e-03
1.442048883724324604e+00 2.245512414850751263e-03
1.443669737041762158e+00 2.152404512853518890e-03
1.445294238115867769e+00 2.063977768664059746e-03
1.446922399274517490e+00 2.131292136330962921e-03
1.448554232901199557e+00 2.313710529509315373e-03
1.450189751435329688e+00 2.444615702467690162e-03
1.451828967372567725e+00 2.306960601075072354e-03
1.453471893265134263e+00 2.117367891717671698e-03
1.455118541722132175e+00 2.012757449475493284e-03
1.456768925409868798e+00 1.948988158230314290e-03
1.458423057052181004e+00 2.035706107715600736e-03
1.460080949430762276e+00 2.053570591438623992e-03
1.461742615385490884e+00 1.793982513244498072e-03
1.463408067814762958e+00 1.483355291247526750e-03
1.465077319675824219e+00 1.332043164609793013e-03
1.466750383985108819e+00 1.264544845550910146e-03
1.468427273818574630e+00 1.131186410254375564e-03
1.470108002312046080e+00 9.948182732724345900e-04
1.471792582661556104e+00 8.760227056775689606e-04
1.473481028123691416e+00 7.522339931633424117e-04
1.475173352015941353e+00 6.764716011313464099e-04
1.476869567717046916e+00 5.943826853639299582e-04
1.478569688667353610e+00 5.627366691673563875e-04
1.480273728369166264e+00 5.915414902906379569e-04
1.481981700387106970e+00 6.089352550301415463e-04
1.483693618348475241e+00 6.383707612143970462e-04
1.485409495943609492e+00 6.406290814946739463e-04
1.487129346926251872e+00 7.485866656204496865e-04
1.488853185113917732e+00 8.871893362078750499e-04
1.490581024388262232e+00 8.096324688037083266e-04
1.492312878695457590e+00 8.254508710378970085e-04
1.494048762046563450e+00 1.030306991588219017e-03
1.495788688517908360e+00 1.092457603961499973e-03
1.497532672251467467e+00 1.006718493346832766e-03
1.499280727455248874e+00 8.941950228050789783e-04
1.501032868403676668e+00 7.797315707703686644e-04
1.502789109437979942e+00 6.255992081864971332e-04
1.504549464966586036e+00 4.573638632673478156e-04
1.506313949465511781e+00 3.734994106529599973e-04
1.508082577478762509e+00 3.682110731625316585e-04
1.509855363618730850e+00 5.203446205434550040e-04
1.511632322566598186e+00 7.735880835150918356e-04
1.513413469072741879e+00 8.438243846994162743e-04
1.515198817957142063e+00 7.075063224764032181e-04
1.516988384109793087e+00 4.845607072615690626e-04
1.518782182491116739e+00 4.302309468321729741e-04
1.520580228132380585e+00 7.283551672265083316e-04
1.522382536136117182e+00 8.877574057347569674e-04
1.524189121676545966e+00 6.238432238554856993e-04
1.526000000000000023e+00 3.746778173866534430e-04
