1.126000000000000112e+00 1.864914456692442005e-02
1.126987992296117014e+00 1.826271104335243020e-02
1.127977719913760390e+00 1.787651892911272869e-02
1.128969187428857879e+00 1.749018396881445864e-02
1.129962399433440456e+00 1.710316936514200484e-02
1.130957360535711942e+00 1.671503505718160976e-02
1.131954075360122047e+00 1.632571207760737803e-02
1.132952548547436100e+00 1.593572641876531137e-02
1.133952784754808318e+00 1.554630882346259846e-02
1.134954788655853974e+00 1.515935593963580082e-02
1.135958564940721782e+00 1.477724607620802336e-02
1.136964118316167838e+00 1.440254896835473260e-02
1.137971453505628228e+00 1.403769389839065566e-02
1.138980575249294080e+00 1.368466803233398324e-02
1.139991488304184397e+00 1.334480572218105059e-02
1.141004197444223101e+00 1.301870370919806438e-02
1.142018707460311200e+00 1.270626437471876133e-02
1.143035023160405395e+00 1.240683864233192019e-02
1.144053149369591793e+00 1.211941990741643126e-02
1.145073090930163184e+00 1.184283517354027884e-02
1.146094852701695865e+00 1.157588962479425866e-02
1.147118439561126468e+00 1.131744205444810102e-02
1.148143856402830121e+00 1.106641388869476772e-02
1.149171108138697273e+00 1.082175624020104664e-02
1.150200199698214076e+00 1.058241129659379109e-02
1.151231136028538549e+00 1.034730345909439138e-02
1.152263922094582727e+00 1.011538301576274564e-02
1.153298562879090827e+00 9.885725232978235383e-03
1.154335063382718740e+00 9.657667007471249301e-03
1.155373428624115739e+00 9.430948029571161254e-03
1.156413663640005973e+00 9.205818224617067294e-03
1.157455773485268402e+00 8.983079358446869125e-03
1.158499763233019175e+00 8.764044011297232595e-03
1.159545637974695120e+00 8.550414927970291859e-03
1.160593402820134123e+00 8.344106242827047104e-03
1.161643062897660617e+00 8.147040150500444930e-03
1.162694623354169066e+00 7.960955313157694682e-03
1.163748089355205462e+00 7.787256649023997952e-03
1.164803466085055916e+00 7.626922867032545107e-03
1.165860758746828818e+00 7.480472675859117099e-03
1.166919972562540542e+00 7.347977741430844999e-03
1.167981112773203378e+00 7.229103713744531971e-03
1.169044184638909245e+00 7.123161266962303208e-03
1.170109193438919171e+00 7.029155867959664683e-03
1.171176144471748781e+00 6.945834726899423155e-03
1.172245043055257785e+00 6.871738112083892146e-03
1.173315894526736125e+00 6.805266526360021460e-03
1.174388704242995241e+00 6.744773445850137973e-03
1.175463477580455329e+00 6.688685956857677063e-03
1.176540219935237941e+00 6.635645253954325362e-03
1.177618936723252130e+00 6.584649264249623629e-03
1.178699633380288825e+00 6.535174182345147159e-03
1.179782315362111200e+00 6.487252630175707399e-03
1.180866988144545493e+00 6.441493580625546299e-03
1.181953657223574483e+00 6.399041024407607289e-03
1.183042328115429642e+00 6.361481039184425229e-03
1.184133006356684392e+00 6.330716535526113159e-03
1.185225697504348696e+00 6.308832572892417861e-03
1.186320407135962984e+00 6.297971789406053844e-03
1.187417140849692743e+00 6.300230520455467331e-03
1.188515904264424883e+00 6.317574854735674879e-03
1.189616703019862110e+00 6.351766313561608111e-03
1.190719542776621509e+00 6.404282652501590810e-03
1.191824429216329584e+00 6.476222332873589164e-03
1.192931368041720619e+00 6.568190892969075212e-03
1.194040364976735713e+00 6.680180778991808531e-03
1.195151425766620035e+00 6.811468666575431347e-03
1.196264556178022742e+00 6.960561288125136255e-03
1.197379761999095793e+00 7.125219040075679230e-03
1.198497049039596751e+00 7.302575465491048870e-03
1.199616423130986265e+00 7.489352298977790777e-03
1.200737890126532648e+00 7.682148743204034527e-03
1.201861455901411802e+00 7.877765769688583816e-03
1.202987126352810021e+00 8.073516691133719031e-03
1.204114907400029022e+00 8.267477079539157017e-03
1.205244804984587415e+00 8.458640199073930860e-03
1.206376825070326175e+00 8.646965155068511363e-03
1.207510973643513230e+00 8.833328262771972250e-03
1.208647256712948925e+00 9.019407320735889355e-03
1.209785680310073053e+00 9.207538289321481190e-03
1.210926250489070988e+00 9.400581794593151561e-03
1.212068973326979604e+00 9.601823871256893669e-03
1.213213854923797186e+00 9.814915646323869869e-03
1.214360901402591786e+00 1.004383649327040412e-02
1.215510118909608916e+00 1.029285097086352074e-02
1.216661513614383239e+00 1.056642625587117350e-02
1.217815091709847364e+00 1.086908524538219775e-02
1.218970859412443097e+00 1.120518881806464515e-02
1.220128822962234905e+00 1.157866360441293756e-02
1.221288988623019378e+00 1.199271219260130729e-02
1.222451362682440701e+00 1.244955465337552192e-02
1.223615951452102335e+00 1.295024967280187719e-02
1.224782761267683151e+00 1.349463012252623967e-02
1.225951798489049782e+00 1.408136502759194282e-02
1.227123069500375196e+00 1.470813385870223082e-02
1.228296580710252384e+00 1.537187710093062404e-02
1.229472338551812483e+00 1.606907520536495979e-02
1.230650349482842243e+00 1.679600943382507372e-02
1.231830619985901931e+00 1.754897199344482642e-02
1.233013156568444346e+00 1.832441479306914575e-02
1.234197965762934945e+00 1.911904934572584286e-02
1.235385054126971083e+00 1.992992766296422524e-02
1.236574428243403911e+00 2.075454010080591757e-02
1.237766094720459620e+00 2.159095907695683311e-02
1.238960060191861778e+00 2.243803941848420205e-02
1.240156331316954574e+00 2.329566223362751834e-02
1.241354914780826935e+00 2.416498681677591714e-02
1.242555817294437093e+00 2.504866100833820497e-02
1.243759045594736268e+00 2.595093906013743248e-02
1.244964606444796784e+00 2.687766811722651708e-02
1.246172506633937749e+00 2.783612673961512185e-02
1.247382752977852505e+00 2.883472535741718468e-02
1.248595352318737195e+00 2.988260202048347719e-02
1.249810311525418882e+00 3.098916120062611759e-02
1.251027637493486333e+00 3.216360556046336805e-02
1.252247337145420136e+00 3.341450114600472143e-02
1.253469417430722599e+00 3.474939953866800629e-02
1.254693885326052527e+00 3.617452241054501527e-02
1.255920747835354900e+00 3.769450105889409625e-02
1.257150011989997207e+00 3.931216026464015578e-02
1.258381684848900894e+00 4.102834318910724559e-02
1.259615773498678593e+00 4.284178912524681804e-02
1.260852285053770450e+00 4.474909289395916090e-02
1.262091226656578691e+00 4.674478649173065270e-02
1.263332605477606396e+00 4.882158430846702396e-02
1.264576428715595835e+00 5.097081998251363349e-02
1.265822703597668353e+00 5.318307707322603162e-02
1.267071437379462040e+00 5.544898258160206594e-02
1.268322637345275172e+00 5.776009995326978480e-02
1.269576310808206099e+00 6.010983496520037189e-02
1.270832465110296461e+00 6.249426018480019190e-02
1.272091107622674411e+00 6.491277389805770459e-02
1.273352245745698719e+00 6.736853519997862416e-02
1.274615886909103546e+00 6.986865186658991478e-02
1.275882038572145216e+00 7.242413292621532883e-02
1.277150708223747877e+00 7.504964498129712558e-02
1.278421903382652269e+00 7.776312444155339398e-02
1.279695631597562944e+00 8.058529538687575489e-02
1.280971900447299028e+00 8.353912792835610501e-02
1.282250717540943441e+00 8.664925140564162798e-02
1.283532090517995217e+00 8.994131866274623910e-02
1.284816027048520271e+00 9.344130884701189188e-02
1.286102534833305722e+00 9.717476003414930730e-02
1.287391621604013325e+00 1.011659381859766060e-01
1.288683295123334016e+00 1.054369698554715462e-01
1.289977563185144005e+00 1.100069844693530446e-01
1.291274433614661987e+00 1.148913198967159571e-01
1.292573914268606350e+00 1.201008372783469863e-01
1.293876013035353711e+00 1.256413676817444425e-01
1.295180737835098794e+00 1.315132795773137075e-01
1.296488096620015629e+00 1.377111223168938081e-01
1.297798097374417203e+00 1.442232783644570027e-01
1.299110748114920444e+00 1.510315558391235602e-01
1.300426056890607862e+00 1.581106777868060698e-01
1.301744031783193201e+00 1.654276731530761602e-01
1.303064680907186412e+00 1.729412369843208730e-01
1.304388012410060194e+00 1.806011887618934886e-01
1.305714034472417628e+00 1.883482009085052922e-01
1.307042755308160942e+00 1.961139798391401956e-01
1.308374183164660698e+00 2.038220514712368869e-01
1.309708326322927663e+00 2.113892330585825374e-01
1.311045193097781558e+00 2.187277743653793793e-01
1.312384791838027587e+00 2.257480419534726723e-01
1.313727130926627851e+00 2.323615227648236081e-01
1.315072218780876323e+00 2.384838579569209249e-01
1.316420063852575595e+00 2.440375996967435734e-01
1.317770674628213401e+00 2.489544174440600499e-01
1.319124059629140922e+00 2.531765605705214028e-01
1.320480227411752194e+00 2.566574959600296246e-01
1.321839186567663527e+00 2.593617614642116376e-01
1.323200945723896238e+00 2.612641862560330930e-01
1.324565513543057849e+00 2.623487080295614504e-01
1.325932898723527265e+00 2.626070524382109750e-01
1.327303109999638409e+00 2.620375289049921008e-01
1.328676156141866516e+00 2.606441445553128178e-01
1.330052045957015094e+00 2.584361569421860794e-01
1.331430788288405109e+00 2.554280925658570789e-01
1.332812392016063274e+00 2.516401682534508133e-01
1.334196866056913677e+00 2.470989798215593169e-01
1.335584219364968961e+00 2.418382760364819750e-01
1.336974460931523057e+00 2.358996194601696572e-01
1.338367599785346362e+00 2.293327484329490684e-01
1.339763644992881142e+00 2.221954919021452424e-01
1.341162605658436702e+00 2.145531447539576198e-01
1.342564490924390119e+00 2.064772785469168870e-01
1.343969309971381643e+00 1.980440336287364045e-01
1.345377072018519193e+00 1.893320060645517500e-01
1.346787786323576430e+00 1.804198991774535465e-01
1.348201462183198140e+00 1.713841476622577908e-01
1.349618108933102745e+00 1.622967360072314624e-01
1.351037735948290130e+00 1.532234182528451616e-01
1.352460352643244823e+00 1.442225022338556595e-01
1.353885968472148260e+00 1.353442921800601662e-01
1.355314592929085071e+00 1.266311975329081629e-01
1.356746235548255131e+00 1.181184258369558787e-01
1.358180905904185831e+00 1.098350985682509384e-01
1.359618613611944804e+00 1.018055751361604117e-01
1.361059368327355079e+00 9.405075265668770557e-02
1.362503179747211357e+00 8.658913163570913785e-02
1.363950057609498057e+00 7.943749674744687850e-02
1.365400011693606253e+00 7.261114620579463275e-02
1.366853051820556830e+00 6.612369610308360679e-02
1.368309187853220088e+00 5.998656889253257962e-02
1.369768429696540002e+00 5.420833146259020074e-02
1.371230787297757381e+00 4.879406744738767898e-02
1.372696270646638572e+00 4.374494827410134457e-02
1.374164889775699727e+00 3.905811439088961723e-02
1.375636654760438393e+00 3.472690558141186545e-02
1.377111575719562442e+00 3.074140434801319460e-02
1.378589662815221883e+00 2.708919563670979941e-02
1.380070926253243568e+00 2.375621189628125338e-02
1.381555376283364778e+00 2.072752978101303351e-02
1.383043023199470367e+00 1.798801107277287273e-02
1.384533877339829910e+00 1.552272637181825558e-02
1.386027949087338174e+00 1.331715277213333694e-02
1.387525248869755812e+00 1.135718289653966928e-02
1.389025787159951619e+00 9.629012300444099448e-03
1.390529574476147223e+00 8.118980779675256249e-03
1.392036621382161998e+00 6.813432006333597184e-03
1.393546938487661091e+00 5.698631603442422776e-03
1.395060536448405220e+00 4.760755307672083318e-03
1.396577425966499586e+00 3.985935069689052618e-03
1.398097617790646341e+00 3.360337860994617749e-03
1.399621122716400601e+00 2.870251440031021915e-03
1.401147951586422913e+00 2.502160955139221855e-03
1.402678115290738603e+00 2.242814586573265746e-03
1.404211624766996236e+00 2.079289079049005846e-03
1.405748491000727851e+00 1.999071889430194260e-03
1.407288725025611198e+00 1.990173575911195931e-03
1.408832337923734634e+00 2.041273263036714938e-03
1.410379340825861805e+00 2.141885659463896308e-03
1.411929744911700313e+00 2.282525608919486974e-03
1.413483561410169731e+00 2.454840308458007634e-03
1.415040801599673825e+00 2.651682618553170313e-03
1.416601476808373228e+00 2.867110651472335250e-03
1.418165598414459661e+00 3.096315472020097145e-03
1.419733177846432826e+00 3.335494989319656624e-03
1.421304226583378183e+00 3.581702754008639789e-03
1.422878756155248059e+00 3.832702033395760446e-03
1.424456778143142976e+00 4.086847824378998448e-03
1.426038304179596539e+00 4.343005105798024464e-03
1.427623345948860090e+00 4.600495573387422196e-03
1.429211915187190263e+00 4.859052858977074354e-03
1.430804023683140525e+00 5.118762050043757124e-03
1.432399683277851388e+00 5.379964716185635203e-03
1.433998905865343287e+00 5.643123869677064627e-03
1.435601703392814343e+00 5.908659865442743644e-03
1.437208087860935457e+00 6.176782443917017314e-03
1.438818071324151404e+00 6.447350848611294212e-03
1.440431665890981705e+00 6.719790503026255857e-03
1.442048883724324604e+00 6.993081765838410867e-03
1.443669737041762158e+00 7.265817697546235118e-03
1.445294238115867769e+00 7.536309497559401382e-03
1.446922399274517490e+00 7.802706349644218491e-03
1.448554232901199557e+00 8.063094976503315525e-03
1.450189751435329688e+00 8.315554019422513252e-03
1.451828967372567725e+00 8.558156448704853578e-03
1.453471893265134263e+00 8.788933699298723604e-03
1.455118541722132175e+00 9.005831183945085458e-03
1.456768925409868798e+00 9.206690549613438107e-03
1.458423057052181004e+00 9.389286980299274207e-03
1.460080949430762276e+00 9.551431664320811019e-03
1.461742615385490884e+00 9.691125747956779932e-03
1.463408067814762958e+00 9.806730444787510256e-03
1.465077319675824219e+00 9.897106030940490753e-03
1.466750383985108819e+00 9.961675118142483340e-03
1.468427273818574630e+00 1.000038330604430432e-02
1.470108002312046080e+00 1.001355866079903928e-02
1.471792582661556104e+00 1.000170229812719427e-02
1.473481028123691416e+00 9.965266153569563717e-03
1.475173352015941353e+00 9.904482860962028276e-03
1.476869567717046916e+00 9.819302756841752702e-03
1.478569688667353610e+00 9.709466183714158399e-03
1.480273728369166264e+00 9.574702588363244449e-03
1.481981700387106970e+00 9.415011885035694944e-03
1.483693618348475241e+00 9.230958956870562865e-03
1.485409495943609492e+00 9.023906774233578232e-03
1.487129346926251872e+00 8.796129663843977806e-03
1.488853185113917732e+00 8.550781578363001942e-03
1.490581024388262232e+00 8.291735201397554614e-03
1.492312878695457590e+00 8.023344125737148086e-03
1.494048762046563450e+00 7.750200916786965412e-03
1.495788688517908360e+00 7.476961870868581959e-03
1.497532672251467467e+00 7.208284689626103317e-03
1.499280727455248874e+00 6.948885093420146750e-03
1.501032868403676668e+00 6.703674659482874304e-03
1.502789109437979942e+00 6.477908535875700688e-03
1.504549464966586036e+00 6.277259224717526148e-03
1.506313949465511781e+00 6.107746357571969265e-03
1.508082577478762509e+00 5.975489478151669795e-03
1.509855363618730850e+00 5.886301207316800045e-03
1.511632322566598186e+00 5.845187227490716321e-03
1.513413469072741879e+00 5.855852513096487105e-03
1.515198817957142063e+00 5.920319634968287427e-03
1.516988384109793087e+00 6.038741848813849317e-03
1.518782182491116739e+00 6.209446827626146845e-03
1.520580228132380585e+00 6.429189350683685300e-03
1.522382536136117182e+00 6.693539594533453804e-03
1.524189121676545966e+00 6.997303116870664912e-03
1.526000000000000023e+00 7.334868451059876546e-03
