6.300000000000000711e+01
6.615000000000000568e+01
6.615000000000000568e+01
6.300000000000000711e+01
5.984999999999999432e+01
6.300000000000000711e+01
6.423429600000001471e+01
6.471322502400002463e+01
6.504328573747203279e+01
6.109562161924303325e+01
6.006197012086026632e+01
6.769514024694879595e+01
6.484884816618681214e+01
6.616299809403655274e+01
6.570047159497239875e+01
6.547129965466827173e+01
6.357466655940260125e+01
6.570932739248185328e+01
6.336302637253607628e+01
6.319668929136270208e+01
6.509021158177004907e+01
6.601077520805326060e+01
6.383821521596242121e+01
6.297979136358681984e+01
6.261898743710313653e+01
6.466387556106826651e+01
6.428590129655881924e+01
6.392534017807633262e+01
6.557100908161230279e+01
6.342932426292647818e+01
6.329690430701763404e+01
6.444480069571903869e+01
6.430291006094361705e+01
6.399519191082085712e+01
6.720967244214483571e+01
6.635735797229786215e+01
6.071484882641018288e+01
6.555653410469724918e+01
6.642626495880965365e+01
6.160757870704397732e+01
6.235593874036254647e+01
6.524209707494891575e+01
6.180236908152546960e+01
6.627446623143323734e+01
6.275970453687568806e+01
6.566405973024122034e+01
6.780700915701839904e+01
6.238092288059363710e+01
6.406005389682735540e+01
6.538583004082376249e+01
6.107491907582539170e+01
5.975186152086273239e+01
6.054545251424082153e+01
5.943026315933158088e+01
6.360975705652861478e+01
6.259637013836074715e+01
5.952901400052149228e+01
6.243307366392766511e+01
6.137943799061728356e+01
6.238435919762186899e+01
6.097485557291952318e+01
6.523008171051968418e+01
5.973522568670142618e+01
6.205588686982544289e+01
6.218546301269680754e+01
6.121345574586378291e+01
6.138415777731567857e+01
6.107271076972927659e+01
6.188479087553621838e+01
6.312439629547698416e+01
6.099627284400725813e+01
5.998303384220523071e+01
6.130328562415719773e+01
6.170354255364069473e+01
6.437364625665055939e+01
6.063508583740473767e+01
5.753802096458963433e+01
5.993513508795822986e+01
6.051776369974152914e+01
6.018132509006214548e+01
6.123823060532460261e+01
5.821871817220738166e+01
6.155827741657699903e+01
6.070543677283454542e+01
6.014337639394143054e+01
6.061037998840078700e+01
6.024502685363335530e+01
6.054783801077761041e+01
6.031035465905311099e+01
6.026188156797997664e+01
5.881072357834481323e+01
6.107557495015956306e+01
6.020738475232258935e+01
6.084178261383753750e+01
6.105274296385199051e+01
5.863438612897375890e+01
6.130866585328401186e+01
5.910974090108544488e+01
5.949334893497508858e+01
6.092265083818008975e+01
5.931324938247233547e+01
5.979547496348940427e+01
5.875314634686818493e+01
6.047399424115178590e+01
5.934415672748746573e+01
6.014063463812434662e+01
5.951260649166912486e+01
6.003046130085619581e+01
5.900551479629257301e+01
6.021585291690192321e+01
5.926134166693653782e+01
6.004832446639266408e+01
5.821277873035773354e+01
6.044600219316379253e+01
5.926362053649521044e+01
5.989591601647052244e+01
5.918504461319352572e+01
5.828849555813991401e+01
5.900451000642348021e+01
5.925916705540866758e+01
5.905848645209184156e+01
5.922402558360349900e+01
5.909358318900747520e+01
5.920118871463883181e+01
5.828783718360004684e+01
5.953078529092690729e+01
5.932691817390150391e+01
5.888580604724433698e+01
5.860876468942494455e+01
5.933988233042117599e+01
5.981563618191656673e+01
5.860810849197653738e+01
5.881887808992147626e+01
5.989870138441003178e+01
5.940741015169529504e+01
6.006016711704968003e+01
5.909061263087432536e+01
5.950310866789778430e+01
5.953548385194790882e+01
6.030221819041739195e+01
5.907753277790217084e+01
6.002347516071453271e+01
5.925344997908752731e+01
5.981738229864706824e+01
5.916261867729791391e+01
5.981951764919901393e+01
5.942657443149234098e+01
5.917307645267721483e+01
5.956330397787361619e+01
5.953937288921291326e+01
5.906215284487819162e+01
5.966143521412807615e+01
5.895288274499157666e+01
5.966752456836015028e+01
5.910421181328207751e+01
5.972664856726557048e+01
5.917823946905710386e+01
5.893404186958339608e+01
5.953396925309246512e+01
5.958066539217927016e+01
5.923580036683644323e+01
5.918390997330104852e+01
5.952779719646142098e+01
5.924315043042930284e+01
5.953214193404398458e+01
5.923069795778773283e+01
5.963109555285779351e+01
5.974431922137880946e+01
5.984713221355968926e+01
5.938905818879865706e+01
5.958872345765428946e+01
5.955133518313936491e+01
5.934326420551235515e+01
5.957108776634319725e+01
5.957460031088265140e+01
5.965375868167718210e+01
5.960339838896506848e+01
5.991614966748361581e+01
5.944336508937038133e+01
5.963158142414454943e+01
5.967188256835864735e+01
5.960855877664740632e+01
5.960572520278508080e+01
5.942339841037423298e+01
5.988177931915916474e+01
5.980146406838828455e+01
5.977742115446181970e+01
5.984213105874537320e+01
5.964942473523184674e+01
5.958846724477103152e+01
5.976416703407578979e+01
5.968637744036114157e+01
5.965412826118347311e+01
5.977081106755804996e+01
5.966841213095474927e+01
5.979004001026972759e+01
5.976470261542551299e+01
5.967782366666845917e+01
5.975453796057007594e+01
5.981468133711418034e+01
5.969400687470309208e+01
5.978089899532174911e+01
5.976062766930965608e+01
5.967216599171407410e+01
5.975249940958344297e+01
5.968359899045660910e+01
5.980060695510678670e+01
5.978012904795821214e+01
5.977358505174420600e+01
5.975736708860597446e+01
5.968659634270788672e+01
5.975086669813999407e+01
5.969574652036713047e+01
5.970307785037816473e+01
5.976763000621680533e+01
5.970832576904630429e+01
5.978549160937976126e+01
5.970389781844303201e+01
