1.375842336909632355e-06 1.375842336909632355e-06 1.312010374053017292e-01 1.312010374053017292e-01 8.635435253096396258e-01 8.635435253096396258e-01 5.554936347307563027e-01 5.554936347307563027e-01 1.574545135749953504e-05
1.444634453755114036e-06 1.375842336909632355e-06 1.312010374053017292e-01 1.312010374053017292e-01 8.635435253096396258e-01 8.635435253096396258e-01 5.554936347307563027e-01 5.554936347307563027e-01 1.574545135749953504e-05
1.375842336909632355e-06 1.444634453755114036e-06 1.312010374053017292e-01 1.312010374053017292e-01 8.635435253096396258e-01 8.635435253096396258e-01 5.554936347307563027e-01 5.554936347307563027e-01 1.574545135749953504e-05
1.375842336909632355e-06 1.375842336909632355e-06 1.377610892755668226e-01 1.312010374053017292e-01 8.635435253096396258e-01 8.635435253096396258e-01 5.554936347307563027e-01 5.554936347307563027e-01 1.574545135749953504e-05
1.375842336909632355e-06 1.375842336909632355e-06 1.312010374053017292e-01 1.377610892755668226e-01 8.635435253096396258e-01 8.635435253096396258e-01 5.554936347307563027e-01 5.554936347307563027e-01 1.574545135749953504e-05
1.375842336909632355e-06 1.375842336909632355e-06 1.312010374053017292e-01 1.312010374053017292e-01 9.067207015751216348e-01 8.635435253096396258e-01 5.554936347307563027e-01 5.554936347307563027e-01 1.574545135749953504e-05
1.375842336909632355e-06 1.375842336909632355e-06 1.312010374053017292e-01 1.312010374053017292e-01 8.635435253096396258e-01 9.067207015751216348e-01 5.554936347307563027e-01 5.554936347307563027e-01 1.574545135749953504e-05
1.375842336909632355e-06 1.375842336909632355e-06 1.312010374053017292e-01 1.312010374053017292e-01 8.635435253096396258e-01 8.635435253096396258e-01 5.832683164672941567e-01 5.554936347307563027e-01 1.574545135749953504e-05
1.375842336909632355e-06 1.375842336909632355e-06 1.312010374053017292e-01 1.312010374053017292e-01 8.635435253096396258e-01 8.635435253096396258e-01 5.554936347307563027e-01 5.832683164672941567e-01 1.574545135749953504e-05
1.375842336909632355e-06 1.375842336909632355e-06 1.312010374053017292e-01 1.312010374053017292e-01 8.635435253096396258e-01 8.635435253096396258e-01 5.554936347307563027e-01 5.554936347307563027e-01 1.653272392537451094e-05
1.307050220064151097e-06 1.391129473986406486e-06 1.326588267098050833e-01 1.326588267098050833e-01 8.731384533686353810e-01 8.731384533686353810e-01 5.616657862277646407e-01 5.616657862277646407e-01 1.592040081702730068e-05
1.328070033544714892e-06 1.388793939155232425e-06 1.324361088993948332e-01 1.324361088993948332e-01 8.716725615818444739e-01 8.716725615818444739e-01 5.607228186379440427e-01 5.607228186379440427e-01 1.589367242737722613e-05
1.365226269495206770e-06 1.394007607818761821e-06 1.329332870418257484e-01 1.329332870418257484e-01 8.749449058735697671e-01 8.221728015490917807e-01 5.628278270960286322e-01 5.628278270960286322e-01 1.595333883255567949e-05
1.362867143403111913e-06 1.398044334687457541e-06 1.333182314054977835e-01 1.333182314054977835e-01 8.247064416744095405e-01 8.561564836455631822e-01 5.644576476216446315e-01 5.644576476216446315e-01 1.599953604923483024e-05
1.359983767068329498e-06 1.402978111971418317e-06 1.337887189610968697e-01 1.337887189610968697e-01 8.592531549098406662e-01 8.545149188313240218e-01 5.325028172527402903e-01 5.664496504862867043e-01 1.605599931406489282e-05
1.356459640436929005e-06 1.324929030285115176e-06 1.343637593068291169e-01 1.343637593068291169e-01 8.582997392654408975e-01 8.525085618361428752e-01 5.551684284386079193e-01 5.688843206541823738e-01 1.612500997107941828e-05
1.372881091615191701e-06 1.426346125169419648e-06 1.316842310291461982e-01 1.316842310291461982e-01 8.627423913306647707e-01 8.618576281122998228e-01 5.554439504361224911e-01 5.575394339690574741e-01 1.580343947901868547e-05
1.355801585927053351e-06 1.404944211188327461e-06 1.344711356676835112e-01 1.344711356676835112e-01 8.581217094923353494e-01 8.521339180145116599e-01 5.551573874842449241e-01 5.353921094735917263e-01 1.613789622030588938e-05
1.370730782181405576e-06 1.378245347063632138e-06 1.320351022689075504e-01 1.320351022689075504e-01 8.621606475771331768e-01 8.606334132002023685e-01 5.831825539025953242e-01 5.453090996740003193e-01 1.584554757623854137e-05
1.412124682068729271e-06 1.390085388303906714e-06 1.332985997460568450e-01 1.332985997460568450e-01 8.476274822374160189e-01 8.410226263648724609e-01 5.599536047984250420e-01 5.476106606414665734e-01 1.599718005156204836e-05
1.378662577851443569e-06 1.403265100671123902e-06 1.339803835936884957e-01 1.339803835936884957e-01 8.539098039444122934e-01 8.477038221164413523e-01 5.323318808439582162e-01 5.635358375981806001e-01 1.607900100832818289e-05
1.371942584297661398e-06 1.382067809420332351e-06 1.323322980268601956e-01 1.323322980268601956e-01 8.609001020221340728e-01 8.586580590068499941e-01 5.754137010741924296e-01 5.480937401901945227e-01 1.588121407280779234e-05
1.397178662632597913e-06 1.371482591709096145e-06 1.310690529413962302e-01 1.310690529413962302e-01 8.585661625913875161e-01 8.576531264115406783e-01 5.648584502822967535e-01 5.762754124022785307e-01 1.572961188703903780e-05
1.362123083757067074e-06 1.399832019323444958e-06 1.339513730289451643e-01 1.339513730289451643e-01 8.581896120491350199e-01 8.529771304085022043e-01 5.566394943006138796e-01 5.416381696432521764e-01 1.607551944716789760e-05
1.377708488531543073e-06 1.344188654206676578e-06 1.343597669132221839e-01 1.343597669132221839e-01 8.529337520238292614e-01 8.459559723795753161e-01 5.648375637447508035e-01 5.505944736121896055e-01 1.612453084347050957e-05
1.373618610588523178e-06 1.413794289327889475e-06 1.320929934558800201e-01 1.320929934558800201e-01 8.612438492143426050e-01 8.594282084864669491e-01 5.568790858027184987e-01 5.564783983589804972e-01 1.585249510414326744e-05
1.390111651673714394e-06 1.375990434608734906e-06 1.324534914369555338e-01 1.324534914369555338e-01 8.990891255778473701e-01 8.523841668109571890e-01 5.541397417105783374e-01 5.419030934567882207e-01 1.589575850767845969e-05
1.385949296243483677e-06 1.379359780454095508e-06 1.325856044877050388e-01 1.325856044877050388e-01 8.877251044259332202e-01 8.529604929940219904e-01 5.557160884469912743e-01 5.453489281208635520e-01 1.591161340986068382e-05
1.335037360602487045e-06 1.381565912581216058e-06 1.323146797056516388e-01 1.323146797056516388e-01 8.850786677234002697e-01 8.701708833425699785e-01 5.577021142334792625e-01 5.582474732101656567e-01 1.587909969608426866e-05
1.346814590270940801e-06 1.382867499149960488e-06 1.324650008229357745e-01 1.324650008229357745e-01 8.793569588297082129e-01 8.657176774154217158e-01 5.580460919586793800e-01 5.566224046232810529e-01 1.589713975039337332e-05
1.367586983123230106e-06 1.350984391517693711e-06 1.336029542996186315e-01 1.336029542996186315e-01 8.754874362165550039e-01 8.531629609829655125e-01 5.610359679305104708e-01 5.494117368847182270e-01 1.603370567600307913e-05
1.372697111947992292e-06 1.404198332717998408e-06 1.323236819181178581e-01 1.323236819181178581e-01 8.634199527841250887e-01 8.584710178956542759e-01 5.575141650166867135e-01 5.553987695226348942e-01 1.588018005262185016e-05
1.369430682225276340e-06 1.387628765491398659e-06 1.333617350378068500e-01 1.333617350378068500e-01 8.763911502447614410e-01 8.538915457712055179e-01 5.385236779795909978e-01 5.594197349051578394e-01 1.600475692507500474e-05
1.380874093536584070e-06 1.367152721403386875e-06 1.316116293710244411e-01 1.316116293710244411e-01 8.831464264834552047e-01 8.597756777834876241e-01 5.532721477929423148e-01 5.698267643991903331e-01 1.579472654580537904e-05
1.364987821362271153e-06 1.394839348807880522e-06 1.335939121923183925e-01 1.335939121923183925e-01 8.620024586988228599e-01 8.540157973685693626e-01 5.561250385841640664e-01 5.459447605087427435e-01 1.603262053168195519e-05
1.368586889659942949e-06 1.360706633806585194e-06 1.335215938761185328e-01 1.335215938761185328e-01 8.776010870628423444e-01 8.532917412903162635e-01 5.520887823140866457e-01 5.539652736278316558e-01 1.602394160236477637e-05
1.372069161320651314e-06 1.397553767606532630e-06 1.325066962450346386e-01 1.325066962450346386e-01 8.655865149655957991e-01 8.576797395253943357e-01 5.566852871037895056e-01 5.551797632053733222e-01 1.590214362272146436e-05
1.372439648070519959e-06 1.379481757058769987e-06 1.322935321358135186e-01 1.322935321358135186e-01 8.622288595401692568e-01 8.587130342490294499e-01 5.751151824898932396e-01 5.490020923120230156e-01 1.587656177383305425e-05
1.369890385340522028e-06 1.386384083647524863e-06 1.331985373722245347e-01 1.331985373722245347e-01 8.742274669426710609e-01 8.546281620664286649e-01 5.441140467242204792e-01 5.578281506200954976e-01 1.598517155474637474e-05
1.400183694484762344e-06 1.385024486621889225e-06 1.333532744727488062e-01 1.333532744727488062e-01 8.581231638692140562e-01 8.444225658605927221e-01 5.524967584587028302e-01 5.520673661487474071e-01 1.600374157170424003e-05
1.354968203414719092e-06 1.383197038902616308e-06 1.326007092972127654e-01 1.326007092972127654e-01 8.761129068218549421e-01 8.624642575945450362e-01 5.571982771184051941e-01 5.559264959674494744e-01 1.591342613976031120e-05
1.379783881627309405e-06 1.370465456985021917e-06 1.320036513488982155e-01 1.320036513488982155e-01 8.786133191385512298e-01 8.580018815132173238e-01 5.546563092852716537e-01 5.649631736985539776e-01 1.584177314776641298e-05
1.367248330569429752e-06 1.391115559779388382e-06 1.333509556745736402e-01 1.333509556745736402e-01 8.645402290437813608e-01 8.546247824462238629e-01 5.559006493857221454e-01 5.488503514127416327e-01 1.600346329247263549e-05
1.371631245946435517e-06 1.366320325335893545e-06 1.332784805027462105e-01 1.332784805027462105e-01 8.747967548891529832e-01 8.536590600054654310e-01 5.539216968282978382e-01 5.543216350480052457e-01 1.599476553889382546e-05
1.371698149684163007e-06 1.371092101238352241e-06 1.331605690189291702e-01 1.331605690189291702e-01 8.733896349008318793e-01 8.542733304876768408e-01 5.543439120092756855e-01 5.544527379609365259e-01 1.598061496836748865e-05
1.372002257582923824e-06 1.392781991704073934e-06 1.326246077288516789e-01 1.326246077288516789e-01 8.669936349539169029e-01 8.570654690431829259e-01 5.562630719228116583e-01 5.550486602924420421e-01 1.591629419324780116e-05
1.371744610613140436e-06 1.374405834503948723e-06 1.330786860440562325e-01 1.330786860440562325e-01 8.724124682422754740e-01 8.546999072114347396e-01 5.546371169960658820e-01 5.545437816504721340e-01 1.597078818327975937e-05
1.379922658020309671e-06 1.365510535498149908e-06 1.328842005953395911e-01 1.328842005953396466e-01 8.648756000631135921e-01 8.963942436845110384e-01 5.459589990360668166e-01 5.448326721694484176e-01 1.594744796255384954e-05
1.367471551075430895e-06 1.389653888436446036e-06 1.329257877236125762e-01 1.329257877236125762e-01 8.734065397080834625e-01 8.335121885420030408e-01 5.602506450313122777e-01 5.600785673155788125e-01 1.595243883852762233e-05
1.367446415976061633e-06 1.386745040079904966e-06 1.349997280803772182e-01 1.269818869056087152e-01 8.784687616044754011e-01 8.483498895311550880e-01 5.543503048014629675e-01 5.531857384424593294e-01 1.620133265561624165e-05
1.372855263241958397e-06 1.376283505882541040e-06 1.334024927152660522e-01 1.301629609274808641e-01 8.687273298962894241e-01 8.558700810998607356e-01 5.680046168251635663e-01 5.498195754025341220e-01 1.600964825856270721e-05
1.353886567227546874e-06 1.382624192504513988e-06 1.341969563170213042e-01 1.302375285763949508e-01 8.510079647397733593e-01 8.581843253068983657e-01 5.591333591864310337e-01 5.632922750754706387e-01 1.610499192538217131e-05
1.381050823754937824e-06 1.379858510072909384e-06 1.328317832394061426e-01 1.322268706679215478e-01 8.821155414183254884e-01 8.537585784862670168e-01 5.562381714766279073e-01 5.480902727944840791e-01 1.594115734973202125e-05
1.365150968082576907e-06 1.387034118974149626e-06 1.279260701877904804e-01 1.318500586060470658e-01 8.793166585468862317e-01 8.454268603638644963e-01 5.595212655128597445e-01 5.515023769241841345e-01 1.631464419823942664e-05
1.374208933338832253e-06 1.377552192502822641e-06 1.362585169149343189e-01 1.313001934220822675e-01 8.659533095542188974e-01 8.607757014984794841e-01 5.561089672113553872e-01 5.548838592325300301e-01 1.583241137483479776e-05
1.358422061144803957e-06 1.382505430795298189e-06 1.336168725962907922e-01 1.306182970665741294e-01 8.571530353572875960e-01 8.567711678566175548e-01 5.587480167080388638e-01 5.604154247355777052e-01 1.609477243380756195e-05
1.377593651689500805e-06 1.380262900738829819e-06 1.329517274467079679e-01 1.319811163677157007e-01 8.783018252145557980e-01 8.542188351956261361e-01 5.566216200536490133e-01 5.499732821188177967e-01 1.596462632091022688e-05
1.374523514579216896e-06 1.368836679079805423e-06 1.330089827771531452e-01 1.291898033250647171e-01 8.777864802142261169e-01 8.558147533965279052e-01 5.592457545029281274e-01 5.599048862742259658e-01 1.602383605294196726e-05
1.368359817015369548e-06 1.387711841894729939e-06 1.332987098152454974e-01 1.327152240656208904e-01 8.665639618614882078e-01 8.548065835636314835e-01 5.564117071119619728e-01 5.505392386832461682e-01 1.600657579754433764e-05
1.374528407181319637e-06 1.373422043627027864e-06 1.309822063124313762e-01 1.368329470184767860e-01 8.612124365995349473e-01 8.635244672077025951e-01 5.612541884895204669e-01 5.549813881869053445e-01 1.578268738800460541e-05
1.368528386854642646e-06 1.384709582288493157e-06 1.343859400324965980e-01 1.284869099784080038e-01 8.758323786176095416e-01 8.506682277872943398e-01 5.554050648093606934e-01 5.534600738200829984e-01 1.613737296195335202e-05
1.374738124477330764e-06 1.369414460570941616e-06 1.333806249600592020e-01 1.299026289237608101e-01 8.668137338091548294e-01 8.821746213624749311e-01 5.542770526547931009e-01 5.466177829814533595e-01 1.607267767696560760e-05
1.371130290242774535e-06 1.383553320296104346e-06 1.332948241765050945e-01 1.290439401321404056e-01 8.665636420676027241e-01 8.670923947266075960e-01 5.598105663919789032e-01 5.503912356090001623e-01 1.607697044192143908e-05
1.371062032423844920e-06 1.384569707606344048e-06 1.333188395245550051e-01 1.285956350308164187e-01 8.659137724926391222e-01 8.684693377838490491e-01 5.603853941026358809e-01 5.499298416043920668e-01 1.608876847065940350e-05
1.367335035437571664e-06 1.391686663056925440e-06 1.329738184197123418e-01 1.320291775209646024e-01 8.721068005581560367e-01 8.362660746564857250e-01 5.614003004526264551e-01 5.591557793063628434e-01 1.597603489600355115e-05
1.373607096985145246e-06 1.372817158172966875e-06 1.333184739608395397e-01 1.302275182927780661e-01 8.676223967846967700e-01 8.751608156157265617e-01 5.553653266239064745e-01 5.485333101977589720e-01 1.605791280765195999e-05
1.375318776168870328e-06 1.376699112841462482e-06 1.314336803798798747e-01 1.309613599305060327e-01 8.638790938383021922e-01 8.639378441337471903e-01 5.559732938042254435e-01 5.549267014950056698e-01 1.578228681132419104e-05
1.375318776168870328e-06 1.376699112841462482e-06 1.314336803798798747e-01 1.309613599305060327e-01 8.638790938383021922e-01 8.639378441337471903e-01 5.559732938042254435e-01 5.549267014950056698e-01 1.648208464943528074e-05
1.368817487231101651e-06 1.384581108733783289e-06 1.342647049373864310e-01 1.285488022177116163e-01 8.748025190009420804e-01 8.524931352249958127e-01 5.558945649852071735e-01 5.531190917966293252e-01 1.613066157083869616e-05
1.356763990840058586e-06 1.383236625724115050e-06 1.326778331726896909e-01 1.322055127233158489e-01 8.750518774047157944e-01 8.629784950536630861e-01 5.574885314821356186e-01 5.553114670387329088e-01 1.593159772888932390e-05
1.372663599575382483e-06 1.377091263039603535e-06 1.333905295442926187e-01 1.300386252835541434e-01 8.684869201375464698e-01 8.571170048361659299e-01 5.670941667770319494e-01 5.498830932032525709e-01 1.601712850115812186e-05
1.368667647373970103e-06 1.387249783939327025e-06 1.332982780776076626e-01 1.323073036285674908e-01 8.665639263288342775e-01 8.561716736928510763e-01 5.567893581430749528e-01 5.505227938972188095e-01 1.601439742469734816e-05
1.376875500417642260e-06 1.380628502911860416e-06 1.329898493055743092e-01 1.316547634526517851e-01 8.769975826426721355e-01 8.556492306990685082e-01 5.569759474245745690e-01 5.500197213955047015e-01 1.597710900102258341e-05
1.373866861883714822e-06 1.378218984479853941e-06 1.359292177217755193e-01 1.310494986120887273e-01 8.660211242779282115e-01 8.614775563016048299e-01 5.565202560092024076e-01 5.543846788299156003e-01 1.585958460451108973e-05
1.374337254006824493e-06 1.370985444984848609e-06 1.333710915396643104e-01 1.298072190580251972e-01 8.667859458378712745e-01 8.804988184029340914e-01 5.548918875144803753e-01 5.470370554956252018e-01 1.607315465084958774e-05
1.367756730415928127e-06 1.390782958305722884e-06 1.330094857260225583e-01 1.316974844777619447e-01 8.714908940592058784e-01 8.396912213309439821e-01 5.612236633347766901e-01 5.581819411177673107e-01 1.598724995666109689e-05
1.373331896235993039e-06 1.374010065075537846e-06 1.333158462070246075e-01 1.300960096082627582e-01 8.675047573716863081e-01 8.742643244058244667e-01 5.558592421536923123e-01 5.487397463545635734e-01 1.606003032257079100e-05
1.366333679379909561e-06 1.384471724278903348e-06 1.353651559585058728e-01 1.303510435336714679e-01 8.752034490661934063e-01 8.585469689939254634e-01 5.601169122338018891e-01 5.489174161982883771e-01 1.633983857646351505e-05
1.365335335292247160e-06 1.385335347771952263e-06 1.358019865783531843e-01 1.302832306006898311e-01 8.764617107581813560e-01 8.579479828672786912e-01 5.605773142815326793e-01 5.482497178319863940e-01 1.640178877259010473e-05
1.365889698866960906e-06 1.384533266705422392e-06 1.308413450291830427e-01 1.300926230717779075e-01 8.753815489555126783e-01 8.602229071739955213e-01 5.604715185337871830e-01 5.480961141971723016e-01 1.638303059840529163e-05
1.372648128645044268e-06 1.379183666486537951e-06 1.351519038381850113e-01 1.309033092934301368e-01 8.674511891592258106e-01 8.612858737959978583e-01 5.571239211171250538e-01 5.534239258999131827e-01 1.593955552024492491e-05
1.367108432105631461e-06 1.383568584698738382e-06 1.316186589127735507e-01 1.302388123904364980e-01 8.739514840742150792e-01 8.604145896796024928e-01 5.598678534258645367e-01 5.490568671271747192e-01 1.630305968267145645e-05
1.371801786118189533e-06 1.379853584546735298e-06 1.346121025301360297e-01 1.308017889332505623e-01 8.684442897712381093e-01 8.611527609448819121e-01 5.575431329976269224e-01 5.527567363651892940e-01 1.599509087839342194e-05
1.371785388653199068e-06 1.373858867380929207e-06 1.337642456628016230e-01 1.285002592341175365e-01 8.752566054473631674e-01 8.666356980609783989e-01 5.603699219231486062e-01 5.524544307894181383e-01 1.622392743459593172e-05
1.369143968958296850e-06 1.385203949465127305e-06 1.333694675697900678e-01 1.317256718460820819e-01 8.678919745274983333e-01 8.577703440824260284e-01 5.573363887205862177e-01 5.508179050890825712e-01 1.604640895398740916e-05
1.370486406359382604e-06 1.383751323348976431e-06 1.335733977767104286e-01 1.291816390730903541e-01 8.676634274776670042e-01 8.660763489644599522e-01 5.598957606019293598e-01 5.501532891893319288e-01 1.611306136755129233e-05
1.375593259848154010e-06 1.381151485674092844e-06 1.333023090025497459e-01 1.315023709135449137e-01 8.769380413221731230e-01 8.559046476066474174e-01 5.573760992975699269e-01 5.498230543328915809e-01 1.602429564230786356e-05
1.357716362445857387e-06 1.383469817062763723e-06 1.330249613288745358e-01 1.319919258208018531e-01 8.752085255551008691e-01 8.624195492551759434e-01 5.578317295709575019e-01 5.545268282379832714e-01 1.598384117818940953e-05
1.371849347988367494e-06 1.378007272454308973e-06 1.336584692147437803e-01 1.300658036521247785e-01 8.693730079842836300e-01 8.572093357285117676e-01 5.663700720553097590e-01 5.497016070508896624e-01 1.605986853131722956e-05
1.372443389464465790e-06 1.375268429819583916e-06 1.335920840260611253e-01 1.301168119407546675e-01 8.684999744146302270e-01 8.724513975682082201e-01 5.563834723901189827e-01 5.486852987409438498e-01 1.609800348368404846e-05
1.368430581460117795e-06 1.384664913071357596e-06 1.344355140086049560e-01 1.287415164824869673e-01 8.749868736406353209e-01 8.530992294074717375e-01 5.564148704625766495e-01 5.525780502450022835e-01 1.616078681547774231e-05
1.374209504960356713e-06 1.377658694500405721e-06 1.319190477352658042e-01 1.308860122271931214e-01 8.652771623849554450e-01 8.632723039930284559e-01 5.564848516350373586e-01 5.541848144213368244e-01 1.647316288534137380e-05
1.371083291581973620e-06 1.380462669349537207e-06 1.347443118688268215e-01 1.307441713407438144e-01 8.693351143253429392e-01 8.607966744918148505e-01 5.578802642513942533e-01 5.522559565281667249e-01 1.604027953330416334e-05
1.368297390476000910e-06 1.387037068809618671e-06 1.335764679110238440e-01 1.320824066254699669e-01 8.676636801543172739e-01 8.563690413788985767e-01 5.572102421584591569e-01 5.502702298899707634e-01 1.605744090779654220e-05
1.367663725816904692e-06 1.383169408986698662e-06 1.325632964827704041e-01 1.303339880672909901e-01 8.733476420506443016e-01 8.602588447903364299e-01 5.595740496271592868e-01 5.495602412363523870e-01 1.626466481875262982e-05
1.370308812554189118e-06 1.375735529565968400e-06 1.335059912342948518e-01 1.286072153251916761e-01 8.762821788652982447e-01 8.655508786613498318e-01 5.607693622686945600e-01 5.513881926181888327e-01 1.629355320225049942e-05
1.363529877535128746e-06 1.384686533889750318e-06 1.355160655209481924e-01 1.292972104119126942e-01 8.811142558525143498e-01 8.591539659735135670e-01 5.624468662662627239e-01 5.468521365750120822e-01 1.583791796179659367e-05
1.362343252265659019e-06 1.385467404933010852e-06 1.359157341638018157e-01 1.291206768768815294e-01 8.828739329044652528e-01 8.586963728602341472e-01 5.631093123363989372e-01 5.460373945920871108e-01 1.576733519251383769e-05
1.363315212602278810e-06 1.389169710586164373e-06 1.342705806734611207e-01 1.298842770252751355e-01 8.806946174757026569e-01 8.470198875995127441e-01 5.638956663725459562e-01 5.519442828851981453e-01 1.615528058081226013e-05
1.357436887275062297e-06 1.385068482489893469e-06 1.347755271793972254e-01 1.281391416328693522e-01 8.730913452689440524e-01 8.615922464483769527e-01 5.643518321484232159e-01 5.512779114159850335e-01 1.625809618630052789e-05
1.372819369593931530e-06 1.381749915743173530e-06 1.335273840017903169e-01 1.309885442178861381e-01 8.763503516473741817e-01 8.567735863185783618e-01 5.584418362608947195e-01 5.500453241650308245e-01 1.606001516986229970e-05
1.365134728874789629e-06 1.385263257340596515e-06 1.357702175719748550e-01 1.301736728019368128e-01 8.769786602131072195e-01 8.580819809901937267e-01 5.607850422798360546e-01 5.480944310256559149e-01 1.633913646027971536e-05
1.367886058801785608e-06 1.384667315384512272e-06 1.345555752877541922e-01 1.288032602524231685e-01 8.756676938863996451e-01 8.537719779148097432e-01 5.570850922185417442e-01 5.519418376150033723e-01 1.612491249840205837e-05
1.370924962382452101e-06 1.378749412613802550e-06 1.338648688043220514e-01 1.299804044032123185e-01 8.706775910807537100e-01 8.574254057557342268e-01 5.659341603009712118e-01 5.493849992202366472e-01 1.603520735692604780e-05
1.367204409341151856e-06 1.383337978420371091e-06 1.328913819314568312e-01 1.302187905500267473e-01 8.742105991397409737e-01 8.601360804773561242e-01 5.598932514759485946e-01 5.492593407184256371e-01 1.621724850131307100e-05
1.369713458712243216e-06 1.383855235631284687e-06 1.337892497482923992e-01 1.291944803329594937e-01 8.691579639637611043e-01 8.653071952987992921e-01 5.601792167868553385e-01 5.497864944544075261e-01 1.608248987802299323e-05
1.358362308566887444e-06 1.383605007821317695e-06 1.333017506835493804e-01 1.316925129975919373e-01 8.758647178103690090e-01 8.620567066683245683e-01 5.583445225371025389e-01 5.536740847198753368e-01 1.596762748747909591e-05
1.369555597552071252e-06 1.376730085601944239e-06 1.337293328217007693e-01 1.286838814459384528e-01 8.768190763083222317e-01 8.648401105849236048e-01 5.609557516017577017e-01 5.508841863911692061e-01 1.624292706442228730e-05
1.363339064261484335e-06 1.388671579842118320e-06 1.344089678787374620e-01 1.298190474015681883e-01 8.807412439620150302e-01 8.483681185299573047e-01 5.637346885829589427e-01 5.513784888507330395e-01 1.612001806758829681e-05
1.374252884035595600e-06 1.381544268809165802e-06 1.335482819490384498e-01 1.312573530800302257e-01 8.774020651588777531e-01 8.562656829807436809e-01 5.579395178496469043e-01 5.494929523597938958e-01 1.600358701113994506e-05
1.358113886192846894e-06 1.385026043756544842e-06 1.348578092173474130e-01 1.282678159416519303e-01 8.739827797782299124e-01 8.613213263956146504e-01 5.641401692726275563e-01 5.507861586558769895e-01 1.621140971691120374e-05
1.367866555285039057e-06 1.377088613593464743e-06 1.340968658073394826e-01 1.293614035179104227e-01 8.691417200453623870e-01 8.720973814832134741e-01 5.584351053592419012e-01 5.487689932327474152e-01 1.611528791586794618e-05
1.364030764278971768e-06 1.386901959998573941e-06 1.343612856178294512e-01 1.297491295860093707e-01 8.789690944747485801e-01 8.519934225922602966e-01 5.629250300348910274e-01 5.509798159090963932e-01 1.611929540551990982e-05
1.360422281267096981e-06 1.391290524366223438e-06 1.349169348190714379e-01 1.307332912824447635e-01 8.735416695138166210e-01 8.527705698743223151e-01 5.616516597700283997e-01 5.492845466962951173e-01 1.596490521705565261e-05
1.368160229786311194e-06 1.378954597079820146e-06 1.339107720157435011e-01 1.289969857265158004e-01 8.763183613813838591e-01 8.629961529763595651e-01 5.610620709052435151e-01 5.506397969933412018e-01 1.620045150440794165e-05
1.359919258123385038e-06 1.383076343547668412e-06 1.348840228408022812e-01 1.301788047051028463e-01 8.827939812845163603e-01 8.517899201999045156e-01 5.626243843890168517e-01 5.505718614194865523e-01 1.615155609820715065e-05
1.368217122511167596e-06 1.383736238229621248e-06 1.339565067485369576e-01 1.293448632231480599e-01 8.712412443877654011e-01 8.632420560475791982e-01 5.605527840594077826e-01 5.499064810740723619e-01 1.609304166166223847e-05
1.364489593779787283e-06 1.386018919674267941e-06 1.343112285509310000e-01 1.296655580460656376e-01 8.786745685754858703e-01 8.532159481904935117e-01 5.627180345760413038e-01 5.509420360295680386e-01 1.612831274984080111e-05
1.364044361118593368e-06 1.384049652021980204e-06 1.353376995759254520e-01 1.292638521135352492e-01 8.805813786890553940e-01 8.595808756404964557e-01 5.622930001150383550e-01 5.472729877326042436e-01 1.587819946653118902e-05
1.367310611612836251e-06 1.382850936049198670e-06 1.330046474963775816e-01 1.300830344585255371e-01 8.744447949443679979e-01 8.604538663105787411e-01 5.600231203014257586e-01 5.494127247489718480e-01 1.621538216832361180e-05
1.365470895642736516e-06 1.384562295089399211e-06 1.355636125101713774e-01 1.300429297935566941e-01 8.769052936762490313e-01 8.586280000997676964e-01 5.608158232382146613e-01 5.483772494665097863e-01 1.632372702073840717e-05
1.367916522244510744e-06 1.384032568906213218e-06 1.344839304797530166e-01 1.288247853051001368e-01 8.757399902747312614e-01 8.547968862549819580e-01 5.575269787392863607e-01 5.517971664348186867e-01 1.613330572129160134e-05
1.359230146592120634e-06 1.384351438570242122e-06 1.347525828616136512e-01 1.283488348066368079e-01 8.742422888452470175e-01 8.615074182379196532e-01 5.637981583429182431e-01 5.507698962489285810e-01 1.621019213774417349e-05
1.370617769871769731e-06 1.378772210887804482e-06 1.338699691611466569e-01 1.298711356613571621e-01 8.713043433363792944e-01 8.580443776691369928e-01 5.653928170347792825e-01 5.495244211950260915e-01 1.605356781775736896e-05
1.359450966480156796e-06 1.383088295516706762e-06 1.333694197204598475e-01 1.313930099674723573e-01 8.759151226515928812e-01 8.621610895914395556e-01 5.586464723557849066e-01 5.533369416391493711e-01 1.599349682269341248e-05
1.369540877720473015e-06 1.383310720236677610e-06 1.338027522224536359e-01 1.291725364877990834e-01 8.699535636768302993e-01 8.650504128185282360e-01 5.602773116888984939e-01 5.498813058476224036e-01 1.609559672539909861e-05
1.360834921641487592e-06 1.382618371717907164e-06 1.347758838602400866e-01 1.300474914852599029e-01 8.820744679619456630e-01 8.530350571750661137e-01 5.624507940019310981e-01 5.505794098165814887e-01 1.615698892111835041e-05
1.365074056218106725e-06 1.379154494956681105e-06 1.343706642671647911e-01 1.296393440245920126e-01 8.741089962602813790e-01 8.648293237996724780e-01 5.599506843205416251e-01 5.494380960317499785e-01 1.613064537918276319e-05
1.364578886652308427e-06 1.384970188120192215e-06 1.343203090075778261e-01 1.296615531261182674e-01 8.779770505828852212e-01 8.549902139085625574e-01 5.622952449536733344e-01 5.507122674187903133e-01 1.612866912376804306e-05
1.367405013632111150e-06 1.382418009497045595e-06 1.331053279985293381e-01 1.299623623771911096e-01 8.746529689929253282e-01 8.607363426067765610e-01 5.601385592574055217e-01 5.495490661094573070e-01 1.621372320566631474e-05
1.360222378058141808e-06 1.383751789515750861e-06 1.346590483231836222e-01 1.284208515755122515e-01 8.744729635714844074e-01 8.616728332088574582e-01 5.634941486276210387e-01 5.507554407760855142e-01 1.620910984515125847e-05
1.365769710547578147e-06 1.383939217532779338e-06 1.353799635663460454e-01 1.299267137861077059e-01 8.768400789768195924e-01 8.591133504193889658e-01 5.608431840901068055e-01 5.486286436361577090e-01 1.631002974114613172e-05
1.364501679859450952e-06 1.383483534806184736e-06 1.351791520692385562e-01 1.292342002927553135e-01 8.801077100993141000e-01 8.599603509000367518e-01 5.621562302028388913e-01 5.476470776504639426e-01 1.591400524851749562e-05
1.361648844768690191e-06 1.382211285647008701e-06 1.346797603219626882e-01 1.299307686231772341e-01 8.814349005641054502e-01 8.541418455974320034e-01 5.622964914356324284e-01 5.505861195028881605e-01 1.616181809703941572e-05
1.370344709862274362e-06 1.378792476020250713e-06 1.338745028116574143e-01 1.297740078908192207e-01 8.718614564524909127e-01 8.585945749254950687e-01 5.649116230203864442e-01 5.496483518392832890e-01 1.606988822738520924e-05
1.360418662403062817e-06 1.382628995690386003e-06 1.334295699754913522e-01 1.311267850518105238e-01 8.759599269549029898e-01 8.622538744119861986e-01 5.589148721946136655e-01 5.530372589007261919e-01 1.601649178732835979e-05
1.367943600860266396e-06 1.383468349814391718e-06 1.344202462059741754e-01 1.288439186852574359e-01 8.758042537310259945e-01 8.557079158906906180e-01 5.579197667577260322e-01 5.516685698302100649e-01 1.614076636386008209e-05
1.364897442224956583e-06 1.385233994941551613e-06 1.342667333803546081e-01 1.295912722327823285e-01 8.784127677761411901e-01 8.543026376111453324e-01 5.625340386126193026e-01 5.509084539144317727e-01 1.613632816701492746e-05
1.365416964392351596e-06 1.379132284081474473e-06 1.343195651281180458e-01 1.295679708803613717e-01 8.743544812737370497e-01 8.646256381526378210e-01 5.600741717188418844e-01 5.495716183608154726e-01 1.613840161531889601e-05
1.364976813667197388e-06 1.384301789115706453e-06 1.342748048973740338e-01 1.295877123039402279e-01 8.777927517827183168e-01 8.558797626938732250e-01 5.621582256149588730e-01 5.507042151492959059e-01 1.613664494383914441e-05
1.358776830933905318e-06 1.386798094801765678e-06 1.348007517158633650e-01 1.293438362030180366e-01 8.822238582263268736e-01 8.597304092312609836e-01 5.570847212209794064e-01 5.510663567270780439e-01 1.621967638082727101e-05
1.357491511052975495e-06 1.387687607999711597e-06 1.349036682607751558e-01 1.292960393488178927e-01 8.833752362011977333e-01 8.598566130430127519e-01 5.562150654654897108e-01 5.512239128257219178e-01 1.623631950898749634e-05
1.358855253312071520e-06 1.383059833937695570e-06 1.343624354448356428e-01 1.303743966671488119e-01 8.799635014967188695e-01 8.635390009665813160e-01 5.636977549742538951e-01 5.489473260684872846e-01 1.617003227660293241e-05
1.360243750854156713e-06 1.383122246085524236e-06 1.343712676444540344e-01 1.301405736421376025e-01 8.793280608658491371e-01 8.623425851910979656e-01 5.628150067745065765e-01 5.493630716431948668e-01 1.616556109548944261e-05
1.359801152581776993e-06 1.382407417008806392e-06 1.331785634351544678e-01 1.293391259787496361e-01 8.794805611151541580e-01 8.608511741649297333e-01 5.612125204606289719e-01 5.521504584863258236e-01 1.596866475583761928e-05
1.364857847525025252e-06 1.383705192452728069e-06 1.350436385463028854e-01 1.298369434266502254e-01 8.772434859701763177e-01 8.593788512694020554e-01 5.608996104800476612e-01 5.491666986827111741e-01 1.625787675727955400e-05
1.364635130084295010e-06 1.384467328184737360e-06 1.339596285071689430e-01 1.293142210980074147e-01 8.739543140625506412e-01 8.669864580251019914e-01 5.594487951249732527e-01 5.498775557706671036e-01 1.613822276888658296e-05
1.362105082803018640e-06 1.382555958812494982e-06 1.345697401835914131e-01 1.298365738623873944e-01 8.802920331819235056e-01 8.561042169405481683e-01 5.618614267215038538e-01 5.504778667104655021e-01 1.615821325523828737e-05
1.364178892049966561e-06 1.384122655019251079e-06 1.340696486455402181e-01 1.294084158587972544e-01 8.750971814447325858e-01 8.650240866819858265e-01 5.598838598391018273e-01 5.499858085630897619e-01 1.614182761068771131e-05
1.362421914771302433e-06 1.382795315177415888e-06 1.344933373097224882e-01 1.297711608340611222e-01 8.794983752776304176e-01 8.574669748177121686e-01 5.615592984478035010e-01 5.504026911601719307e-01 1.615570989287639286e-05
1.361320124973945736e-06 1.383042141330279123e-06 1.333078334800006093e-01 1.301301139931639594e-01 8.751460967891900866e-01 8.606138691486474590e-01 5.594564048566474934e-01 5.534289561808042324e-01 1.643974776059937062e-05
1.364015608974165456e-06 1.383416099691810368e-06 1.348932561736605473e-01 1.293710759969844137e-01 8.793496858436007368e-01 8.600601939657968042e-01 5.617437568860595976e-01 5.485304202037104560e-01 1.599432702119667172e-05
1.357663590166186589e-06 1.384329464460477574e-06 1.357789749229612875e-01 1.292705549353488914e-01 8.816445527512845048e-01 8.596876221883565927e-01 5.618307863862264107e-01 5.513006019649782097e-01 1.609127509579062857e-05
1.356581209781083789e-06 1.384541848345303373e-06 1.360760468034536985e-01 1.291936874418108672e-01 8.824213953911022035e-01 8.595710976974211270e-01 5.620188116227621267e-01 5.514952170600361248e-01 1.607766975024888792e-05
1.364037077234142897e-06 1.383171253070562036e-06 1.345401431494781253e-01 1.309838070406496580e-01 8.835908763548626643e-01 8.582840792504009553e-01 5.581473443482645180e-01 5.502586220281167062e-01 1.606667954632739006e-05
1.359219214369285267e-06 1.383099196937547932e-06 1.340436650603978042e-01 1.298225737704004901e-01 8.822308851527675966e-01 8.603347785189670027e-01 5.601302677998860613e-01 5.520900137538030661e-01 1.597542436509860538e-05
1.353929939793104628e-06 1.388770814501062078e-06 1.352060633786581201e-01 1.308459954802869696e-01 8.844699039129788609e-01 8.561260602659225283e-01 5.597607400179441806e-01 5.509391858343868353e-01 1.598284358701258895e-05
1.355833300787237177e-06 1.385499248513349966e-06 1.342930919329626827e-01 1.307996650949967143e-01 8.825764056884013442e-01 8.581877673431796971e-01 5.586383836219913634e-01 5.535838438752791468e-01 1.618641619596072862e-05
1.358625058892374677e-06 1.386321324881374866e-06 1.347977080818378581e-01 1.301766322171455936e-01 8.833198850711647676e-01 8.549820832627856859e-01 5.566389952552077691e-01 5.536891418207025017e-01 1.601981658843936441e-05
1.359996450693329014e-06 1.383610994234890328e-06 1.344364182668321139e-01 1.301460825910971675e-01 8.799379228972168399e-01 8.612180640631613704e-01 5.618714494590582031e-01 5.500239990314251814e-01 1.614329457357901456e-05
1.352785248751807650e-06 1.384988271877677531e-06 1.349300849110195988e-01 1.308535758413778560e-01 8.853318988464061734e-01 8.626311949531855205e-01 5.572320483801109781e-01 5.521968391772967832e-01 1.605021043558740626e-05
1.363114213471790699e-06 1.384406668426563122e-06 1.343749171216809812e-01 1.297811081221598717e-01 8.789445659174484060e-01 8.569112315112681344e-01 5.614056152040793890e-01 5.509322549313515616e-01 1.612343967174512905e-05
1.353519904348783639e-06 1.386393344668599921e-06 1.346280297638494938e-01 1.291902146783373007e-01 8.785012608437255954e-01 8.599218011212947932e-01 5.619669898369863414e-01 5.527921284991950124e-01 1.613278919430310261e-05
1.362430286932212946e-06 1.383663517064706636e-06 1.345535702711181947e-01 1.307097859852963673e-01 8.828132962073278467e-01 8.585342867584542237e-01 5.587309012979303491e-01 5.506456855167536357e-01 1.607677963143478908e-05
1.355916401786553420e-06 1.385392870716900392e-06 1.344911980296839005e-01 1.306212231335316110e-01 8.825591823220347854e-01 8.583414707158731893e-01 5.590139867331881396e-01 5.533517742291410579e-01 1.617433325754830150e-05
1.354224525347324605e-06 1.388300929372644514e-06 1.353027282036353973e-01 1.306624056982340631e-01 8.842422918549925903e-01 8.565088422027556936e-01 5.600116368629239894e-01 5.510009670816812255e-01 1.599337982737217848e-05
1.358926102748373992e-06 1.383259491538409577e-06 1.342694852540706751e-01 1.297526975116683190e-01 8.822520529570270220e-01 8.602499250943508313e-01 5.603401060024278957e-01 5.520239252322733936e-01 1.598678496344863752e-05
1.359616979480857369e-06 1.383714422469380761e-06 1.346185992153456357e-01 1.300402609078431249e-01 8.802138642854263617e-01 8.610350678003013680e-01 5.618878230328030465e-01 5.501874677012708048e-01 1.613600292654233232e-05
1.357390366467209727e-06 1.387338079149221795e-06 1.350339325432949877e-01 1.292846669147059979e-01 8.832692538889649336e-01 8.598248891157247442e-01 5.568599261496310904e-01 5.512540577406457309e-01 1.621869175801654022e-05
1.362388324172823170e-06 1.384421688417534238e-06 1.345639315307668449e-01 1.297158391576766490e-01 8.793308803034098897e-01 8.572067721986185163e-01 5.614737481394885821e-01 5.509948062789832290e-01 1.611835412491221186e-05
1.361772947550167004e-06 1.382989374418292322e-06 1.346691939201370702e-01 1.297069971238110908e-01 8.798231552902383568e-01 8.577007662487909911e-01 5.616103554672433606e-01 5.505240829268235325e-01 1.614703876591778271e-05
1.359992278778398551e-06 1.382841534874265711e-06 1.337236229563760481e-01 1.309119964284772286e-01 8.766778678922584334e-01 8.619557881103678820e-01 5.592597543532967785e-01 5.528659209184273449e-01 1.602328933876397252e-05
1.363208647517136330e-06 1.383323541434422138e-06 1.347107991110309544e-01 1.307849048630009003e-01 8.834609340255559218e-01 8.584270813000698386e-01 5.585775073787642153e-01 5.503960214761077774e-01 1.606790068009644387e-05
1.353860049396817883e-06 1.386187622854900775e-06 1.347889205460278128e-01 1.291906005409455271e-01 8.789368313489895890e-01 8.598828340741977438e-01 5.619727478131835152e-01 5.526480272281771855e-01 1.612666481163041660e-05
1.353537327551931566e-06 1.387232511745832327e-06 1.348571316537862941e-01 1.301537534839430077e-01 8.823776492084739465e-01 8.610940530866781906e-01 5.590204313571356387e-01 5.529919533999846371e-01 1.604299918041189133e-05
1.353883562717818231e-06 1.388356123927984618e-06 1.360545934391939882e-01 1.287802557471581233e-01 8.867895546767239345e-01 8.566475345531701091e-01 5.613178495830460912e-01 5.506781226265046181e-01 1.617112857237634261e-05
1.353204816488864980e-06 1.388968856045064544e-06 1.363135901595070865e-01 1.285433956714560066e-01 8.879130754305535334e-01 8.560577286023702825e-01 5.615465268307960889e-01 5.504350339274021175e-01 1.618755515388882818e-05
1.359870184786520430e-06 1.385628087767386277e-06 1.353281113192043028e-01 1.303578283303588325e-01 8.865253121270071368e-01 8.578704651511563917e-01 5.585101403492958028e-01 5.504042400276935032e-01 1.608128428667842389e-05
1.354778264525800217e-06 1.386102138327641533e-06 1.348712969141520057e-01 1.293689270087725607e-01 8.800961825789646031e-01 8.595753888220664107e-01 5.614437383395339820e-01 5.523052264058810890e-01 1.611973167587386254e-05
1.359628761986786301e-06 1.383026161017419935e-06 1.347184300417115510e-01 1.285985834643010861e-01 8.802984940041091999e-01 8.619259118268897124e-01 5.607894960721353517e-01 5.523411355795672106e-01 1.624264745949260009e-05
1.355050172611686791e-06 1.387495061985040694e-06 1.352134604288970365e-01 1.303470995236054031e-01 8.836397671833298162e-01 8.573364500619984341e-01 5.601304764643313394e-01 5.512057150466360689e-01 1.603146238227946398e-05
1.353221461882327165e-06 1.388452810035274738e-06 1.355347504107904943e-01 1.292889146137503331e-01 8.850882333287651837e-01 8.565777711763877811e-01 5.585227884425958411e-01 5.533809121478365789e-01 1.607679312826402655e-05
1.354521651654889229e-06 1.385076871330111759e-06 1.352307099422845882e-01 1.300454525400084049e-01 8.824370613785151862e-01 8.570663680966674747e-01 5.639202102797599148e-01 5.527869564211709275e-01 1.596257126795593123e-05
1.356952090593105118e-06 1.386992616843524452e-06 1.350639957570295147e-01 1.294008980519049667e-01 8.831421133665351419e-01 8.594034484044799083e-01 5.579385806695118522e-01 5.514882505946148150e-01 1.617956223870172411e-05
1.354959927528993838e-06 1.385422333635809102e-06 1.352006467285500613e-01 1.299292214028094361e-01 8.825642019009449779e-01 8.574878088079123106e-01 5.628415557598791530e-01 5.525527635672018434e-01 1.600170078727074734e-05
1.347872939139535793e-06 1.388215627665860585e-06 1.358422032209867791e-01 1.296616985737339411e-01 8.870939508746336077e-01 8.597469375936166447e-01 5.596103455388782288e-01 5.533924206135484303e-01 1.603698593713993414e-05
1.353616149929083203e-06 1.385302379805202805e-06 1.353323949433209439e-01 1.288781268856115658e-01 8.835526603705590176e-01 8.601529236261518108e-01 5.608380325639348296e-01 5.536674464163207077e-01 1.612510513640834356e-05
1.354831085812955681e-06 1.387160068874232046e-06 1.352316309797118032e-01 1.301226731483563492e-01 8.836264591980453886e-01 8.577667446342995827e-01 5.602385753128819035e-01 5.515818128947823640e-01 1.604576891416026484e-05
1.362339638217549684e-06 1.384347245504021440e-06 1.345679694309478980e-01 1.296659666298435321e-01 8.793279229733466096e-01 8.573023932146857096e-01 5.614977701058331272e-01 5.510783835785711959e-01 1.612153335421904972e-05
1.350083129276454717e-06 1.387624624835579605e-06 1.356475286141752834e-01 1.296623506378618007e-01 8.859074743897147330e-01 8.593734655357243568e-01 5.598987020699408568e-01 5.530388871776491522e-01 1.604990290363813207e-05
1.349321369392729848e-06 1.390273411253065552e-06 1.364469192556650445e-01 1.295548906088410390e-01 8.849821367648837978e-01 8.566046369231453683e-01 5.606699198795083161e-01 5.526724260588187221e-01 1.618576053684135115e-05
1.357458712930150669e-06 1.384331062605926339e-06 1.346021487820920348e-01 1.297224770126252646e-01 8.826691490943385787e-01 8.596930060681944319e-01 5.603904942336485062e-01 5.521230017474401119e-01 1.601718400938363695e-05
1.356206054970837161e-06 1.385033738089721186e-06 1.361024405096818435e-01 1.291214328006603240e-01 8.830315820621523759e-01 8.591807233535265764e-01 5.619663355347659373e-01 5.513774189341879017e-01 1.608987923954221424e-05
1.353500381878257595e-06 1.387425438890191392e-06 1.350189603766441537e-01 1.299748248381111249e-01 8.829926965664828264e-01 8.605344614773106082e-01 5.593011086319867875e-01 5.527078512363643448e-01 1.605906095524266058e-05
1.353219612394164677e-06 1.388510148480806915e-06 1.356212881606478904e-01 1.292060791757176363e-01 8.854021046734082967e-01 8.565199886681635899e-01 5.588587593746180415e-01 5.530535923455660585e-01 1.608910002000011637e-05
1.350429983411166992e-06 1.387773983858855662e-06 1.357215354525454776e-01 1.295380223082611693e-01 8.861303189498079824e-01 8.590050503209072374e-01 5.600817937100358579e-01 5.527495701498439384e-01 1.606519759811043013e-05
1.354764915191201837e-06 1.385816391681281929e-06 1.353243071097675054e-01 1.297752407659923946e-01 8.831585211820125458e-01 8.573289110072965791e-01 5.626976636566477508e-01 5.523174602738907257e-01 1.602235127245053297e-05
1.354650389221390118e-06 1.387361045226546673e-06 1.353518486663557174e-01 1.299471978731452093e-01 8.841027498905462689e-01 8.575768539640852284e-01 5.603839032593168623e-01 5.514543930095179292e-01 1.606152294079677263e-05
1.355615114531254799e-06 1.385790202420029836e-06 1.346936860441086958e-01 1.303903534155232136e-01 8.831540593340924117e-01 8.580877215921506318e-01 5.592953800773667883e-01 5.530276919733922991e-01 1.617580235714169185e-05
1.354603436966140699e-06 1.386420662518466288e-06 1.350315517191914561e-01 1.292772013046262769e-01 8.809647262291411263e-01 8.591845376865445694e-01 5.614551592830075988e-01 5.520974272416055983e-01 1.612726761787552576e-05
1.358290404275095236e-06 1.383893865372482398e-06 1.344966080213413906e-01 1.296183306405336300e-01 8.828810554540855726e-01 8.597841254841307457e-01 5.604741527611354357e-01 5.518473817539543136e-01 1.600909276238643799e-05
1.355607335332879311e-06 1.385812093041643384e-06 1.357936742551663356e-01 1.290067871520924059e-01 8.851713463681393224e-01 8.556267920069507982e-01 5.622010412541667002e-01 5.513721420101602710e-01 1.612488770302234679e-05
1.350221075393327066e-06 1.389769939374721156e-06 1.366042635513190495e-01 1.292273827966829991e-01 8.857919410169934338e-01 8.554532761163124999e-01 5.614117501234694441e-01 5.521270026606160952e-01 1.620058810490877360e-05
1.352934184574990015e-06 1.387987425974571445e-06 1.364188113717196282e-01 1.295574413530474200e-01 8.887809846392382696e-01 8.552236946760696235e-01 5.604210971216997406e-01 5.518835294883005504e-01 1.609870669098263280e-05
1.351326744797372159e-06 1.389106157974017333e-06 1.371400382307158550e-01 1.282591976727113503e-01 8.878420793798750266e-01 8.556840603446677074e-01 5.628310356705257256e-01 5.506990064264933871e-01 1.603303958145889954e-05
1.356711156225506311e-06 1.387418415227449562e-06 1.364274116618724719e-01 1.288273455276289781e-01 8.852462109708407745e-01 8.540287338434131570e-01 5.626555646957435153e-01 5.505214474226305388e-01 1.613649811456759439e-05
1.351389607035580026e-06 1.387719660873501905e-06 1.358293776511926565e-01 1.294294466889979178e-01 8.859952468974657824e-01 8.582447797479567653e-01 5.604750087217411636e-01 5.524091625109640580e-01 1.607609073256916290e-05
1.351766132151769549e-06 1.387911046225749025e-06 1.369032160002482679e-01 1.283031141440455769e-01 8.876943349205288492e-01 8.556053581522068407e-01 5.623737008047787755e-01 5.520287955632778853e-01 1.614341005894178984e-05
1.354209738835753701e-06 1.387445073156980160e-06 1.355888631201448424e-01 1.296960184145327655e-01 8.846514642701268638e-01 8.572756532150482833e-01 5.606879001065401269e-01 5.515421489552312373e-01 1.607403347273559226e-05
1.351591296974834004e-06 1.387858460337008959e-06 1.358831790410053586e-01 1.293309965759377178e-01 8.862083389566977054e-01 8.580017740651137981e-01 5.605940662894138837e-01 5.521898148905682868e-01 1.608847566827134831e-05
1.351535419429760321e-06 1.389090902204133666e-06 1.370482106672482048e-01 1.282907752281274294e-01 8.878499678299504039e-01 8.557255790399680428e-01 5.626883124661112845e-01 5.506696761488165670e-01 1.605020797839555678e-05
1.353217968404686909e-06 1.388561115987946628e-06 1.356982106049655912e-01 1.291324476752441219e-01 8.856811014242021995e-01 8.564686264386309755e-01 5.591574002030822443e-01 5.527626414102144725e-01 1.610003947932108284e-05
1.355872584028395807e-06 1.385470973418092670e-06 1.361259015818846452e-01 1.290572064529709462e-01 8.835739702141969243e-01 8.588337239367314080e-01 5.619196901232137442e-01 5.512727094889894319e-01 1.610073211891406173e-05
1.352964254787642742e-06 1.388096473760181696e-06 1.364071201259182409e-01 1.294447696106483803e-01 8.886845502827177556e-01 8.553163651123252276e-01 5.605461448671549274e-01 5.517225855370896381e-01 1.610857874241665338e-05
1.355340388794655543e-06 1.386162844486468028e-06 1.358514426889819715e-01 1.289552992097994788e-01 8.854759829306297902e-01 8.556746738508862471e-01 5.621283174293477680e-01 5.512680188898537725e-01 1.613185075311862363e-05
1.350552602181720168e-06 1.389680930115870374e-06 1.365719665077843870e-01 1.291513842272133394e-01 8.860276226185000992e-01 8.555204375036522535e-01 5.614267253131723923e-01 5.519390061347034804e-01 1.619913999923989115e-05
1.354591570890942116e-06 1.386166665499479927e-06 1.354342274486274589e-01 1.296383690888216755e-01 8.836868049874060382e-01 8.571876685178603239e-01 5.625697595648864180e-01 5.521083017909474977e-01 1.604070725927701172e-05
1.354489770028887278e-06 1.387539690873048753e-06 1.354587088322614374e-01 1.297912198507353010e-01 8.845261193949914835e-01 8.574080622572279875e-01 5.605130836561479368e-01 5.513411308892828266e-01 1.607552652002922362e-05
1.351801562691157573e-06 1.389706722773368439e-06 1.368676237090518388e-01 1.285166296894300342e-01 8.887444681420253456e-01 8.559249916614524167e-01 5.597680775858779878e-01 5.509140576128127575e-01 1.619087194374415554e-05
1.354916857099316300e-06 1.386919335084099735e-06 1.352135100552763203e-01 1.299144134304138221e-01 8.847800831466087201e-01 8.574313950552299168e-01 5.590005836001570305e-01 5.524069902469426196e-01 1.621262988359196727e-05
1.350367308738663145e-06 1.390861122018142065e-06 1.359330654680602768e-01 1.293384726450020061e-01 8.893241058584537839e-01 8.540116215181328130e-01 5.591205156045975233e-01 5.520560192974260927e-01 1.618697191300188577e-05
1.355031500303575622e-06 1.386294468343100240e-06 1.360964405089392648e-01 1.291001776767534692e-01 8.844524631598472686e-01 8.580970138450011442e-01 5.614920384606474357e-01 5.513923818208339434e-01 1.611390764301081225e-05
1.351870507243658114e-06 1.388515688445419975e-06 1.367419763680563227e-01 1.284508943196861208e-01 8.883555886254045353e-01 8.555903835504750088e-01 5.607446675837742811e-01 5.519989869930328474e-01 1.622070665032708067e-05
1.354831027024116652e-06 1.388342969672217443e-06 1.365083500097681590e-01 1.287155393153167071e-01 8.871505356567443989e-01 8.544608071837802576e-01 5.606971519048106201e-01 5.511078967922952154e-01 1.623714216476400762e-05
1.352086255732363268e-06 1.387932482596554894e-06 1.359786912723441321e-01 1.292369683833428373e-01 8.863522856747604317e-01 8.574607930137989609e-01 5.606098154806550271e-01 5.520245218477766169e-01 1.611118860523550318e-05
1.350876444373644605e-06 1.389507238816783699e-06 1.373480592659567789e-01 1.279815791170470507e-01 8.889281698064225301e-01 8.550377190733464694e-01 5.626482416786224849e-01 5.508057284583283142e-01 1.609044544314195671e-05
1.355312664222779360e-06 1.386707045718548884e-06 1.361620678708203858e-01 1.284846516290994445e-01 8.883251963762915926e-01 8.568414058626336871e-01 5.604935480468185016e-01 5.510218730869286263e-01 1.607978098169449260e-05
1.350518716593871687e-06 1.390346064955080545e-06 1.369516195078090970e-01 1.285761482952466062e-01 8.895099946076423514e-01 8.569464432957880629e-01 5.594286738456365482e-01 5.516381612644614130e-01 1.613549916749927677e-05
1.354603744430646951e-06 1.386801947613617109e-06 1.360195252585250092e-01 1.288973733756316742e-01 8.860922902701733328e-01 8.558689719605240276e-01 5.617158718818362484e-01 5.513245684193076590e-01 1.613240814976011099e-05
1.351992034748545295e-06 1.388469109035949126e-06 1.367047701189298692e-01 1.285613249075708286e-01 8.883921399206615721e-01 8.555599370573472306e-01 5.607226095041498715e-01 5.519682757201502810e-01 1.620824799389258724e-05
1.352183811182949782e-06 1.387950703836957801e-06 1.360262944782968109e-01 1.292600574085989995e-01 8.866114261867557023e-01 8.572225232469685707e-01 5.606027409680438556e-01 5.519909733688114217e-01 1.611089862047785433e-05
1.351930750701878053e-06 1.389527806216347737e-06 1.368164566442592045e-01 1.286197563473431837e-01 8.887378106021023294e-01 8.558573664893271982e-01 5.598545295060198823e-01 5.510038940488435344e-01 1.618172825470776528e-05
1.353189778002793089e-06 1.388509489073750454e-06 1.357769783295158794e-01 1.291671501125112587e-01 8.860148179640372490e-01 8.563405974023747813e-01 5.593117051657570116e-01 5.526470796465339230e-01 1.610098828633170292e-05
1.355051729841097443e-06 1.386861426612063735e-06 1.361892958991645919e-01 1.285913314048270917e-01 8.883651245881166725e-01 8.566719568903772286e-01 5.604993921379669564e-01 5.510997300258354548e-01 1.608298073288584229e-05
1.353178087410951422e-06 1.388871924680077631e-06 1.363239823779972271e-01 1.286435483313662642e-01 8.879987948585718049e-01 8.559753548812542023e-01 5.614353732792803919e-01 5.505780952173674470e-01 1.617877999705858691e-05
1.351108423308533263e-06 1.389350487143827945e-06 1.372435104726191513e-01 1.281441558385583157e-01 8.889011009704553823e-01 8.550686797443440845e-01 5.624146753662372378e-01 5.509076014670796217e-01 1.609246025417247931e-05
1.354801806357360787e-06 1.386494691167220496e-06 1.361309604663813733e-01 1.291384656694084532e-01 8.849226950623884091e-01 8.577880528747038325e-01 5.613869391724816138e-01 5.514290711226401687e-01 1.611331554294479347e-05
1.355076373904987478e-06 1.386377692183547324e-06 1.359131846264193255e-01 1.290096848098938043e-01 8.858324904141950951e-01 8.556348617688238622e-01 5.619525204779930450e-01 5.513185262951022514e-01 1.612926497415173842e-05
1.351126025618057002e-06 1.389953111620047266e-06 1.366249491054231380e-01 1.285152629464400009e-01 8.905302506681923580e-01 8.541336454793279076e-01 5.602441033325412656e-01 5.515124313944295142e-01 1.615200175840969917e-05
1.349973602895556448e-06 1.390864648256275934e-06 1.370008948296082552e-01 1.285341722807427367e-01 8.906644020394961503e-01 8.559532329653198879e-01 5.592988737724849946e-01 5.516660662440401319e-01 1.614110494592674549e-05
1.348869774304881630e-06 1.391270518637584691e-06 1.369051388747394016e-01 1.289398236582351420e-01 8.886427184103254939e-01 8.547564214159760754e-01 5.604852202535152150e-01 5.520107150062413259e-01 1.620030567897950825e-05
1.354107264411953384e-06 1.387535037893740665e-06 1.362986607982107357e-01 1.286445732768755346e-01 8.884075347553985758e-01 8.563793056373436574e-01 5.604972269889534342e-01 5.512389082867308332e-01 1.610090537742793100e-05
1.352856230338854089e-06 1.388137877679711504e-06 1.364401923473639866e-01 1.293466090880842079e-01 8.886520602424893278e-01 8.553434286617721538e-01 5.605657520490432422e-01 5.517498844463185614e-01 1.611965310369175639e-05
1.352162502690238125e-06 1.388008304414623410e-06 1.361016806605893636e-01 1.291824204640403262e-01 8.868092832683007742e-01 8.570377914481217552e-01 5.606160596942778573e-01 5.519884514078490234e-01 1.612171521752393539e-05
1.351206602357423442e-06 1.389252556242952591e-06 1.371836504333203421e-01 1.281905079573374961e-01 8.888445497427005515e-01 8.551232638902332983e-01 5.622266680482275181e-01 5.510254541618652135e-01 1.610532555858582615e-05
1.351937560040396706e-06 1.389410173196303423e-06 1.368040470303337197e-01 1.286132639651462461e-01 8.886994027486089243e-01 8.558243187746628067e-01 5.599509828391454613e-01 5.511110475678776544e-01 1.618467489239496659e-05
1.353056695418987755e-06 1.388505002402883663e-06 1.358800663061174308e-01 1.290998362008512201e-01 8.862789648481066429e-01 8.562538573640383621e-01 5.594684723144672800e-01 5.525716569880468887e-01 1.611290603161624600e-05
1.353046303781795256e-06 1.388827167386285481e-06 1.363662921269897521e-01 1.286344123953890028e-01 8.880424998654706803e-01 8.559291973452645141e-01 5.613561773042659020e-01 5.507325597176766507e-01 1.618205421892903101e-05
1.350197873101444074e-06 1.390598477231795177e-06 1.369679920839773357e-01 1.285371892392792037e-01 8.904119284707368021e-01 8.559095334199895433e-01 5.594570666315589191e-01 5.516996450747190250e-01 1.614856528458961680e-05
1.351222248854777900e-06 1.389788222444036338e-06 1.366338181069238766e-01 1.285203809421212040e-01 8.902926828073556287e-01 8.542921223213300053e-01 5.602972706849421725e-01 5.515630807639539945e-01 1.615825134013002044e-05
1.354711763719702854e-06 1.387040057992495351e-06 1.362465708124718511e-01 1.285879973495764050e-01 8.883681262917327848e-01 8.565483991311516609e-01 5.605241940675428358e-01 5.511962351029815466e-01 1.609689931744214691e-05
1.353481654744641896e-06 1.387600383241075183e-06 1.364095734308747310e-01 1.289804105172732140e-01 8.862626406146016933e-01 8.576033725881322400e-01 5.607889476378754567e-01 5.515576326110427363e-01 1.612620235290689947e-05
1.351567435865729332e-06 1.389453969232472840e-06 1.365995585036385851e-01 1.285906632383249926e-01 8.896769819167960058e-01 8.547980077787581399e-01 5.603723879971959088e-01 5.515622484072592036e-01 1.615335496708204363e-05
1.353136467733690464e-06 1.387934636452638681e-06 1.364438330341600225e-01 1.289101282210694255e-01 8.868783415051613161e-01 8.570974871307041054e-01 5.607138303256217204e-01 5.515584649677375273e-01 1.613109872595487628e-05
1.355159051527363525e-06 1.386198163835725870e-06 1.359589196649730047e-01 1.290464775494019611e-01 8.853581534033148071e-01 8.562499512029648763e-01 5.619084325121613821e-01 5.513896949431705830e-01 1.613200695097290955e-05
1.350955830916514990e-06 1.389926207129617969e-06 1.368138282421850205e-01 1.286149971755479460e-01 8.896398239465472813e-01 8.559615416923885833e-01 5.598315808633176349e-01 5.516522915823991458e-01 1.614603553917595281e-05
1.354094595284515048e-06 1.387693785021605348e-06 1.356610786064888219e-01 1.294874897687237625e-01 8.871022597322059111e-01 8.572225046887556044e-01 5.586065894988461178e-01 5.522031830605874658e-01 1.618429333933006319e-05
1.351647823499062337e-06 1.389014410639691277e-06 1.369510352931099795e-01 1.283886579562992791e-01 8.885783665466526760e-01 8.554439812344519778e-01 5.616736004920720449e-01 5.512053849658367088e-01 1.611739008064397592e-05
1.352143561807827905e-06 1.388059504928104116e-06 1.361686906004049846e-01 1.291134098466548141e-01 8.869851562296742209e-01 8.568735854047023759e-01 5.606278985620414268e-01 5.519862096647714100e-01 1.613132997045378447e-05
1.352760208606597627e-06 1.388174681163737883e-06 1.364695898775379612e-01 1.292593552902494003e-01 8.886231802067307006e-01 8.553674851501693599e-01 5.605831806551662133e-01 5.517741501434110241e-01 1.612949698038073872e-05
1.351943612785746455e-06 1.389305610511819660e-06 1.367930162623999524e-01 1.286074929587489868e-01 8.886652624343925888e-01 8.557949430282943970e-01 5.600367191352570995e-01 5.512062951403523536e-01 1.618729412589470373e-05
1.353009308513118684e-06 1.387994022295228683e-06 1.364728260435788820e-01 1.288713722973473530e-01 8.870465413291057644e-01 8.569266482336644897e-01 5.607148057899026261e-01 5.516039994957834258e-01 1.613967086683684379e-05
1.351070964675629468e-06 1.389764307341432448e-06 1.368017106729344512e-01 1.286090335902171644e-01 8.895011923881155358e-01 8.559169189551617540e-01 5.599305840456323402e-01 5.516874009310381854e-01 1.615294803414446775e-05
1.354409571611796435e-06 1.387198841441768087e-06 1.362974818465227389e-01 1.285850337449091219e-01 8.883707944727248229e-01 8.564385700118400946e-01 5.605462402271658151e-01 5.512820173937780233e-01 1.610927139260330733e-05
1.352929162778100886e-06 1.388787383125137068e-06 1.364039007927608793e-01 1.286262915634092119e-01 8.880813487604919398e-01 8.558881684243848653e-01 5.612857808820307381e-01 5.508698614957292516e-01 1.618496463836942653e-05
1.352938399788938616e-06 1.388501014251002118e-06 1.359717000630965844e-01 1.290400016127089544e-01 8.865137620783904993e-01 8.561767551077393845e-01 5.596078208910987284e-01 5.525046146249472656e-01 1.612349958298028504e-05
1.351293872623103577e-06 1.389165506553285516e-06 1.371304415094991846e-01 1.282317098406967615e-01 8.887942819846962328e-01 8.551717831310237106e-01 5.620595504322188907e-01 5.511302121127857889e-01 1.611676138473102258e-05
1.351764333581611597e-06 1.389211746227490197e-06 1.365807965662181045e-01 1.286027728926893987e-01 8.893817072210892238e-01 8.548929398264829560e-01 5.604852796178222407e-01 5.515980087768749263e-01 1.615895448948545255e-05
1.351626003033666271e-06 1.389347048886630224e-06 1.365927932909557774e-01 1.285729285143940581e-01 8.896411700979762749e-01 8.546669722256849955e-01 5.604597767098133954e-01 5.515973431414407102e-01 1.616109711422418385e-05
1.351792127927024882e-06 1.389261546262037302e-06 1.366087453297435139e-01 1.280688827003295116e-01 8.879736299022108481e-01 8.563466483936033047e-01 5.605951489664822152e-01 5.513887156033505654e-01 1.617567448907593998e-05
1.351940029141959725e-06 1.389095497427575073e-06 1.365874854689899109e-01 1.282507604571228033e-01 8.880728667542902022e-01 8.561970540091897730e-01 5.605933204744756315e-01 5.514476014358598022e-01 1.616861959191417058e-05
