1.126000000000000112e+00 4.400939844534277661e-06
1.126987992296117014e+00 2.906740908771274877e-05
1.127977719913760390e+00 8.720952329439613524e-05
1.128969187428857879e+00 1.734503898372610113e-04
1.129962399433440456e+00 2.617363609999677552e-04
1.130957360535711942e+00 3.429244114732416947e-04
1.131954075360122047e+00 4.218918785384083393e-04
1.132952548547436100e+00 5.069420058494428097e-04
1.133952784754808318e+00 5.908895374164289992e-04
1.134954788655853974e+00 6.364269117359667213e-04
1.135958564940721782e+00 6.442646670711171721e-04
1.136964118316167838e+00 6.719629974739972948e-04
1.137971453505628228e+00 7.336393475678808489e-04
1.138980575249294080e+00 7.814294094606170395e-04
1.139991488304184397e+00 7.902929175768458325e-04
1.141004197444223101e+00 7.856069700726571849e-04
1.142018707460311200e+00 7.929321316874941242e-04
1.143035023160405395e+00 8.056423665333121336e-04
1.144053149369591793e+00 8.215340320404284280e-04
1.145073090930163184e+00 8.433370049138750723e-04
1.146094852701695865e+00 8.491597383545918150e-04
1.147118439561126468e+00 8.620121853203014219e-04
1.148143856402830121e+00 9.297050753544937665e-04
1.149171108138697273e+00 1.002474891116521662e-03
1.150200199698214076e+00 1.039592807599740328e-03
1.151231136028538549e+00 1.102023383528931422e-03
1.152263922094582727e+00 1.201310430083625102e-03
1.153298562879090827e+00 1.296059765254432969e-03
1.154335063382718740e+00 1.375021482132931811e-03
1.155373428624115739e+00 1.435149554600940406e-03
1.156413663640005973e+00 1.535487412137475065e-03
1.157455773485268402e+00 1.666166452089377394e-03
1.158499763233019175e+00 1.620672358287811180e-03
1.159545637974695120e+00 1.408393635403804413e-03
1.160593402820134123e+00 1.327094607430597374e-03
1.161643062897660617e+00 1.401003420768064112e-03
1.162694623354169066e+00 1.451616238398278306e-03
1.163748089355205462e+00 1.487902030375310922e-03
1.164803466085055916e+00 1.515507754996496450e-03
1.165860758746828818e+00 1.484350066824972371e-03
1.166919972562540542e+00 1.450188791060606818e-03
1.167981112773203378e+00 1.433733442057196807e-03
1.169044184638909245e+00 1.430114882250389840e-03
1.170109193438919171e+00 1.476606189929203974e-03
1.171176144471748781e+00 1.489019021474888554e-03
1.172245043055257785e+00 1.386844583887515518e-03
1.173315894526736125e+00 1.277057009138011373e-03
1.174388704242995241e+00 1.249291585072611699e-03
1.175463477580455329e+00 1.271613528491321666e-03
1.176540219935237941e+00 1.301031054112829904e-03
1.177618936723252130e+00 1.323708004507393853e-03
1.178699633380288825e+00 1.349484928828785122e-03
1.179782315362111200e+00 1.348275040892717939e-03
1.180866988144545493e+00 1.288022428632983269e-03
1.181953657223574483e+00 1.244827930634824194e-03
1.183042328115429642e+00 1.246940778928541226e-03
1.184133006356684392e+00 1.216842944622363067e-03
1.185225697504348696e+00 1.173176655080349507e-03
1.186320407135962984e+00 1.162012706531177558e-03
1.187417140849692743e+00 1.169714859066294530e-03
1.188515904264424883e+00 1.241171272914088361e-03
1.189616703019862110e+00 1.372311736510360702e-03
1.190719542776621509e+00 1.474999554721872445e-03
1.191824429216329584e+00 1.552122354072782776e-03
1.192931368041720619e+00 1.613045459855526505e-03
1.194040364976735713e+00 1.648607345287497880e-03
1.195151425766620035e+00 1.727071038280217482e-03
1.196264556178022742e+00 1.789870689512050583e-03
1.197379761999095793e+00 1.702423942202567920e-03
1.198497049039596751e+00 1.581941936958890151e-03
1.199616423130986265e+00 1.599668693023036147e-03
1.200737890126532648e+00 1.729916413598578092e-03
1.201861455901411802e+00 1.917333943241258335e-03
1.202987126352810021e+00 2.112287508484126785e-03
1.204114907400029022e+00 2.259841207740585431e-03
1.205244804984587415e+00 2.387174498507680168e-03
1.206376825070326175e+00 2.493380187617294432e-03
1.207510973643513230e+00 2.573685023525692280e-03
1.208647256712948925e+00 2.713247197102572773e-03
1.209785680310073053e+00 2.826470245182469577e-03
1.210926250489070988e+00 2.730365201460114438e-03
1.212068973326979604e+00 2.569299821505471437e-03
1.213213854923797186e+00 2.565183355313676444e-03
1.214360901402591786e+00 2.642606692307908085e-03
1.215510118909608916e+00 2.724830786915698102e-03
1.216661513614383239e+00 2.865788546264498669e-03
1.217815091709847364e+00 3.038496954853743288e-03
1.218970859412443097e+00 3.212504392083198514e-03
1.220128822962234905e+00 3.397705415792438236e-03
1.221288988623019378e+00 3.557444753324913184e-03
1.222451362682440701e+00 3.714426856628523597e-03
1.223615951452102335e+00 3.874968469341977511e-03
1.224782761267683151e+00 3.905461801423692429e-03
1.225951798489049782e+00 3.812371337759172790e-03
1.227123069500375196e+00 3.804530036947202654e-03
1.228296580710252384e+00 3.962202833583579505e-03
1.229472338551812483e+00 4.199571050284049527e-03
1.230650349482842243e+00 4.430447130498873544e-03
1.231830619985901931e+00 4.626760370733866076e-03
1.233013156568444346e+00 4.808069819442778274e-03
1.234197965762934945e+00 4.935980413473321955e-03
1.235385054126971083e+00 4.984962415309316351e-03
1.236574428243403911e+00 5.068726710199014142e-03
1.237766094720459620e+00 5.166580056040866870e-03
1.238960060191861778e+00 5.074701801913009992e-03
1.240156331316954574e+00 4.816258580301936189e-03
1.241354914780826935e+00 4.595025201694037317e-03
1.242555817294437093e+00 4.495857989084555383e-03
1.243759045594736268e+00 4.536516142941884877e-03
1.244964606444796784e+00 4.674424512633943915e-03
1.246172506633937749e+00 4.850868806742989620e-03
1.247382752977852505e+00 5.207312322039413764e-03
1.248595352318737195e+00 5.889462292199098073e-03
1.249810311525418882e+00 6.773707568500185634e-03
1.251027637493486333e+00 7.714348771944421791e-03
1.252247337145420136e+00 8.675203417366878292e-03
1.253469417430722599e+00 9.521929664586849251e-03
1.254693885326052527e+00 1.020220091559857940e-02
1.255920747835354900e+00 1.097791245399667819e-02
1.257150011989997207e+00 1.192304631378025663e-02
1.258381684848900894e+00 1.267227714845760300e-02
1.259615773498678593e+00 1.312337339852821978e-02
1.260852285053770450e+00 1.349713363157514952e-02
1.262091226656578691e+00 1.366118257195561396e-02
1.263332605477606396e+00 1.348753952947251596e-02
1.264576428715595835e+00 1.324512271761418142e-02
1.265822703597668353e+00 1.298391927430113564e-02
1.267071437379462040e+00 1.266054388965573083e-02
1.268322637345275172e+00 1.253746026262002843e-02
1.269576310808206099e+00 1.256541221657906347e-02
1.270832465110296461e+00 1.256044088486931061e-02
1.272091107622674411e+00 1.296896643686964307e-02
1.273352245745698719e+00 1.426174689055446573e-02
1.274615886909103546e+00 1.642993984561967255e-02
1.275882038572145216e+00 1.946021150982863573e-02
1.277150708223747877e+00 2.333553402928011111e-02
1.278421903382652269e+00 2.787094010935570881e-02
1.279695631597562944e+00 3.284740301734123680e-02
1.280971900447299028e+00 3.800456082471474761e-02
1.282250717540943441e+00 4.316821879057174821e-02
1.283532090517995217e+00 4.826053324164061159e-02
1.284816027048520271e+00 5.332278499272671141e-02
1.286102534833305722e+00 5.902234923901106961e-02
1.287391621604013325e+00 6.617205676200271780e-02
1.288683295123334016e+00 7.454943760459359359e-02
1.289977563185144005e+00 8.348647132614493704e-02
1.291274433614661987e+00 9.290950361563489468e-02
1.292573914268606350e+00 1.026711857089111501e-01
1.293876013035353711e+00 1.119837381900808532e-01
1.295180737835098794e+00 1.200818730647692234e-01
1.296488096620015629e+00 1.267174979110639865e-01
1.297798097374417203e+00 1.319958187465503363e-01
1.299110748114920444e+00 1.359972062997393538e-01
1.300426056890607862e+00 1.388282110910740164e-01
1.301744031783193201e+00 1.415058525407449641e-01
1.303064680907186412e+00 1.461230703108887530e-01
1.304388012410060194e+00 1.539556490628734842e-01
1.305714034472417628e+00 1.639791918869820120e-01
1.307042755308160942e+00 1.742103783324923105e-01
1.308374183164660698e+00 1.834905897805783892e-01
1.309708326322927663e+00 1.913307712201577360e-01
1.311045193097781558e+00 1.973365020728421459e-01
1.312384791838027587e+00 2.010240556547432111e-01
1.313727130926627851e+00 2.016309969214060138e-01
1.315072218780876323e+00 1.989025390591004361e-01
1.316420063852575595e+00 1.939902735762345787e-01
1.317770674628213401e+00 1.888587499348404752e-01
1.319124059629140922e+00 1.854168025439002221e-01
1.320480227411752194e+00 1.845923984741597024e-01
1.321839186567663527e+00 1.853632271445795621e-01
1.323200945723896238e+00 1.859815556857039032e-01
1.324565513543057849e+00 1.856188271075859542e-01
1.325932898723527265e+00 1.835587536901504557e-01
1.327303109999638409e+00 1.789966626750409961e-01
1.328676156141866516e+00 1.722075795408742893e-01
1.330052045957015094e+00 1.638786102279817525e-01
1.331430788288405109e+00 1.542855615759596288e-01
1.332812392016063274e+00 1.438923354956807010e-01
1.334196866056913677e+00 1.330702346340743580e-01
1.335584219364968961e+00 1.218298552928209766e-01
1.336974460931523057e+00 1.106471116927753712e-01
1.338367599785346362e+00 1.001165531818705573e-01
1.339763644992881142e+00 9.009225442379610593e-02
1.341162605658436702e+00 8.022053591195489608e-02
1.342564490924390119e+00 7.043285142737727711e-02
1.343969309971381643e+00 6.075088273038608405e-02
1.345377072018519193e+00 5.135533624624318005e-02
1.346787786323576430e+00 4.258161377451756546e-02
1.348201462183198140e+00 3.468573180018928032e-02
1.349618108933102745e+00 2.782484654186235737e-02
1.351037735948290130e+00 2.202705345825569858e-02
1.352460352643244823e+00 1.715934045501188096e-02
1.353885968472148260e+00 1.312367465166081743e-02
1.355314592929085071e+00 9.918094107683616059e-03
1.356746235548255131e+00 7.463908197084068684e-03
1.358180905904185831e+00 5.617056523521293636e-03
1.359618613611944804e+00 4.299819907351468996e-03
1.361059368327355079e+00 3.419184714503044863e-03
1.362503179747211357e+00 2.809494216186263389e-03
1.363950057609498057e+00 2.383945857012750857e-03
1.365400011693606253e+00 2.129333200237757111e-03
1.366853051820556830e+00 1.975859591775410741e-03
1.368309187853220088e+00 1.871714854897904654e-03
1.369768429696540002e+00 1.833316371965153539e-03
1.371230787297757381e+00 1.848497518887012945e-03
1.372696270646638572e+00 1.896163215359404760e-03
1.374164889775699727e+00 1.990444787379798582e-03
1.375636654760438393e+00 2.126369725733823646e-03
1.377111575719562442e+00 2.290741213160699813e-03
1.378589662815221883e+00 2.507107076915749116e-03
1.380070926253243568e+00 2.805820787537772077e-03
1.381555376283364778e+00 3.186164016795427038e-03
1.383043023199470367e+00 3.629060746522878595e-03
1.384533877339829910e+00 4.143421565779780227e-03
1.386027949087338174e+00 4.745763688652491867e-03
1.387525248869755812e+00 5.341045159546375237e-03
1.389025787159951619e+00 5.735951680529194179e-03
1.390529574476147223e+00 5.882265975963119585e-03
1.392036621382161998e+00 5.971731529093623168e-03
1.393546938487661091e+00 6.179313164907288859e-03
1.395060536448405220e+00 6.502454864576689281e-03
1.396577425966499586e+00 6.906918808525699255e-03
1.398097617790646341e+00 7.371285641684359284e-03
1.399621122716400601e+00 7.818020951930647333e-03
1.401147951586422913e+00 8.201094723715761717e-03
1.402678115290738603e+00 8.526051717152914947e-03
1.404211624766996236e+00 8.764472994663680128e-03
1.405748491000727851e+00 8.909758778682450378e-03
1.407288725025611198e+00 8.989223443480964804e-03
1.408832337923734634e+00 9.018184067731834300e-03
1.410379340825861805e+00 9.074464895923409213e-03
1.411929744911700313e+00 9.239928190046729772e-03
1.413483561410169731e+00 9.475385627868846555e-03
1.415040801599673825e+00 9.736166391107125076e-03
1.416601476808373228e+00 1.002603272004524981e-02
1.418165598414459661e+00 1.030136971659262671e-02
1.419733177846432826e+00 1.053588493707221380e-02
1.421304226583378183e+00 1.075542919683971851e-02
1.422878756155248059e+00 1.093320619500908614e-02
1.424456778143142976e+00 1.102772103919526236e-02
1.426038304179596539e+00 1.105432920390177730e-02
1.427623345948860090e+00 1.102635593884341257e-02
1.429211915187190263e+00 1.095062526550233742e-02
1.430804023683140525e+00 1.085837044508196868e-02
1.432399683277851388e+00 1.075602896659871681e-02
1.433998905865343287e+00 1.062864189552191821e-02
1.435601703392814343e+00 1.048921646953797013e-02
1.437208087860935457e+00 1.034081294592741930e-02
1.438818071324151404e+00 1.016276090936986225e-02
1.440431665890981705e+00 9.960864125360659183e-03
1.442048883724324604e+00 9.732602256627337356e-03
1.443669737041762158e+00 9.449352737849872619e-03
1.445294238115867769e+00 9.133488380084528457e-03
1.446922399274517490e+00 8.829081956114573707e-03
1.448554232901199557e+00 8.541412331428997057e-03
1.450189751435329688e+00 8.291551359279584685e-03
1.451828967372567725e+00 8.095320285703694677e-03
1.453471893265134263e+00 7.920347655131909984e-03
1.455118541722132175e+00 7.765214092960593534e-03
1.456768925409868798e+00 7.641610518850769709e-03
1.458423057052181004e+00 7.510101980924994806e-03
1.460080949430762276e+00 7.350055896152625501e-03
1.461742615385490884e+00 7.156614700551820925e-03
1.463408067814762958e+00 6.891911516867949179e-03
1.465077319675824219e+00 6.552223487222764119e-03
1.466750383985108819e+00 6.162430072471041312e-03
1.468427273818574630e+00 5.731299045358866431e-03
1.470108002312046080e+00 5.301265756634022247e-03
1.471792582661556104e+00 4.914515177997734983e-03
1.473481028123691416e+00 4.565302633985772983e-03
1.475173352015941353e+00 4.276040371686632910e-03
1.476869567717046916e+00 4.081875669173061147e-03
1.478569688667353610e+00 3.953788948275692959e-03
1.480273728369166264e+00 3.854005970796163701e-03
1.481981700387106970e+00 3.771874512184168055e-03
1.483693618348475241e+00 3.685549340302457857e-03
1.485409495943609492e+00 3.597958582029830207e-03
1.487129346926251872e+00 3.562945978524270814e-03
1.488853185113917732e+00 3.617973002859627488e-03
1.490581024388262232e+00 3.757913230470238692e-03
1.492312878695457590e+00 3.973561406774004691e-03
1.494048762046563450e+00 4.250698570902542058e-03
1.495788688517908360e+00 4.546139215658903318e-03
1.497532672251467467e+00 4.801124013040098011e-03
1.499280727455248874e+00 4.978811463247780067e-03
1.501032868403676668e+00 5.086104359403499295e-03
1.502789109437979942e+00 5.135492929161343534e-03
1.504549464966586036e+00 5.092576191714544981e-03
1.506313949465511781e+00 4.913178667346999526e-03
1.508082577478762509e+00 4.597181246905874749e-03
1.509855363618730850e+00 4.170852953107579038e-03
1.511632322566598186e+00 3.686063999418774575e-03
1.513413469072741879e+00 3.220124685633271068e-03
1.515198817957142063e+00 2.816655386728353274e-03
1.516988384109793087e+00 2.478245566960483350e-03
1.518782182491116739e+00 2.208234642784603213e-03
1.520580228132380585e+00 2.004376318019030802e-03
1.522382536136117182e+00 1.845516626929183434e-03
1.524189121676545966e+00 1.695716070772455711e-03
1.526000000000000023e+00 1.528021552154729557e-03
