4.011935359275975792e-08
4.011935359275975792e-08
4.011935359275975792e-08
4.011935359275975792e-08
4.011935359275975792e-08
3.564536215089199983e-08
3.564536215089199983e-08
3.761252272468077894e-08
3.761252272468077894e-08
4.011935359275975792e-08
3.800176790834060328e-08
3.863100779828861241e-08
3.966988071481828941e-08
3.956794195859873226e-08
4.068927352720143153e-08
3.837413372729972761e-08
4.018493077542565179e-08
4.055100268504878601e-08
3.771876500266044744e-08
4.141589999587230221e-08
4.102981281656271418e-08
3.854231273110989959e-08
3.808413805863275525e-08
4.044739261359413853e-08
4.027615280127901168e-08
4.020112446395626533e-08
3.886663620188446936e-08
4.082012275845819919e-08
3.906486403035136340e-08
3.942356933741235294e-08
4.010236271879428352e-08
4.018663787331039865e-08
4.076613848284779659e-08
3.870122282929667445e-08
4.047120137250900330e-08
4.051862384345043727e-08
4.029915859280582824e-08
3.857208229789935927e-08
4.082668463682167459e-08
4.136603013424589209e-08
3.977903628418701823e-08
3.935048270800608758e-08
4.048495647306635331e-08
4.057925954798312335e-08
4.067298576820389368e-08
4.037146554030505610e-08
4.065049054777942380e-08
3.854003353032508523e-08
3.996711113206245740e-08
3.934009718201543062e-08
3.955831711078752319e-08
3.931888345351086518e-08
4.070348651905297563e-08
3.846225039525438308e-08
4.025471678166001734e-08
3.969020230798826517e-08
4.060314123752299215e-08
3.891315304131262736e-08
4.045538498225407172e-08
3.949562667820944568e-08
3.972353440244459932e-08
4.032620336913617932e-08
4.013638822181936114e-08
4.006741051653241971e-08
3.987304621204389590e-08
4.035628495908395673e-08
4.012210899185753701e-08
4.012210899185753701e-08
3.976932698234016903e-08
3.982879928626793764e-08
3.963259925614764972e-08
4.042990536498044024e-08
4.056117020598616682e-08
4.024238487178097418e-08
4.030550523948498827e-08
3.991210900523231308e-08
4.033211319402698484e-08
4.067906206115135478e-08
4.073783375705499335e-08
3.927513229855159363e-08
4.031235657718824644e-08
3.959802428048868978e-08
4.036086842248884814e-08
3.950512053341385074e-08
4.041563085290551658e-08
4.020623377969498699e-08
4.058191873107242222e-08
3.993004249590927046e-08
3.975503652092880209e-08
4.038037728722080510e-08
3.987958206908835767e-08
4.019386183756795740e-08
4.040608983043520750e-08
4.046485841762889958e-08
3.992505546412187273e-08
3.968633485965108729e-08
4.042557870504640775e-08
4.044818815593036771e-08
3.991513059996788126e-08
3.981993164219448958e-08
4.047078811051571470e-08
4.070306892492702924e-08
3.995551148830283105e-08
3.982959718755311284e-08
3.998142788759386731e-08
4.024603900540395544e-08
3.998573660345650018e-08
3.978334595765678068e-08
3.997171773100370199e-08
4.056548378711053253e-08
3.990237755301668068e-08
4.019162313522679413e-08
4.005200455618375166e-08
4.022810481066430523e-08
3.996631809716897021e-08
4.011420643493561982e-08
4.027129139551024297e-08
4.006951817656553261e-08
4.040180620245285637e-08
4.000680418785035392e-08
4.064828905371190492e-08
3.995676685292215880e-08
3.990957863127084113e-08
3.987185356200315509e-08
4.001072453639748875e-08
4.021489923592577161e-08
4.012495317596267596e-08
4.027858606714571780e-08
4.011359621988395093e-08
4.002934691767684345e-08
3.991595932654465614e-08
4.058069404455320472e-08
4.038061893686500669e-08
4.013446600302282591e-08
3.990939869994907538e-08
4.003290320589078406e-08
3.995787127876524122e-08
4.008507624793879488e-08
4.024383266675003683e-08
4.012425702725573522e-08
4.026346354317779744e-08
4.026026634618894654e-08
3.982983588551944794e-08
3.995382876405498558e-08
3.973140856944473046e-08
4.046647534305030477e-08
4.026770509960982614e-08
4.015498994513269442e-08
4.024751737077427876e-08
4.016920710346268929e-08
3.997374440279057889e-08
4.031880894455258196e-08
4.014806023245052629e-08
4.011293725303419174e-08
4.054390119156804895e-08
4.007097247221041216e-08
4.029499760578322042e-08
4.018135104948307946e-08
4.027211076314322790e-08
4.005218996326078096e-08
4.040953334727193040e-08
4.016830696630109994e-08
3.990956381943752144e-08
4.044669455527506895e-08
4.020884479552494272e-08
4.030959392076404942e-08
4.011067956601851856e-08
4.009377744130886385e-08
4.024388196397981971e-08
4.019714252589113035e-08
4.019788970193063287e-08
4.007719251848582468e-08
4.053117628645200154e-08
3.996677484587626808e-08
4.024691791806432257e-08
4.016777101840987321e-08
4.013328789660884758e-08
4.060467196244038856e-08
4.006665390375381633e-08
3.980922959575133871e-08
4.029667202096292869e-08
4.008664387888702636e-08
3.993900521784018758e-08
4.024901611021724108e-08
4.004184649648065208e-08
4.019432402573988851e-08
3.984303047739859964e-08
4.028566842668752768e-08
4.019471027497225650e-08
4.020921854989427535e-08
4.028558762734334366e-08
4.016203418150113814e-08
4.011527955898581965e-08
4.026846774952318303e-08
4.009197597313023380e-08
4.020099246619822682e-08
4.008589228019935697e-08
4.030278040259386283e-08
4.023474452044926355e-08
4.010804024167709857e-08
4.014748905248390426e-08
4.010265708504648040e-08
4.021817375190001882e-08
4.029107039928541112e-08
4.002499982926737657e-08
4.016932101671810136e-08
4.019629527699040416e-08
3.988585744176895634e-08
4.033231231123295926e-08
4.018942314985320040e-08
4.003702778642035658e-08
4.009668426080860140e-08
4.011734460782992144e-08
4.027365269542421617e-08
4.010610386352195071e-08
4.020881789548697482e-08
4.012505228468635777e-08
4.031796614573502937e-08
4.010346992147800375e-08
4.032383594741281143e-08
4.029073640540941903e-08
4.014384610198781849e-08
3.995185269650809712e-08
4.010880436526432618e-08
4.017717047850140991e-08
3.994040750719565887e-08
3.999734477213059257e-08
4.007577868240328253e-08
4.010151719995106629e-08
3.998759937455669379e-08
4.018788535400240070e-08
4.012245543395756058e-08
4.011633144115749944e-08
4.002806837430710326e-08
4.014897386150043449e-08
3.997756431410836684e-08
4.015826689486788896e-08
4.012472027880322431e-08
4.005670971180197581e-08
4.007514381119053214e-08
4.018243819139888944e-08
4.005167003873659108e-08
4.024186198292392131e-08
4.016564038252214514e-08
3.997871189637521118e-08
4.010745970742745229e-08
4.010205570951812602e-08
4.013103123315873974e-08
4.006541405898875225e-08
4.004902944568499623e-08
4.002357996803114358e-08
4.012959779083873336e-08
4.006136758243799135e-08
4.011731782237452739e-08
4.012460071308375438e-08
4.007451867512983248e-08
4.023207771404213783e-08
4.001760123632892547e-08
4.014586518021181911e-08
4.021360504242289917e-08
4.009413263296097107e-08
4.010290038277428124e-08
4.006485515652837847e-08
4.001958856288370603e-08
4.011508477632430361e-08
4.008936032900668618e-08
3.997972512946371819e-08
4.005496129378877315e-08
4.004962559508851690e-08
3.990872319661413270e-08
3.995537767943810222e-08
