1.126000000000000112e+00 8.464910149302226367e-04
1.126987992296117014e+00 5.732986206375436083e-04
1.127977719913760390e+00 3.356406157056336724e-04
1.128969187428857879e+00 1.537846366165601577e-04
1.129962399433440456e+00 4.153380250587494142e-05
1.130957360535711942e+00 5.076308566617264194e-06
1.131954075360122047e+00 4.275093965955008952e-05
1.132952548547436100e+00 1.457207297473433170e-04
1.133952784754808318e+00 2.994358423647038915e-04
1.134954788655853974e+00 4.856751369069475040e-04
1.135958564940721782e+00 6.848942001670282626e-04
1.136964118316167838e+00 8.785817845354681891e-04
1.137971453505628228e+00 1.051337971795874952e-03
1.138980575249294080e+00 1.192433158893349771e-03
1.139991488304184397e+00 1.296680723414780478e-03
1.141004197444223101e+00 1.364548636810687882e-03
1.142018707460311200e+00 1.401534912122197720e-03
1.143035023160405395e+00 1.416926109684922379e-03
1.144053149369591793e+00 1.422135005282674841e-03
1.145073090930163184e+00 1.428862701194466784e-03
1.146094852701695865e+00 1.447345214707781557e-03
1.147118439561126468e+00 1.484922980896899794e-03
1.148143856402830121e+00 1.545117162400226878e-03
1.149171108138697273e+00 1.627317537559751139e-03
1.150200199698214076e+00 1.727095084875920634e-03
1.151231136028538549e+00 1.837061955965265791e-03
1.152263922094582727e+00 1.948125572101555352e-03
1.153298562879090827e+00 2.050932754559363445e-03
1.154335063382718740e+00 2.137280674251536196e-03
1.155373428624115739e+00 2.201285680774343889e-03
1.156413663640005973e+00 2.240145575812408415e-03
1.157455773485268402e+00 2.254398259177002681e-03
1.158499763233019175e+00 2.247659480124774081e-03
1.159545637974695120e+00 2.225902678005482142e-03
1.160593402820134123e+00 2.196412649141423357e-03
1.161643062897660617e+00 2.166591771435459179e-03
1.162694623354169066e+00 2.142815672479025327e-03
1.163748089355205462e+00 2.129521788214015863e-03
1.164803466085055916e+00 2.128671402313832371e-03
1.165860758746828818e+00 2.139660443110132614e-03
1.166919972562540542e+00 2.159677331955504355e-03
1.167981112773203378e+00 2.184430432881597980e-03
1.169044184638909245e+00 2.209105993248943432e-03
1.170109193438919171e+00 2.229380402793548072e-03
1.171176144471748781e+00 2.242304417834814143e-03
1.172245043055257785e+00 2.246902606893579936e-03
1.173315894526736125e+00 2.244384043997178606e-03
1.174388704242995241e+00 2.237930876465652179e-03
1.175463477580455329e+00 2.232107450811530568e-03
1.176540219935237941e+00 2.232000925967730053e-03
1.177618936723252130e+00 2.242252836371413666e-03
1.178699633380288825e+00 2.266161353001694759e-03
1.179782315362111200e+00 2.305022295669638399e-03
1.180866988144545493e+00 2.357835013679702302e-03
1.181953657223574483e+00 2.421434083773132181e-03
1.183042328115429642e+00 2.491030588025195357e-03
1.184133006356684392e+00 2.561071141570856000e-03
1.185225697504348696e+00 2.626262544798837421e-03
1.186320407135962984e+00 2.682576287676852276e-03
1.187417140849692743e+00 2.728046974257262135e-03
1.188515904264424883e+00 2.763212948395430898e-03
1.189616703019862110e+00 2.791110525206562561e-03
1.190719542776621509e+00 2.816814258285801984e-03
1.191824429216329584e+00 2.846599944863722424e-03
1.192931368041720619e+00 2.886878951679116862e-03
1.194040364976735713e+00 2.943098234410306165e-03
1.195151425766620035e+00 3.018810975031017106e-03
1.196264556178022742e+00 3.115095274375070424e-03
1.197379761999095793e+00 3.230437001374628341e-03
1.198497049039596751e+00 3.361108266979062793e-03
1.199616423130986265e+00 3.501980185184229953e-03
1.200737890126532648e+00 3.647624668930927929e-03
1.201861455901411802e+00 3.793500938752802053e-03
1.202987126352810021e+00 3.937000095141396025e-03
1.204114907400029022e+00 4.078141023799303211e-03
1.205244804984587415e+00 4.219737698554270298e-03
1.206376825070326175e+00 4.367066002619658140e-03
1.207510973643513230e+00 4.527201651970229335e-03
1.208647256712948925e+00 4.707519739336584429e-03
1.209785680310073053e+00 4.914447426595192937e-03
1.210926250489070988e+00 5.152234590884936793e-03
1.212068973326979604e+00 5.422087099560992177e-03
1.213213854923797186e+00 5.721843345064234025e-03
1.214360901402591786e+00 6.046276074102675986e-03
1.215510118909608916e+00 6.387982555840828608e-03
1.216661513614383239e+00 6.738708696493026819e-03
1.217815091709847364e+00 7.090859658259190783e-03
1.218970859412443097e+00 7.438900308958960872e-03
1.220128822962234905e+00 7.780355506850538186e-03
1.221288988623019378e+00 8.116184788848943010e-03
1.222451362682440701e+00 8.450419349411802256e-03
1.223615951452102335e+00 8.789092150717728313e-03
1.224782761267683151e+00 9.138638607004442513e-03
1.225951798489049782e+00 9.504067310182469711e-03
1.227123069500375196e+00 9.887272520496934516e-03
1.228296580710252384e+00 1.028586541909821787e-02
1.229472338551812483e+00 1.069283380765032911e-02
1.230650349482842243e+00 1.109720768367696009e-02
1.231830619985901931e+00 1.148573105696121255e-02
1.233013156568444346e+00 1.184534808899283254e-02
1.234197965762934945e+00 1.216613828538849057e-02
1.235385054126971083e+00 1.244421383720284088e-02
1.236574428243403911e+00 1.268404773773115259e-02
1.237766094720459620e+00 1.289974713032292220e-02
1.238960060191861778e+00 1.311492025928900559e-02
1.240156331316954574e+00 1.336098941743186358e-02
1.241354914780826935e+00 1.367404507219672355e-02
1.242555817294437093e+00 1.409057820983550778e-02
1.243759045594736268e+00 1.464262760070364662e-02
1.244964606444796784e+00 1.535300074364350648e-02
1.246172506633937749e+00 1.623124876817472542e-02
1.247382752977852505e+00 1.727099068178752569e-02
1.248595352318737195e+00 1.844900372052056536e-02
1.249810311525418882e+00 1.972625347688227240e-02
1.251027637493486333e+00 2.105077071145219567e-02
1.252247337145420136e+00 2.236203617729001086e-02
1.253469417430722599e+00 2.359635109280832505e-02
1.254693885326052527e+00 2.469257798864311904e-02
1.255920747835354900e+00 2.559764615286473644e-02
1.257150011989997207e+00 2.627131989826879399e-02
1.258381684848900894e+00 2.668990039786396651e-02
1.259615773498678593e+00 2.684873384908951360e-02
1.260852285053770450e+00 2.676358587524569482e-02
1.262091226656578691e+00 2.647107372083202723e-02
1.263332605477606396e+00 2.602839571597975396e-02
1.264576428715595835e+00 2.551255241870515819e-02
1.265822703597668353e+00 2.501912853854607391e-02
1.267071437379462040e+00 2.466053258180814570e-02
1.268322637345275172e+00 2.456342034558967741e-02
1.269576310808206099e+00 2.486491255076190773e-02
1.270832465110296461e+00 2.570720369427939925e-02
1.272091107622674411e+00 2.723027906882125385e-02
1.273352245745698719e+00 2.956271431594689400e-02
1.274615886909103546e+00 3.281090099253123477e-02
1.275882038572145216e+00 3.704746758770263021e-02
1.277150708223747877e+00 4.230007164769538502e-02
1.278421903382652269e+00 4.854203917311069455e-02
1.279695631597562944e+00 5.568644239136372187e-02
1.280971900447299028e+00 6.358507870780122362e-02
1.282250717540943441e+00 7.203342030036637145e-02
1.283532090517995217e+00 8.078196805906266709e-02
1.284816027048520271e+00 8.955363378642483552e-02
1.286102534833305722e+00 9.806589822605242535e-02
1.287391621604013325e+00 1.060556816878319430e-01
1.288683295123334016e+00 1.133042553651284062e-01
1.289977563185144005e+00 1.196592329962224283e-01
1.291274433614661987e+00 1.250507921129459799e-01
1.292573914268606350e+00 1.294998024630298061e-01
1.293876013035353711e+00 1.331164415562843262e-01
1.295180737835098794e+00 1.360890456441823937e-01
1.296488096620015629e+00 1.386642697540121094e-01
1.297798097374417203e+00 1.411206498026780221e-01
1.299110748114920444e+00 1.437386748474004938e-01
1.300426056890607862e+00 1.467714838166176428e-01
1.301744031783193201e+00 1.504193870156190771e-01
1.303064680907186412e+00 1.548115354806873234e-01
1.304388012410060194e+00 1.599968588656915103e-01
1.305714034472417628e+00 1.659450759549011001e-01
1.307042755308160942e+00 1.725571110827825438e-01
1.308374183164660698e+00 1.796828703765965818e-01
1.309708326322927663e+00 1.871432633129102019e-01
1.311045193097781558e+00 1.947527739841850292e-01
1.312384791838027587e+00 2.023388955988595639e-01
1.313727130926627851e+00 2.097553511189001463e-01
1.315072218780876323e+00 2.168871450457838523e-01
1.316420063852575595e+00 2.236469523788947866e-01
1.317770674628213401e+00 2.299639164495742294e-01
1.319124059629140922e+00 2.357673396774932484e-01
1.320480227411752194e+00 2.409687702484369920e-01
1.321839186567663527e+00 2.454464311914580088e-01
1.323200945723896238e+00 2.490357139089706406e-01
1.324565513543057849e+00 2.515285809689588037e-01
1.325932898723527265e+00 2.526833161745418721e-01
1.327303109999638409e+00 2.522443379199855729e-01
1.328676156141866516e+00 2.499700274333366834e-01
1.330052045957015094e+00 2.456650048802247466e-01
1.331430788288405109e+00 2.392122702881255281e-01
1.332812392016063274e+00 2.306002955942390853e-01
1.334196866056913677e+00 2.199405859557264087e-01
1.335584219364968961e+00 2.074723794038219882e-01
1.336974460931523057e+00 1.935528645826892769e-01
1.338367599785346362e+00 1.786333147985086356e-01
1.339763644992881142e+00 1.632235574350729412e-01
1.341162605658436702e+00 1.478489100311921045e-01
1.342564490924390119e+00 1.330048511316275495e-01
1.343969309971381643e+00 1.191150756145577805e-01
1.345377072018519193e+00 1.064981470136112662e-01
1.346787786323576430e+00 9.534676677885962903e-02
1.348201462183198140e+00 8.572191309734275566e-02
1.349618108933102745e+00 7.756202915228255224e-02
1.351037735948290130e+00 7.070537773614654631e-02
1.352460352643244823e+00 6.492193686003942810e-02
1.353885968472148260e+00 5.995004677936829202e-02
1.355314592929085071e+00 5.553259613327746202e-02
1.356746235548255131e+00 5.144789835935938832e-02
1.358180905904185831e+00 4.753147975178827200e-02
1.359618613611944804e+00 4.368658876565984645e-02
1.361059368327355079e+00 3.988307688177860494e-02
1.362503179747211357e+00 3.614609659303193168e-02
1.363950057609498057e+00 3.253753045863548576e-02
1.365400011693606253e+00 2.913398708590956426e-02
1.366853051820556830e+00 2.600545162284080211e-02
1.368309187853220088e+00 2.319824956339769026e-02
1.369768429696540002e+00 2.072497480604106046e-02
1.371230787297757381e+00 1.856263897786083680e-02
1.372696270646638572e+00 1.665876878332209210e-02
1.374164889775699727e+00 1.494377462703008579e-02
1.375636654760438393e+00 1.334686894575689599e-02
1.377111575719562442e+00 1.181228942260637189e-02
1.378589662815221883e+00 1.031264906785647750e-02
1.380070926253243568e+00 8.856857697687675959e-03
1.381555376283364778e+00 7.491109643228013523e-03
1.383043023199470367e+00 6.292713886924386490e-03
1.384533877339829910e+00 5.357825789975848713e-03
1.386027949087338174e+00 4.785202364126271354e-03
1.387525248869755812e+00 4.658769400097971351e-03
1.389025787159951619e+00 5.031956726244005661e-03
1.390529574476147223e+00 5.916414727340399762e-03
1.392036621382161998e+00 7.276946591055078427e-03
1.393546938487661091e+00 9.033424244388542357e-03
1.395060536448405220e+00 1.106929325825927249e-02
1.396577425966499586e+00 1.324521409013094085e-02
1.398097617790646341e+00 1.541560912168282206e-02
1.399621122716400601e+00 1.744550726622059664e-02
1.401147951586422913e+00 1.922514713272098150e-02
1.402678115290738603e+00 2.068022505628491770e-02
1.404211624766996236e+00 2.177681083134882373e-02
1.405748491000727851e+00 2.252013403437269981e-02
1.407288725025611198e+00 2.294827277764452736e-02
1.408832337923734634e+00 2.312210644128638928e-02
1.410379340825861805e+00 2.311340587638153338e-02
1.411929744911700313e+00 2.299312961109916884e-02
1.413483561410169731e+00 2.282174804579406233e-02
1.415040801599673825e+00 2.264289812068718058e-02
1.416601476808373228e+00 2.248097106903426332e-02
1.418165598414459661e+00 2.234249215379039907e-02
1.419733177846432826e+00 2.222049918285898262e-02
1.421304226583378183e+00 2.210067608872966910e-02
1.422878756155248059e+00 2.196781495416641819e-02
1.424456778143142976e+00 2.181127713810572522e-02
1.426038304179596539e+00 2.162846161947335616e-02
1.427623345948860090e+00 2.142578437883746467e-02
1.429211915187190263e+00 2.121722052325158980e-02
1.430804023683140525e+00 2.102095220295646313e-02
1.432399683277851388e+00 2.085500955267398371e-02
1.433998905865343287e+00 2.073293260944398045e-02
1.435601703392814343e+00 2.066040617760383710e-02
1.437208087860935457e+00 2.063355676548242479e-02
1.438818071324151404e+00 2.063921559756540930e-02
1.440431665890981705e+00 2.065702903828714812e-02
1.442048883724324604e+00 2.066292465021329905e-02
1.443669737041762158e+00 2.063318971750804920e-02
1.445294238115867769e+00 2.054833313926941046e-02
1.446922399274517490e+00 2.039598924668407920e-02
1.448554232901199557e+00 2.017235599911005456e-02
1.450189751435329688e+00 1.988198465329468756e-02
1.451828967372567725e+00 1.953608222359303620e-02
1.453471893265134263e+00 1.914978020470522319e-02
1.455118541722132175e+00 1.873900554858377171e-02
1.456768925409868798e+00 1.831763043296036342e-02
1.458423057052181004e+00 1.789547436222034202e-02
1.460080949430762276e+00 1.747751385056530923e-02
1.461742615385490884e+00 1.706437238119058730e-02
1.463408067814762958e+00 1.665387885750540045e-02
1.465077319675824219e+00 1.624325663449974200e-02
1.466750383985108819e+00 1.583138315104192298e-02
1.468427273818574630e+00 1.542056428955979573e-02
1.470108002312046080e+00 1.501739255587172459e-02
1.471792582661556104e+00 1.463247327824673816e-02
1.473481028123691416e+00 1.427905940789459156e-02
1.475173352015941353e+00 1.397087700687342157e-02
1.476869567717046916e+00 1.371959875781187180e-02
1.478569688667353610e+00 1.353249596785216675e-02
1.480273728369166264e+00 1.341075742812626939e-02
1.481981700387106970e+00 1.334881793057429711e-02
1.483693618348475241e+00 1.333482387123003342e-02
1.485409495943609492e+00 1.335212598603768841e-02
1.487129346926251872e+00 1.338148132258886770e-02
1.488853185113917732e+00 1.340351205639000835e-02
1.490581024388262232e+00 1.340093497769092971e-02
1.492312878695457590e+00 1.336014736554443257e-02
1.494048762046563450e+00 1.327191449220293216e-02
1.495788688517908360e+00 1.313111437611040426e-02
1.497532672251467467e+00 1.293570930677244261e-02
1.499280727455248874e+00 1.268528363437219746e-02
1.501032868403676668e+00 1.237957604770364983e-02
1.502789109437979942e+00 1.201742294573675436e-02
1.504549464966586036e+00 1.159642067900861113e-02
1.506313949465511781e+00 1.111343302020034902e-02
1.508082577478762509e+00 1.056585692922499750e-02
1.509855363618730850e+00 9.953362438705412596e-03
1.511632322566598186e+00 9.279686020831111673e-03
1.513413469072741879e+00 8.554012849620198575e-03
1.515198817957142063e+00 7.791543714623540631e-03
1.516988384109793087e+00 7.012996059999329797e-03
1.518782182491116739e+00 6.243004298408601563e-03
1.520580228132380585e+00 5.507616880481876545e-03
1.522382536136117182e+00 4.831287059724550040e-03
1.524189121676545966e+00 4.233877742261394315e-03
1.526000000000000023e+00 3.728220788436841394e-03
