1.126000000000000112e+00 5.095906500608070956e-05
1.126987992296117014e+00 7.343912052436895395e-05
1.127977719913760390e+00 1.354677860722881084e-04
1.128969187428857879e+00 2.153048528817203639e-04
1.129962399433440456e+00 2.954040935125084254e-04
1.130957360535711942e+00 3.731801626564119141e-04
1.131954075360122047e+00 4.431000723919796547e-04
1.132952548547436100e+00 5.072138448669612871e-04
1.133952784754808318e+00 5.689841929610587245e-04
1.134954788655853974e+00 6.158086011504924732e-04
1.135958564940721782e+00 6.309540640916447285e-04
1.136964118316167838e+00 6.382653858788640746e-04
1.137971453505628228e+00 6.772252147603656817e-04
1.138980575249294080e+00 7.134921960486635554e-04
1.139991488304184397e+00 7.032669946648338133e-04
1.141004197444223101e+00 6.835406082633272437e-04
1.142018707460311200e+00 6.787991805478168269e-04
1.143035023160405395e+00 6.731195027455833544e-04
1.144053149369591793e+00 6.851429795653571266e-04
1.145073090930163184e+00 7.033531877863130697e-04
1.146094852701695865e+00 6.847987371796626080e-04
1.147118439561126468e+00 6.928910526705965665e-04
1.148143856402830121e+00 7.689534462671841850e-04
1.149171108138697273e+00 8.117064042656015012e-04
1.150200199698214076e+00 8.284624077418028566e-04
1.151231136028538549e+00 9.154205003092502060e-04
1.152263922094582727e+00 1.017320080145949282e-03
1.153298562879090827e+00 1.090921628255264774e-03
1.154335063382718740e+00 1.165513428246055770e-03
1.155373428624115739e+00 1.224903787610233602e-03
1.156413663640005973e+00 1.328913372430029233e-03
1.157455773485268402e+00 1.454005144527751496e-03
1.158499763233019175e+00 1.388079608469680636e-03
1.159545637974695120e+00 1.195502522417757688e-03
1.160593402820134123e+00 1.135804934487828289e-03
1.161643062897660617e+00 1.169403203249897447e-03
1.162694623354169066e+00 1.202551349037005515e-03
1.163748089355205462e+00 1.283083105150126637e-03
1.164803466085055916e+00 1.343567595782291712e-03
1.165860758746828818e+00 1.327687450482364440e-03
1.166919972562540542e+00 1.318042757214948251e-03
1.167981112773203378e+00 1.334656828835755057e-03
1.169044184638909245e+00 1.366978190885909756e-03
1.170109193438919171e+00 1.430214928090010841e-03
1.171176144471748781e+00 1.437466571837413233e-03
1.172245043055257785e+00 1.342198608829475075e-03
1.173315894526736125e+00 1.280298956642789317e-03
1.174388704242995241e+00 1.324885913434895902e-03
1.175463477580455329e+00 1.400979196035480063e-03
1.176540219935237941e+00 1.456718153776128625e-03
1.177618936723252130e+00 1.497824465793258378e-03
1.178699633380288825e+00 1.557727926992878795e-03
1.179782315362111200e+00 1.583427505869166316e-03
1.180866988144545493e+00 1.512732996928166460e-03
1.181953657223574483e+00 1.502014506352949020e-03
1.183042328115429642e+00 1.575889353220828910e-03
1.184133006356684392e+00 1.528492312274174402e-03
1.185225697504348696e+00 1.424605686808477940e-03
1.186320407135962984e+00 1.400512525703185652e-03
1.187417140849692743e+00 1.410499254319564711e-03
1.188515904264424883e+00 1.487327040976736854e-03
1.189616703019862110e+00 1.613760687408042705e-03
1.190719542776621509e+00 1.696328740046608398e-03
1.191824429216329584e+00 1.759391764185512519e-03
1.192931368041720619e+00 1.795540534118136638e-03
1.194040364976735713e+00 1.819216565125421521e-03
1.195151425766620035e+00 1.930262498022687623e-03
1.196264556178022742e+00 1.989394385468423038e-03
1.197379761999095793e+00 1.792421069031039987e-03
1.198497049039596751e+00 1.550013214891863026e-03
1.199616423130986265e+00 1.517163217811947924e-03
1.200737890126532648e+00 1.596498295785849170e-03
1.201861455901411802e+00 1.712179470207739586e-03
1.202987126352810021e+00 1.856813672349936486e-03
1.204114907400029022e+00 1.962180815695704558e-03
1.205244804984587415e+00 2.076555755449693147e-03
1.206376825070326175e+00 2.197940829068188891e-03
1.207510973643513230e+00 2.302041587990663433e-03
1.208647256712948925e+00 2.499666809402016111e-03
1.209785680310073053e+00 2.659228112876601754e-03
1.210926250489070988e+00 2.541668453180109723e-03
1.212068973326979604e+00 2.314712865129779900e-03
1.213213854923797186e+00 2.265565375176503780e-03
1.214360901402591786e+00 2.362553508477951026e-03
1.215510118909608916e+00 2.487558050816389248e-03
1.216661513614383239e+00 2.660822665927801804e-03
1.217815091709847364e+00 2.856122686283580313e-03
1.218970859412443097e+00 3.043791978023008184e-03
1.220128822962234905e+00 3.250472677250128718e-03
1.221288988623019378e+00 3.448187774395130613e-03
1.222451362682440701e+00 3.647225928561988618e-03
1.223615951452102335e+00 3.738530845844435617e-03
1.224782761267683151e+00 3.579887570524810901e-03
1.225951798489049782e+00 3.378422829016890141e-03
1.227123069500375196e+00 3.310087236366333376e-03
1.228296580710252384e+00 3.338336297317132627e-03
1.229472338551812483e+00 3.434768231722950659e-03
1.230650349482842243e+00 3.513099264416582376e-03
1.231830619985901931e+00 3.592237260242667988e-03
1.233013156568444346e+00 3.718789911090349121e-03
1.234197965762934945e+00 3.802336769129636626e-03
1.235385054126971083e+00 3.884398914403368406e-03
1.236574428243403911e+00 4.119898020655309370e-03
1.237766094720459620e+00 4.470271753733661042e-03
1.238960060191861778e+00 4.633771116228197276e-03
1.240156331316954574e+00 4.602509000191251816e-03
1.241354914780826935e+00 4.770231658755666113e-03
1.242555817294437093e+00 5.182704076351253228e-03
1.243759045594736268e+00 5.733876147658587344e-03
1.244964606444796784e+00 6.397362082511138734e-03
1.246172506633937749e+00 7.003038429180666324e-03
1.247382752977852505e+00 7.703658676559581309e-03
1.248595352318737195e+00 8.652965489660770573e-03
1.249810311525418882e+00 9.593737242160411266e-03
1.251027637493486333e+00 1.040454536250891640e-02
1.252247337145420136e+00 1.103657561516464998e-02
1.253469417430722599e+00 1.135644553548872081e-02
1.254693885326052527e+00 1.132148517738915464e-02
1.255920747835354900e+00 1.106438566494532399e-02
1.257150011989997207e+00 1.074892619802578740e-02
1.258381684848900894e+00 1.024964368881110983e-02
1.259615773498678593e+00 9.627327943993896700e-03
1.260852285053770450e+00 9.149344127321433137e-03
1.262091226656578691e+00 8.671235371322831217e-03
1.263332605477606396e+00 8.134440741607835632e-03
1.264576428715595835e+00 7.729044455673227468e-03
1.265822703597668353e+00 7.568647973624521678e-03
1.267071437379462040e+00 7.853240214193753926e-03
1.268322637345275172e+00 8.608162026165159381e-03
1.269576310808206099e+00 9.562197292998883547e-03
1.270832465110296461e+00 1.064947112431844332e-02
1.272091107622674411e+00 1.237332858244760345e-02
1.273352245745698719e+00 1.532878469350100643e-02
1.274615886909103546e+00 1.956179560583480928e-02
1.275882038572145216e+00 2.484554038314394295e-02
1.277150708223747877e+00 3.082549573007757962e-02
1.278421903382652269e+00 3.722401354110603522e-02
1.279695631597562944e+00 4.400611095887254492e-02
1.280971900447299028e+00 5.084148828129145259e-02
1.282250717540943441e+00 5.775279016148997246e-02
1.283532090517995217e+00 6.501983530896970898e-02
1.284816027048520271e+00 7.176038480210872317e-02
1.286102534833305722e+00 7.722072532284005031e-02
1.287391621604013325e+00 8.213914163104606148e-02
1.288683295123334016e+00 8.749938673429345781e-02
1.289977563185144005e+00 9.354193293250624708e-02
1.291274433614661987e+00 9.988366181826241474e-02
1.292573914268606350e+00 1.060261693874117034e-01
1.293876013035353711e+00 1.114615898885424200e-01
1.295180737835098794e+00 1.158162480570792685e-01
1.296488096620015629e+00 1.194130375064543365e-01
1.297798097374417203e+00 1.228368382950991433e-01
1.299110748114920444e+00 1.263441947965304180e-01
1.300426056890607862e+00 1.300893519247052765e-01
1.301744031783193201e+00 1.344292903145087037e-01
1.303064680907186412e+00 1.398170704588611313e-01
1.304388012410060194e+00 1.463046321833792740e-01
1.305714034472417628e+00 1.535132356427008626e-01
1.307042755308160942e+00 1.607844990247082884e-01
1.308374183164660698e+00 1.676633508988855936e-01
1.309708326322927663e+00 1.741473913410663821e-01
1.311045193097781558e+00 1.794870581851242541e-01
1.312384791838027587e+00 1.828624922528316599e-01
1.313727130926627851e+00 1.847209183040686986e-01
1.315072218780876323e+00 1.853124718141813676e-01
1.316420063852575595e+00 1.846526879135225729e-01
1.317770674628213401e+00 1.835947580149866476e-01
1.319124059629140922e+00 1.832794363306108343e-01
1.320480227411752194e+00 1.845946499745151070e-01
1.321839186567663527e+00 1.870553143133215634e-01
1.323200945723896238e+00 1.889513052537909465e-01
1.324565513543057849e+00 1.892136503473424158e-01
1.325932898723527265e+00 1.874646074574111976e-01
1.327303109999638409e+00 1.835262551418394839e-01
1.328676156141866516e+00 1.773400872855750432e-01
1.330052045957015094e+00 1.689312399776901619e-01
1.331430788288405109e+00 1.587114727189283259e-01
1.332812392016063274e+00 1.470454057633809597e-01
1.334196866056913677e+00 1.344237294180820053e-01
1.335584219364968961e+00 1.219096739982164085e-01
1.336974460931523057e+00 1.103344912977530651e-01
1.338367599785346362e+00 9.997205218528060211e-02
1.339763644992881142e+00 9.056990466727171674e-02
1.341162605658436702e+00 8.162999018286791475e-02
1.342564490924390119e+00 7.307428512252389652e-02
1.343969309971381643e+00 6.486145101590945483e-02
1.345377072018519193e+00 5.676452199565564655e-02
1.346787786323576430e+00 4.880653792572517413e-02
1.348201462183198140e+00 4.123859295756989590e-02
1.349618108933102745e+00 3.436204551794579815e-02
1.351037735948290130e+00 2.829624945484006740e-02
1.352460352643244823e+00 2.305823871730290631e-02
1.353885968472148260e+00 1.873115411241684652e-02
1.355314592929085071e+00 1.518698482321641577e-02
1.356746235548255131e+00 1.216053308152671535e-02
1.358180905904185831e+00 9.567433689644477129e-03
1.359618613611944804e+00 7.454863340388915779e-03
1.361059368327355079e+00 5.755893786550049691e-03
1.362503179747211357e+00 4.309733051805889059e-03
1.363950057609498057e+00 3.128336831341991565e-03
1.365400011693606253e+00 2.237917221354151446e-03
1.366853051820556830e+00 1.547603759879417461e-03
1.368309187853220088e+00 1.060012251959020204e-03
1.369768429696540002e+00 8.038942437426429156e-04
1.371230787297757381e+00 7.592049322245642299e-04
1.372696270646638572e+00 8.724065388194105798e-04
1.374164889775699727e+00 1.060003724488417943e-03
1.375636654760438393e+00 1.304726805365585612e-03
1.377111575719562442e+00 1.601095586933985000e-03
1.378589662815221883e+00 1.950834743548786809e-03
1.380070926253243568e+00 2.416103879286193943e-03
1.381555376283364778e+00 3.027369040415265992e-03
1.383043023199470367e+00 3.776548945832678902e-03
1.384533877339829910e+00 4.668318035271691244e-03
1.386027949087338174e+00 5.654049004642141239e-03
1.387525248869755812e+00 6.497147195621008967e-03
1.389025787159951619e+00 6.971778097530819882e-03
1.390529574476147223e+00 7.234189450037151019e-03
1.392036621382161998e+00 7.607597821493934306e-03
1.393546938487661091e+00 8.191847529954133025e-03
1.395060536448405220e+00 8.907832427495685629e-03
1.396577425966499586e+00 9.645116812598686709e-03
1.398097617790646341e+00 1.029914188253605242e-02
1.399621122716400601e+00 1.079732973260854809e-02
1.401147951586422913e+00 1.112400709698155125e-02
1.402678115290738603e+00 1.125889682502372903e-02
1.404211624766996236e+00 1.120721449517366602e-02
1.405748491000727851e+00 1.105181912823540759e-02
1.407288725025611198e+00 1.080069758653757345e-02
1.408832337923734634e+00 1.045098383711086723e-02
1.410379340825861805e+00 1.012485492743506882e-02
1.411929744911700313e+00 9.906397988329065235e-03
1.413483561410169731e+00 9.780833782749723607e-03
1.415040801599673825e+00 9.709301834085594038e-03
1.416601476808373228e+00 9.676481302892333408e-03
1.418165598414459661e+00 9.664896584899855189e-03
1.419733177846432826e+00 9.637526256451355369e-03
1.421304226583378183e+00 9.612014953320025673e-03
1.422878756155248059e+00 9.561632696931813072e-03
1.424456778143142976e+00 9.428014481289043527e-03
1.426038304179596539e+00 9.243974512608192293e-03
1.427623345948860090e+00 9.035016317637801359e-03
1.429211915187190263e+00 8.848991723081808466e-03
1.430804023683140525e+00 8.721947060480645525e-03
1.432399683277851388e+00 8.634258478263441561e-03
1.433998905865343287e+00 8.623084957685628327e-03
1.435601703392814343e+00 8.639916694491081919e-03
1.437208087860935457e+00 8.630529309431285781e-03
1.438818071324151404e+00 8.637251669938133050e-03
1.440431665890981705e+00 8.596999913740842672e-03
1.442048883724324604e+00 8.491723063514894365e-03
1.443669737041762158e+00 8.352306441936289960e-03
1.445294238115867769e+00 8.136428990467793956e-03
1.446922399274517490e+00 7.900383777825308040e-03
1.448554232901199557e+00 7.700682715237738320e-03
1.450189751435329688e+00 7.549462605492156253e-03
1.451828967372567725e+00 7.466323850961719896e-03
1.453471893265134263e+00 7.404945208980847834e-03
1.455118541722132175e+00 7.368650687167229395e-03
1.456768925409868798e+00 7.358007372932364419e-03
1.458423057052181004e+00 7.328143638270567112e-03
1.460080949430762276e+00 7.294316056159802844e-03
1.461742615385490884e+00 7.237757289706049993e-03
1.463408067814762958e+00 7.149000885944189511e-03
1.465077319675824219e+00 7.053305476080923113e-03
1.466750383985108819e+00 6.951234524698162234e-03
1.468427273818574630e+00 6.888005404635308762e-03
1.470108002312046080e+00 6.868808920710935996e-03
1.471792582661556104e+00 6.877637179978743527e-03
1.473481028123691416e+00 6.956062890319639896e-03
1.475173352015941353e+00 7.073170178616090820e-03
1.476869567717046916e+00 7.168457114686769237e-03
1.478569688667353610e+00 7.264564143835423871e-03
1.480273728369166264e+00 7.390193466244555746e-03
1.481981700387106970e+00 7.468872049084053326e-03
1.483693618348475241e+00 7.407984369597804888e-03
1.485409495943609492e+00 7.267064307138086827e-03
1.487129346926251872e+00 7.122207519488789849e-03
1.488853185113917732e+00 6.962679696553198197e-03
1.490581024388262232e+00 6.785307719725284549e-03
1.492312878695457590e+00 6.583963096093454342e-03
1.494048762046563450e+00 6.390345443002171805e-03
1.495788688517908360e+00 6.222939444862976566e-03
1.497532672251467467e+00 5.997250534722613387e-03
1.499280727455248874e+00 5.698649923283572935e-03
1.501032868403676668e+00 5.364026700910649002e-03
1.502789109437979942e+00 4.947738632978372110e-03
1.504549464966586036e+00 4.462213238857876650e-03
1.506313949465511781e+00 3.988744188560034570e-03
1.508082577478762509e+00 3.525768178484330485e-03
1.509855363618730850e+00 3.047034113341862051e-03
1.511632322566598186e+00 2.590888926359725866e-03
1.513413469072741879e+00 2.184238308384371663e-03
1.515198817957142063e+00 1.818262138000746207e-03
1.516988384109793087e+00 1.493582564779350266e-03
1.518782182491116739e+00 1.204272052758362287e-03
1.520580228132380585e+00 9.557461359355316505e-04
1.522382536136117182e+00 7.665878244033332489e-04
1.524189121676545966e+00 6.284157846492899931e-04
1.526000000000000023e+00 5.288986926397746136e-04
