1.126000000000000112e+00 6.462662887913497636e-06
1.126987992296117014e+00 2.520760628349035911e-05
1.127977719913760390e+00 7.679319663963284841e-05
1.128969187428857879e+00 1.567942098888208723e-04
1.129962399433440456e+00 2.437702791535637686e-04
1.130957360535711942e+00 3.261524759292639525e-04
1.131954075360122047e+00 4.108040075129341961e-04
1.132952548547436100e+00 5.031739898165367734e-04
1.133952784754808318e+00 5.882010436868077537e-04
1.134954788655853974e+00 6.338998885801015856e-04
1.135958564940721782e+00 6.444430217037419627e-04
1.136964118316167838e+00 6.745652748629366816e-04
1.137971453505628228e+00 7.385809351395456260e-04
1.138980575249294080e+00 7.820050958842199480e-04
1.139991488304184397e+00 7.833839645212535736e-04
1.141004197444223101e+00 7.787156730332802854e-04
1.142018707460311200e+00 7.796460624523892302e-04
1.143035023160405395e+00 7.782843664182846751e-04
1.144053149369591793e+00 7.906336599578906409e-04
1.145073090930163184e+00 8.045510198700974586e-04
1.146094852701695865e+00 7.949345335244211103e-04
1.147118439561126468e+00 8.183655695177511442e-04
1.148143856402830121e+00 9.121025349379735048e-04
1.149171108138697273e+00 9.919846720296617449e-04
1.150200199698214076e+00 1.028127118032459448e-03
1.151231136028538549e+00 1.090817891480538697e-03
1.152263922094582727e+00 1.177456987724013809e-03
1.153298562879090827e+00 1.257887986632770560e-03
1.154335063382718740e+00 1.341859592803837853e-03
1.155373428624115739e+00 1.414907822900096776e-03
1.156413663640005973e+00 1.516770639462742707e-03
1.157455773485268402e+00 1.650020585087829620e-03
1.158499763233019175e+00 1.624142481012220800e-03
1.159545637974695120e+00 1.425790496015443259e-03
1.160593402820134123e+00 1.334931574530602485e-03
1.161643062897660617e+00 1.399156484809934309e-03
1.162694623354169066e+00 1.449691352521867080e-03
1.163748089355205462e+00 1.481411889597798390e-03
1.164803466085055916e+00 1.505368008054876845e-03
1.165860758746828818e+00 1.477355082019742418e-03
1.166919972562540542e+00 1.443550930682582474e-03
1.167981112773203378e+00 1.424669889060595045e-03
1.169044184638909245e+00 1.421616737739286873e-03
1.170109193438919171e+00 1.473112533593302518e-03
1.171176144471748781e+00 1.491048139127351376e-03
1.172245043055257785e+00 1.385032936413766423e-03
1.173315894526736125e+00 1.268005922682694138e-03
1.174388704242995241e+00 1.243344771374776296e-03
1.175463477580455329e+00 1.268221423635981478e-03
1.176540219935237941e+00 1.290710948170091738e-03
1.177618936723252130e+00 1.310355164079429757e-03
1.178699633380288825e+00 1.340052858379052947e-03
1.179782315362111200e+00 1.343411886578048907e-03
1.180866988144545493e+00 1.288682198458107782e-03
1.181953657223574483e+00 1.248421187251296275e-03
1.183042328115429642e+00 1.250663247722916564e-03
1.184133006356684392e+00 1.221075447944450481e-03
1.185225697504348696e+00 1.171349673772531389e-03
1.186320407135962984e+00 1.149714869366590467e-03
1.187417140849692743e+00 1.155598356555876706e-03
1.188515904264424883e+00 1.230703552512859992e-03
1.189616703019862110e+00 1.361994491454988085e-03
1.190719542776621509e+00 1.463346498485367051e-03
1.191824429216329584e+00 1.539939337272948653e-03
1.192931368041720619e+00 1.600828855638613017e-03
1.194040364976735713e+00 1.635976363199388890e-03
1.195151425766620035e+00 1.711753604759242136e-03
1.196264556178022742e+00 1.769647448630639209e-03
1.197379761999095793e+00 1.676175844075721661e-03
1.198497049039596751e+00 1.554316144708552247e-03
1.199616423130986265e+00 1.579801980935488688e-03
1.200737890126532648e+00 1.715305508606120195e-03
1.201861455901411802e+00 1.895445700108810494e-03
1.202987126352810021e+00 2.079351746361982316e-03
1.204114907400029022e+00 2.223479534466541330e-03
1.205244804984587415e+00 2.359703724126112692e-03
1.206376825070326175e+00 2.477504380142827537e-03
1.207510973643513230e+00 2.551991522245636908e-03
1.208647256712948925e+00 2.673940842850241074e-03
1.209785680310073053e+00 2.782071868924927346e-03
1.210926250489070988e+00 2.693496665764567692e-03
1.212068973326979604e+00 2.538172994932216906e-03
1.213213854923797186e+00 2.535396397936028404e-03
1.214360901402591786e+00 2.615142333198412859e-03
1.215510118909608916e+00 2.697298529317177646e-03
1.216661513614383239e+00 2.823579757367427126e-03
1.217815091709847364e+00 2.979515757285805099e-03
1.218970859412443097e+00 3.157475429167357767e-03
1.220128822962234905e+00 3.360703421563766575e-03
1.221288988623019378e+00 3.564497464626045775e-03
1.222451362682440701e+00 3.790505891936680333e-03
1.223615951452102335e+00 3.939096221596160262e-03
1.224782761267683151e+00 3.839630316590501771e-03
1.225951798489049782e+00 3.656303595275775357e-03
1.227123069500375196e+00 3.679063446160067002e-03
1.228296580710252384e+00 3.886230239851720149e-03
1.229472338551812483e+00 4.142125256100313672e-03
1.230650349482842243e+00 4.387881900096917732e-03
1.231830619985901931e+00 4.591164461342828532e-03
1.233013156568444346e+00 4.777783772132272906e-03
1.234197965762934945e+00 4.912190000727677773e-03
1.235385054126971083e+00 4.936885532696108810e-03
1.236574428243403911e+00 4.980343554900499604e-03
1.237766094720459620e+00 5.060411822380691226e-03
1.238960060191861778e+00 4.957902284470681528e-03
1.240156331316954574e+00 4.690872347876466793e-03
1.241354914780826935e+00 4.490405083373851490e-03
1.242555817294437093e+00 4.419630561232189107e-03
1.243759045594736268e+00 4.455674872991552057e-03
1.244964606444796784e+00 4.571248222241829952e-03
1.246172506633937749e+00 4.728714632382743574e-03
1.247382752977852505e+00 5.049829278975685037e-03
1.248595352318737195e+00 5.670030359639188604e-03
1.249810311525418882e+00 6.483466767417727684e-03
1.251027637493486333e+00 7.353820647226352002e-03
1.252247337145420136e+00 8.255368613701742977e-03
1.253469417430722599e+00 9.088894970048977048e-03
1.254693885326052527e+00 9.809066007232969397e-03
1.255920747835354900e+00 1.062516674543108330e-02
1.257150011989997207e+00 1.159047026262120111e-02
1.258381684848900894e+00 1.237328071578743492e-02
1.259615773498678593e+00 1.287171355779578863e-02
1.260852285053770450e+00 1.332677662740578556e-02
1.262091226656578691e+00 1.364448329297269884e-02
1.263332605477606396e+00 1.357515770223900742e-02
1.264576428715595835e+00 1.327251527909061903e-02
1.265822703597668353e+00 1.291354383150591228e-02
1.267071437379462040e+00 1.251426409424714198e-02
1.268322637345275172e+00 1.223367230304798006e-02
1.269576310808206099e+00 1.210259141601997476e-02
1.270832465110296461e+00 1.203725787967747582e-02
1.272091107622674411e+00 1.236125215596820329e-02
1.273352245745698719e+00 1.349568835229735322e-02
1.274615886909103546e+00 1.549793454328584827e-02
1.275882038572145216e+00 1.833533672330047229e-02
1.277150708223747877e+00 2.198644003539557482e-02
1.278421903382652269e+00 2.629379252595217403e-02
1.279695631597562944e+00 3.103132541831261221e-02
1.280971900447299028e+00 3.596691801258208171e-02
1.282250717540943441e+00 4.094098230700331242e-02
1.283532090517995217e+00 4.585476652629171673e-02
1.284816027048520271e+00 5.074708355388649061e-02
1.286102534833305722e+00 5.629080766340550934e-02
1.287391621604013325e+00 6.340461621632104139e-02
1.288683295123334016e+00 7.195016006031318412e-02
1.289977563185144005e+00 8.106114415758655656e-02
1.291274433614661987e+00 9.046919855577036096e-02
1.292573914268606350e+00 1.000867580906869420e-01
1.293876013035353711e+00 1.091985997571865014e-01
1.295180737835098794e+00 1.170899259438745593e-01
1.296488096620015629e+00 1.235789077420735016e-01
1.297798097374417203e+00 1.287785555529794013e-01
1.299110748114920444e+00 1.328474733144890119e-01
1.300426056890607862e+00 1.359166362904811187e-01
1.301744031783193201e+00 1.388082453416964179e-01
1.303064680907186412e+00 1.435154177936091846e-01
1.304388012410060194e+00 1.513474581604456193e-01
1.305714034472417628e+00 1.613137668741493891e-01
1.307042755308160942e+00 1.716291716751622565e-01
1.308374183164660698e+00 1.811970555986325837e-01
1.309708326322927663e+00 1.892559448320554893e-01
1.311045193097781558e+00 1.954148404977900377e-01
1.312384791838027587e+00 1.994777803710310327e-01
1.313727130926627851e+00 2.006975123054235977e-01
1.315072218780876323e+00 1.987119983909224619e-01
1.316420063852575595e+00 1.945494638986025038e-01
1.317770674628213401e+00 1.898267390577906000e-01
1.319124059629140922e+00 1.863101668556299273e-01
1.320480227411752194e+00 1.853160596125162651e-01
1.321839186567663527e+00 1.861638824998675668e-01
1.323200945723896238e+00 1.870090839349015099e-01
1.324565513543057849e+00 1.868866311153299653e-01
1.325932898723527265e+00 1.851736938124727005e-01
1.327303109999638409e+00 1.810961175122789979e-01
1.328676156141866516e+00 1.747823860406464702e-01
1.330052045957015094e+00 1.668342312524450644e-01
1.331430788288405109e+00 1.574900184660805724e-01
1.332812392016063274e+00 1.471770291708851264e-01
1.334196866056913677e+00 1.363994505594062767e-01
1.335584219364968961e+00 1.253060354220395523e-01
1.336974460931523057e+00 1.142797393912836773e-01
1.338367599785346362e+00 1.038007197286095196e-01
1.339763644992881142e+00 9.370651500619549268e-02
1.341162605658436702e+00 8.363646242339992098e-02
1.342564490924390119e+00 7.359583288633976539e-02
1.343969309971381643e+00 6.370935078300399290e-02
1.345377072018519193e+00 5.413786062239554775e-02
1.346787786323576430e+00 4.516894927676343152e-02
1.348201462183198140e+00 3.706650657673163374e-02
1.349618108933102745e+00 2.998473548843762562e-02
1.351037735948290130e+00 2.394551223217399397e-02
1.352460352643244823e+00 1.883795188745969809e-02
1.353885968472148260e+00 1.458060936454389465e-02
1.355314592929085071e+00 1.116523280280412589e-02
1.356746235548255131e+00 8.509815312844164203e-03
1.358180905904185831e+00 6.481834285402432276e-03
1.359618613611944804e+00 5.004020781112743579e-03
1.361059368327355079e+00 3.977259266333474721e-03
1.362503179747211357e+00 3.246146891351291922e-03
1.363950057609498057e+00 2.724628224823567087e-03
1.365400011693606253e+00 2.388945668775814199e-03
1.366853051820556830e+00 2.169708572689013626e-03
1.368309187853220088e+00 2.010690093192678708e-03
1.369768429696540002e+00 1.929580137743289615e-03
1.371230787297757381e+00 1.922596585763929706e-03
1.372696270646638572e+00 1.949668127322427879e-03
1.374164889775699727e+00 2.015615950980766471e-03
1.375636654760438393e+00 2.139402419858970825e-03
1.377111575719562442e+00 2.308530700534995508e-03
1.378589662815221883e+00 2.530396346366047683e-03
1.380070926253243568e+00 2.836887785308633836e-03
1.381555376283364778e+00 3.216801229355623504e-03
1.383043023199470367e+00 3.624951603342489205e-03
1.384533877339829910e+00 4.069435563706861290e-03
1.386027949087338174e+00 4.600910994910480112e-03
1.387525248869755812e+00 5.161085847928014413e-03
1.389025787159951619e+00 5.560400808027696901e-03
1.390529574476147223e+00 5.720371261996404742e-03
1.392036621382161998e+00 5.801184680121092285e-03
1.393546938487661091e+00 5.986722173468852874e-03
1.395060536448405220e+00 6.311922876087497011e-03
1.396577425966499586e+00 6.737046505436868581e-03
1.398097617790646341e+00 7.206176166016045430e-03
1.399621122716400601e+00 7.653315358266162341e-03
1.401147951586422913e+00 8.055816531003009290e-03
1.402678115290738603e+00 8.409967693032973854e-03
1.404211624766996236e+00 8.674179227577873824e-03
1.405748491000727851e+00 8.829241429038982986e-03
1.407288725025611198e+00 8.907840643472960881e-03
1.408832337923734634e+00 8.948818260418305720e-03
1.410379340825861805e+00 9.011989731252700517e-03
1.411929744911700313e+00 9.165750543031658121e-03
1.413483561410169731e+00 9.407320012779264023e-03
1.415040801599673825e+00 9.678329394565459570e-03
1.416601476808373228e+00 9.941728930339181064e-03
1.418165598414459661e+00 1.019297599971353413e-02
1.419733177846432826e+00 1.044208791448641635e-02
1.421304226583378183e+00 1.069015145937493756e-02
1.422878756155248059e+00 1.089997459153688002e-02
1.424456778143142976e+00 1.102242213124627994e-02
1.426038304179596539e+00 1.105077321417110431e-02
1.427623345948860090e+00 1.101257295517336747e-02
1.429211915187190263e+00 1.093329350258942338e-02
1.430804023683140525e+00 1.083842643706480618e-02
1.432399683277851388e+00 1.074563932123243949e-02
1.433998905865343287e+00 1.063891095694468290e-02
1.435601703392814343e+00 1.050049103470370414e-02
1.437208087860935457e+00 1.034068285832352718e-02
1.438818071324151404e+00 1.015999032904575314e-02
1.440431665890981705e+00 9.950867633912448967e-03
1.442048883724324604e+00 9.726364165135103004e-03
1.443669737041762158e+00 9.483077356169785851e-03
1.445294238115867769e+00 9.205628370195652332e-03
1.446922399274517490e+00 8.920422710829749996e-03
1.448554232901199557e+00 8.664881969955767760e-03
1.450189751435329688e+00 8.446985045672886216e-03
1.451828967372567725e+00 8.260582052454125065e-03
1.453471893265134263e+00 8.090314128324704521e-03
1.455118541722132175e+00 7.928057438540395477e-03
1.456768925409868798e+00 7.771802778457351929e-03
1.458423057052181004e+00 7.594057450425787358e-03
1.460080949430762276e+00 7.388425129558771377e-03
1.461742615385490884e+00 7.183140870773079695e-03
1.463408067814762958e+00 6.946301147846708178e-03
1.465077319675824219e+00 6.618256432075063540e-03
1.466750383985108819e+00 6.215650967729585349e-03
1.468427273818574630e+00 5.782087727386660443e-03
1.470108002312046080e+00 5.345377594751126067e-03
1.471792582661556104e+00 4.943694636462467144e-03
1.473481028123691416e+00 4.585666363639193804e-03
1.475173352015941353e+00 4.265687928048913537e-03
1.476869567717046916e+00 4.023711104213157329e-03
1.478569688667353610e+00 3.873102791380535984e-03
1.480273728369166264e+00 3.767305935277781744e-03
1.481981700387106970e+00 3.686459317673266168e-03
1.483693618348475241e+00 3.624331006403016305e-03
1.485409495943609492e+00 3.553867797972061308e-03
1.487129346926251872e+00 3.503290698099310180e-03
1.488853185113917732e+00 3.545037197028611323e-03
1.490581024388262232e+00 3.691703491391561294e-03
1.492312878695457590e+00 3.906702617631882014e-03
1.494048762046563450e+00 4.166918632719379852e-03
1.495788688517908360e+00 4.450259986757860130e-03
1.497532672251467467e+00 4.712437677071490763e-03
1.499280727455248874e+00 4.908930438827219071e-03
1.501032868403676668e+00 5.029950451822333066e-03
1.502789109437979942e+00 5.086962379988624328e-03
1.504549464966586036e+00 5.054293543595347188e-03
1.506313949465511781e+00 4.879419200768194895e-03
1.508082577478762509e+00 4.558712933258657340e-03
1.509855363618730850e+00 4.141957741651184841e-03
1.511632322566598186e+00 3.686270548871745101e-03
1.513413469072741879e+00 3.243817879684189609e-03
1.515198817957142063e+00 2.850829269622174450e-03
1.516988384109793087e+00 2.520042559827774965e-03
1.518782182491116739e+00 2.255883951413059207e-03
1.520580228132380585e+00 2.051525633958329632e-03
1.522382536136117182e+00 1.885532142875648472e-03
1.524189121676545966e+00 1.735118634939459203e-03
1.526000000000000023e+00 1.577512816401254207e-03
