1.126000000000000112e+00 2.150250383969699081e-06
1.126987992296117014e+00 1.890717530659056069e-05
1.127977719913760390e+00 5.312081938895302994e-05
1.128969187428857879e+00 1.250193362727602378e-04
1.129962399433440456e+00 2.265317281872077744e-04
1.130957360535711942e+00 3.035475882627995691e-04
1.131954075360122047e+00 3.490784433859098635e-04
1.132952548547436100e+00 4.059287142002898988e-04
1.133952784754808318e+00 4.688282272223217055e-04
1.134954788655853974e+00 5.223425937793602829e-04
1.135958564940721782e+00 5.822658681744930127e-04
1.136964118316167838e+00 6.112538381154088585e-04
1.137971453505628228e+00 5.892174850567150155e-04
1.138980575249294080e+00 5.961723187252042800e-04
1.139991488304184397e+00 6.371221816989413233e-04
1.141004197444223101e+00 6.400395873545219145e-04
1.142018707460311200e+00 6.360380548779798844e-04
1.143035023160405395e+00 6.535742702756197836e-04
1.144053149369591793e+00 6.523637612598148306e-04
1.145073090930163184e+00 6.524594136578955707e-04
1.146094852701695865e+00 6.734449603784731838e-04
1.147118439561126468e+00 7.079398512392660187e-04
1.148143856402830121e+00 7.821226731756945535e-04
1.149171108138697273e+00 8.431630314168665763e-04
1.150200199698214076e+00 8.326382325681704706e-04
1.151231136028538549e+00 8.505190059872057328e-04
1.152263922094582727e+00 9.584882678847844121e-04
1.153298562879090827e+00 1.065979884536307799e-03
1.154335063382718740e+00 1.111117339243167419e-03
1.155373428624115739e+00 1.133488105180760139e-03
1.156413663640005973e+00 1.219263702991631865e-03
1.157455773485268402e+00 1.359146134797384071e-03
1.158499763233019175e+00 1.385806490081975713e-03
1.159545637974695120e+00 1.258268263365971713e-03
1.160593402820134123e+00 1.188262505369275333e-03
1.161643062897660617e+00 1.285334265922950282e-03
1.162694623354169066e+00 1.383786244909266609e-03
1.163748089355205462e+00 1.336661469263780884e-03
1.164803466085055916e+00 1.231740970707080954e-03
1.165860758746828818e+00 1.201546496500047840e-03
1.166919972562540542e+00 1.214848412177860345e-03
1.167981112773203378e+00 1.207348417474556025e-03
1.169044184638909245e+00 1.215647165325693278e-03
1.170109193438919171e+00 1.276233399576514986e-03
1.171176144471748781e+00 1.340224476635085453e-03
1.172245043055257785e+00 1.310338688952903709e-03
1.173315894526736125e+00 1.180434646727825110e-03
1.174388704242995241e+00 1.083850700791642082e-03
1.175463477580455329e+00 1.067312752784425672e-03
1.176540219935237941e+00 1.038305995149526586e-03
1.177618936723252130e+00 1.010765212637477562e-03
1.178699633380288825e+00 1.056453347921248401e-03
1.179782315362111200e+00 1.098136718594037563e-03
1.180866988144545493e+00 1.061457406014659635e-03
1.181953657223574483e+00 1.037919250064705048e-03
1.183042328115429642e+00 1.085693139620825523e-03
1.184133006356684392e+00 1.108660268229253506e-03
1.185225697504348696e+00 1.074254945866099818e-03
1.186320407135962984e+00 1.053107344711693826e-03
1.187417140849692743e+00 1.034956880210011719e-03
1.188515904264424883e+00 1.015924141345927447e-03
1.189616703019862110e+00 1.043681921595474059e-03
1.190719542776621509e+00 1.069319427429499562e-03
1.191824429216329584e+00 1.088054677576738181e-03
1.192931368041720619e+00 1.188524088959065856e-03
1.194040364976735713e+00 1.346218809254874854e-03
1.195151425766620035e+00 1.496466082190738489e-03
1.196264556178022742e+00 1.578302161473352011e-03
1.197379761999095793e+00 1.519005932245973264e-03
1.198497049039596751e+00 1.439768475780497806e-03
1.199616423130986265e+00 1.487001606164885161e-03
1.200737890126532648e+00 1.577376604350322732e-03
1.201861455901411802e+00 1.623647443091510512e-03
1.202987126352810021e+00 1.615647614760361978e-03
1.204114907400029022e+00 1.599216378322999323e-03
1.205244804984587415e+00 1.699292340061483563e-03
1.206376825070326175e+00 1.862373181287064203e-03
1.207510973643513230e+00 1.981837213789871405e-03
1.208647256712948925e+00 2.164514677290015933e-03
1.209785680310073053e+00 2.346858728355136897e-03
1.210926250489070988e+00 2.336708925032735147e-03
1.212068973326979604e+00 2.282563666016688454e-03
1.213213854923797186e+00 2.330192241925745956e-03
1.214360901402591786e+00 2.347029168901375567e-03
1.215510118909608916e+00 2.312722628904656779e-03
1.216661513614383239e+00 2.313984092350766190e-03
1.217815091709847364e+00 2.344327729354463326e-03
1.218970859412443097e+00 2.459317352066680857e-03
1.220128822962234905e+00 2.684769128797557299e-03
1.221288988623019378e+00 2.870294471256767781e-03
1.222451362682440701e+00 3.006896262359358418e-03
1.223615951452102335e+00 3.179136562430356569e-03
1.224782761267683151e+00 3.192842345279144241e-03
1.225951798489049782e+00 3.002157176693017512e-03
1.227123069500375196e+00 2.961543765529334876e-03
1.228296580710252384e+00 3.125707729392210830e-03
1.229472338551812483e+00 3.260918885039751358e-03
1.230650349482842243e+00 3.389379235837652014e-03
1.231830619985901931e+00 3.536286483695803493e-03
1.233013156568444346e+00 3.624237036138150837e-03
1.234197965762934945e+00 3.670966419108121371e-03
1.235385054126971083e+00 3.651784018533850602e-03
1.236574428243403911e+00 3.609628734653986658e-03
1.237766094720459620e+00 3.620447069844997135e-03
1.238960060191861778e+00 3.585922099582868061e-03
1.240156331316954574e+00 3.569740515321284408e-03
1.241354914780826935e+00 3.657679412158905147e-03
1.242555817294437093e+00 3.622605551159209514e-03
1.243759045594736268e+00 3.465574150928945035e-03
1.244964606444796784e+00 3.433863542986582452e-03
1.246172506633937749e+00 3.538780340716020986e-03
1.247382752977852505e+00 3.792725291149323663e-03
1.248595352318737195e+00 4.271880056598217033e-03
1.249810311525418882e+00 4.909745073628484467e-03
1.251027637493486333e+00 5.649044370605533008e-03
1.252247337145420136e+00 6.457174721804722316e-03
1.253469417430722599e+00 7.198260504600069790e-03
1.254693885326052527e+00 7.650636734183829772e-03
1.255920747835354900e+00 7.854490551109148330e-03
1.257150011989997207e+00 8.246778225528834938e-03
1.258381684848900894e+00 8.844481141631372820e-03
1.259615773498678593e+00 9.221576095748864124e-03
1.260852285053770450e+00 9.514440181912185712e-03
1.262091226656578691e+00 9.978670697315910124e-03
1.263332605477606396e+00 1.036734581257734746e-02
1.264576428715595835e+00 1.052905497576958442e-02
1.265822703597668353e+00 1.039531011447612438e-02
1.267071437379462040e+00 9.922995691532952856e-03
1.268322637345275172e+00 9.431204143789777283e-03
1.269576310808206099e+00 9.092312814762557732e-03
1.270832465110296461e+00 8.858433546175194240e-03
1.272091107622674411e+00 9.041683883072394734e-03
1.273352245745698719e+00 1.011032547923374110e-02
1.274615886909103546e+00 1.218321732572248163e-02
1.275882038572145216e+00 1.487781026194532306e-02
1.277150708223747877e+00 1.799594880885527215e-02
1.278421903382652269e+00 2.201303813662962988e-02
1.279695631597562944e+00 2.683906603524410447e-02
1.280971900447299028e+00 3.160265060083014554e-02
1.282250717540943441e+00 3.600340611974224558e-02
1.283532090517995217e+00 4.004807498331322546e-02
1.284816027048520271e+00 4.388017942599423127e-02
1.286102534833305722e+00 4.820778259489643530e-02
1.287391621604013325e+00 5.311548590173409412e-02
1.288683295123334016e+00 5.843824861628683920e-02
1.289977563185144005e+00 6.504985168504402726e-02
1.291274433614661987e+00 7.283419598455218025e-02
1.292573914268606350e+00 8.026692072602466255e-02
1.293876013035353711e+00 8.749491968147400656e-02
1.295180737835098794e+00 9.565673995109809369e-02
1.296488096620015629e+00 1.039112740301030985e-01
1.297798097374417203e+00 1.105007821049347888e-01
1.299110748114920444e+00 1.145331366245610771e-01
1.300426056890607862e+00 1.156658928806995335e-01
1.301744031783193201e+00 1.151089841629048677e-01
1.303064680907186412e+00 1.160354233468184892e-01
1.304388012410060194e+00 1.207366312032565892e-01
1.305714034472417628e+00 1.293763797345089117e-01
1.307042755308160942e+00 1.403038115343395176e-01
1.308374183164660698e+00 1.493068449580887136e-01
1.309708326322927663e+00 1.538026950459565056e-01
1.311045193097781558e+00 1.574226851514172465e-01
1.312384791838027587e+00 1.632362192601304052e-01
1.313727130926627851e+00 1.679812836528624675e-01
1.315072218780876323e+00 1.690168697960647559e-01
1.316420063852575595e+00 1.679921772308045347e-01
1.317770674628213401e+00 1.654654223722735462e-01
1.319124059629140922e+00 1.603534126879673782e-01
1.320480227411752194e+00 1.542196832074315960e-01
1.321839186567663527e+00 1.509222374731525318e-01
1.323200945723896238e+00 1.515779485634499990e-01
1.324565513543057849e+00 1.522455935673922567e-01
1.325932898723527265e+00 1.491943393389283667e-01
1.327303109999638409e+00 1.439012834994802537e-01
1.328676156141866516e+00 1.394827252963475872e-01
1.330052045957015094e+00 1.360713505497487819e-01
1.331430788288405109e+00 1.319960474141138318e-01
1.332812392016063274e+00 1.262561244381177616e-01
1.334196866056913677e+00 1.188896723617593465e-01
1.335584219364968961e+00 1.100159366348825440e-01
1.336974460931523057e+00 9.957841084022821254e-02
1.338367599785346362e+00 8.821021391468975015e-02
1.339763644992881142e+00 7.664091693892179091e-02
1.341162605658436702e+00 6.521055202383436999e-02
1.342564490924390119e+00 5.531309630632048890e-02
1.343969309971381643e+00 4.824562856942362504e-02
1.345377072018519193e+00 4.264418977976928982e-02
1.346787786323576430e+00 3.648894391915234042e-02
1.348201462183198140e+00 3.000903338900963446e-02
1.349618108933102745e+00 2.435546018008656263e-02
1.351037735948290130e+00 1.962262606605730264e-02
1.352460352643244823e+00 1.538503063759570633e-02
1.353885968472148260e+00 1.172077329368016903e-02
1.355314592929085071e+00 8.943000677777311266e-03
1.356746235548255131e+00 6.946474298871800797e-03
1.358180905904185831e+00 5.411087545306175403e-03
1.359618613611944804e+00 4.224374961876712319e-03
1.361059368327355079e+00 3.341608537693475500e-03
1.362503179747211357e+00 2.699384433139444869e-03
1.363950057609498057e+00 2.312247010745177231e-03
1.365400011693606253e+00 2.132536408315789146e-03
1.366853051820556830e+00 2.018857341036848704e-03
1.368309187853220088e+00 1.923098454133882447e-03
1.369768429696540002e+00 1.851499523475970193e-03
1.371230787297757381e+00 1.776728070710616603e-03
1.372696270646638572e+00 1.780439547646433390e-03
1.374164889775699727e+00 1.979153155424824475e-03
1.375636654760438393e+00 2.264393641645657141e-03
1.377111575719562442e+00 2.470948488570522301e-03
1.378589662815221883e+00 2.605995732743316817e-03
1.380070926253243568e+00 2.696881735111886658e-03
1.381555376283364778e+00 2.778866991210182137e-03
1.383043023199470367e+00 2.977510950296525984e-03
1.384533877339829910e+00 3.317848550970724317e-03
1.386027949087338174e+00 3.689015901848342882e-03
1.387525248869755812e+00 4.021009267487809548e-03
1.389025787159951619e+00 4.294368750175372139e-03
1.390529574476147223e+00 4.506644145492200507e-03
1.392036621382161998e+00 4.664576705435024770e-03
1.393546938487661091e+00 4.769178639588837407e-03
1.395060536448405220e+00 4.907724832089030952e-03
1.396577425966499586e+00 5.223938292332650293e-03
1.398097617790646341e+00 5.698648449898462837e-03
1.399621122716400601e+00 6.146274728173274464e-03
1.401147951586422913e+00 6.399552503952096391e-03
1.402678115290738603e+00 6.420418551392663951e-03
1.404211624766996236e+00 6.364160812934200641e-03
1.405748491000727851e+00 6.434492689722024275e-03
1.407288725025611198e+00 6.620528500467064148e-03
1.408832337923734634e+00 6.801409841451120167e-03
1.410379340825861805e+00 6.920522881165085474e-03
1.411929744911700313e+00 6.950562712393883007e-03
1.413483561410169731e+00 7.011239473456731125e-03
1.415040801599673825e+00 7.260519178656993713e-03
1.416601476808373228e+00 7.565489614269572602e-03
1.418165598414459661e+00 7.781701146747532771e-03
1.419733177846432826e+00 7.980768236736478574e-03
1.421304226583378183e+00 8.141449299044515100e-03
1.422878756155248059e+00 8.237065056701338081e-03
1.424456778143142976e+00 8.338877657583515166e-03
1.426038304179596539e+00 8.359304886476993934e-03
1.427623345948860090e+00 8.263628014390228885e-03
1.429211915187190263e+00 8.200751449292562403e-03
1.430804023683140525e+00 8.152175353219846821e-03
1.432399683277851388e+00 8.005372645518610969e-03
1.433998905865343287e+00 7.767965148344303794e-03
1.435601703392814343e+00 7.494548066893643584e-03
1.437208087860935457e+00 7.281325107093098228e-03
1.438818071324151404e+00 7.150332784054984694e-03
1.440431665890981705e+00 6.982733451521742386e-03
1.442048883724324604e+00 6.757391066984501891e-03
1.443669737041762158e+00 6.611859917134747799e-03
1.445294238115867769e+00 6.635769414617472862e-03
1.446922399274517490e+00 6.669836151419858590e-03
1.448554232901199557e+00 6.466136032020584033e-03
1.450189751435329688e+00 6.134030732321422638e-03
1.451828967372567725e+00 5.921547579570303303e-03
1.453471893265134263e+00 5.759281027769850431e-03
1.455118541722132175e+00 5.588383099169822246e-03
1.456768925409868798e+00 5.469300293898840884e-03
1.458423057052181004e+00 5.260170370785560018e-03
1.460080949430762276e+00 4.922445373517564220e-03
1.461742615385490884e+00 4.690398613920049482e-03
1.463408067814762958e+00 4.624760183617627508e-03
1.465077319675824219e+00 4.576498992902644676e-03
1.466750383985108819e+00 4.470870853986608912e-03
1.468427273818574630e+00 4.309603706949535762e-03
1.470108002312046080e+00 4.077752398102464648e-03
1.471792582661556104e+00 3.750536410364183667e-03
1.473481028123691416e+00 3.378431082446550771e-03
1.475173352015941353e+00 3.091891958221630338e-03
1.476869567717046916e+00 2.975447427995269421e-03
1.478569688667353610e+00 3.001255432519475512e-03
1.480273728369166264e+00 3.080498975521406366e-03
1.481981700387106970e+00 3.175003911258754679e-03
1.483693618348475241e+00 3.273598337822816121e-03
1.485409495943609492e+00 3.251155807638014990e-03
1.487129346926251872e+00 3.033801862319053001e-03
1.488853185113917732e+00 2.833715825915401280e-03
1.490581024388262232e+00 2.906019300462730354e-03
1.492312878695457590e+00 3.195184710299346035e-03
1.494048762046563450e+00 3.433544611629797336e-03
1.495788688517908360e+00 3.556571622948656326e-03
1.497532672251467467e+00 3.761646414153396907e-03
1.499280727455248874e+00 4.087074781885614849e-03
1.501032868403676668e+00 4.382158131443656020e-03
1.502789109437979942e+00 4.602897648801842871e-03
1.504549464966586036e+00 4.656885490269599588e-03
1.506313949465511781e+00 4.397881649490778186e-03
1.508082577478762509e+00 3.981714340089173750e-03
1.509855363618730850e+00 3.656460394061139020e-03
1.511632322566598186e+00 3.374594703478693992e-03
1.513413469072741879e+00 2.997042371303503677e-03
1.515198817957142063e+00 2.571217193942540186e-03
1.516988384109793087e+00 2.230663560163087707e-03
1.518782182491116739e+00 1.987933361945922340e-03
1.520580228132380585e+00 1.773902368611838479e-03
1.522382536136117182e+00 1.603026481947460473e-03
1.524189121676545966e+00 1.490682610616711609e-03
1.526000000000000023e+00 1.354853758330770838e-03
