1.260073054567926731e-01
8.340648517614682178e-02
1.080881584915989596e-01
1.253397921643673030e-01
1.245242865920902775e-01
1.264725254474251270e-01
1.268115204115925210e-01
1.192613202456982990e-01
1.256524612690196885e-01
1.259476875155987607e-01
1.019128412235792980e-01
1.160068176604365231e-01
1.267422402528869951e-01
1.139646677727039342e-01
1.053322682582040759e-01
9.100613360342317548e-02
1.160723771139142574e-01
1.103625225277149458e-01
1.229786791421478009e-01
1.187916617769103900e-01
1.083288879427683066e-01
1.261341603618049700e-01
1.169624544271946065e-01
1.158025804281007237e-01
1.084276160764707370e-01
1.213044645147136891e-01
1.239854394710286217e-01
1.246227189981186645e-01
1.229280349213469486e-01
1.250157934217657196e-01
1.173720453819338261e-01
1.240739908615146325e-01
1.205299768951432621e-01
1.269221978570937992e-01
1.208937808826993643e-01
1.204548873713094520e-01
1.253082170081603608e-01
1.263941899787146828e-01
1.233414703641115551e-01
1.225163425892592806e-01
1.270848689345457638e-01
1.271096017990563931e-01
1.233170304431080722e-01
1.238760036449134683e-01
1.243539764464262204e-01
1.252989601817127985e-01
1.240721777501366530e-01
1.234752668348491067e-01
1.264417140642094262e-01
1.283842144740120483e-01
1.282662750688098041e-01
1.187024583513158482e-01
1.257056816792347376e-01
1.252876375108211149e-01
1.255279416428727313e-01
1.214001947439721091e-01
1.268951636585633480e-01
1.289614277280426713e-01
1.245658766986502408e-01
1.260142684621563813e-01
1.277498909055886089e-01
1.255878946098253901e-01
1.279670627067810984e-01
1.277016431937068597e-01
1.265572621008062004e-01
1.252233867940800160e-01
1.254772216632751014e-01
1.255068259876810366e-01
1.274954910801291696e-01
1.273842516028018956e-01
1.287840850742005827e-01
1.247661759122580261e-01
1.277100000464519436e-01
1.255387792032268135e-01
1.253370872016273396e-01
1.266122209662185194e-01
1.259832328644588106e-01
1.268846396174341529e-01
1.274264975040982906e-01
1.268173935658994111e-01
1.258142497439078689e-01
1.272691145565491011e-01
1.265312262400843102e-01
1.291637964837774599e-01
1.255167415646556150e-01
1.278155920240150178e-01
1.275840258809751715e-01
1.269876456032616174e-01
1.289385776586721433e-01
1.260775529357625047e-01
1.282913618972587599e-01
1.258158941124933039e-01
1.262989411357086367e-01
1.253660933560535040e-01
1.274297345080360189e-01
1.286225155792396213e-01
1.279349787663812965e-01
1.279258601893856484e-01
1.282343896864520383e-01
1.274181739729679241e-01
1.266421074638268973e-01
1.277032232579665694e-01
1.278685334962797460e-01
1.287013939215569391e-01
1.278716545614617950e-01
1.283626504558440795e-01
1.273043312321898157e-01
1.285174642200390127e-01
1.283733480206477873e-01
1.271096457715774064e-01
1.282173671141133009e-01
1.275906296418107821e-01
1.282021542380541723e-01
1.265462738162571044e-01
1.286388803522864888e-01
1.283678176683213934e-01
1.278000396079849443e-01
1.281304063512485880e-01
1.280682783221714915e-01
1.282741447320345229e-01
1.281628314585431250e-01
1.277166398113444012e-01
1.288638622137555922e-01
1.286149772113266976e-01
1.274919411840194916e-01
1.276193126369611908e-01
1.279509086818388652e-01
1.274046882893431210e-01
1.279157550872089821e-01
1.281012280235332146e-01
1.287396011724997735e-01
1.274577801452291548e-01
1.280813737935492247e-01
1.275640700878044043e-01
1.277476564772867529e-01
1.285161657309469851e-01
1.274646270284258143e-01
1.283803237878703429e-01
1.274742044851965572e-01
1.284797775833199651e-01
1.287556070318008616e-01
1.288993395095723304e-01
1.286579337612469565e-01
1.287955752623069772e-01
1.293858723043116166e-01
1.281317532926352087e-01
1.279507259712389100e-01
1.279208919542389189e-01
1.283055500289221329e-01
1.285260390219561122e-01
1.276943537206263746e-01
1.284481252671767493e-01
1.293300154496229148e-01
1.303709085770339837e-01
1.285132662659126124e-01
1.292156350366987227e-01
1.294492290630609721e-01
1.295078515530446728e-01
1.287140428565773653e-01
1.291784593610255660e-01
1.281196479450227854e-01
1.285340441344585138e-01
1.291586039655131801e-01
1.286355950204529641e-01
1.295016527972646658e-01
1.287989763566232682e-01
1.294484997502715340e-01
1.289359347418495283e-01
1.289840780092105232e-01
1.290992644540076284e-01
1.281188119359956412e-01
1.286721755670436618e-01
1.288927168428369019e-01
1.289826074475542150e-01
1.301536478722136181e-01
1.303854999988858510e-01
1.305410983397538582e-01
1.300221136893795204e-01
1.294754579419221119e-01
1.295934166626040718e-01
1.292037965706167302e-01
1.299824236790796117e-01
1.295981038566632049e-01
1.290073987395010668e-01
1.296247346161575609e-01
1.293715870244487587e-01
1.301116464699118014e-01
1.295680757086721535e-01
1.282779272480544241e-01
1.297509977024322025e-01
1.291400835636711819e-01
1.293969634542882496e-01
1.301165178249005516e-01
1.292612222000945055e-01
1.301873720728364270e-01
1.297404080943704296e-01
1.297777132560469504e-01
1.297579101044512018e-01
1.294671381236536523e-01
1.292985126361399784e-01
1.291961923589686478e-01
1.300912571323388223e-01
1.299973482870584451e-01
1.314461178956675136e-01
1.304194592533733654e-01
1.296087922830008454e-01
1.304230850623969151e-01
1.305267296822191503e-01
1.297557227533950863e-01
1.299892846011475589e-01
1.306958547069407006e-01
1.309132866806548001e-01
1.296939173107060361e-01
1.315197449719943124e-01
1.303891989129908890e-01
1.302937829034888084e-01
1.294499290093923671e-01
1.298746415774206797e-01
1.310014023252085713e-01
1.300077823929468857e-01
1.292644072948798128e-01
1.304993810099672469e-01
1.315048103996066531e-01
1.300852573122713018e-01
1.310740854923156118e-01
1.309721982235292626e-01
1.305662787173116068e-01
1.299470072336538773e-01
1.298989103753511176e-01
1.317096897539738742e-01
1.313945292541329468e-01
1.311541468009366496e-01
1.308067336076466358e-01
1.304571264846585976e-01
1.307126470294697751e-01
1.314055337718067484e-01
1.298575995455354404e-01
1.300874705900736672e-01
1.305740788824850673e-01
1.306420158717156721e-01
1.299327130837535649e-01
1.306272972486735573e-01
1.315118414248689638e-01
1.315501439058668343e-01
1.307583149675735634e-01
1.313520464271440147e-01
1.306167550007971967e-01
1.306212076977713576e-01
1.303677661497849305e-01
1.306806763457394327e-01
1.307897307225592831e-01
1.303168716889639145e-01
1.309115284307058313e-01
1.310296418688108311e-01
1.302141798587576338e-01
1.309466062543861997e-01
1.304443816598399586e-01
1.310431962808046302e-01
1.316368486714609987e-01
1.314988650530759529e-01
1.316690179002762418e-01
1.306370696998661873e-01
1.307687854641386427e-01
1.305976741642693728e-01
1.310625602604899020e-01
1.309057189867083026e-01
1.313418589248908919e-01
1.318204321599600048e-01
1.309421094001135266e-01
1.311205397677504547e-01
1.313709693691052227e-01
