1.126000000000000112e+00 6.550129069712260508e-04
1.126987992296117014e+00 6.220535105361470109e-04
1.127977719913760390e+00 5.885532502228466890e-04
1.128969187428857879e+00 5.647932959622400245e-04
1.129962399433440456e+00 5.508017585594440595e-04
1.130957360535711942e+00 5.382045084568964043e-04
1.131954075360122047e+00 5.189181822057358992e-04
1.132952548547436100e+00 4.926641511467931859e-04
1.133952784754808318e+00 4.668340720615852786e-04
1.134954788655853974e+00 4.493326957709501725e-04
1.135958564940721782e+00 4.411365740906031396e-04
1.136964118316167838e+00 4.351510352787994621e-04
1.137971453505628228e+00 4.220601163692582316e-04
1.138980575249294080e+00 3.977745177228987216e-04
1.139991488304184397e+00 3.661154804943229598e-04
1.141004197444223101e+00 3.349711917652841418e-04
1.142018707460311200e+00 3.098569587019608181e-04
1.143035023160405395e+00 2.905440601023418336e-04
1.144053149369591793e+00 2.730713607966917867e-04
1.145073090930163184e+00 2.544881254448232914e-04
1.146094852701695865e+00 2.356592109563514963e-04
1.147118439561126468e+00 2.198656231266528393e-04
1.148143856402830121e+00 2.090960379939147686e-04
1.149171108138697273e+00 2.018597251481011863e-04
1.150200199698214076e+00 1.945079930135283793e-04
1.151231136028538549e+00 1.845224439954618490e-04
1.152263922094582727e+00 1.724865619371444825e-04
1.153298562879090827e+00 1.609944075242521612e-04
1.154335063382718740e+00 1.518344271811188442e-04
1.155373428624115739e+00 1.443443303628320603e-04
1.156413663640005973e+00 1.364687519272672720e-04
1.157455773485268402e+00 1.272719886559306229e-04
1.158499763233019175e+00 1.182529275424008559e-04
1.159545637974695120e+00 1.120913404864084037e-04
1.160593402820134123e+00 1.100616815354599058e-04
1.161643062897660617e+00 1.106798792023846854e-04
1.162694623354169066e+00 1.109299258352333700e-04
1.163748089355205462e+00 1.088984891362770142e-04
1.164803466085055916e+00 1.053043178709520605e-04
1.165860758746828818e+00 1.025166047850370791e-04
1.166919972562540542e+00 1.020861131330081002e-04
1.167981112773203378e+00 1.031964519121446067e-04
1.169044184638909245e+00 1.034860442955482727e-04
1.170109193438919171e+00 1.013825999017137398e-04
1.171176144471748781e+00 9.767974947843575885e-05
1.172245043055257785e+00 9.488217765550024593e-05
1.173315894526736125e+00 9.500653351139626670e-05
1.174388704242995241e+00 9.793976235369647248e-05
1.175463477580455329e+00 1.018160885529946648e-04
1.176540219935237941e+00 1.048905431351087269e-04
1.177618936723252130e+00 1.070223101695470894e-04
1.178699633380288825e+00 1.094068920857948178e-04
1.179782315362111200e+00 1.129990609810675468e-04
1.180866988144545493e+00 1.173272879450526723e-04
1.181953657223574483e+00 1.209081451109926005e-04
1.183042328115429642e+00 1.227907898242927554e-04
1.184133006356684392e+00 1.236152786483332906e-04
1.185225697504348696e+00 1.250907778336700154e-04
1.186320407135962984e+00 1.284297234912564877e-04
1.187417140849692743e+00 1.333447878548071127e-04
1.188515904264424883e+00 1.386385872818736138e-04
1.189616703019862110e+00 1.437715258740296007e-04
1.190719542776621509e+00 1.497472398686095277e-04
1.191824429216329584e+00 1.582916468682363503e-04
1.192931368041720619e+00 1.700269188889707065e-04
1.194040364976735713e+00 1.834506035247304495e-04
1.195151425766620035e+00 1.958809019638961784e-04
1.196264556178022742e+00 2.056841985844929028e-04
1.197379761999095793e+00 2.138123054648285808e-04
1.198497049039596751e+00 2.232084284851643639e-04
1.199616423130986265e+00 2.365458988382747850e-04
1.200737890126532648e+00 2.542906291683541954e-04
1.201861455901411802e+00 2.748109528273624813e-04
1.202987126352810021e+00 2.964314059097262902e-04
1.204114907400029022e+00 3.195907468415142179e-04
1.205244804984587415e+00 3.471552857815556796e-04
1.206376825070326175e+00 3.825309522459242688e-04
1.207510973643513230e+00 4.270860405496601162e-04
1.208647256712948925e+00 4.788690224731047967e-04
1.209785680310073053e+00 5.336795299672356888e-04
1.210926250489070988e+00 5.876432196301331970e-04
1.212068973326979604e+00 6.394894595871498336e-04
1.213213854923797186e+00 6.910908699429329019e-04
1.214360901402591786e+00 7.461163093413135340e-04
1.215510118909608916e+00 8.078646065643994454e-04
1.216661513614383239e+00 8.777448197472952898e-04
1.217815091709847364e+00 9.553196748101230830e-04
1.218970859412443097e+00 1.039687453390166199e-03
1.220128822962234905e+00 1.130866058873305222e-03
1.221288988623019378e+00 1.229507270256318318e-03
1.222451362682440701e+00 1.334277270096708053e-03
1.223615951452102335e+00 1.438382666561928468e-03
1.224782761267683151e+00 1.528605024131433768e-03
1.225951798489049782e+00 1.589844009447165685e-03
1.227123069500375196e+00 1.614669206768901263e-03
1.228296580710252384e+00 1.612480120585719047e-03
1.229472338551812483e+00 1.610508052580453958e-03
1.230650349482842243e+00 1.642323730844366149e-03
1.231830619985901931e+00 1.727945254068074350e-03
1.233013156568444346e+00 1.857516093757848518e-03
1.234197965762934945e+00 1.991067050711331412e-03
1.235385054126971083e+00 2.077764353920276939e-03
1.236574428243403911e+00 2.084501575459025372e-03
1.237766094720459620e+00 2.015612629973306986e-03
1.238960060191861778e+00 1.909966682843695788e-03
1.240156331316954574e+00 1.816758179095460165e-03
1.241354914780826935e+00 1.766347033691403759e-03
1.242555817294437093e+00 1.756105844646888015e-03
1.243759045594736268e+00 1.760249106517512230e-03
1.244964606444796784e+00 1.755149756494416491e-03
1.246172506633937749e+00 1.740932727899005550e-03
1.247382752977852505e+00 1.744095038641628286e-03
1.248595352318737195e+00 1.800880609580126539e-03
1.249810311525418882e+00 1.935087229207021683e-03
1.251027637493486333e+00 2.146398107214901336e-03
1.252247337145420136e+00 2.415540495253013821e-03
1.253469417430722599e+00 2.719539246338841670e-03
1.254693885326052527e+00 3.044534835443767334e-03
1.255920747835354900e+00 3.388379149335983640e-03
1.257150011989997207e+00 3.754796843040370067e-03
1.258381684848900894e+00 4.146601850565635912e-03
1.259615773498678593e+00 4.563501272631938048e-03
1.260852285053770450e+00 5.004101335884980802e-03
1.262091226656578691e+00 5.468445195700260414e-03
1.263332605477606396e+00 5.959450723509261867e-03
1.264576428715595835e+00 6.485479499021137503e-03
1.265822703597668353e+00 7.066465597593666464e-03
1.267071437379462040e+00 7.741262785206578199e-03
1.268322637345275172e+00 8.568798351309478770e-03
1.269576310808206099e+00 9.616367774898772550e-03
1.270832465110296461e+00 1.093618442488249014e-02
1.272091107622674411e+00 1.254063393617930837e-02
1.273352245745698719e+00 1.439007506930058827e-02
1.274615886909103546e+00 1.640162803538715297e-02
1.275882038572145216e+00 1.847724141216133820e-02
1.277150708223747877e+00 2.054125554695807390e-02
1.278421903382652269e+00 2.257524681364228916e-02
1.279695631597562944e+00 2.463959265118386560e-02
1.280971900447299028e+00 2.687399309360308589e-02
1.282250717540943441e+00 2.947321098930778122e-02
1.283532090517995217e+00 3.264211238579663166e-02
1.284816027048520271e+00 3.654527281129604094e-02
1.286102534833305722e+00 4.127383909262807155e-02
1.287391621604013325e+00 4.684649246800128009e-02
1.288683295123334016e+00 5.324072708948947297e-02
1.289977563185144005e+00 6.042790211901970243e-02
1.291274433614661987e+00 6.838051402067893414e-02
1.292573914268606350e+00 7.704256511324490686e-02
1.293876013035353711e+00 8.629042641039770534e-02
1.295180737835098794e+00 9.593194934695389864e-02
1.296488096620015629e+00 1.057728881755362060e-01
1.297798097374417203e+00 1.157287254541320837e-01
1.299110748114920444e+00 1.259154986728913128e-01
1.300426056890607862e+00 1.366543829684075118e-01
1.301744031783193201e+00 1.483756371201831736e-01
1.303064680907186412e+00 1.614761720699914860e-01
1.304388012410060194e+00 1.762132329724845903e-01
1.305714034472417628e+00 1.926813702355039959e-01
1.307042755308160942e+00 2.108487164065482589e-01
1.308374183164660698e+00 2.305832079848849914e-01
1.309708326322927663e+00 2.516222888250229661e-01
1.311045193097781558e+00 2.735136492615230508e-01
1.312384791838027587e+00 2.956122967867813034e-01
1.313727130926627851e+00 3.171995209898864077e-01
1.315072218780876323e+00 3.376946713116099619e-01
1.316420063852575595e+00 3.568341982150455283e-01
1.317770674628213401e+00 3.746817644904504863e-01
1.319124059629140922e+00 3.914346926649012182e-01
1.320480227411752194e+00 4.071393332979982849e-01
1.321839186567663527e+00 4.215076858949337035e-01
1.323200945723896238e+00 4.339691565751997437e-01
1.324565513543057849e+00 4.439287904472065671e-01
1.325932898723527265e+00 4.510552740949455575e-01
1.327303109999638409e+00 4.554011190276965326e-01
1.328676156141866516e+00 4.572809066914763076e-01
1.330052045957015094e+00 4.570076732602691982e-01
1.331430788288405109e+00 4.546808966045435274e-01
1.332812392016063274e+00 4.501657732967688230e-01
1.334196866056913677e+00 4.432515323564099052e-01
1.335584219364968961e+00 4.338482183574353668e-01
1.336974460931523057e+00 4.220723768542782861e-01
1.338367599785346362e+00 4.081781572115333878e-01
1.339763644992881142e+00 3.924172537285213203e-01
1.341162605658436702e+00 3.749562146410634345e-01
1.342564490924390119e+00 3.559151552774960092e-01
1.343969309971381643e+00 3.354814200458453022e-01
1.345377072018519193e+00 3.139907755301612480e-01
1.346787786323576430e+00 2.919033415217924810e-01
1.348201462183198140e+00 2.696941332919964296e-01
1.349618108933102745e+00 2.477460034310413894e-01
1.351037735948290130e+00 2.263212880939971805e-01
1.352460352643244823e+00 2.056149031877389233e-01
1.353885968472148260e+00 1.858244568653409923e-01
1.355314592929085071e+00 1.671688249905528556e-01
1.356746235548255131e+00 1.498426728400038543e-01
1.358180905904185831e+00 1.339556119347038998e-01
1.359618613611944804e+00 1.195162538142154202e-01
1.361059368327355079e+00 1.064769460889134489e-01
1.362503179747211357e+00 9.479853278109534598e-02
1.363950057609498057e+00 8.447793449191783044e-02
1.365400011693606253e+00 7.551752175449735760e-02
1.366853051820556830e+00 6.786884712467207426e-02
1.368309187853220088e+00 6.140526283126777896e-02
1.369768429696540002e+00 5.595015511970045929e-02
1.371230787297757381e+00 5.133724749214267635e-02
1.372696270646638572e+00 4.745247519173442785e-02
1.374164889775699727e+00 4.422582569599830399e-02
1.375636654760438393e+00 4.158686458854810031e-02
1.377111575719562442e+00 3.942788855865059228e-02
1.378589662815221883e+00 3.760832332749355217e-02
1.380070926253243568e+00 3.599517757289517894e-02
1.381555376283364778e+00 3.450329192720009985e-02
1.383043023199470367e+00 3.310230600973909643e-02
1.384533877339829910e+00 3.178882655608137459e-02
1.386027949087338174e+00 3.055183543620045017e-02
1.387525248869755812e+00 2.936116140105693786e-02
1.389025787159951619e+00 2.818426030426465084e-02
1.390529574476147223e+00 2.701041315220648054e-02
1.392036621382161998e+00 2.585741994809373848e-02
1.393546938487661091e+00 2.475511325918637595e-02
1.395060536448405220e+00 2.372229047994494147e-02
1.396577425966499586e+00 2.275794842072885460e-02
1.398097617790646341e+00 2.185180328519069348e-02
1.399621122716400601e+00 2.100005044636429896e-02
1.401147951586422913e+00 2.020877975722473394e-02
1.402678115290738603e+00 1.948177841763043538e-02
1.404211624766996236e+00 1.880602351804064667e-02
1.405748491000727851e+00 1.815153247406351214e-02
1.407288725025611198e+00 1.748748179510418999e-02
1.408832337923734634e+00 1.680056031445598466e-02
1.410379340825861805e+00 1.609883167508247698e-02
1.411929744911700313e+00 1.539784805457797626e-02
1.413483561410169731e+00 1.470234391428663738e-02
1.415040801599673825e+00 1.400061932946121412e-02
1.416601476808373228e+00 1.327640863073412981e-02
1.418165598414459661e+00 1.252659821921518063e-02
1.419733177846432826e+00 1.176806514374153893e-02
1.421304226583378183e+00 1.102744313652921117e-02
1.422878756155248059e+00 1.032335075136522028e-02
1.424456778143142976e+00 9.656797433331523392e-03
1.426038304179596539e+00 9.017022457012994693e-03
1.427623345948860090e+00 8.395670045301175180e-03
1.429211915187190263e+00 7.795574849410149415e-03
1.430804023683140525e+00 7.226995554082548887e-03
1.432399683277851388e+00 6.696659483535797111e-03
1.433998905865343287e+00 6.201217475945752615e-03
1.435601703392814343e+00 5.731301081613027378e-03
1.437208087860935457e+00 5.281450218249854854e-03
1.438818071324151404e+00 4.855695068046050715e-03
1.440431665890981705e+00 4.463472929129953977e-03
1.442048883724324604e+00 4.110386529210109489e-03
1.443669737041762158e+00 3.793142373111349323e-03
1.445294238115867769e+00 3.503371174599788102e-03
1.446922399274517490e+00 3.235976215618221411e-03
1.448554232901199557e+00 2.993325629926115849e-03
1.450189751435329688e+00 2.781078334551795751e-03
1.451828967372567725e+00 2.599944927171140077e-03
1.453471893265134263e+00 2.441687492747249798e-03
1.455118541722132175e+00 2.293376237106375514e-03
1.456768925409868798e+00 2.145842174983363104e-03
1.458423057052181004e+00 1.998413769613510173e-03
1.460080949430762276e+00 1.855948519263422901e-03
1.461742615385490884e+00 1.721681722693070181e-03
1.463408067814762958e+00 1.593056616843256841e-03
1.465077319675824219e+00 1.464196363074511719e-03
1.466750383985108819e+00 1.331912811905209496e-03
1.468427273818574630e+00 1.198952307217232647e-03
1.470108002312046080e+00 1.071441009158048902e-03
1.471792582661556104e+00 9.535269230421233172e-04
1.473481028123691416e+00 8.448112156137397525e-04
1.475173352015941353e+00 7.429317654736145677e-04
1.476869567717046916e+00 6.482381145508042631e-04
1.478569688667353610e+00 5.655396880927751353e-04
1.480273728369166264e+00 5.012443568857366484e-04
1.481981700387106970e+00 4.591198700946361720e-04
1.483693618348475241e+00 4.392024414140052019e-04
1.485409495943609492e+00 4.408034925178927086e-04
1.487129346926251872e+00 4.660408770034300320e-04
1.488853185113917732e+00 5.197028164612354584e-04
1.490581024388262232e+00 6.052069635629637448e-04
1.492312878695457590e+00 7.207323154118949228e-04
1.494048762046563450e+00 8.596464429047267174e-04
1.495788688517908360e+00 1.014982913818121861e-03
1.497532672251467467e+00 1.183494359007428165e-03
1.499280727455248874e+00 1.365205812894797026e-03
1.501032868403676668e+00 1.559096859865382722e-03
1.502789109437979942e+00 1.759664672650889609e-03
1.504549464966586036e+00 1.958292431847358586e-03
1.506313949465511781e+00 2.148346860169779785e-03
1.508082577478762509e+00 2.328972251961446398e-03
1.509855363618730850e+00 2.503862236063605657e-03
1.511632322566598186e+00 2.676580389901067180e-03
1.513413469072741879e+00 2.847662379957469937e-03
1.515198817957142063e+00 3.016713719956625427e-03
1.516988384109793087e+00 3.186968645915401552e-03
1.518782182491116739e+00 3.366463691007811395e-03
1.520580228132380585e+00 3.563052493650608818e-03
1.522382536136117182e+00 3.777210594311777771e-03
1.524189121676545966e+00 3.999939331234152184e-03
1.526000000000000023e+00 4.218974870960062219e-03
