3.997032577998652601e-03
7.467774164913624363e-03
3.497431834155129149e-03
6.021882190087439815e-03
6.421950313979244568e-03
3.422685008175909132e-03
8.438489430320002260e-03
9.563606242038769772e-03
1.093064312596862646e-02
1.369279544481195356e-02
1.539426838409191367e-02
2.023232126658802005e-02
5.106552588998913844e-02
8.142922286503793960e-02
9.855789755138606723e-02
1.090950830574307362e-01
1.094381217229332959e-01
1.299482281483857471e-01
9.282199181935024690e-02
7.856953088687204656e-02
1.324678316838509735e-02
5.796969064714917880e-02
3.107875428651491606e-02
9.364290453327908659e-02
2.344677320454715413e-02
1.057761284989509332e-01
9.071399812723895950e-02
1.454150009663738585e-01
8.170690833200525138e-02
1.250486371182137346e-01
1.103270190591257860e-01
1.295833273872520619e-01
1.257074731743809404e-01
1.754461986616604741e-01
1.610844872693464325e-01
1.290222648293492258e-01
1.308825803695920498e-01
1.394102737103295742e-01
9.586580832724773960e-02
1.536454059066867106e-01
1.289345481226900347e-01
1.498231909867081268e-01
7.723204836086912384e-02
1.492171544098197522e-01
1.333812911554540515e-01
1.507567861009785626e-01
1.505838804123039165e-01
1.609365822296469073e-01
1.642830871446478436e-01
1.129689571665170728e-01
1.622608583270367943e-01
1.568414732444969595e-01
1.863121458636017858e-01
1.845242811074481459e-01
1.692804413493482485e-01
1.546671490472985022e-01
1.730816640121402017e-01
1.742596679350555122e-01
1.901130002357893367e-01
1.774950988080719050e-01
1.651132957037967086e-01
1.828755630156208845e-01
1.856606173559801065e-01
1.658313687994246721e-01
1.841147332077778531e-01
1.917284752176495188e-01
1.878282151401229338e-01
1.945943615251086722e-01
1.926058184986755017e-01
1.945103768870575511e-01
1.920871048810200987e-01
1.879657490789745644e-01
2.062221907404088450e-01
2.078657040712971471e-01
2.030698543109135945e-01
1.935476315778191236e-01
2.053780774120834429e-01
1.960857145070680763e-01
2.021083050486172372e-01
2.169679559847668138e-01
2.189323408440146668e-01
1.723046939515242015e-01
2.068452999976529427e-01
2.150642281968663527e-01
2.122967025267029351e-01
2.067520733588451565e-01
2.146579731578583672e-01
2.125946495106765810e-01
2.226822623793610068e-01
2.193753345957243361e-01
2.156682246970634820e-01
2.271698487796785237e-01
2.285528952703557437e-01
2.225113816290004709e-01
2.248152411537650830e-01
2.295898718481677037e-01
2.299645717762080765e-01
2.244278183514823721e-01
2.269919357809617733e-01
2.259649531642647646e-01
2.163708804368203731e-01
2.305643894158051488e-01
2.284520919027308306e-01
2.299414948207067766e-01
2.264126700556492455e-01
2.293887204611933794e-01
2.329329151853211377e-01
2.305576235833356746e-01
2.124689780744504486e-01
2.325844464577997706e-01
2.268842163493397790e-01
2.307220336690316842e-01
2.240638396030799340e-01
2.300554826956285881e-01
2.292004379838707140e-01
2.309715149290179348e-01
2.216824106322596022e-01
2.337570922985096611e-01
2.300042804125089768e-01
2.316386326849479149e-01
2.318147757262197239e-01
2.311375276012588575e-01
2.317824512005569881e-01
2.340943781334333396e-01
2.316873510000857783e-01
2.332104176213789792e-01
2.286774504643071526e-01
2.315205960486595160e-01
2.329401469962001092e-01
2.337468224392491856e-01
2.309610978385435998e-01
2.337790855515235189e-01
2.313035842195126646e-01
2.305953410597313680e-01
2.323659674352908378e-01
2.337091224627199926e-01
2.330364703810624549e-01
2.336993296670131504e-01
2.317342226718213660e-01
2.291507359643651376e-01
2.329009375699909734e-01
2.317148266749954888e-01
2.293429686615930385e-01
2.333698657024527168e-01
2.327786774320151075e-01
2.322278836247831102e-01
2.311882107479971138e-01
2.336849400237945018e-01
2.327337840226884613e-01
2.325169950201974867e-01
2.341345701496030385e-01
2.328842148797486411e-01
2.340108326492204294e-01
2.322735458666940755e-01
2.322172142109671655e-01
2.333510531358408135e-01
2.337244811325195903e-01
2.325244444327480009e-01
2.330511574750124826e-01
2.337383169128440796e-01
2.334091461615084018e-01
2.330929626512212860e-01
2.338244572489122375e-01
2.332808684122530118e-01
2.335487840506637602e-01
2.338138236228969047e-01
2.339359646371384771e-01
2.336822315645114279e-01
2.340325582508193392e-01
2.338633752067034721e-01
2.332311221374390175e-01
2.340657990990092641e-01
