5.600000000000000514e-08
5.880000000000000374e-08
5.880000000000001036e-08
5.600000000000000514e-08
5.320000000000000654e-08
5.600000000000000514e-08
5.709715200000002034e-08
5.731096985600001806e-08
5.760708271718401466e-08
5.791595684377395471e-08
5.442859101531657504e-08
5.353154982951433160e-08
6.037245727377922963e-08
6.186713834319970283e-08
5.965152701916042971e-08
6.033948966558844027e-08
5.752241600410004059e-08
5.901312876187946927e-08
5.929498838817918424e-08
5.873906907404736837e-08
6.593122164511149352e-08
5.558496505514203333e-08
6.364322727192423024e-08
5.694581542603152929e-08
5.934222992917089663e-08
5.890538390377840090e-08
5.514686899622827347e-08
5.634916648591057869e-08
5.990726795939976639e-08
5.746922191185572782e-08
5.731614891027076219e-08
5.761296616887122844e-08
5.872324207417000347e-08
5.541017288822549597e-08
5.445237216670433890e-08
5.560451787024942766e-08
5.610506744435461238e-08
5.349091348550385455e-08
5.527734927531176868e-08
5.596485858681616689e-08
5.586348098261031415e-08
5.566863332536546466e-08
5.317461717021220219e-08
5.682941088967319184e-08
5.864809356792314703e-08
5.438305227404264865e-08
5.494276861217489431e-08
5.519445313135995388e-08
5.543553496576392906e-08
5.375200163644746146e-08
5.628688852005725602e-08
5.473210870958486924e-08
5.644493246261489080e-08
5.685432338590172681e-08
5.680121055228741279e-08
5.693985888149169683e-08
5.550696163790540235e-08
5.673383271397005644e-08
5.605482440518766482e-08
5.526333158929038980e-08
5.658548819797404301e-08
5.561953553963633791e-08
5.650363569267601607e-08
5.729697932691432813e-08
5.561684004498643891e-08
5.535491387349348601e-08
5.507264156250699760e-08
5.636784180159098406e-08
5.651278648019165573e-08
5.542645033655678304e-08
5.520513936135467610e-08
5.563870573846585719e-08
5.491968272579217429e-08
5.461215897327747436e-08
5.533868071514127563e-08
5.560189296870675107e-08
5.530148874990436416e-08
5.416450988564385355e-08
5.454748993128458718e-08
5.469478840065836938e-08
5.452778640336474081e-08
5.411803780344102245e-08
5.534928582815427332e-08
5.440691785917578867e-08
5.511498185766803297e-08
5.431016439153445567e-08
5.487022540021550044e-08
5.541383817998872797e-08
5.433603693919438283e-08
5.410721894254733315e-08
5.388733425105546879e-08
5.371416042965564780e-08
5.343510828278629352e-08
5.338445097123405796e-08
5.334199933162193385e-08
5.281498540928576951e-08
5.246173833128365097e-08
5.290407716979334256e-08
5.190082207727366319e-08
5.219481030796521587e-08
5.244643853679212783e-08
5.282443979135115334e-08
5.180890911508866116e-08
5.320877749313413994e-08
5.325039418136299244e-08
5.308260602659531889e-08
4.442506288228374769e-08
4.021013484299666695e-08
4.742404720463398177e-08
5.271013906821407272e-08
4.574080039286654825e-08
5.285579738500944769e-08
5.156877617296685237e-08
5.209511448228095357e-08
5.118681073262501375e-08
5.292731420886083048e-08
4.801027420109867038e-08
5.261917856975663922e-08
4.707472937023605576e-08
4.745912243776193413e-08
4.591852622703907867e-08
5.149224607563993080e-08
5.221991683760859409e-08
4.729717164742301068e-08
5.292281551341388762e-08
4.841154993427226739e-08
4.513722988153394849e-08
5.187962608821107512e-08
4.521800517715042927e-08
5.244351855196761868e-08
5.087612832521802170e-08
4.751978860147297718e-08
5.212573415972630082e-08
4.578863491367705921e-08
5.118340987016129154e-08
4.733346849728270823e-08
4.551263652064484345e-08
5.018539892251573599e-08
5.047814312538841107e-08
4.353458816444361174e-08
5.153498454121641932e-08
5.080304698211153778e-08
4.651546311078937036e-08
5.065009465795417355e-08
4.717005282188747212e-08
5.016534265294779749e-08
5.219875221132263369e-08
4.687665974958749500e-08
4.802823938004717134e-08
5.005040693137800517e-08
4.753539409210456441e-08
5.016936416962058538e-08
5.055717147925360954e-08
4.876559101557626758e-08
5.041987414078255067e-08
4.845938272712303251e-08
4.999483594180532201e-08
5.091213430642374667e-08
5.048340141232913535e-08
4.932972278378252520e-08
5.002240053569155945e-08
4.883033633312352201e-08
4.911983324663143242e-08
4.893104626714571261e-08
4.983142458262142272e-08
4.912204424009628211e-08
4.834585750972222515e-08
4.787717283810217703e-08
4.962339051019818483e-08
4.894743551032353136e-08
4.888072585429876389e-08
4.907795460487556124e-08
