1.126000000000000112e+00 2.579877692417299338e-04
1.126987992296117014e+00 3.081154403505837153e-04
1.127977719913760390e+00 3.217488752469197097e-04
1.128969187428857879e+00 2.930651416747580935e-04
1.129962399433440456e+00 3.059033287981588944e-04
1.130957360535711942e+00 3.288161057725071850e-04
1.131954075360122047e+00 3.417359232241648352e-04
1.132952548547436100e+00 3.994513250505500016e-04
1.133952784754808318e+00 4.163683898677833701e-04
1.134954788655853974e+00 3.111635590991168729e-04
1.135958564940721782e+00 2.727482342871096897e-04
1.136964118316167838e+00 3.327736092285152043e-04
1.137971453505628228e+00 3.028783823417890032e-04
1.138980575249294080e+00 2.536024550035796969e-04
1.139991488304184397e+00 2.700865534173552390e-04
1.141004197444223101e+00 2.576284539272181680e-04
1.142018707460311200e+00 2.380883713774599138e-04
1.143035023160405395e+00 2.468268741941230266e-04
1.144053149369591793e+00 2.363051022685077576e-04
1.145073090930163184e+00 2.601253067609360370e-04
1.146094852701695865e+00 3.527463284483231456e-04
1.147118439561126468e+00 3.732623995584818054e-04
1.148143856402830121e+00 2.822857088374686597e-04
1.149171108138697273e+00 2.443399644037024519e-04
1.150200199698214076e+00 2.674213564874311543e-04
1.151231136028538549e+00 2.370575465071934668e-04
1.152263922094582727e+00 1.976663149432190069e-04
1.153298562879090827e+00 1.881115059867737493e-04
1.154335063382718740e+00 1.696018498629028892e-04
1.155373428624115739e+00 1.564486824419565462e-04
1.156413663640005973e+00 1.424439680509898920e-04
1.157455773485268402e+00 1.062517510773348440e-04
1.158499763233019175e+00 9.391653924704290648e-05
1.159545637974695120e+00 1.252677789946225566e-04
1.160593402820134123e+00 1.406930562326817627e-04
1.161643062897660617e+00 1.157976181843885965e-04
1.162694623354169066e+00 9.953919172367019404e-05
1.163748089355205462e+00 1.051497626505990511e-04
1.164803466085055916e+00 1.007941295188864988e-04
1.165860758746828818e+00 8.960091068215244648e-05
1.166919972562540542e+00 8.388216375974486721e-05
1.167981112773203378e+00 7.720765225302336939e-05
1.169044184638909245e+00 8.126991834778506216e-05
1.170109193438919171e+00 1.016083451189096537e-04
1.171176144471748781e+00 1.020810576614777254e-04
1.172245043055257785e+00 6.998221694246274129e-05
1.173315894526736125e+00 4.861603996844848297e-05
1.174388704242995241e+00 4.929525808825632071e-05
1.175463477580455329e+00 4.401432081111990676e-05
1.176540219935237941e+00 3.725762551626408996e-05
1.177618936723252130e+00 3.846533415176826555e-05
1.178699633380288825e+00 3.659225903335873225e-05
1.179782315362111200e+00 3.193993498348362799e-05
1.180866988144545493e+00 2.873020324430157097e-05
1.181953657223574483e+00 2.713419625304836307e-05
1.183042328115429642e+00 3.164562508458819559e-05
1.184133006356684392e+00 3.989979528326006910e-05
1.185225697504348696e+00 4.419897972296677521e-05
1.186320407135962984e+00 4.194008882715541061e-05
1.187417140849692743e+00 3.765057771551994750e-05
1.188515904264424883e+00 4.099792018385957766e-05
1.189616703019862110e+00 5.111709981323588829e-05
1.190719542776621509e+00 5.877564935720783516e-05
1.191824429216329584e+00 6.480055448582123406e-05
1.192931368041720619e+00 7.570096054907610747e-05
1.194040364976735713e+00 1.014490628871786161e-04
1.195151425766620035e+00 1.488592622706746255e-04
1.196264556178022742e+00 1.878919382168688405e-04
1.197379761999095793e+00 1.739879798840097210e-04
1.198497049039596751e+00 1.298222680149422215e-04
1.199616423130986265e+00 1.149569554430391406e-04
1.200737890126532648e+00 1.275352335233213309e-04
1.201861455901411802e+00 1.423030530233283591e-04
1.202987126352810021e+00 1.601943593163876022e-04
1.204114907400029022e+00 1.792717032838489347e-04
1.205244804984587415e+00 2.055789679280692003e-04
1.206376825070326175e+00 2.360661655299712940e-04
1.207510973643513230e+00 2.562029183180701574e-04
1.208647256712948925e+00 2.910816668489117024e-04
1.209785680310073053e+00 3.468299142625329724e-04
1.210926250489070988e+00 3.751272641141614782e-04
1.212068973326979604e+00 3.560203578664871186e-04
1.213213854923797186e+00 3.223295805842685919e-04
1.214360901402591786e+00 3.067382929205956328e-04
1.215510118909608916e+00 3.107209503593430402e-04
1.216661513614383239e+00 3.286032644537691702e-04
1.217815091709847364e+00 3.557930075866366955e-04
1.218970859412443097e+00 3.794746311809069983e-04
1.220128822962234905e+00 4.046248808003409959e-04
1.221288988623019378e+00 4.423794604585220202e-04
1.222451362682440701e+00 4.739391452544785199e-04
1.223615951452102335e+00 4.612730432959437615e-04
1.224782761267683151e+00 3.952617763095482161e-04
1.225951798489049782e+00 3.147230651116922307e-04
1.227123069500375196e+00 2.724185161778605114e-04
1.228296580710252384e+00 3.225114698127254961e-04
1.229472338551812483e+00 4.559831516591969481e-04
1.230650349482842243e+00 5.993219085135443333e-04
1.231830619985901931e+00 7.427568590008615593e-04
1.233013156568444346e+00 8.578556440612016476e-04
1.234197965762934945e+00 8.826121269606931104e-04
1.235385054126971083e+00 8.799503508430101375e-04
1.236574428243403911e+00 9.024467931643020318e-04
1.237766094720459620e+00 9.159936302600009102e-04
1.238960060191861778e+00 8.987015220661577876e-04
1.240156331316954574e+00 8.105511379877307918e-04
1.241354914780826935e+00 6.380172263136315181e-04
1.242555817294437093e+00 4.312492412143314720e-04
1.243759045594736268e+00 2.673926629561774538e-04
1.244964606444796784e+00 2.294295255723392997e-04
1.246172506633937749e+00 3.307802056981328713e-04
1.247382752977852505e+00 5.276703157214244220e-04
1.248595352318737195e+00 7.743606287892038434e-04
1.249810311525418882e+00 1.031228700809212881e-03
1.251027637493486333e+00 1.261210757306720394e-03
1.252247337145420136e+00 1.415193673799104105e-03
1.253469417430722599e+00 1.487127804162747874e-03
1.254693885326052527e+00 1.483606053230949757e-03
1.255920747835354900e+00 1.372585664580286803e-03
1.257150011989997207e+00 1.169807618064661004e-03
1.258381684848900894e+00 9.523377608095894139e-04
1.259615773498678593e+00 8.178107061400555862e-04
1.260852285053770450e+00 7.886097176567711522e-04
1.262091226656578691e+00 7.860874132060346933e-04
1.263332605477606396e+00 7.945100241110411880e-04
1.264576428715595835e+00 8.367621723551829779e-04
1.265822703597668353e+00 8.920956487686817647e-04
1.267071437379462040e+00 9.487679653303086273e-04
1.268322637345275172e+00 9.982031444141367064e-04
1.269576310808206099e+00 1.049270643126264200e-03
1.270832465110296461e+00 1.103220364781039168e-03
1.272091107622674411e+00 1.138063945630799498e-03
1.273352245745698719e+00 1.172401860049942504e-03
1.274615886909103546e+00 1.227383161832401939e-03
1.275882038572145216e+00 1.294753093293973941e-03
1.277150708223747877e+00 1.346880540475595654e-03
1.278421903382652269e+00 1.366090513497214944e-03
1.279695631597562944e+00 1.357471861764769205e-03
1.280971900447299028e+00 1.297632398917370226e-03
1.282250717540943441e+00 1.195461149971979590e-03
1.283532090517995217e+00 1.077242792427994273e-03
1.284816027048520271e+00 9.283200731731583444e-04
1.286102534833305722e+00 7.991989485245733259e-04
1.287391621604013325e+00 7.263017900844351022e-04
1.288683295123334016e+00 6.446646309801869158e-04
1.289977563185144005e+00 5.380562085807774056e-04
1.291274433614661987e+00 4.659753391175704878e-04
1.292573914268606350e+00 4.746996627887137537e-04
1.293876013035353711e+00 5.841690763705931688e-04
1.295180737835098794e+00 8.025796107269604195e-04
1.296488096620015629e+00 1.104251115667272739e-03
1.297798097374417203e+00 1.447468534441305596e-03
1.299110748114920444e+00 1.813704666018619996e-03
1.300426056890607862e+00 2.202752598546704049e-03
1.301744031783193201e+00 2.645080858746961302e-03
1.303064680907186412e+00 3.085533375062472945e-03
1.304388012410060194e+00 3.393993585486943312e-03
1.305714034472417628e+00 3.642696063775345636e-03
1.307042755308160942e+00 4.012590991242829044e-03
1.308374183164660698e+00 4.545771702719320767e-03
1.309708326322927663e+00 5.224472875331406287e-03
1.311045193097781558e+00 6.082367855823063441e-03
1.312384791838027587e+00 7.195702675177344590e-03
1.313727130926627851e+00 8.627205751361432043e-03
1.315072218780876323e+00 1.045068335668983446e-02
1.316420063852575595e+00 1.269757149115365719e-02
1.317770674628213401e+00 1.525189433961876909e-02
1.319124059629140922e+00 1.795596392866336682e-02
1.320480227411752194e+00 2.076395186010626670e-02
1.321839186567663527e+00 2.400736064883401966e-02
1.323200945723896238e+00 2.827800210884121729e-02
1.324565513543057849e+00 3.382487969577292752e-02
1.325932898723527265e+00 4.052130636659479618e-02
1.327303109999638409e+00 4.812562110188120523e-02
1.328676156141866516e+00 5.648322525926340737e-02
1.330052045957015094e+00 6.549819504177337159e-02
1.331430788288405109e+00 7.487591177756525163e-02
1.332812392016063274e+00 8.463009687462752506e-02
1.334196866056913677e+00 9.492756770061942795e-02
1.335584219364968961e+00 1.052343052780711496e-01
1.336974460931523057e+00 1.150482304230259212e-01
1.338367599785346362e+00 1.245581186576113081e-01
1.339763644992881142e+00 1.344131850276304441e-01
1.341162605658436702e+00 1.454779563849740165e-01
1.342564490924390119e+00 1.581771222046514380e-01
1.343969309971381643e+00 1.724189460216301872e-01
1.345377072018519193e+00 1.876677803045836146e-01
1.346787786323576430e+00 2.030235141572651891e-01
1.348201462183198140e+00 2.178394364324841570e-01
1.349618108933102745e+00 2.314941082615370460e-01
1.351037735948290130e+00 2.437339820311277550e-01
1.352460352643244823e+00 2.549482938585149183e-01
1.353885968472148260e+00 2.647086291286169790e-01
1.355314592929085071e+00 2.723183225196675883e-01
1.356746235548255131e+00 2.782908466364870104e-01
1.358180905904185831e+00 2.837766555708333138e-01
1.359618613611944804e+00 2.898689989247246190e-01
1.361059368327355079e+00 2.968552132943100275e-01
1.362503179747211357e+00 3.042980942659571642e-01
1.363950057609498057e+00 3.118565693690613094e-01
1.365400011693606253e+00 3.187180072794772445e-01
1.366853051820556830e+00 3.239299806545973826e-01
1.368309187853220088e+00 3.271141787224480235e-01
1.369768429696540002e+00 3.278139821371584550e-01
1.371230787297757381e+00 3.259448053742175500e-01
1.372696270646638572e+00 3.219760386497715343e-01
1.374164889775699727e+00 3.162204144121472105e-01
1.375636654760438393e+00 3.094533150377669073e-01
1.377111575719562442e+00 3.026851187944510357e-01
1.378589662815221883e+00 2.961965146143115679e-01
1.380070926253243568e+00 2.900265256567838845e-01
1.381555376283364778e+00 2.840003481402606500e-01
1.383043023199470367e+00 2.774299942736794811e-01
1.384533877339829910e+00 2.698015650603677873e-01
1.386027949087338174e+00 2.609307290834936843e-01
1.387525248869755812e+00 2.507240581166169657e-01
1.389025787159951619e+00 2.392918604606198152e-01
1.390529574476147223e+00 2.268493669343250863e-01
1.392036621382161998e+00 2.137234863819958419e-01
1.393546938487661091e+00 2.003727723440835162e-01
1.395060536448405220e+00 1.872514358187953309e-01
1.396577425966499586e+00 1.748233742568797155e-01
1.398097617790646341e+00 1.632469054040774636e-01
1.399621122716400601e+00 1.522537678366667757e-01
1.401147951586422913e+00 1.416079935447904503e-01
1.402678115290738603e+00 1.311542299684046453e-01
1.404211624766996236e+00 1.207696597865290516e-01
1.405748491000727851e+00 1.104622292787392629e-01
1.407288725025611198e+00 1.002406616544577883e-01
1.408832337923734634e+00 9.021536149102757363e-02
1.410379340825861805e+00 8.060202646192449194e-02
1.411929744911700313e+00 7.141412438117428207e-02
1.413483561410169731e+00 6.268554962229559713e-02
1.415040801599673825e+00 5.462246621187404755e-02
1.416601476808373228e+00 4.725463564430680552e-02
1.418165598414459661e+00 4.060821256330835599e-02
1.419733177846432826e+00 3.481729598586971036e-02
1.421304226583378183e+00 2.971959669132723247e-02
1.422878756155248059e+00 2.518773597886673349e-02
1.424456778143142976e+00 2.135945629523227848e-02
1.426038304179596539e+00 1.811405346889385232e-02
1.427623345948860090e+00 1.533536277941109985e-02
1.429211915187190263e+00 1.315365120145397734e-02
1.430804023683140525e+00 1.148276947389790040e-02
1.432399683277851388e+00 1.019454999601647309e-02
1.433998905865343287e+00 9.282132597533649526e-03
1.435601703392814343e+00 8.655276925898389151e-03
1.437208087860935457e+00 8.302918096848320439e-03
1.438818071324151404e+00 8.283075531942544686e-03
1.440431665890981705e+00 8.573829727169791221e-03
1.442048883724324604e+00 9.109808024643053712e-03
1.443669737041762158e+00 9.819195056617923204e-03
1.445294238115867769e+00 1.066353002878594157e-02
1.446922399274517490e+00 1.155737317401739350e-02
1.448554232901199557e+00 1.237140275482116920e-02
1.450189751435329688e+00 1.301817266381454473e-02
1.451828967372567725e+00 1.343667629661830787e-02
1.453471893265134263e+00 1.363334220417698750e-02
1.455118541722132175e+00 1.364316275042466199e-02
1.456768925409868798e+00 1.353079420202196216e-02
1.458423057052181004e+00 1.336344732279358405e-02
1.460080949430762276e+00 1.307963654889809577e-02
1.461742615385490884e+00 1.269809905643275692e-02
1.463408067814762958e+00 1.229889890544628127e-02
1.465077319675824219e+00 1.177035949497483650e-02
1.466750383985108819e+00 1.106751297148752568e-02
1.468427273818574630e+00 1.027200925013586723e-02
1.470108002312046080e+00 9.390606963494063306e-03
1.471792582661556104e+00 8.461851160042780512e-03
1.473481028123691416e+00 7.526565595100235401e-03
1.475173352015941353e+00 6.565324222805893513e-03
1.476869567717046916e+00 5.622676058673690969e-03
1.478569688667353610e+00 4.770843556867032827e-03
1.480273728369166264e+00 4.027378193434526937e-03
1.481981700387106970e+00 3.399431490000650365e-03
1.483693618348475241e+00 2.909073919666045442e-03
1.485409495943609492e+00 2.554739668454851682e-03
1.487129346926251872e+00 2.314521246366073315e-03
1.488853185113917732e+00 2.178837099732551085e-03
1.490581024388262232e+00 2.112370375337159056e-03
1.492312878695457590e+00 2.043054996541869735e-03
1.494048762046563450e+00 1.940354800765793771e-03
1.495788688517908360e+00 1.845884285363785229e-03
1.497532672251467467e+00 1.801464406518834020e-03
1.499280727455248874e+00 1.801306388901298232e-03
1.501032868403676668e+00 1.825224065215877477e-03
1.502789109437979942e+00 1.852274828398731230e-03
1.504549464966586036e+00 1.863530159534464376e-03
1.506313949465511781e+00 1.849257277952916527e-03
1.508082577478762509e+00 1.788056071329115898e-03
1.509855363618730850e+00 1.658172461449294649e-03
1.511632322566598186e+00 1.461813057740912487e-03
1.513413469072741879e+00 1.238021654742133297e-03
1.515198817957142063e+00 1.041686086713510722e-03
1.516988384109793087e+00 8.825459516607494321e-04
1.518782182491116739e+00 7.434164544586830325e-04
1.520580228132380585e+00 6.184039699088267642e-04
1.522382536136117182e+00 5.016979983152716543e-04
1.524189121676545966e+00 3.961517918184639009e-04
1.526000000000000023e+00 3.033356652332218698e-04
