1.400000000000000148e-06 1.600000000000000033e-01 7.249999999999999778e-01 5.000000000000000000e-01 1.600000000000000266e-05
1.470000000000000113e-06 1.600000000000000033e-01 7.249999999999999778e-01 5.000000000000000000e-01 1.600000000000000266e-05
1.400000000000000148e-06 1.680000000000000104e-01 7.249999999999999778e-01 5.000000000000000000e-01 1.600000000000000266e-05
1.400000000000000148e-06 1.600000000000000033e-01 7.612499999999999822e-01 5.000000000000000000e-01 1.600000000000000266e-05
1.400000000000000148e-06 1.600000000000000033e-01 7.249999999999999778e-01 5.250000000000000222e-01 1.600000000000000266e-05
1.400000000000000148e-06 1.600000000000000033e-01 7.249999999999999778e-01 5.000000000000000000e-01 1.680000000000000517e-05
1.428000000000000134e-06 1.632000000000000395e-01 7.395000000000001572e-01 5.100000000000000089e-01 1.520000000000000016e-05
1.433600000000000132e-06 1.638400000000000412e-01 7.424000000000001709e-01 5.120000000000000107e-01 1.487999999999999983e-05
1.441440000000000128e-06 1.647360000000000213e-01 7.464600000000000124e-01 5.147999999999999243e-01 1.555199999999999611e-05
1.449727999999999785e-06 1.656832000000000304e-01 7.507520000000000859e-01 5.177599999999999980e-01 1.546239999999999616e-05
1.461331199999999982e-06 1.558092800000000222e-01 7.567608000000002333e-01 5.219039999999999235e-01 1.533696000000000299e-05
1.473597439999999780e-06 1.533711360000000468e-01 7.631129600000003954e-01 5.262847999999999971e-01 1.520435200000000171e-05
1.490770176000000004e-06 1.611577344000000578e-01 7.720059840000003115e-01 4.974179200000000689e-01 1.501870079999999855e-05
1.508924211199999637e-06 1.613892812800000742e-01 7.814071808000004893e-01 4.919015039999999894e-01 1.482244095999999501e-05
1.534339860479999630e-06 1.617134469120000972e-01 7.438188563200003323e-01 5.191785215999999981e-01 1.454767718399999142e-05
1.561207832575999357e-06 1.620561362944001327e-01 7.403326275840003134e-01 5.230142259199999089e-01 1.425721262079999053e-05
1.500822993510399362e-06 1.625359014297601268e-01 7.862019073536005154e-01 5.283842119680000060e-01 1.385056223231999063e-05
1.564112190914558782e-06 1.581742620016641232e-01 7.863226702950403268e-01 5.229378967551998603e-01 1.455878712524798842e-05
1.590214629097470682e-06 1.570411144019969452e-01 7.951072043540481360e-01 5.251254761062397192e-01 1.449454455029758207e-05
1.593737867280383067e-06 1.533274868023297710e-01 7.921989384130567746e-01 5.192490554572799510e-01 1.361494197534718968e-05
1.617924598192536387e-06 1.656220911232616777e-01 7.914723697782790612e-01 5.079099576401919780e-01 1.323722596548606068e-05
1.498854692683693792e-06 1.555150531465708252e-01 7.680758567111991564e-01 5.230692025870335993e-01 1.486010494396006025e-05
1.592667345508842375e-06 1.634781739766908992e-01 7.865094730670803003e-01 5.111255550531583758e-01 1.358147302152600214e-05
1.515271906928094921e-06 1.569085992918418382e-01 7.713017395734783621e-01 5.209790642686054074e-01 1.463634435753409898e-05
1.466397786771237757e-06 1.670981853167367581e-01 7.540275118293913170e-01 5.156377057074421622e-01 1.523519694301363371e-05
1.571453353191282691e-06 1.557373590423509757e-01 7.855189387609153862e-01 5.186170692510583269e-01 1.389848659468881764e-05
1.576223099648134239e-06 1.567756219440068488e-01 7.664639726268134279e-01 5.536714832651453699e-01 1.365811621223635743e-05
1.564445794169710356e-06 1.575830123278056383e-01 7.690790340571209693e-01 5.428617368937449505e-01 1.386187304309499299e-05
1.589544958816685044e-06 1.615260691465505716e-01 7.756803316467925091e-01 5.333469920465956360e-01 1.353442428892661379e-05
1.528269691008598129e-06 1.577166565164158651e-01 7.720679931863083656e-01 5.231434516297537307e-01 1.444350834552778873e-05
1.516090047680423873e-06 1.634890283856673676e-01 7.560827542295127657e-01 5.375195400156209669e-01 1.449029075210748288e-05
1.525778626144824039e-06 1.621324862505870157e-01 7.612340865225082354e-01 5.342116076318224049e-01 1.438672502455921621e-05
1.596702660415076649e-06 1.565291199265889943e-01 7.454126573043907689e-01 5.300833555642083805e-01 1.475268023137200012e-05
1.550515752485107402e-06 1.547980785148245220e-01 7.933139489621470197e-01 5.382809934698917775e-01 1.454421688712080339e-05
1.548377336466929265e-06 1.533464669589094109e-01 8.039102132377764498e-01 5.413343469798701513e-01 1.460161774038496257e-05
1.496546161474042665e-06 1.596326783179299047e-01 8.073944359048589314e-01 5.344909189879565314e-01 1.396536393884831916e-05
1.552289719066698576e-06 1.592115504487086053e-01 7.948696771103618275e-01 5.459698098656924348e-01 1.408327806202073934e-05
1.511718230421594263e-06 1.591688603422781734e-01 7.840338027277582444e-01 5.553881299844434238e-01 1.377779565700963866e-05
1.507312106811412914e-06 1.581144958526615185e-01 7.711524461593954882e-01 5.361235449214512006e-01 1.413111175823245018e-05
1.544418636922023564e-06 1.590195658944003609e-01 7.907191616939427403e-01 5.442467135004502854e-01 1.409164895885778840e-05
1.582204654583261184e-06 1.574481230140283572e-01 7.519575776805317302e-01 5.515047536041846055e-01 1.429953988940865805e-05
1.511536397768156022e-06 1.592503811397471269e-01 7.976929857156016546e-01 5.374683400457964666e-01 1.402384473019637838e-05
1.547275298561812349e-06 1.537954730370352796e-01 8.127014867401201048e-01 5.530867579259084454e-01 1.373302668595262723e-05
1.529540543817796898e-06 1.606735089382154702e-01 7.702408815605903403e-01 5.375147589332874842e-01 1.427232781530306195e-05
1.568464619643523095e-06 1.573609583837191073e-01 7.843846020680029785e-01 5.247608871528250951e-01 1.453976891681957681e-05
1.521648848535431681e-06 1.588524774995303257e-01 7.840951926123010951e-01 5.500283624889101830e-01 1.391114097747637766e-05
1.498618277641695702e-06 1.594545924668814840e-01 8.053458341607122595e-01 5.401539304815896614e-01 1.447539870448677024e-05
1.510138093034097906e-06 1.591270659425431666e-01 7.989991441425836616e-01 5.406277966037167371e-01 1.436803171374320753e-05
1.550968352149626704e-06 1.577378975760584112e-01 7.772543458730243326e-01 5.468111099527059871e-01 1.445110181080411719e-05
1.541535329432718343e-06 1.551405252327272000e-01 8.075118357530091107e-01 5.504832314729825038e-01 1.427412832389785639e-05
1.531639631300408024e-06 1.597052367897550118e-01 7.767632985442636251e-01 5.397842416277340849e-01 1.427264290430715123e-05
1.521545634079845462e-06 1.570687366346842362e-01 7.814512103597849313e-01 5.419662881567333113e-01 1.452720475852287440e-05
1.544274136684202687e-06 1.565223286836158467e-01 7.870175865404201998e-01 5.329598094354026649e-01 1.495413825232288044e-05
1.548799194313956719e-06 1.560562989204329343e-01 7.876020653260440429e-01 5.295460988247011613e-01 1.516273770729217998e-05
1.553468752181531204e-06 1.580875063680344805e-01 7.918881192651906487e-01 5.374192922790470561e-01 1.450884786879639086e-05
1.582208556886252671e-06 1.556133532303721201e-01 7.714957755314346688e-01 5.374743821021958912e-01 1.472434737559732701e-05
1.522750424208225054e-06 1.585121662179132251e-01 7.941860546356326322e-01 5.400759490659505779e-01 1.443038695456767793e-05
1.530091126594163298e-06 1.573122290535987899e-01 8.000132573060374508e-01 5.285970043985042111e-01 1.463299133604184706e-05
1.548800445560883325e-06 1.543876867454397339e-01 8.098042881395075554e-01 5.311489778317843857e-01 1.495558961523268729e-05
1.525104002031501503e-06 1.545254893181223776e-01 8.018459349683074722e-01 5.310058014015663908e-01 1.489808134931796826e-05
1.517892301546483030e-06 1.577058814926514674e-01 8.038328996738153265e-01 5.272340233833914258e-01 1.500425811587242304e-05
1.544806648570848105e-06 1.553069440359442499e-01 7.951547653366890511e-01 5.363477737047541716e-01 1.462472410215233750e-05
1.554480119568414683e-06 1.527097049167751852e-01 8.033482782807522815e-01 5.239477976428541517e-01 1.519582290745941165e-05
1.563876988759902828e-06 1.559700680560271446e-01 7.962893352730552321e-01 5.301947438037535321e-01 1.484722513596570071e-05
1.531889274708971608e-06 1.547782905972557022e-01 8.008735300216383024e-01 5.308638663219491516e-01 1.488918151198132076e-05
1.559609123443164696e-06 1.521697529380134639e-01 7.984661220215654165e-01 5.335102855761937324e-01 1.521479121961760731e-05
1.565512722812965145e-06 1.511412577148964209e-01 7.981566949646710096e-01 5.344929418117315700e-01 1.533115119633276309e-05
1.550814591415406695e-06 1.529201615164957340e-01 8.046491566648643623e-01 5.246245210185194185e-01 1.545908530049322344e-05
1.552016179984318413e-06 1.524428050126060419e-01 8.065480349304994245e-01 5.222798704812725568e-01 1.562595754016140267e-05
1.539674909156636921e-06 1.556015832755529849e-01 7.969759950744462751e-01 5.372951864306856340e-01 1.499329145239967334e-05
1.536713867074281030e-06 1.561799589473085448e-01 7.957015384331851404e-01 5.399646641882518416e-01 1.495278516138772771e-05
1.541704368602469717e-06 1.544091600589337365e-01 7.853886679896662226e-01 5.325524896813158549e-01 1.524860547949319687e-05
1.545202770246457083e-06 1.514292506708847796e-01 8.075238021684519873e-01 5.305787301760629404e-01 1.536784373327113333e-05
1.545388496958908047e-06 1.504106350683385995e-01 8.116250452940583227e-01 5.301025143241948623e-01 1.545058482946077815e-05
1.562987321121662907e-06 1.514262265456781387e-01 7.979684647962019817e-01 5.323701324904144272e-01 1.565736180060447292e-05
1.536618751458869273e-06 1.537373536479862135e-01 8.001768099061297157e-01 5.292676520018582131e-01 1.550878032536293430e-05
1.552489259442123735e-06 1.512292239626868984e-01 8.191695207046139071e-01 5.289115128249533004e-01 1.557903600383523599e-05
1.544048903839873828e-06 1.520418474836014444e-01 8.057171776453155854e-01 5.385542782103232007e-01 1.541653646417201444e-05
1.545232899165591826e-06 1.521955524393579506e-01 8.055302739737365547e-01 5.361165707017574444e-01 1.542398251052822195e-05
1.557411782102225309e-06 1.479980133900661576e-01 8.168120507954500509e-01 5.254121665065858426e-01 1.605460673551699076e-05
1.560959156691343241e-06 1.464772994129688033e-01 8.207792619396507838e-01 5.230355625217658622e-01 1.626686979214045560e-05
1.570204101892982544e-06 1.469582213236259316e-01 8.218522167771749043e-01 5.309468651433761899e-01 1.584235364926474103e-05
1.542496187784839011e-06 1.525510054912231628e-01 8.039700061085626182e-01 5.295615143016239035e-01 1.556715565704575014e-05
1.535639078895459352e-06 1.497192600041520605e-01 8.264611784120470261e-01 5.267209373793038107e-01 1.565768971659970652e-05
1.549555972743477359e-06 1.479594171363898814e-01 8.272717310098366417e-01 5.192162458389792956e-01 1.598455188910454726e-05
1.541126297787487323e-06 1.476178228825421046e-01 8.168733684010482943e-01 5.225431969213938377e-01 1.599170474990526042e-05
1.546522180602134891e-06 1.473192869025718166e-01 8.265171730543998674e-01 5.183284684610318660e-01 1.633660389245750847e-05
1.552942732899414304e-06 1.499926846963801630e-01 8.251263718087504806e-01 5.242018944796880131e-01 1.593344362903392406e-05
1.555751460947893071e-06 1.440361737697618827e-01 8.464922803813113017e-01 5.150397291706838576e-01 1.650450791068870662e-05
1.558402515580503968e-06 1.423332074254696489e-01 8.549967352358609496e-01 5.121353721444957818e-01 1.669197836141729521e-05
1.546428407052708269e-06 1.442118901939576370e-01 8.338822781101475901e-01 5.167344828690179082e-01 1.636664565136245115e-05
1.548564140932338086e-06 1.447461469769749653e-01 8.343811377491859860e-01 5.207274263217420707e-01 1.646837489619498544e-05
1.548365774570109935e-06 1.441034929450919488e-01 8.358030190970560103e-01 5.210296624182946257e-01 1.656513949761307105e-05
1.552335370660871334e-06 1.440999596278011163e-01 8.388500341216853506e-01 5.226956812825944709e-01 1.620773713490424248e-05
1.569896989073710480e-06 1.394522663756805059e-01 8.438615710478933885e-01 5.126931099256388791e-01 1.710667027808385882e-05
1.548152044230774503e-06 1.398842137519483997e-01 8.587764111635864950e-01 5.122415037447262121e-01 1.683341039692047374e-05
1.545590621738660840e-06 1.385655966197443245e-01 8.663758410083737260e-01 5.100826919893183264e-01 1.694671851787647331e-05
1.562347679743789910e-06 1.398911055412742632e-01 8.586708201523802764e-01 5.158818670455940225e-01 1.696566368430408569e-05
1.555663113366963589e-06 1.384087946740749919e-01 8.509322337896443322e-01 5.179134758938921390e-01 1.701226373442398456e-05
1.560410300736422314e-06 1.360685428345453085e-01 8.634073599164537871e-01 5.083446416265007262e-01 1.763084515001634553e-05
1.549623040050556953e-06 1.387483718383805686e-01 8.454811897913880880e-01 5.121435656958637228e-01 1.713899118690140626e-05
1.560120867797473994e-06 1.396911271432678681e-01 8.563626348392067156e-01 5.152276643093911535e-01 1.699599599725861544e-05
1.538163282210141619e-06 1.392827553110092820e-01 8.652908644124004400e-01 5.163461445693198204e-01 1.695371488079153171e-05
1.545397225454160061e-06 1.406758112673884564e-01 8.639636539197517173e-01 5.104988460712378551e-01 1.702470188299843297e-05
1.534644807971795927e-06 1.448589704800554434e-01 8.517110453942617898e-01 5.209293621165238530e-01 1.616366316059890832e-05
1.539153769205605312e-06 1.433206456420911545e-01 8.537579004356453671e-01 5.187270360307697503e-01 1.642042000874695780e-05
1.543004531992306626e-06 1.365108814483085298e-01 8.864973387490950874e-01 5.073232907697202698e-01 1.717148101745573751e-05
1.541932283476746049e-06 1.349923591489518293e-01 8.966362026795031692e-01 5.045820164400053320e-01 1.729274932142427215e-05
1.524402904442875535e-06 1.396511489721488086e-01 8.779916045708996419e-01 5.099635394627552998e-01 1.681081852588904601e-05
1.553870224210419338e-06 1.396841309633220229e-01 8.601477045422529777e-01 5.143064424612298069e-01 1.696358993976894130e-05
1.551256585036669997e-06 1.345670246018179361e-01 8.831522606171043899e-01 5.046959303135606367e-01 1.760366248680948756e-05
1.541271761976041484e-06 1.417887619600433358e-01 8.589019134674007461e-01 5.162715925302581166e-01 1.662748744240790102e-05
1.553490463938493720e-06 1.396073175925134080e-01 8.690637162623491285e-01 5.070470009593861516e-01 1.693987663941146814e-05
1.540845539012603269e-06 1.393395537102725124e-01 8.659511134861413995e-01 5.147187944375815061e-01 1.695129318855002093e-05
1.544435846117852985e-06 1.376797586132878226e-01 8.711859105815538129e-01 5.145822788040053108e-01 1.683952615942519530e-05
1.545228984070306429e-06 1.401515020529208455e-01 8.652275488355670729e-01 5.112134467994721154e-01 1.699229613137311841e-05
1.532506351305547867e-06 1.388583873531938073e-01 8.770337976763782351e-01 5.095374841493103268e-01 1.691212057929636459e-05
1.550131546452066640e-06 1.395396258315495797e-01 8.631027708407249532e-01 5.134718747566439090e-01 1.695458280168623817e-05
1.548648727330336207e-06 1.358541019050749921e-01 8.799599317005601939e-01 5.064524469708364673e-01 1.737906122036873431e-05
1.546059402540082835e-06 1.357724017530591298e-01 8.795272494783908934e-01 5.096061927701681649e-01 1.716895856700176735e-05
1.545885277192297391e-06 1.362410292395616063e-01 8.836395206935911961e-01 5.105463478926620668e-01 1.730343220014853413e-05
1.545642186443047152e-06 1.381587973282123460e-01 8.693969849532867666e-01 5.101638317724034311e-01 1.700914341227408361e-05
1.541624555245706486e-06 1.398744021234858692e-01 8.658302513024955793e-01 5.156611468317704450e-01 1.672312237441840471e-05
1.549739350056680457e-06 1.366028896835737028e-01 8.797907246434558681e-01 5.077717403227008930e-01 1.705962208058447026e-05
1.545997465535840364e-06 1.405022368129929256e-01 8.663199787172323196e-01 5.121505610111273255e-01 1.679822210756580636e-05
1.546048563564340551e-06 1.366001228885475594e-01 8.772159770951881708e-01 5.100514572123360235e-01 1.710407968660047570e-05
1.552201916157670423e-06 1.350905247485908178e-01 8.845712672102050700e-01 5.038517311017511879e-01 1.739644122502199738e-05
1.543475593405300186e-06 1.390372235828792324e-01 8.691099290863447679e-01 5.135944990790171083e-01 1.684095317327403174e-05
1.543613338306713411e-06 1.365287297363563246e-01 8.846410664183137484e-01 5.078689240582434650e-01 1.715800075128468582e-05
1.549314949874521337e-06 1.389517252429491867e-01 8.659254120916175523e-01 5.127877912477822875e-01 1.698448217866908500e-05
1.545723461867305789e-06 1.378470624402793887e-01 8.709607833816670475e-01 5.101413568603899718e-01 1.702813066713936067e-05
1.549001192758212434e-06 1.366023363245684741e-01 8.792757751338022842e-01 5.082276837006278747e-01 1.706851360178767270e-05
1.542509356909433341e-06 1.392195462764982128e-01 8.681073964610340754e-01 5.145392089078835163e-01 1.679931383685481891e-05
1.550971245639003813e-06 1.353924443765821273e-01 8.831002091872016679e-01 5.050916763238681995e-01 1.733796891733769305e-05
1.543990187437108428e-06 1.385498034440129089e-01 8.707311386881133597e-01 5.128858907056808025e-01 1.689357847593932256e-05
1.547063830909052760e-06 1.370460246142943816e-01 8.801549643891470875e-01 5.105873419094780763e-01 1.705533121057313333e-05
1.550026562728027769e-06 1.357417720786734394e-01 8.841541393631142665e-01 5.069233885457062883e-01 1.725458449562669439e-05
1.545046553113019207e-06 1.380583979550785156e-01 8.730801638062385406e-01 5.118424528276852570e-01 1.695675452938461196e-05
1.546146008137669677e-06 1.376505002447055981e-01 8.719003934289168978e-01 5.097239817091917535e-01 1.705340108851748185e-05
1.542627312477461283e-06 1.352243096167534131e-01 8.885199382613662156e-01 5.062980085554513732e-01 1.715181768436089028e-05
1.548144613330035796e-06 1.382994275083649360e-01 8.698794541713236184e-01 5.116520792766243719e-01 1.701376589216515363e-05
1.542598437822498854e-06 1.382525350086526994e-01 8.714110468341900173e-01 5.122278743330044293e-01 1.704588717739329359e-05
1.541236547047660714e-06 1.365366868249713872e-01 8.814200048618151540e-01 5.090337967795599550e-01 1.711348340110706323e-05
1.546935701730620104e-06 1.379909478887710594e-01 8.718990505421596593e-01 5.111938798396380434e-01 1.703121645622998815e-05
1.548517628118446411e-06 1.364789444767308679e-01 8.800836136821366118e-01 5.080444039258333877e-01 1.707549382741360109e-05
1.543634296124289623e-06 1.379421566655663900e-01 8.729287460325807491e-01 5.114957670117494803e-01 1.705106834114684876e-05
1.547511110761262677e-06 1.387681205207113022e-01 8.621686659437199918e-01 5.138540913819968914e-01 1.692060728946707674e-05
1.544295448486259363e-06 1.369206231236184401e-01 8.807083963352597689e-01 5.089163283399003035e-01 1.711645689546660373e-05
1.544238217069742370e-06 1.373543991639272210e-01 8.784325400956540797e-01 5.116759723833318452e-01 1.705042927501392675e-05
1.545812144700782430e-06 1.375986825555693960e-01 8.730435190955958547e-01 5.100655800771662918e-01 1.705288102115435852e-05
1.544445669411611374e-06 1.371481780899104497e-01 8.791827498294555454e-01 5.095015532374572720e-01 1.708451642225020605e-05
1.543916747522035540e-06 1.379654049234688151e-01 8.729590295873123074e-01 5.115651041749366135e-01 1.703220557879440072e-05
1.546557872007099840e-06 1.380044379020325396e-01 8.721352731949754133e-01 5.113235944372475084e-01 1.701632407086091359e-05
1.545848161474076282e-06 1.368917779018537506e-01 8.763888144373982447e-01 5.104096563354059146e-01 1.707461465515730363e-05
1.545926117132739668e-06 1.377320797867801760e-01 8.721363475043811819e-01 5.101476759328904542e-01 1.703407177669090719e-05
1.544399884278397060e-06 1.374951989221574744e-01 8.773620648377707942e-01 5.117092684722026608e-01 1.703169432588807125e-05
1.543898529058788757e-06 1.385768692152053450e-01 8.734988980649028845e-01 5.119671329244059876e-01 1.697398331571398457e-05
1.545146264166624658e-06 1.384061163121207694e-01 8.709803809553829934e-01 5.107706665684903502e-01 1.699381924091357686e-05
1.545015647686184500e-06 1.382467057688771539e-01 8.720971756348008253e-01 5.109349219016399157e-01 1.700044738078411135e-05
1.546068960988646016e-06 1.380484306489727642e-01 8.750386746248369763e-01 5.106627579564378960e-01 1.698060470880312893e-05
1.544293384878692405e-06 1.379799344254319937e-01 8.733229674688791633e-01 5.114071935866992824e-01 1.702317542654592579e-05
1.544681155701499710e-06 1.376604212661863835e-01 8.763908453109798824e-01 5.114818489037582516e-01 1.702145412511815086e-05
1.544739691798819506e-06 1.377630210541572753e-01 8.756394531176485696e-01 5.113861366783875040e-01 1.701777794485969140e-05
1.545581941277043407e-06 1.378404272611216674e-01 8.760916477364093513e-01 5.110011544553740848e-01 1.699656708668183724e-05
1.544518882248403936e-06 1.379555206716776838e-01 8.738074865156969517e-01 5.113361367387173617e-01 1.701851896706970877e-05
1.545356443907331876e-06 1.378648410148759773e-01 8.756071286895915629e-01 5.110722113033560055e-01 1.700122354615805426e-05
1.544952729360441504e-06 1.376845409553941191e-01 8.773452373523907832e-01 5.102577986046565872e-01 1.708077559055252528e-05
1.546522433535333391e-06 1.368091383913427883e-01 8.784650388087221762e-01 5.094493847800358743e-01 1.710626371415857844e-05
1.544357712342183846e-06 1.382675163210294045e-01 8.743679726950712716e-01 5.115265269991412511e-01 1.699713238544178816e-05
1.544665026060730975e-06 1.376822367141335157e-01 8.758611457862249816e-01 5.105260326793999992e-01 1.707738701942799960e-05
1.545251911874007764e-06 1.377517429388426806e-01 8.759174984255986285e-01 5.098680657047734988e-01 1.708467625055367761e-05
1.544829330311977377e-06 1.377610473839772087e-01 8.756881110465397633e-01 5.111204742580049976e-01 1.702948514835613933e-05
