1.126000000000000112e+00 4.536391607958166418e-05
1.126987992296117014e+00 8.368356584118579798e-06
1.127977719913760390e+00 2.369432650160980081e-06
1.128969187428857879e+00 2.147193654837141908e-05
1.129962399433440456e+00 5.319892280761255230e-05
1.130957360535711942e+00 9.838520757662297823e-05
1.131954075360122047e+00 1.408761791024281578e-04
1.132952548547436100e+00 1.757509266918079959e-04
1.133952784754808318e+00 2.299125947204007240e-04
1.134954788655853974e+00 2.735354073117325624e-04
1.135958564940721782e+00 2.972239952069006641e-04
1.136964118316167838e+00 3.381248791637744724e-04
1.137971453505628228e+00 3.871339163571244123e-04
1.138980575249294080e+00 4.192433721489172301e-04
1.139991488304184397e+00 4.268406711380769158e-04
1.141004197444223101e+00 4.465719540798464759e-04
1.142018707460311200e+00 4.777904539896004341e-04
1.143035023160405395e+00 4.922246748115498283e-04
1.144053149369591793e+00 5.194459415634556732e-04
1.145073090930163184e+00 4.868551044434055977e-04
1.146094852701695865e+00 3.923481029007037371e-04
1.147118439561126468e+00 4.119596849269314054e-04
1.148143856402830121e+00 4.983491894540821240e-04
1.149171108138697273e+00 5.289027324944225788e-04
1.150200199698214076e+00 5.842024681728933853e-04
1.151231136028538549e+00 6.792097357659595061e-04
1.152263922094582727e+00 7.259398953470136417e-04
1.153298562879090827e+00 7.313917644145516948e-04
1.154335063382718740e+00 7.569388249059949341e-04
1.155373428624115739e+00 8.226050114928356704e-04
1.156413663640005973e+00 9.470430458753855817e-04
1.157455773485268402e+00 1.048333342976446106e-03
1.158499763233019175e+00 9.656643621880645631e-04
1.159545637974695120e+00 8.264581063657516768e-04
1.160593402820134123e+00 8.268793334302508395e-04
1.161643062897660617e+00 8.703153106530942635e-04
1.162694623354169066e+00 8.827589510453968209e-04
1.163748089355205462e+00 8.992576265596780418e-04
1.164803466085055916e+00 9.253425572748223216e-04
1.165860758746828818e+00 9.402822546082957849e-04
1.166919972562540542e+00 9.019599253640248017e-04
1.167981112773203378e+00 8.618540103113213552e-04
1.169044184638909245e+00 8.868157536635611375e-04
1.170109193438919171e+00 9.699407684565190943e-04
1.171176144471748781e+00 1.051139143840132710e-03
1.172245043055257785e+00 1.017558255951027087e-03
1.173315894526736125e+00 9.391904195874333861e-04
1.174388704242995241e+00 9.647058380508681226e-04
1.175463477580455329e+00 1.049757921742747570e-03
1.176540219935237941e+00 1.142204940495379671e-03
1.177618936723252130e+00 1.209030297810014540e-03
1.178699633380288825e+00 1.218135026183948420e-03
1.179782315362111200e+00 1.218873641546712547e-03
1.180866988144545493e+00 1.236759340680852054e-03
1.181953657223574483e+00 1.280876995746972093e-03
1.183042328115429642e+00 1.303561447182190105e-03
1.184133006356684392e+00 1.230950238909799899e-03
1.185225697504348696e+00 1.143918737914526853e-03
1.186320407135962984e+00 1.131781534519053041e-03
1.187417140849692743e+00 1.193111162223708379e-03
1.188515904264424883e+00 1.311556471724948780e-03
1.189616703019862110e+00 1.422869282833685075e-03
1.190719542776621509e+00 1.488799565103556249e-03
1.191824429216329584e+00 1.538220002758223202e-03
1.192931368041720619e+00 1.566605401946910645e-03
1.194040364976735713e+00 1.596472264671518681e-03
1.195151425766620035e+00 1.721623813920888837e-03
1.196264556178022742e+00 1.850275436681774691e-03
1.197379761999095793e+00 1.746438394929367534e-03
1.198497049039596751e+00 1.510390826243113984e-03
1.199616423130986265e+00 1.437918518003340361e-03
1.200737890126532648e+00 1.512476560134614484e-03
1.201861455901411802e+00 1.599324332704148361e-03
1.202987126352810021e+00 1.724332309902859746e-03
1.204114907400029022e+00 1.875128926861022605e-03
1.205244804984587415e+00 1.976311689542379051e-03
1.206376825070326175e+00 2.049620430157084693e-03
1.207510973643513230e+00 2.169925398803727954e-03
1.208647256712948925e+00 2.416320910490986872e-03
1.209785680310073053e+00 2.686424282821332516e-03
1.210926250489070988e+00 2.664211010525100419e-03
1.212068973326979604e+00 2.417154256614287462e-03
1.213213854923797186e+00 2.330747026723960919e-03
1.214360901402591786e+00 2.422633791076626505e-03
1.215510118909608916e+00 2.586036446419643763e-03
1.216661513614383239e+00 2.832215248549948324e-03
1.217815091709847364e+00 3.091226509681952329e-03
1.218970859412443097e+00 3.377673249402454291e-03
1.220128822962234905e+00 3.724289542954525075e-03
1.221288988623019378e+00 4.044921367495477559e-03
1.222451362682440701e+00 4.279263459898526543e-03
1.223615951452102335e+00 4.336049105571184413e-03
1.224782761267683151e+00 4.181308553253109024e-03
1.225951798489049782e+00 4.036197222333299389e-03
1.227123069500375196e+00 4.094657880825744618e-03
1.228296580710252384e+00 4.252627140438987839e-03
1.229472338551812483e+00 4.422187915567408513e-03
1.230650349482842243e+00 4.661975378525329630e-03
1.231830619985901931e+00 4.879716757022922735e-03
1.233013156568444346e+00 4.978481077008429026e-03
1.234197965762934945e+00 5.067042409882908764e-03
1.235385054126971083e+00 5.303331056199249785e-03
1.236574428243403911e+00 5.667951839904246045e-03
1.237766094720459620e+00 5.874490898325943587e-03
1.238960060191861778e+00 5.851174909749001611e-03
1.240156331316954574e+00 5.898672885383234379e-03
1.241354914780826935e+00 6.232955110826328242e-03
1.242555817294437093e+00 6.856319378637154224e-03
1.243759045594736268e+00 7.508823898967946497e-03
1.244964606444796784e+00 8.125411293742763538e-03
1.246172506633937749e+00 9.030412493942265376e-03
1.247382752977852505e+00 1.012934908783778148e-02
1.248595352318737195e+00 1.118995133316289317e-02
1.249810311525418882e+00 1.227106547991696842e-02
1.251027637493486333e+00 1.322413286943137888e-02
1.252247337145420136e+00 1.389260069140522101e-02
1.253469417430722599e+00 1.429087763088946264e-02
1.254693885326052527e+00 1.440149586873312737e-02
1.255920747835354900e+00 1.416090475365754976e-02
1.257150011989997207e+00 1.365012807542224232e-02
1.258381684848900894e+00 1.321236259296436691e-02
1.259615773498678593e+00 1.279021558704879387e-02
1.260852285053770450e+00 1.212436156016577851e-02
1.262091226656578691e+00 1.142976070226787814e-02
1.263332605477606396e+00 1.077413674056790227e-02
1.264576428715595835e+00 1.017592125698762832e-02
1.265822703597668353e+00 9.862935081852616456e-03
1.267071437379462040e+00 9.836680715500844760e-03
1.268322637345275172e+00 1.022379496823920715e-02
1.269576310808206099e+00 1.122249563001622916e-02
1.270832465110296461e+00 1.292402275763514588e-02
1.272091107622674411e+00 1.566637242300679064e-02
1.273352245745698719e+00 1.974885552319186402e-02
1.274615886909103546e+00 2.508427714412378787e-02
1.275882038572145216e+00 3.131955141618475436e-02
1.277150708223747877e+00 3.821715049277722015e-02
1.278421903382652269e+00 4.547070320094096646e-02
1.279695631597562944e+00 5.257267564980262070e-02
1.280971900447299028e+00 5.974132719515251599e-02
1.282250717540943441e+00 6.744300724577349804e-02
1.283532090517995217e+00 7.533074501963309133e-02
1.284816027048520271e+00 8.290604342759662349e-02
1.286102534833305722e+00 9.009629871195068418e-02
1.287391621604013325e+00 9.723924037791914499e-02
1.288683295123334016e+00 1.046340512189476296e-01
1.289977563185144005e+00 1.122871251503493040e-01
1.291274433614661987e+00 1.199756926668376911e-01
1.292573914268606350e+00 1.266821898924895828e-01
1.293876013035353711e+00 1.316507663235539638e-01
1.295180737835098794e+00 1.353465552815823203e-01
1.296488096620015629e+00 1.381070772982540273e-01
1.297798097374417203e+00 1.402363626443204891e-01
1.299110748114920444e+00 1.426281446053159485e-01
1.300426056890607862e+00 1.462431582170602984e-01
1.301744031783193201e+00 1.515407646083799242e-01
1.303064680907186412e+00 1.578369455628388374e-01
1.304388012410060194e+00 1.643182208033985847e-01
1.305714034472417628e+00 1.707830975864953194e-01
1.307042755308160942e+00 1.769466920540578303e-01
1.308374183164660698e+00 1.828080449394294260e-01
1.309708326322927663e+00 1.880898263843823193e-01
1.311045193097781558e+00 1.919278384810153837e-01
1.312384791838027587e+00 1.940478064156374582e-01
1.313727130926627851e+00 1.944473424588500365e-01
1.315072218780876323e+00 1.936225200429218252e-01
1.316420063852575595e+00 1.929942477718576410e-01
1.317770674628213401e+00 1.937166724120464312e-01
1.319124059629140922e+00 1.960377860474504241e-01
1.320480227411752194e+00 1.988661967210869352e-01
1.321839186567663527e+00 2.006124092150545768e-01
1.323200945723896238e+00 2.005745931262112036e-01
1.324565513543057849e+00 1.982792808105888482e-01
1.325932898723527265e+00 1.939497057397279733e-01
1.327303109999638409e+00 1.885462698656856229e-01
1.328676156141866516e+00 1.817473240440335147e-01
1.330052045957015094e+00 1.729769358185468398e-01
1.331430788288405109e+00 1.627123654594292979e-01
1.332812392016063274e+00 1.511849139645302376e-01
1.334196866056913677e+00 1.388583260436105082e-01
1.335584219364968961e+00 1.269141413904705529e-01
1.336974460931523057e+00 1.156946944442946712e-01
1.338367599785346362e+00 1.048105252892711087e-01
1.339763644992881142e+00 9.417887936085572731e-02
1.341162605658436702e+00 8.370553181826329014e-02
1.342564490924390119e+00 7.333606291212683981e-02
1.343969309971381643e+00 6.339171621885904273e-02
1.345377072018519193e+00 5.411221407844826747e-02
1.346787786323576430e+00 4.569901555493342121e-02
1.348201462183198140e+00 3.844280687367555155e-02
1.349618108933102745e+00 3.223206280456771683e-02
1.351037735948290130e+00 2.683914230888229807e-02
1.352460352643244823e+00 2.228441735615633787e-02
1.353885968472148260e+00 1.842540574419447227e-02
1.355314592929085071e+00 1.504610303966243817e-02
1.356746235548255131e+00 1.213138528925043237e-02
1.358180905904185831e+00 9.690158273624292426e-03
1.359618613611944804e+00 7.695289378826196229e-03
1.361059368327355079e+00 6.053687131186821259e-03
1.362503179747211357e+00 4.646421703512750197e-03
1.363950057609498057e+00 3.498050550121857734e-03
1.365400011693606253e+00 2.648161881848974924e-03
1.366853051820556830e+00 2.030603015855888399e-03
1.368309187853220088e+00 1.607548402498456966e-03
1.369768429696540002e+00 1.368515543804428407e-03
1.371230787297757381e+00 1.259949208392486435e-03
1.372696270646638572e+00 1.255835814332841461e-03
1.374164889775699727e+00 1.363973474271229372e-03
1.375636654760438393e+00 1.559360348132262037e-03
1.377111575719562442e+00 1.820234597474748063e-03
1.378589662815221883e+00 2.153660823497471986e-03
1.380070926253243568e+00 2.571099570571156161e-03
1.381555376283364778e+00 3.096779856667346894e-03
1.383043023199470367e+00 3.753095948839551763e-03
1.384533877339829910e+00 4.508551008502257457e-03
1.386027949087338174e+00 5.162337717185893488e-03
1.387525248869755812e+00 5.466475002520430199e-03
1.389025787159951619e+00 5.562530624218052673e-03
1.390529574476147223e+00 5.824270882989644391e-03
1.392036621382161998e+00 6.320399724722791310e-03
1.393546938487661091e+00 6.933046217606667928e-03
1.395060536448405220e+00 7.581965297909777114e-03
1.396577425966499586e+00 8.195333540042933074e-03
1.398097617790646341e+00 8.733668571055931695e-03
1.399621122716400601e+00 9.119158880925680097e-03
1.401147951586422913e+00 9.330230412266131076e-03
1.402678115290738603e+00 9.444120637562143997e-03
1.404211624766996236e+00 9.407869313276731940e-03
1.405748491000727851e+00 9.172351341569268124e-03
1.407288725025611198e+00 8.862057894925275819e-03
1.408832337923734634e+00 8.620054829248938871e-03
1.410379340825861805e+00 8.500845765504876431e-03
1.411929744911700313e+00 8.465920972080180282e-03
1.413483561410169731e+00 8.508633397157247882e-03
1.415040801599673825e+00 8.631716885119874311e-03
1.416601476808373228e+00 8.746985009625795476e-03
1.418165598414459661e+00 8.824745685049314309e-03
1.419733177846432826e+00 8.868369086258051995e-03
1.421304226583378183e+00 8.848150329937748068e-03
1.422878756155248059e+00 8.774443606932575204e-03
1.424456778143142976e+00 8.625527228547584524e-03
1.426038304179596539e+00 8.398901870604529724e-03
1.427623345948860090e+00 8.184557078432144750e-03
1.429211915187190263e+00 8.058535347016266767e-03
1.430804023683140525e+00 8.014377101160454625e-03
1.432399683277851388e+00 8.001256622477227742e-03
1.433998905865343287e+00 8.033071576658997598e-03
1.435601703392814343e+00 8.115837558142121808e-03
1.437208087860935457e+00 8.183742817304393360e-03
1.438818071324151404e+00 8.205316911855959489e-03
1.440431665890981705e+00 8.155391358394586260e-03
1.442048883724324604e+00 8.055787166106326627e-03
1.443669737041762158e+00 7.939842494200226655e-03
1.445294238115867769e+00 7.746028527883672826e-03
1.446922399274517490e+00 7.506318654591386842e-03
1.448554232901199557e+00 7.306205133230548633e-03
1.450189751435329688e+00 7.154560995062683205e-03
1.451828967372567725e+00 7.070233714717852162e-03
1.453471893265134263e+00 7.034345628085168951e-03
1.455118541722132175e+00 7.026282925238276633e-03
1.456768925409868798e+00 7.023553383253292905e-03
1.458423057052181004e+00 6.988954001481877468e-03
1.460080949430762276e+00 6.987331961289112818e-03
1.461742615385490884e+00 7.005845679758401605e-03
1.463408067814762958e+00 6.967768339347814657e-03
1.465077319675824219e+00 6.915460111754820685e-03
1.466750383985108819e+00 6.850334306743659576e-03
1.468427273818574630e+00 6.776047784092150035e-03
1.470108002312046080e+00 6.758127647583280460e-03
1.471792582661556104e+00 6.811133878708192611e-03
1.473481028123691416e+00 6.931350002390059689e-03
1.475173352015941353e+00 7.059816993223510390e-03
1.476869567717046916e+00 7.168081445246181696e-03
1.478569688667353610e+00 7.311209534888380053e-03
1.480273728369166264e+00 7.452689024102790265e-03
1.481981700387106970e+00 7.542849576230437406e-03
1.483693618348475241e+00 7.565891603680231607e-03
1.485409495943609492e+00 7.492907388587213662e-03
1.487129346926251872e+00 7.385954857143849084e-03
1.488853185113917732e+00 7.289050438907683678e-03
1.490581024388262232e+00 7.159986210774328674e-03
1.492312878695457590e+00 7.007327187594863081e-03
1.494048762046563450e+00 6.854104183063466048e-03
1.495788688517908360e+00 6.681261234008984903e-03
1.497532672251467467e+00 6.460519910596949911e-03
1.499280727455248874e+00 6.172874025321758648e-03
1.501032868403676668e+00 5.831609783621232758e-03
1.502789109437979942e+00 5.451489467340116593e-03
1.504549464966586036e+00 5.016670886857029638e-03
1.506313949465511781e+00 4.530942312897657046e-03
1.508082577478762509e+00 4.039102002695443838e-03
1.509855363618730850e+00 3.563238670704142221e-03
1.511632322566598186e+00 3.092742075432630949e-03
1.513413469072741879e+00 2.638651701012888467e-03
1.515198817957142063e+00 2.222244129025928352e-03
1.516988384109793087e+00 1.850268154649434282e-03
1.518782182491116739e+00 1.524352714532583360e-03
1.520580228132380585e+00 1.248667365703067184e-03
1.522382536136117182e+00 1.027860012457823850e-03
1.524189121676545966e+00 8.457243062646986696e-04
1.526000000000000023e+00 6.956870110500962311e-04
