1.126000000000000112e+00 4.468921792075070457e-05
1.126987992296117014e+00 3.698195287635824569e-05
1.127977719913760390e+00 2.397034806192141306e-05
1.128969187428857879e+00 8.511614511707873667e-06
1.129962399433440456e+00 2.810152927627971411e-07
1.130957360535711942e+00 4.113182863553779181e-06
1.131954075360122047e+00 1.855916352142112470e-05
1.132952548547436100e+00 4.551198758238753013e-05
1.133952784754808318e+00 7.274220086270361538e-05
1.134954788655853974e+00 8.826951238938954866e-05
1.135958564940721782e+00 1.071245196715135440e-04
1.136964118316167838e+00 1.136011411509560480e-04
1.137971453505628228e+00 7.710100308244742994e-05
1.138980575249294080e+00 3.505384945221016915e-05
1.139991488304184397e+00 2.944825521922496861e-05
1.141004197444223101e+00 3.526715024152304569e-05
1.142018707460311200e+00 3.013262962824063320e-05
1.143035023160405395e+00 2.985576993388373973e-05
1.144053149369591793e+00 3.292406291618631776e-05
1.145073090930163184e+00 2.121580729242645313e-05
1.146094852701695865e+00 7.926615552602648835e-06
1.147118439561126468e+00 1.153504337781481923e-05
1.148143856402830121e+00 1.241744954097772381e-05
1.149171108138697273e+00 3.085998323563969072e-06
1.150200199698214076e+00 7.004397003302765622e-06
1.151231136028538549e+00 1.402230410325369795e-05
1.152263922094582727e+00 1.812908233830212975e-05
1.153298562879090827e+00 3.813278331660680957e-05
1.154335063382718740e+00 4.272948397958596488e-05
1.155373428624115739e+00 2.765254665979441262e-05
1.156413663640005973e+00 5.141788420963873407e-05
1.157455773485268402e+00 1.104546945210104961e-04
1.158499763233019175e+00 1.542184816297775026e-04
1.159545637974695120e+00 1.638807181228356478e-04
1.160593402820134123e+00 1.668377297767112855e-04
1.161643062897660617e+00 2.057475135201739143e-04
1.162694623354169066e+00 2.776509996420014454e-04
1.163748089355205462e+00 3.450407919479856140e-04
1.164803466085055916e+00 3.585830524921346544e-04
1.165860758746828818e+00 2.992708505889087414e-04
1.166919972562540542e+00 2.058725054529417459e-04
1.167981112773203378e+00 1.158590821038535043e-04
1.169044184638909245e+00 8.240226275589195633e-05
1.170109193438919171e+00 1.217360319044621058e-04
1.171176144471748781e+00 1.574518285760827393e-04
1.172245043055257785e+00 2.103506584091348471e-04
1.173315894526736125e+00 3.679002731174154002e-04
1.174388704242995241e+00 5.562059044408632861e-04
1.175463477580455329e+00 7.050397740625738820e-04
1.176540219935237941e+00 8.903872889435319408e-04
1.177618936723252130e+00 1.038448482446236582e-03
1.178699633380288825e+00 1.006694766371253602e-03
1.179782315362111200e+00 9.874963640327865874e-04
1.180866988144545493e+00 1.148166499734487242e-03
1.181953657223574483e+00 1.259567823345366126e-03
1.183042328115429642e+00 1.137588636597115658e-03
1.184133006356684392e+00 9.266736765403627224e-04
1.185225697504348696e+00 8.529683676315148125e-04
1.186320407135962984e+00 8.911537280478007547e-04
1.187417140849692743e+00 9.032691738020315244e-04
1.188515904264424883e+00 9.832463997056376317e-04
1.189616703019862110e+00 1.136270331207828947e-03
1.190719542776621509e+00 1.182666484048443874e-03
1.191824429216329584e+00 1.145440914376470547e-03
1.192931368041720619e+00 1.118635138541323798e-03
1.194040364976735713e+00 1.095695556499799630e-03
1.195151425766620035e+00 1.035013094159726883e-03
1.196264556178022742e+00 1.025599286654370682e-03
1.197379761999095793e+00 1.236476726296285291e-03
1.198497049039596751e+00 1.476392081956062578e-03
1.199616423130986265e+00 1.545352544208076443e-03
1.200737890126532648e+00 1.581242642805890395e-03
1.201861455901411802e+00 1.562415385328580616e-03
1.202987126352810021e+00 1.466572578222839155e-03
1.204114907400029022e+00 1.409003157528331777e-03
1.205244804984587415e+00 1.356819752342581890e-03
1.206376825070326175e+00 1.373213024209964843e-03
1.207510973643513230e+00 1.477141926709448286e-03
1.208647256712948925e+00 1.521552480235788003e-03
1.209785680310073053e+00 1.638940234837932492e-03
1.210926250489070988e+00 1.921088139160188630e-03
1.212068973326979604e+00 2.073483035616006335e-03
1.213213854923797186e+00 2.025311350407496980e-03
1.214360901402591786e+00 2.045163148633230305e-03
1.215510118909608916e+00 2.105331438826931172e-03
1.216661513614383239e+00 1.994028827718007102e-03
1.217815091709847364e+00 1.856130162616375767e-03
1.218970859412443097e+00 1.893613044814345531e-03
1.220128822962234905e+00 1.989477608548911695e-03
1.221288988623019378e+00 2.018537277109825039e-03
1.222451362682440701e+00 2.014391420201777378e-03
1.223615951452102335e+00 1.994697511817673883e-03
1.224782761267683151e+00 1.982878840812137781e-03
1.225951798489049782e+00 2.106367104633681108e-03
1.227123069500375196e+00 2.373958884329431963e-03
1.228296580710252384e+00 2.525783251891572899e-03
1.229472338551812483e+00 2.452506132732816188e-03
1.230650349482842243e+00 2.329345603868665602e-03
1.231830619985901931e+00 2.260333002776044372e-03
1.233013156568444346e+00 2.326550444830057050e-03
1.234197965762934945e+00 2.447838526417992020e-03
1.235385054126971083e+00 2.379271096795614136e-03
1.236574428243403911e+00 2.350357670436729971e-03
1.237766094720459620e+00 2.499236816012429668e-03
1.238960060191861778e+00 2.486805769716739917e-03
1.240156331316954574e+00 2.504328689954442647e-03
1.241354914780826935e+00 2.729879755621412822e-03
1.242555817294437093e+00 2.746308390891836516e-03
1.243759045594736268e+00 2.595825260638660783e-03
1.244964606444796784e+00 2.697413140841692109e-03
1.246172506633937749e+00 3.040644306619390801e-03
1.247382752977852505e+00 3.240313990657691171e-03
1.248595352318737195e+00 3.250571924868356222e-03
1.249810311525418882e+00 3.357808721743010295e-03
1.251027637493486333e+00 3.384723554810746028e-03
1.252247337145420136e+00 3.385622695399895243e-03
1.253469417430722599e+00 3.601661462062473278e-03
1.254693885326052527e+00 3.628825536294190933e-03
1.255920747835354900e+00 3.626839909530530509e-03
1.257150011989997207e+00 3.867454248268850127e-03
1.258381684848900894e+00 3.892489098022760760e-03
1.259615773498678593e+00 3.748466992113094146e-03
1.260852285053770450e+00 3.605819021329402345e-03
1.262091226656578691e+00 3.546050779681845372e-03
1.263332605477606396e+00 3.786209523860249032e-03
1.264576428715595835e+00 4.029562538851175039e-03
1.265822703597668353e+00 4.231162206251545474e-03
1.267071437379462040e+00 4.589568541618070305e-03
1.268322637345275172e+00 4.938492926215762129e-03
1.269576310808206099e+00 5.203265142545471407e-03
1.270832465110296461e+00 5.281774514684057890e-03
1.272091107622674411e+00 5.209714688542638542e-03
1.273352245745698719e+00 5.163706890508802660e-03
1.274615886909103546e+00 5.156211466287929229e-03
1.275882038572145216e+00 5.217279607022695144e-03
1.277150708223747877e+00 5.216253272886209845e-03
1.278421903382652269e+00 5.230744397166888632e-03
1.279695631597562944e+00 5.499695283421895953e-03
1.280971900447299028e+00 5.785874750654136818e-03
1.282250717540943441e+00 5.829619695221730305e-03
1.283532090517995217e+00 5.657595629012933391e-03
1.284816027048520271e+00 5.476688007946337554e-03
1.286102534833305722e+00 5.328153477081837112e-03
1.287391621604013325e+00 5.091691034554915105e-03
1.288683295123334016e+00 4.929663742182451708e-03
1.289977563185144005e+00 4.947009629242556106e-03
1.291274433614661987e+00 5.442113195365427120e-03
1.292573914268606350e+00 6.526566613323649818e-03
1.293876013035353711e+00 7.164025676927587849e-03
1.295180737835098794e+00 6.753519032624616045e-03
1.296488096620015629e+00 6.016369712043810776e-03
1.297798097374417203e+00 5.715826393364364759e-03
1.299110748114920444e+00 6.106882134173419879e-03
1.300426056890607862e+00 7.051719440211557874e-03
1.301744031783193201e+00 7.930845741460130008e-03
1.303064680907186412e+00 8.170526278205797813e-03
1.304388012410060194e+00 8.531271319312770662e-03
1.305714034472417628e+00 9.409779293312648535e-03
1.307042755308160942e+00 9.287023177775435151e-03
1.308374183164660698e+00 8.239454092430318830e-03
1.309708326322927663e+00 7.966829456585475949e-03
1.311045193097781558e+00 8.367508505667253793e-03
1.312384791838027587e+00 8.661990734273471507e-03
1.313727130926627851e+00 8.659969423878413272e-03
1.315072218780876323e+00 8.440233976060642143e-03
1.316420063852575595e+00 8.387339621888584631e-03
1.317770674628213401e+00 8.655776483640848298e-03
1.319124059629140922e+00 9.488435831645689739e-03
1.320480227411752194e+00 1.076212183692809403e-02
1.321839186567663527e+00 1.107075473851470808e-02
1.323200945723896238e+00 1.003526239411363895e-02
1.324565513543057849e+00 9.695558556361810743e-03
1.325932898723527265e+00 1.098045679322674772e-02
1.327303109999638409e+00 1.214476632226436231e-02
1.328676156141866516e+00 1.230872636670985593e-02
1.330052045957015094e+00 1.215856549701621950e-02
1.331430788288405109e+00 1.204794265003259444e-02
1.332812392016063274e+00 1.230477834297486785e-02
1.334196866056913677e+00 1.270502050764606670e-02
1.335584219364968961e+00 1.260386825805600262e-02
1.336974460931523057e+00 1.258091228265731561e-02
1.338367599785346362e+00 1.322742510366737255e-02
1.339763644992881142e+00 1.414317448982440120e-02
1.341162605658436702e+00 1.523872190095240491e-02
1.342564490924390119e+00 1.650631056416879822e-02
1.343969309971381643e+00 1.721593275295425773e-02
1.345377072018519193e+00 1.694854431748712628e-02
1.346787786323576430e+00 1.607161749569618880e-02
1.348201462183198140e+00 1.559578755455670943e-02
1.349618108933102745e+00 1.698181235343972778e-02
1.351037735948290130e+00 1.933842617141925610e-02
1.352460352643244823e+00 1.994608855657157426e-02
1.353885968472148260e+00 1.917247851391947269e-02
1.355314592929085071e+00 1.882037675666978563e-02
1.356746235548255131e+00 1.869129492436996665e-02
1.358180905904185831e+00 1.842909161881425145e-02
1.359618613611944804e+00 1.781326072528712987e-02
1.361059368327355079e+00 1.684515895566729773e-02
1.362503179747211357e+00 1.710913371369925107e-02
1.363950057609498057e+00 1.881590880902144630e-02
1.365400011693606253e+00 2.006207833075125332e-02
1.366853051820556830e+00 2.170605408470088066e-02
1.368309187853220088e+00 2.437038983638424583e-02
1.369768429696540002e+00 2.427865785062817763e-02
1.371230787297757381e+00 2.183039249386464417e-02
1.372696270646638572e+00 2.167441826410637651e-02
1.374164889775699727e+00 2.251916431676249247e-02
1.375636654760438393e+00 2.097147348382872797e-02
1.377111575719562442e+00 1.809191535580491339e-02
1.378589662815221883e+00 1.701825573939625899e-02
1.380070926253243568e+00 1.913271452121584337e-02
1.381555376283364778e+00 2.309330929796893708e-02
1.383043023199470367e+00 2.799231384861809030e-02
1.384533877339829910e+00 3.136069412043778620e-02
1.386027949087338174e+00 2.978420542397417978e-02
1.387525248869755812e+00 2.632609040791436539e-02
1.389025787159951619e+00 2.486613343461898523e-02
1.390529574476147223e+00 2.385931002195771505e-02
1.392036621382161998e+00 2.143652812376313846e-02
1.393546938487661091e+00 1.909661334728468204e-02
1.395060536448405220e+00 2.008462436034672005e-02
1.396577425966499586e+00 2.235117068099748763e-02
1.398097617790646341e+00 2.215766246245421886e-02
1.399621122716400601e+00 2.191817421358128667e-02
1.401147951586422913e+00 2.263257391314701591e-02
1.402678115290738603e+00 2.275697151726930115e-02
1.404211624766996236e+00 2.178839370574298454e-02
1.405748491000727851e+00 1.948282733418868484e-02
1.407288725025611198e+00 1.830663532111888314e-02
1.408832337923734634e+00 1.705971461838062461e-02
1.410379340825861805e+00 1.390699018039230281e-02
1.411929744911700313e+00 1.421868888626293473e-02
1.413483561410169731e+00 1.832895263629195221e-02
1.415040801599673825e+00 2.308358565644307719e-02
1.416601476808373228e+00 2.818578167026533979e-02
1.418165598414459661e+00 2.960916984769225435e-02
1.419733177846432826e+00 2.738052154538555064e-02
1.421304226583378183e+00 2.505530996220137196e-02
1.422878756155248059e+00 2.206768667904842468e-02
1.424456778143142976e+00 1.992235999173504191e-02
1.426038304179596539e+00 1.790905564180377690e-02
1.427623345948860090e+00 1.447751548102680502e-02
1.429211915187190263e+00 1.499542980355057092e-02
1.430804023683140525e+00 1.946820879609368130e-02
1.432399683277851388e+00 2.173264605756581452e-02
1.433998905865343287e+00 2.151999940178342743e-02
1.435601703392814343e+00 2.137146240114475362e-02
1.437208087860935457e+00 2.159994128930841500e-02
1.438818071324151404e+00 2.106077638386103651e-02
1.440431665890981705e+00 1.965136961177178787e-02
1.442048883724324604e+00 1.831093571971903824e-02
1.443669737041762158e+00 1.625028425455328149e-02
1.445294238115867769e+00 1.334129380981547049e-02
1.446922399274517490e+00 1.096097438243735268e-02
1.448554232901199557e+00 1.079688745246164608e-02
1.450189751435329688e+00 1.403788197317483791e-02
1.451828967372567725e+00 1.731043660958397554e-02
1.453471893265134263e+00 1.814577883834224067e-02
1.455118541722132175e+00 1.942582761077015982e-02
1.456768925409868798e+00 2.069140994933045541e-02
1.458423057052181004e+00 1.982360090174078993e-02
1.460080949430762276e+00 1.833502936148972973e-02
1.461742615385490884e+00 1.658086150943443096e-02
1.463408067814762958e+00 1.446693762284604647e-02
1.465077319675824219e+00 1.289314780479926953e-02
1.466750383985108819e+00 1.153670202777731975e-02
1.468427273818574630e+00 1.073477938660532399e-02
1.470108002312046080e+00 1.116262186769412419e-02
1.471792582661556104e+00 1.191236201367979093e-02
1.473481028123691416e+00 1.172556141656148562e-02
1.475173352015941353e+00 1.050551359911632010e-02
1.476869567717046916e+00 9.779443831325390982e-03
1.478569688667353610e+00 1.074426149957782330e-02
1.480273728369166264e+00 1.271715980723729655e-02
1.481981700387106970e+00 1.446407797762465190e-02
1.483693618348475241e+00 1.488511610264202714e-02
1.485409495943609492e+00 1.364826531792461342e-02
1.487129346926251872e+00 1.227197111350986601e-02
1.488853185113917732e+00 1.241673963587461640e-02
1.490581024388262232e+00 1.377913724673387671e-02
1.492312878695457590e+00 1.498688125381211420e-02
1.494048762046563450e+00 1.525962708360053925e-02
1.495788688517908360e+00 1.499768145556688165e-02
1.497532672251467467e+00 1.485687750039660707e-02
1.499280727455248874e+00 1.483219716119340073e-02
1.501032868403676668e+00 1.509821961358254194e-02
1.502789109437979942e+00 1.545457845698489964e-02
1.504549464966586036e+00 1.490921726104543071e-02
1.506313949465511781e+00 1.349526744872949630e-02
1.508082577478762509e+00 1.210232107092774206e-02
1.509855363618730850e+00 1.181945412981349162e-02
1.511632322566598186e+00 1.291320586753009168e-02
1.513413469072741879e+00 1.383021988212680513e-02
1.515198817957142063e+00 1.374931818631520627e-02
1.516988384109793087e+00 1.269284301798073201e-02
1.518782182491116739e+00 1.089938683964369534e-02
1.520580228132380585e+00 9.822790336868546593e-03
1.522382536136117182e+00 8.993534228615499004e-03
1.524189121676545966e+00 7.363267568319737354e-03
1.526000000000000023e+00 6.479811560247620249e-03
