1.126000000000000112e+00 9.177954411807196736e-04
1.126987992296117014e+00 6.948649332121460210e-04
1.127977719913760390e+00 4.889474570718964916e-04
1.128969187428857879e+00 3.187722743795102587e-04
1.129962399433440456e+00 1.985212856472051137e-04
1.130957360535711942e+00 1.364892913658560575e-04
1.131954075360122047e+00 1.345235923455256020e-04
1.132952548547436100e+00 1.882763197408838867e-04
1.133952784754808318e+00 2.881940295694861002e-04
1.134954788655853974e+00 4.210759057108290652e-04
1.135958564940721782e+00 5.719660583597721256e-04
1.136964118316167838e+00 7.261141567771742852e-04
1.137971453505628228e+00 8.707444198175227695e-04
1.138980575249294080e+00 9.964134319388122212e-04
1.139991488304184397e+00 1.097805633691877926e-03
1.141004197444223101e+00 1.173901402805245086e-03
1.142018707460311200e+00 1.227543845277159892e-03
1.143035023160405395e+00 1.264513546171622347e-03
1.144053149369591793e+00 1.292283636035628219e-03
1.145073090930163184e+00 1.318661826005048483e-03
1.146094852701695865e+00 1.350527439995955490e-03
1.147118439561126468e+00 1.392841214390153548e-03
1.148143856402830121e+00 1.448050162667877854e-03
1.149171108138697273e+00 1.515939410214691427e-03
1.150200199698214076e+00 1.593909802074089561e-03
1.151231136028538549e+00 1.677596160450384481e-03
1.152263922094582727e+00 1.761695856606171600e-03
1.153298562879090827e+00 1.840856618168306780e-03
1.154335063382718740e+00 1.910477556371945312e-03
1.155373428624115739e+00 1.967305363840876620e-03
1.156413663640005973e+00 2.009752186296686043e-03
1.157455773485268402e+00 2.037914347328650261e-03
1.158499763233019175e+00 2.053322748991402106e-03
1.159545637974695120e+00 2.058497978092408993e-03
1.160593402820134123e+00 2.056409521436632082e-03
1.161643062897660617e+00 2.049945570643005137e-03
1.162694623354169066e+00 2.041487627493432898e-03
1.163748089355205462e+00 2.032655800376552326e-03
1.164803466085055916e+00 2.024252326110948397e-03
1.165860758746828818e+00 2.016390071502482170e-03
1.166919972562540542e+00 2.008757344023231247e-03
1.167981112773203378e+00 2.000946745413318285e-03
1.169044184638909245e+00 1.992767996634841384e-03
1.170109193438919171e+00 1.984473400109961275e-03
1.171176144471748781e+00 1.976847391761603519e-03
1.172245043055257785e+00 1.971143338156116243e-03
1.173315894526736125e+00 1.968884683060699321e-03
1.174388704242995241e+00 1.971576884658626794e-03
1.175463477580455329e+00 1.980395581104835070e-03
1.176540219935237941e+00 1.995921522747124126e-03
1.177618936723252130e+00 2.017983231776722050e-03
1.178699633380288825e+00 2.045646163851043767e-03
1.179782315362111200e+00 2.077356843283433355e-03
1.180866988144545493e+00 2.111218083785549888e-03
1.181953657223574483e+00 2.145343483662988208e-03
1.183042328115429642e+00 2.178221593932418154e-03
1.184133006356684392e+00 2.209016285728539631e-03
1.185225697504348696e+00 2.237740977340417145e-03
1.186320407135962984e+00 2.265268618822204819e-03
1.187417140849692743e+00 2.293172071709143403e-03
1.188515904264424883e+00 2.323424309573475077e-03
1.189616703019862110e+00 2.358017652685381882e-03
1.190719542776621509e+00 2.398579808217845590e-03
1.191824429216329584e+00 2.446067692379821999e-03
1.192931368041720619e+00 2.500606725062355477e-03
1.194040364976735713e+00 2.561515653498503461e-03
1.195151425766620035e+00 2.627520047381194396e-03
1.196264556178022742e+00 2.697118478857972023e-03
1.197379761999095793e+00 2.769031795389047517e-03
1.198497049039596751e+00 2.842644753673430596e-03
1.199616423130986265e+00 2.918345402165957361e-03
1.200737890126532648e+00 2.997682628176797249e-03
1.201861455901411802e+00 3.083294275560110199e-03
1.202987126352810021e+00 3.178601832405708680e-03
1.204114907400029022e+00 3.287314948809776354e-03
1.205244804984587415e+00 3.412799888747966928e-03
1.206376825070326175e+00 3.557516974057586909e-03
1.207510973643513230e+00 3.722715199009114882e-03
1.208647256712948925e+00 3.907926854539254397e-03
1.209785680310073053e+00 4.111130878503793315e-03
1.210926250489070988e+00 4.329119779596470909e-03
1.212068973326979604e+00 4.558126854060644273e-03
1.213213854923797186e+00 4.794610851070506101e-03
1.214360901402591786e+00 5.036055548493929314e-03
1.215510118909608916e+00 5.281626113499256203e-03
1.216661513614383239e+00 5.532537453413608440e-03
1.217815091709847364e+00 5.792031753484814909e-03
1.218970859412443097e+00 6.064927402151706372e-03
1.220128822962234905e+00 6.356779164017974451e-03
1.221288988623019378e+00 6.672766338844620011e-03
1.222451362682440701e+00 7.016487551301024000e-03
1.223615951452102335e+00 7.388875414093810934e-03
1.224782761267683151e+00 7.787443500889588283e-03
1.225951798489049782e+00 8.206039696226748170e-03
1.227123069500375196e+00 8.635208491717262513e-03
1.228296580710252384e+00 9.063170670475457005e-03
1.229472338551812483e+00 9.477326992636135941e-03
1.230650349482842243e+00 9.866099855392274076e-03
1.231830619985901931e+00 1.022085943401188426e-02
1.233013156568444346e+00 1.053765079893849606e-02
1.234197965762934945e+00 1.081845229690159282e-02
1.235385054126971083e+00 1.107175220989058302e-02
1.236574428243403911e+00 1.131232219151937987e-02
1.237766094720459620e+00 1.156017793977428404e-02
1.238960060191861778e+00 1.183883192224166429e-02
1.240156331316954574e+00 1.217304096598461824e-02
1.241354914780826935e+00 1.258631709131476095e-02
1.242555817294437093e+00 1.309849275188280752e-02
1.243759045594736268e+00 1.372360906973757282e-02
1.244964606444796784e+00 1.446833358349262390e-02
1.246172506633937749e+00 1.533102577501310390e-02
1.247382752977852505e+00 1.630147246977104239e-02
1.248595352318737195e+00 1.736123072925712524e-02
1.249810311525418882e+00 1.848445999785484906e-02
1.251027637493486333e+00 1.963910861398619409e-02
1.252247337145420136e+00 2.078834404957090667e-02
1.253469417430722599e+00 2.189217338822561226e-02
1.254693885326052527e+00 2.290927398109078583e-02
1.255920747835354900e+00 2.379912171097518445e-02
1.257150011989997207e+00 2.452454242206883461e-02
1.258381684848900894e+00 2.505480126003172686e-02
1.259615773498678593e+00 2.536927400437863356e-02
1.260852285053770450e+00 2.546161530790789357e-02
1.262091226656578691e+00 2.534416625296968123e-02
1.263332605477606396e+00 2.505215578097063495e-02
1.264576428715595835e+00 2.464708449982843871e-02
1.265822703597668353e+00 2.421857549382122263e-02
1.267071437379462040e+00 2.388397128214421461e-02
1.268322637345275172e+00 2.378507353636939020e-02
1.269576310808206099e+00 2.408166906818019065e-02
1.270832465110296461e+00 2.494184653599730572e-02
1.272091107622674411e+00 2.652954560739892789e-02
1.273352245745698719e+00 2.899023747599492606e-02
1.274615886909103546e+00 3.243604452211655553e-02
1.275882038572145216e+00 3.693189758067105810e-02
1.277150708223747877e+00 4.248444117492004846e-02
1.278421903382652269e+00 4.903528978438845276e-02
1.279695631597562944e+00 5.645990005905330428e-02
1.280971900447299028e+00 6.457277673708834709e-02
1.282250717540943441e+00 7.313902926224191692e-02
1.283532090517995217e+00 8.189152536902617741e-02
1.284816027048520271e+00 9.055214892829914486e-02
1.286102534833305722e+00 9.885506802756284517e-02
1.287391621604013325e+00 1.065695499439418686e-01
1.288683295123334016e+00 1.135197898834619107e-01
1.289977563185144005e+00 1.195994785544668704e-01
1.291274433614661987e+00 1.247794021198443959e-01
1.292573914268606350e+00 1.291071826916511123e-01
1.293876013035353711e+00 1.326992246930617791e-01
1.295180737835098794e+00 1.357259026706107430e-01
1.296488096620015629e+00 1.383919916194751298e-01
1.297798097374417203e+00 1.409144326003821945e-01
1.299110748114920444e+00 1.435003638268940174e-01
1.300426056890607862e+00 1.463286795948353924e-01
1.301744031783193201e+00 1.495362843858742130e-01
1.303064680907186412e+00 1.532108378939204540e-01
1.304388012410060194e+00 1.573902652793245649e-01
1.305714034472417628e+00 1.620683596152686368e-01
1.307042755308160942e+00 1.672048968394718449e-01
1.308374183164660698e+00 1.727380348609202643e-01
1.309708326322927663e+00 1.785964835193312727e-01
1.311045193097781558e+00 1.847090619260678412e-01
1.312384791838027587e+00 1.910097909874661493e-01
1.313727130926627851e+00 1.974375239895244938e-01
1.315072218780876323e+00 2.039301653619879640e-01
1.316420063852575595e+00 2.104146006194624607e-01
1.317770674628213401e+00 2.167943828321652611e-01
1.319124059629140922e+00 2.229378345524909710e-01
1.320480227411752194e+00 2.286694142034799426e-01
1.321839186567663527e+00 2.337669110046952381e-01
1.323200945723896238e+00 2.379662946483138697e-01
1.324565513543057849e+00 2.409749500329339822e-01
1.325932898723527265e+00 2.424927288907873790e-01
1.327303109999638409e+00 2.422389430385116227e-01
1.328676156141866516e+00 2.399823117426283514e-01
1.330052045957015094e+00 2.355701400658882783e-01
1.331430788288405109e+00 2.289527771421414892e-01
1.332812392016063274e+00 2.201997416820660192e-01
1.334196866056913677e+00 2.095047814591501634e-01
1.335584219364968961e+00 1.971784465792156549e-01
1.336974460931523057e+00 1.836283273705718588e-01
1.338367599785346362e+00 1.693287179094683792e-01
1.339763644992881142e+00 1.547828855075090992e-01
1.341162605658436702e+00 1.404821480588462346e-01
1.342564490924390119e+00 1.268664325718960872e-01
1.343969309971381643e+00 1.142908350856692012e-01
1.345377072018519193e+00 1.030019400976822791e-01
1.346787786323576430e+00 9.312639076934309257e-02
1.348201462183198140e+00 8.467260740518652018e-02
1.349618108933102745e+00 7.754485655177552339e-02
1.351037735948290130e+00 7.156731629752528800e-02
1.352460352643244823e+00 6.651458331015300263e-02
1.353885968472148260e+00 6.214438825050032367e-02
1.355314592929085071e+00 5.822821470069153987e-02
1.356746235548255131e+00 5.457604840923117873e-02
1.358180905904185831e+00 5.105252532226263462e-02
1.359618613611944804e+00 4.758313158280624844e-02
1.361059368327355079e+00 4.415062200213338423e-02
1.362503179747211357e+00 4.078323685148324551e-02
1.363950057609498057e+00 3.753740254069892063e-02
1.365400011693606253e+00 3.447824450577302580e-02
1.366853051820556830e+00 3.166134018017466301e-02
1.368309187853220088e+00 2.911870188430127140e-02
1.369768429696540002e+00 2.685109248446976987e-02
1.371230787297757381e+00 2.482759670826501300e-02
1.372696270646638572e+00 2.299209533875882713e-02
1.374164889775699727e+00 2.127512475474984191e-02
1.375636654760438393e+00 1.960873352834429512e-02
1.377111575719562442e+00 1.794150213449158954e-02
1.378589662815221883e+00 1.625093074106949420e-02
1.380070926253243568e+00 1.455090356741354542e-02
1.381555376283364778e+00 1.289281209400469988e-02
1.383043023199470367e+00 1.136001169534853368e-02
1.384533877339829910e+00 1.005641362903569695e-02
1.386027949087338174e+00 9.090992040721113110e-03
1.387525248869755812e+00 8.560657642028934519e-03
1.389025787159951619e+00 8.534213081145944693e-03
1.390529574476147223e+00 9.039925423551559147e-03
1.392036621382161998e+00 1.005866672994492998e-02
1.393546938487661091e+00 1.152368710367495178e-02
1.395060536448405220e+00 1.332704469824059004e-02
1.396577425966499586e+00 1.533169393229443823e-02
1.398097617790646341e+00 1.738738939987394261e-02
1.399621122716400601e+00 1.934802829158145665e-02
1.401147951586422913e+00 2.108790482692994919e-02
1.402678115290738603e+00 2.251453321568711724e-02
1.404211624766996236e+00 2.357666950553966370e-02
1.405748491000727851e+00 2.426610503412986175e-02
1.407288725025611198e+00 2.461376059862627544e-02
1.408832337923734634e+00 2.468093425255035722e-02
1.410379340825861805e+00 2.454728936700381614e-02
1.411929744911700313e+00 2.429763101778154369e-02
1.413483561410169731e+00 2.400954519929690209e-02
1.415040801599673825e+00 2.374369129719109545e-02
1.416601476808373228e+00 2.353798485670621429e-02
1.418165598414459661e+00 2.340618948848498942e-02
1.419733177846432826e+00 2.334068062061174162e-02
1.421304226583378183e+00 2.331847685348375707e-02
1.422878756155248059e+00 2.330916297265955839e-02
1.424456778143142976e+00 2.328312029116782339e-02
1.426038304179596539e+00 2.321855511580500978e-02
1.427623345948860090e+00 2.310614572837688813e-02
1.429211915187190263e+00 2.295064122041023946e-02
1.430804023683140525e+00 2.276934269956757892e-02
1.432399683277851388e+00 2.258797005031537228e-02
1.433998905865343287e+00 2.243486650060169674e-02
1.435601703392814343e+00 2.233474613179732213e-02
1.437208087860935457e+00 2.230321157390279668e-02
1.438818071324151404e+00 2.234306821379223457e-02
1.440431665890981705e+00 2.244308417786752483e-02
1.442048883724324604e+00 2.257936810451204729e-02
1.443669737041762158e+00 2.271904965392846504e-02
1.445294238115867769e+00 2.282553889621537213e-02
1.446922399274517490e+00 2.286438039497840774e-02
1.448554232901199557e+00 2.280864652803882286e-02
1.450189751435329688e+00 2.264293721017842168e-02
1.451828967372567725e+00 2.236533939761954290e-02
1.453471893265134263e+00 2.198709092960795392e-02
1.455118541722132175e+00 2.153011412595378163e-02
1.456768925409868798e+00 2.102295745855731895e-02
1.458423057052181004e+00 2.049594270530440479e-02
1.460080949430762276e+00 1.997641777995603704e-02
1.461742615385490884e+00 1.948494964295843790e-02
1.463408067814762958e+00 1.903307640802344089e-02
1.465077319675824219e+00 1.862291871551703323e-02
1.466750383985108819e+00 1.824859067227525833e-02
1.468427273818574630e+00 1.789901822406411713e-02
1.470108002312046080e+00 1.756152810788628657e-02
1.471792582661556104e+00 1.722545535874329264e-02
1.473481028123691416e+00 1.688504796517444756e-02
1.475173352015941353e+00 1.654111227808561721e-02
1.476869567717046916e+00 1.620110625668703952e-02
1.478569688667353610e+00 1.587769670232138525e-02
1.480273728369166264e+00 1.558609188385273042e-02
1.481981700387106970e+00 1.534068775965881891e-02
1.483693618348475241e+00 1.515168448122442869e-02
1.485409495943609492e+00 1.502232181891539897e-02
1.487129346926251872e+00 1.494725365398765111e-02
1.488853185113917732e+00 1.491236105027542343e-02
1.490581024388262232e+00 1.489603508505750983e-02
1.492312878695457590e+00 1.487169618198302436e-02
1.494048762046563450e+00 1.481110495128684819e-02
1.495788688517908360e+00 1.468789743458437727e-02
1.497532672251467467e+00 1.448076374689334297e-02
1.499280727455248874e+00 1.417578086502930407e-02
1.501032868403676668e+00 1.376758543063172011e-02
1.502789109437979942e+00 1.325929393460935010e-02
1.504549464966586036e+00 1.266130154083717867e-02
1.506313949465511781e+00 1.198927482751938750e-02
1.508082577478762509e+00 1.126176539664380284e-02
1.509855363618730850e+00 1.049789379475140477e-02
1.511632322566598186e+00 9.715487919033002559e-03
1.513413469072741879e+00 8.929925650003795595e-03
1.515198817957142063e+00 8.153759221289398271e-03
1.516988384109793087e+00 7.397026146004264356e-03
1.518782182491116739e+00 6.668013918246320539e-03
1.520580228132380585e+00 5.974169816405829753e-03
1.522382536136117182e+00 5.322845535927544190e-03
1.524189121676545966e+00 4.721635541660310423e-03
1.526000000000000023e+00 4.178189599833238323e-03
