5.600000000000000514e-08
5.880000000000000374e-08
5.880000000000001036e-08
5.600000000000000514e-08
5.320000000000000654e-08
5.600000000000000514e-08
5.709715200000002034e-08
5.752286668800001857e-08
5.781625398886403925e-08
5.430721921710493857e-08
5.338841788520914431e-08
6.055948346031699622e-08
5.935771710686427760e-08
5.878704969463015511e-08
5.894614348237754072e-08
5.743378348525875354e-08
5.672747633564966490e-08
5.354585563717334003e-08
5.218132736731476973e-08
5.600900081787378060e-08
5.660256813706935501e-08
5.316314758599356746e-08
5.412646664590756869e-08
5.314271036059614820e-08
5.261859135656160440e-08
5.330214467640198096e-08
5.469300590735847864e-08
5.423088264454643876e-08
4.978231777625460335e-08
4.825479958894439358e-08
5.226420019197772280e-08
5.299309897577373133e-08
5.053902684255172785e-08
5.366039760601748725e-08
5.173333354490661259e-08
5.200787123942938059e-08
5.070638837608076460e-08
4.972974964730049248e-08
4.898169804095846129e-08
4.870193652295728903e-08
4.835012166532405296e-08
5.135505680576462551e-08
5.272781976052148792e-08
4.939225754327716737e-08
4.543663114682286134e-08
4.377076962215082611e-08
4.582873747722417773e-08
4.476826928594390753e-08
4.405623046349848818e-08
4.326720507088607184e-08
4.242406146114693752e-08
3.928107263668265385e-08
4.089697124448559760e-08
4.077781964811791514e-08
3.987512072078809615e-08
4.152321628100133069e-08
4.117992186712851288e-08
4.185425469976126134e-08
3.941833381733228581e-08
3.670749716339344500e-08
4.330335879882543920e-08
4.132815720265355739e-08
3.823290401976533992e-08
3.909833839897610172e-08
3.923674121102296197e-08
4.096170630832290319e-08
3.840654644900469617e-08
4.123733632256896815e-08
4.085922253900132955e-08
4.005258383395238699e-08
3.906453941651848067e-08
4.085163981910094546e-08
4.141165135842549071e-08
4.273746827048047449e-08
3.972148484915813064e-08
4.001960216104532461e-08
3.978670884398295077e-08
4.000830567847078142e-08
3.983604053323160541e-08
3.884218335725734128e-08
4.095848700601173192e-08
4.054317665253385145e-08
4.014028083539812654e-08
3.929548579556049005e-08
4.067427812430307108e-08
4.034184335443201425e-08
4.100930747534002927e-08
3.994773934636969974e-08
3.938170964139131874e-08
4.067997015105509920e-08
4.012057662817826467e-08
4.030397984497249796e-08
3.963153195501025214e-08
4.049468567176796872e-08
4.058459611080137183e-08
3.982043850071885738e-08
3.960696367410182395e-08
4.041349350170802485e-08
3.965553716851436847e-08
3.998703180304948359e-08
3.997774835589093951e-08
4.048657258217885353e-08
3.976375886395837304e-08
3.939783286539188266e-08
3.989297140511161166e-08
4.051868348465177334e-08
3.969234976575428390e-08
3.915155532278443618e-08
4.027948790011568079e-08
4.001000811444533615e-08
3.945904463172917971e-08
4.013627835200955400e-08
4.011841412266662512e-08
4.008580662792757655e-08
4.012424922583874918e-08
3.983190948537774123e-08
3.973962136195548763e-08
4.018651280735804088e-08
3.977876600270458272e-08
4.001459353920252356e-08
3.981649171471180115e-08
4.003287000031511954e-08
3.989079619509955131e-08
3.977864295677667342e-08
3.984287222228879564e-08
4.010483855450891663e-08
3.983582086652914003e-08
4.007289729902993511e-08
3.987226732431346083e-08
3.983914551506118745e-08
4.000846322993418281e-08
4.013229298296945868e-08
4.019113360632066104e-08
4.026634182381456075e-08
4.019210073588581889e-08
3.991684552629705246e-08
4.014387450054255773e-08
3.993603715301479093e-08
4.013813595017497647e-08
4.004538578479115896e-08
4.009661368323604926e-08
4.019198076395071519e-08
4.004473310062121747e-08
4.006775551178017524e-08
4.006196309021260525e-08
3.992065698175012304e-08
4.001274029972783504e-08
4.000440391402960535e-08
4.015646878600225406e-08
4.009288032187455999e-08
3.990718813120047517e-08
4.017175898062767814e-08
4.029230013794239001e-08
4.018532255907630372e-08
3.994360857560449937e-08
4.012215686036652663e-08
4.013232529474737443e-08
3.997811453072466513e-08
3.993372619950752398e-08
4.014384520075736885e-08
3.990349357821531370e-08
4.013089416057834533e-08
4.009703308940422063e-08
3.996657637880712360e-08
3.993326094705811621e-08
4.020684398162379280e-08
4.015382941116473993e-08
3.995665155073045572e-08
4.011935359275975792e-08
