1.126000000000000112e+00 6.007479291288084233e-05
1.126987992296117014e+00 5.127299671871578810e-05
1.127977719913760390e+00 5.257712869458034403e-05
1.128969187428857879e+00 6.765219181245493924e-05
1.129962399433440456e+00 8.441150909918155546e-05
1.130957360535711942e+00 1.259826140618121554e-04
1.131954075360122047e+00 1.988406821757268098e-04
1.132952548547436100e+00 2.601383629035180362e-04
1.133952784754808318e+00 2.836422953478201676e-04
1.134954788655853974e+00 2.531829136393797712e-04
1.135958564940721782e+00 1.864633724527290249e-04
1.136964118316167838e+00 1.535358928423913012e-04
1.137971453505628228e+00 1.709704999194124780e-04
1.138980575249294080e+00 1.922882719946458134e-04
1.139991488304184397e+00 2.027601756060741056e-04
1.141004197444223101e+00 2.463278942283061101e-04
1.142018707460311200e+00 3.128517914948133788e-04
1.143035023160405395e+00 3.537449315275132409e-04
1.144053149369591793e+00 3.933960718408652463e-04
1.145073090930163184e+00 3.768112784677164501e-04
1.146094852701695865e+00 2.820408003572809959e-04
1.147118439561126468e+00 2.747486839606092923e-04
1.148143856402830121e+00 3.510237891545995269e-04
1.149171108138697273e+00 3.939776181726233322e-04
1.150200199698214076e+00 4.230592708428378926e-04
1.151231136028538549e+00 4.320787104392939475e-04
1.152263922094582727e+00 4.162637471324106219e-04
1.153298562879090827e+00 4.139936895520521004e-04
1.154335063382718740e+00 4.558752360510153314e-04
1.155373428624115739e+00 5.482371342519397816e-04
1.156413663640005973e+00 6.230541051173600761e-04
1.157455773485268402e+00 6.553438581047281875e-04
1.158499763233019175e+00 6.316110958045771835e-04
1.159545637974695120e+00 5.588706476041624014e-04
1.160593402820134123e+00 5.540241911836681467e-04
1.161643062897660617e+00 6.036049247001639773e-04
1.162694623354169066e+00 6.215122253424814995e-04
1.163748089355205462e+00 6.040061053513507208e-04
1.164803466085055916e+00 5.628028088276879276e-04
1.165860758746828818e+00 5.571730556329345654e-04
1.166919972562540542e+00 5.607963125016337440e-04
1.167981112773203378e+00 5.515295005473841786e-04
1.169044184638909245e+00 6.144185970425785010e-04
1.170109193438919171e+00 6.956892931597093849e-04
1.171176144471748781e+00 7.265166490350483293e-04
1.172245043055257785e+00 7.009800836159552247e-04
1.173315894526736125e+00 6.255429027445747131e-04
1.174388704242995241e+00 6.414841923133645599e-04
1.175463477580455329e+00 7.964647410687253565e-04
1.176540219935237941e+00 9.628128055548455496e-04
1.177618936723252130e+00 1.035679502141380413e-03
1.178699633380288825e+00 1.013691073319365711e-03
1.179782315362111200e+00 1.022647126370973374e-03
1.180866988144545493e+00 1.071434161693348829e-03
1.181953657223574483e+00 1.077809927105320567e-03
1.183042328115429642e+00 1.079086967956526498e-03
1.184133006356684392e+00 1.054268667772475902e-03
1.185225697504348696e+00 1.015817953554219331e-03
1.186320407135962984e+00 1.062465430481426398e-03
1.187417140849692743e+00 1.145016788898756870e-03
1.188515904264424883e+00 1.226687203673183964e-03
1.189616703019862110e+00 1.378993414118983261e-03
1.190719542776621509e+00 1.592502028817613857e-03
1.191824429216329584e+00 1.757731280191853233e-03
1.192931368041720619e+00 1.825786943299307187e-03
1.194040364976735713e+00 1.875873237005938653e-03
1.195151425766620035e+00 1.942071920139194297e-03
1.196264556178022742e+00 2.012283516981555349e-03
1.197379761999095793e+00 2.109694304979235942e-03
1.198497049039596751e+00 2.153452546332541850e-03
1.199616423130986265e+00 2.063469651400227228e-03
1.200737890126532648e+00 1.915731262265830742e-03
1.201861455901411802e+00 1.850080016534769254e-03
1.202987126352810021e+00 1.992300152521226785e-03
1.204114907400029022e+00 2.267398444096004658e-03
1.205244804984587415e+00 2.463483494165840011e-03
1.206376825070326175e+00 2.606138937623272891e-03
1.207510973643513230e+00 2.816483847665362215e-03
1.208647256712948925e+00 3.052319854374941407e-03
1.209785680310073053e+00 3.194664574942745160e-03
1.210926250489070988e+00 3.076798478457406453e-03
1.212068973326979604e+00 2.749727816422490364e-03
1.213213854923797186e+00 2.598141848885464084e-03
1.214360901402591786e+00 2.726607360367802688e-03
1.215510118909608916e+00 2.879483221316324597e-03
1.216661513614383239e+00 3.090221271450845943e-03
1.217815091709847364e+00 3.564212153128707827e-03
1.218970859412443097e+00 4.120005578282645228e-03
1.220128822962234905e+00 4.435370501237960970e-03
1.221288988623019378e+00 4.527381749898974975e-03
1.222451362682440701e+00 4.616433697668186759e-03
1.223615951452102335e+00 4.775451247079385599e-03
1.224782761267683151e+00 4.819963627895986966e-03
1.225951798489049782e+00 4.700239858146982447e-03
1.227123069500375196e+00 4.728265433678193776e-03
1.228296580710252384e+00 4.957856070374440718e-03
1.229472338551812483e+00 5.252823566442296060e-03
1.230650349482842243e+00 5.760475491257562551e-03
1.231830619985901931e+00 6.301370857605670221e-03
1.233013156568444346e+00 6.459022080683037535e-03
1.234197965762934945e+00 6.356882224910024963e-03
1.235385054126971083e+00 6.354511078574794428e-03
1.236574428243403911e+00 6.457168243566415410e-03
1.237766094720459620e+00 6.347461936579029164e-03
1.238960060191861778e+00 6.021658346445488662e-03
1.240156331316954574e+00 5.849613424826447493e-03
1.241354914780826935e+00 5.989710752243324575e-03
1.242555817294437093e+00 6.386458690360898895e-03
1.243759045594736268e+00 6.702346336398834654e-03
1.244964606444796784e+00 6.796187069543195396e-03
1.246172506633937749e+00 7.213868531416458597e-03
1.247382752977852505e+00 8.136521967850361345e-03
1.248595352318737195e+00 9.277994418297533241e-03
1.249810311525418882e+00 1.046765857274757107e-02
1.251027637493486333e+00 1.141463721624882792e-02
1.252247337145420136e+00 1.195250844370408794e-02
1.253469417430722599e+00 1.221841795732685719e-02
1.254693885326052527e+00 1.262218544488605092e-02
1.255920747835354900e+00 1.334836375161509679e-02
1.257150011989997207e+00 1.410351185968954611e-02
1.258381684848900894e+00 1.500815549494712194e-02
1.259615773498678593e+00 1.597882509363869954e-02
1.260852285053770450e+00 1.651349736286715497e-02
1.262091226656578691e+00 1.675793010677964143e-02
1.263332605477606396e+00 1.666936716350035652e-02
1.264576428715595835e+00 1.608094092909422360e-02
1.265822703597668353e+00 1.554125158403018257e-02
1.267071437379462040e+00 1.550353452781838386e-02
1.268322637345275172e+00 1.582571474923359298e-02
1.269576310808206099e+00 1.619249705582059481e-02
1.270832465110296461e+00 1.702980559125619187e-02
1.272091107622674411e+00 1.880407522614091845e-02
1.273352245745698719e+00 2.128351804852699966e-02
1.274615886909103546e+00 2.469898325560639443e-02
1.275882038572145216e+00 2.888609203548027013e-02
1.277150708223747877e+00 3.322500556431839253e-02
1.278421903382652269e+00 3.775835022483210734e-02
1.279695631597562944e+00 4.228275081721495632e-02
1.280971900447299028e+00 4.710304862732674069e-02
1.282250717540943441e+00 5.260637540011121882e-02
1.283532090517995217e+00 5.840824364825124293e-02
1.284816027048520271e+00 6.472213192383705072e-02
1.286102534833305722e+00 7.067449559243767221e-02
1.287391621604013325e+00 7.554433907203964016e-02
1.288683295123334016e+00 8.132110325281990959e-02
1.289977563185144005e+00 8.807959010969682034e-02
1.291274433614661987e+00 9.331808777853220493e-02
1.292573914268606350e+00 9.731634790930057677e-02
1.293876013035353711e+00 1.028922455734220254e-01
1.295180737835098794e+00 1.105357232784893035e-01
1.296488096620015629e+00 1.178697001528094812e-01
1.297798097374417203e+00 1.231609854169701257e-01
1.299110748114920444e+00 1.256307741775954667e-01
1.300426056890607862e+00 1.266340731598624980e-01
1.301744031783193201e+00 1.294436203725422563e-01
1.303064680907186412e+00 1.332668887274924552e-01
1.304388012410060194e+00 1.359925983746757827e-01
1.305714034472417628e+00 1.382189142288909878e-01
1.307042755308160942e+00 1.391950689413574693e-01
1.308374183164660698e+00 1.391516499103206128e-01
1.309708326322927663e+00 1.395650771782334376e-01
1.311045193097781558e+00 1.395641767159148949e-01
1.312384791838027587e+00 1.390522328592943002e-01
1.313727130926627851e+00 1.377032814549821460e-01
1.315072218780876323e+00 1.349955114109988863e-01
1.316420063852575595e+00 1.328822291297692415e-01
1.317770674628213401e+00 1.308071170866772770e-01
1.319124059629140922e+00 1.271487238712430135e-01
1.320480227411752194e+00 1.236600582943994386e-01
1.321839186567663527e+00 1.207964540361167044e-01
1.323200945723896238e+00 1.173871440436240615e-01
1.324565513543057849e+00 1.139728867399155826e-01
1.325932898723527265e+00 1.107347641109630021e-01
1.327303109999638409e+00 1.062476015848554389e-01
1.328676156141866516e+00 1.004459278083581764e-01
1.330052045957015094e+00 9.515494911812184819e-02
1.331430788288405109e+00 8.978834908086123778e-02
1.332812392016063274e+00 8.222852809385164385e-02
1.334196866056913677e+00 7.327128575974350966e-02
1.335584219364968961e+00 6.414190820610388144e-02
1.336974460931523057e+00 5.470138644202429679e-02
1.338367599785346362e+00 4.536539037730259738e-02
1.339763644992881142e+00 3.672828011416401361e-02
1.341162605658436702e+00 2.973521695960600758e-02
1.342564490924390119e+00 2.485041394106873858e-02
1.343969309971381643e+00 2.087971527026637880e-02
1.345377072018519193e+00 1.734708131192697761e-02
1.346787786323576430e+00 1.438473976258265556e-02
1.348201462183198140e+00 1.131799343659377344e-02
1.349618108933102745e+00 8.348850079233676585e-03
1.351037735948290130e+00 6.165643778673143491e-03
1.352460352643244823e+00 4.498877267108649519e-03
1.353885968472148260e+00 3.109260331029145476e-03
1.355314592929085071e+00 2.221711168427168825e-03
1.356746235548255131e+00 1.884040762775628271e-03
1.358180905904185831e+00 1.791933076573790822e-03
1.359618613611944804e+00 1.681355775854267813e-03
1.361059368327355079e+00 1.595882381861915425e-03
1.362503179747211357e+00 1.609026590851167417e-03
1.363950057609498057e+00 1.662092656420401755e-03
1.365400011693606253e+00 1.596940045309062526e-03
1.366853051820556830e+00 1.463245795046506665e-03
1.368309187853220088e+00 1.470310011730733852e-03
1.369768429696540002e+00 1.541091866921714395e-03
1.371230787297757381e+00 1.671247013177557623e-03
1.372696270646638572e+00 1.759297933925497211e-03
1.374164889775699727e+00 1.597982464857512254e-03
1.375636654760438393e+00 1.513877535001788158e-03
1.377111575719562442e+00 1.500263865607508358e-03
1.378589662815221883e+00 1.500868363483213400e-03
1.380070926253243568e+00 1.895744363129521883e-03
1.381555376283364778e+00 2.266641341280948175e-03
1.383043023199470367e+00 2.539420340453928202e-03
1.384533877339829910e+00 3.230524120144687410e-03
1.386027949087338174e+00 3.777573893772766082e-03
1.387525248869755812e+00 3.723530569118351039e-03
1.389025787159951619e+00 3.352678088065447291e-03
1.390529574476147223e+00 3.010546557315036363e-03
1.392036621382161998e+00 2.918725024548212473e-03
1.393546938487661091e+00 2.843317658870603195e-03
1.395060536448405220e+00 2.918558428048778196e-03
1.396577425966499586e+00 3.418438951677217705e-03
1.398097617790646341e+00 4.036639727020968453e-03
1.399621122716400601e+00 4.635849859213573600e-03
1.401147951586422913e+00 4.946219010328550478e-03
1.402678115290738603e+00 4.873713862567646653e-03
1.404211624766996236e+00 4.866784945712197656e-03
1.405748491000727851e+00 4.833065262394626964e-03
1.407288725025611198e+00 4.728143467860385606e-03
1.408832337923734634e+00 4.860162008671690438e-03
1.410379340825861805e+00 4.992438231497385581e-03
1.411929744911700313e+00 4.857998905159701189e-03
1.413483561410169731e+00 4.722482103233392389e-03
1.415040801599673825e+00 4.937959971626446412e-03
1.416601476808373228e+00 5.340915808122967748e-03
1.418165598414459661e+00 5.437575429598175657e-03
1.419733177846432826e+00 5.116425644003433880e-03
1.421304226583378183e+00 4.725522344525131743e-03
1.422878756155248059e+00 4.575919966389429758e-03
1.424456778143142976e+00 4.705595962637387254e-03
1.426038304179596539e+00 5.166267425207538011e-03
1.427623345948860090e+00 5.668162263991450255e-03
1.429211915187190263e+00 5.780820192677199598e-03
1.430804023683140525e+00 5.669967066276039060e-03
1.432399683277851388e+00 5.096842145329833103e-03
1.433998905865343287e+00 4.055658536193767517e-03
1.435601703392814343e+00 3.567867165641372754e-03
1.437208087860935457e+00 3.644399888878411403e-03
1.438818071324151404e+00 3.792153412917408529e-03
1.440431665890981705e+00 4.135478579885943674e-03
1.442048883724324604e+00 4.571342383127072542e-03
1.443669737041762158e+00 4.907541082035730279e-03
1.445294238115867769e+00 4.827290074094531432e-03
1.446922399274517490e+00 4.333921178394306399e-03
1.448554232901199557e+00 3.698856601481003824e-03
1.450189751435329688e+00 2.846626051569467984e-03
1.451828967372567725e+00 2.239986775622567275e-03
1.453471893265134263e+00 1.937806415927225421e-03
1.455118541722132175e+00 1.479909356836516671e-03
1.456768925409868798e+00 1.193009982863621086e-03
1.458423057052181004e+00 1.068437039188593765e-03
1.460080949430762276e+00 1.094732688039072067e-03
1.461742615385490884e+00 1.482439140029363648e-03
1.463408067814762958e+00 1.871197001067703225e-03
1.465077319675824219e+00 2.216283421155753382e-03
1.466750383985108819e+00 2.382567853620493233e-03
1.468427273818574630e+00 2.358922103872078749e-03
1.470108002312046080e+00 2.747716074040356619e-03
1.471792582661556104e+00 3.684617058273290547e-03
1.473481028123691416e+00 4.824702103514932026e-03
1.475173352015941353e+00 5.290852653292538524e-03
1.476869567717046916e+00 5.029512847873080644e-03
1.478569688667353610e+00 5.150944649578523098e-03
1.480273728369166264e+00 5.649753588418452398e-03
1.481981700387106970e+00 6.433191315266421906e-03
1.483693618348475241e+00 7.489267570497139086e-03
1.485409495943609492e+00 8.127136120009289047e-03
1.487129346926251872e+00 8.396572899166596798e-03
1.488853185113917732e+00 8.130611250029201598e-03
1.490581024388262232e+00 7.671750988930331472e-03
1.492312878695457590e+00 8.107217154133343137e-03
1.494048762046563450e+00 8.769441622212902077e-03
1.495788688517908360e+00 9.228263168643080841e-03
1.497532672251467467e+00 9.523266666211773965e-03
1.499280727455248874e+00 9.096722033670375310e-03
1.501032868403676668e+00 8.932518244404384286e-03
1.502789109437979942e+00 9.322127035377388016e-03
1.504549464966586036e+00 9.062912502585958319e-03
1.506313949465511781e+00 8.516469466994752366e-03
1.508082577478762509e+00 8.182367378701642380e-03
1.509855363618730850e+00 7.466401629178856698e-03
1.511632322566598186e+00 6.423139368136362992e-03
1.513413469072741879e+00 6.005670809113955802e-03
1.515198817957142063e+00 6.200443579647362154e-03
1.516988384109793087e+00 5.746502131708261171e-03
1.518782182491116739e+00 4.746028192142703016e-03
1.520580228132380585e+00 4.116550139532438625e-03
1.522382536136117182e+00 3.586781640595038210e-03
1.524189121676545966e+00 3.002702402054597403e-03
1.526000000000000023e+00 2.505050787138955563e-03
