1.400000000000000148e-06 1.600000000000000033e-01 7.249999999999999778e-01 5.000000000000000000e-01 1.600000000000000266e-05
1.470000000000000113e-06 1.600000000000000033e-01 7.249999999999999778e-01 5.000000000000000000e-01 1.600000000000000266e-05
1.400000000000000148e-06 1.680000000000000104e-01 7.249999999999999778e-01 5.000000000000000000e-01 1.600000000000000266e-05
1.400000000000000148e-06 1.600000000000000033e-01 7.612499999999999822e-01 5.000000000000000000e-01 1.600000000000000266e-05
1.400000000000000148e-06 1.600000000000000033e-01 7.249999999999999778e-01 5.250000000000000222e-01 1.600000000000000266e-05
1.400000000000000148e-06 1.600000000000000033e-01 7.249999999999999778e-01 5.000000000000000000e-01 1.680000000000000517e-05
1.428000000000000134e-06 1.632000000000000395e-01 7.395000000000001572e-01 5.100000000000000089e-01 1.520000000000000016e-05
1.439200000000000129e-06 1.644800000000000428e-01 7.453000000000001846e-01 5.140000000000000124e-01 1.567999999999999895e-05
1.447040000000000125e-06 1.653760000000000785e-01 7.493600000000002481e-01 5.167999999999999261e-01 1.561600000000000092e-05
1.458016000000000289e-06 1.554304000000000519e-01 7.550440000000001595e-01 5.207199999999998496e-01 1.552640000000000774e-05
1.469619200000000063e-06 1.529164800000000490e-01 7.610528000000003068e-01 5.248639999999997752e-01 1.543168000000000876e-05
1.481222399999999837e-06 1.616025600000000895e-01 7.670616000000002321e-01 4.940079999999998916e-01 1.533696000000000299e-05
1.513711360000000136e-06 1.622435840000000795e-01 7.331362400000003277e-01 5.166111999999998261e-01 1.507174400000000719e-05
1.493811871999999863e-06 1.618509568000000287e-01 7.380561480000001895e-01 5.137042399999998121e-01 1.523418880000000403e-05
1.512036108799999956e-06 1.585039667200000835e-01 7.543086992000002100e-01 5.080928959999997385e-01 1.588541952000000854e-05
1.442706319040000199e-06 1.623781941760000513e-01 7.420915223600001998e-01 5.096662567999999949e-01 1.531994841600000163e-05
1.459118636415999672e-06 1.626552443904001610e-01 7.756453081440005670e-01 5.219593987199999674e-01 1.481339888640000019e-05
1.439054730982400053e-06 1.614737581465600924e-01 7.370171914016002690e-01 5.391319582079999728e-01 1.526701444096000552e-05
1.430621197178880265e-06 1.614479977758720985e-01 7.310083096819202098e-01 5.481567498495999446e-01 1.525302532915200535e-05
1.453132932392960115e-06 1.599484792586239601e-01 7.129822365606398593e-01 5.180495832831997216e-01 1.597202177638400909e-05
1.458071138211967644e-06 1.621815604923393384e-01 7.646792706169124321e-01 5.212751810185598522e-01 1.501615789214720209e-05
1.404143403293747461e-06 1.608850083259598385e-01 7.612206457514051339e-01 5.293331184106240261e-01 1.546401949964288042e-05
1.419835385317341610e-06 1.610540493089168690e-01 7.571668586449091798e-01 5.265980646887646888e-01 1.542379912720537536e-05
1.446100582764683351e-06 1.598281130031265207e-01 7.632154059053688488e-01 5.401438247661297654e-01 1.541980016812503638e-05
1.425947541413802866e-06 1.590833676911020955e-01 7.400421117638390500e-01 5.360823580465978733e-01 1.588504760236896421e-05
1.431569170853481575e-06 1.596255514313186241e-01 7.443536145631268752e-01 5.334911020666910364e-01 1.573299190308015719e-05
1.468876808522884208e-06 1.596394797234852447e-01 7.424292261031295581e-01 5.335166893275635758e-01 1.560108347766070910e-05
1.428417634378311565e-06 1.608064996314663153e-01 7.545877729500978237e-01 5.278088240005545106e-01 1.545482388853505724e-05
1.434223247591550777e-06 1.534897288849885744e-01 7.523271939280773424e-01 5.477182836165499502e-01 1.534441216028010877e-05
1.431659897109860908e-06 1.511124746619862680e-01 7.529206327136928056e-01 5.539019403398600661e-01 1.529009459233612831e-05
1.429386390564938151e-06 1.555513605454060533e-01 7.343538787460384132e-01 5.298777050799122756e-01 1.548872976183950060e-05
1.443175599129727867e-06 1.590796813230254403e-01 7.581646386524860670e-01 5.383472538210416491e-01 1.543186284702506626e-05
1.411534812981512583e-06 1.614087860777426442e-01 7.437735401124011547e-01 5.563524313744592220e-01 1.534431506877455129e-05
1.449881792271764909e-06 1.564766175636050083e-01 7.530716695196704169e-01 5.269556754905302398e-01 1.549453513703555286e-05
1.445306690695344461e-06 1.559540610993386256e-01 7.579511475318918556e-01 5.409671586773037166e-01 1.504234045927656417e-05
1.442902624723018403e-06 1.565965719074350893e-01 7.555715792623578508e-01 5.396588487704463422e-01 1.516320446194219109e-05
1.424202402257562694e-06 1.591509767045843071e-01 7.502330564724233319e-01 5.525838545654306877e-01 1.514826495528382583e-05
1.429088532056992522e-06 1.532247235448388756e-01 7.715738806188229271e-01 5.457883303909331074e-01 1.532828585708890130e-05
1.427095292271910846e-06 1.515749166244946267e-01 7.784852184622674809e-01 5.471196048275197565e-01 1.534054014031467977e-05
1.418535541166537815e-06 1.526168944889612356e-01 7.585546652918497834e-01 5.500819751804828517e-01 1.512690836833968460e-05
1.409061682150655298e-06 1.535081329371620340e-01 7.623409590937746394e-01 5.529396307950928957e-01 1.538104831598155345e-05
1.436980459772854796e-06 1.560560950876372921e-01 7.567562207328557555e-01 5.419829856247595501e-01 1.520132713639908107e-05
1.440806733149662678e-06 1.588634905951063214e-01 7.586384952406850513e-01 5.392769085627671100e-01 1.544711191680782158e-05
1.422432999763584623e-06 1.537100488075366367e-01 7.585693355328959608e-01 5.481910885223826302e-01 1.518294398932160840e-05
1.428530786091997982e-06 1.478353051230293369e-01 7.641980126155563102e-01 5.697029655514267432e-01 1.501044443692707347e-05
1.428553416434735181e-06 1.452410662213419468e-01 7.661200605486480075e-01 5.780817938616013008e-01 1.492156854660548078e-05
1.416588091225112364e-06 1.492973936810151891e-01 7.650062815858786891e-01 5.666167958978882702e-01 1.518758810927424728e-05
1.412509617515564048e-06 1.479456533996907630e-01 7.666562937564833646e-01 5.715435579525141030e-01 1.518484030384927849e-05
1.424689034843604923e-06 1.417203827421107676e-01 7.780987407599351258e-01 5.635998083120508095e-01 1.525528042981568629e-05
1.427360851369591029e-06 1.423654442129880793e-01 7.775742237902780740e-01 5.741560622709658279e-01 1.524953597197553081e-05
1.416414335727206708e-06 1.414642061789392058e-01 7.930843630401154254e-01 5.765468592259307412e-01 1.512616192081677190e-05
1.416706557947274945e-06 1.369574800382086233e-01 7.733594351226800168e-01 5.951000964976354002e-01 1.498996508503905661e-05
1.418524586454085984e-06 1.395155314408086378e-01 7.742564472071077342e-01 5.867035104553650626e-01 1.505131571971228965e-05
1.411268584272023264e-06 1.373691820667856112e-01 7.916700148060116238e-01 5.793169537353037857e-01 1.533640930154074668e-05
1.407816143908028320e-06 1.352759574555368605e-01 7.971644152441026421e-01 5.812397513720791720e-01 1.540160227446347996e-05
1.404620636009805218e-06 1.400032482738464146e-01 7.861298802128195984e-01 5.776973326562100386e-01 1.515814428748746832e-05
1.400072592937848056e-06 1.395308090860180594e-01 7.878410114973279921e-01 5.784055867332589251e-01 1.513986595058985514e-05
1.409030454536445994e-06 1.401311274707268406e-01 7.685224003458672737e-01 5.760500267041767097e-01 1.528699995055546595e-05
1.394492323297184207e-06 1.392392487990017080e-01 7.796774864604203437e-01 5.939771649749068239e-01 1.517056924985246477e-05
1.399464822937872977e-06 1.295314163011460906e-01 7.963284105454471185e-01 5.950068581434004855e-01 1.523530095422014166e-05
1.410226778464467983e-06 1.447231619074454412e-01 7.718489141945520382e-01 5.756496354859191866e-01 1.519367091766417988e-05
1.390130730803503840e-06 1.400445904466829372e-01 7.877652438898005149e-01 5.754253556527713087e-01 1.542576761753788829e-05
1.390390119728736015e-06 1.329655313957411322e-01 7.965393087804556460e-01 5.863895186889579447e-01 1.537625109953548176e-05
1.393861535007488855e-06 1.350231167352893835e-01 7.922184897279224147e-01 5.845100391284260288e-01 1.534429956770800224e-05
1.411978489071294756e-06 1.356355133719462369e-01 7.824042774204559292e-01 5.902476719123677107e-01 1.511156717972981622e-05
1.393954088500367367e-06 1.392730019586040091e-01 7.868270747576652235e-01 5.780192609982006680e-01 1.537078254092147703e-05
1.387048218923920898e-06 1.352057261430531787e-01 8.089689907291082172e-01 5.904106945785719818e-01 1.528384788285864571e-05
1.405183563304254123e-06 1.392691822383839428e-01 7.756005536629344554e-01 5.785631435821958490e-01 1.528644833870852071e-05
1.387209497310828554e-06 1.416581860713819474e-01 7.717014311984056185e-01 5.841503267947162348e-01 1.512318398464864664e-05
1.404209980753518424e-06 1.363928474633097632e-01 7.927083930361056296e-01 5.817491020710406913e-01 1.535287907374588260e-05
1.389452644894308556e-06 1.365144273785052487e-01 8.001084285288420084e-01 5.881013179801375390e-01 1.526491021441855471e-05
1.402430652582513585e-06 1.387871001379051838e-01 7.798894317644682328e-01 5.802323241018356725e-01 1.528267916695777768e-05
1.403319216615510054e-06 1.363635013534487961e-01 7.961162738529754535e-01 5.671893602381981037e-01 1.542563327011673040e-05
1.407733077548414140e-06 1.411157872644249189e-01 7.851343842354946423e-01 5.697282145285874622e-01 1.528443643322468826e-05
1.396289054952150769e-06 1.360893340778880911e-01 7.909787712667475379e-01 5.819232198234542963e-01 1.533382351917342398e-05
1.400008604423776108e-06 1.352315049104442779e-01 7.907669663738567944e-01 5.772397201598327143e-01 1.556645307777626154e-05
1.399995806720961803e-06 1.343716440753295049e-01 7.913521573491626437e-01 5.770065468451475166e-01 1.565177050321354553e-05
1.396681725515615419e-06 1.345529757675727467e-01 8.030695599504720228e-01 5.742159412144549613e-01 1.553714942573573526e-05
1.395531940102235870e-06 1.337061508935062926e-01 8.077055855876729140e-01 5.730126646369787524e-01 1.558804347749132542e-05
1.392678250877309192e-06 1.359136343680521219e-01 7.914784425558436531e-01 5.895882268376047008e-01 1.545915940552661919e-05
1.401457047611325051e-06 1.362847746310043850e-01 7.953046533759774439e-01 5.711091618930942415e-01 1.543150034381346128e-05
1.390686313482423473e-06 1.358410591252691146e-01 7.959248275086621138e-01 5.707725089335836666e-01 1.556336210992449709e-05
1.401843338981076914e-06 1.362962845041526538e-01 7.932712690688030754e-01 5.798281982719857286e-01 1.538971360507714048e-05
1.404097905927858688e-06 1.317702176481943266e-01 8.043838235115577939e-01 5.752259249159374921e-01 1.555303106841116805e-05
1.395729256550178253e-06 1.379600147042823188e-01 7.898995057895963345e-01 5.775304271838046510e-01 1.540267603323217398e-05
1.393763022474789507e-06 1.354124271826975257e-01 7.965909238887374233e-01 5.724978792068802225e-01 1.553928497551751664e-05
1.398306893512771232e-06 1.353486148508858400e-01 8.011282827395886930e-01 5.666327214087820696e-01 1.567735964395887969e-05
1.396642176700259498e-06 1.359597082131626944e-01 7.927549357744947400e-01 5.792473826008865956e-01 1.539394234101088043e-05
1.391212952489170728e-06 1.350231477306328698e-01 7.957825135897657054e-01 5.807020676222590660e-01 1.556465961819780599e-05
1.399664330964947886e-06 1.360639899234393768e-01 7.953882789133903675e-01 5.727879203956981469e-01 1.545480321683072211e-05
1.401267501021769370e-06 1.361561202752364919e-01 7.940151850868668593e-01 5.794293667840000328e-01 1.542308228301903281e-05
1.395076306220511068e-06 1.355425734738918420e-01 7.961401695984100524e-01 5.737108895328761893e-01 1.551894950433027994e-05
1.399040086814514089e-06 1.326415562614954302e-01 8.032028687095336128e-01 5.728690037467043528e-01 1.560620061374361380e-05
1.396308651846436865e-06 1.370292844767946328e-01 7.922275943005854248e-01 5.767146780823121377e-01 1.543829283482167544e-05
1.397993756722903451e-06 1.350696932580678633e-01 8.001365021350714812e-01 5.701389665221925362e-01 1.563267450348922399e-05
1.394303372761397375e-06 1.345676928816426088e-01 7.994024482848482993e-01 5.755388471779788739e-01 1.564296214233277900e-05
1.394497793418839887e-06 1.353611893964440094e-01 7.943606035230779128e-01 5.803477533137988420e-01 1.546920591121169641e-05
1.397381963144692349e-06 1.351207050822836875e-01 7.991257198779726512e-01 5.719255042107236342e-01 1.560406749984065582e-05
1.396612222814608073e-06 1.326381664199128285e-01 8.050287615885187709e-01 5.718563722050439280e-01 1.572989744588684254e-05
1.391553717593601616e-06 1.333986105900505925e-01 8.121941076011121030e-01 5.691779909456078368e-01 1.566711495017649426e-05
1.389862740227566802e-06 1.330320317259718332e-01 8.164795358465632980e-01 5.675656451027629723e-01 1.568724732465653741e-05
1.392926697114367238e-06 1.362961267486371697e-01 8.007984507914873706e-01 5.734899863966221867e-01 1.547855758378177530e-05
1.390374850372152918e-06 1.342837567528077369e-01 8.073705848674395114e-01 5.740466472653018570e-01 1.555418356340440981e-05
1.393809377705592132e-06 1.323033870881224483e-01 8.083267075843056926e-01 5.727048294268751727e-01 1.570994387131233465e-05
1.392235104036240152e-06 1.331260986377089117e-01 8.132924138107278100e-01 5.695223615450769605e-01 1.557233200435315727e-05
1.392099389624304772e-06 1.357194890510637353e-01 8.063544370018391749e-01 5.710833921434613769e-01 1.545030552858993203e-05
1.389641694470903148e-06 1.325510688961631101e-01 8.226266819491065974e-01 5.690263330816944798e-01 1.561384230527584893e-05
1.391635533005748371e-06 1.311067852570309000e-01 8.189213125245842217e-01 5.708310068464025333e-01 1.574790099169056089e-05
1.392018214716057487e-06 1.349122658871080016e-01 8.085536402183195470e-01 5.710392247164760571e-01 1.550238473463254124e-05
1.386797492373346088e-06 1.336025694120290819e-01 8.179093857910093579e-01 5.681123583846842129e-01 1.557589954564565654e-05
1.388222928822440252e-06 1.318725758283957605e-01 8.208036293894387381e-01 5.689150517724700373e-01 1.569096421290968414e-05
1.391354039684674481e-06 1.343803201268333747e-01 8.106973883232654332e-01 5.706674944512749592e-01 1.553538614333104141e-05
1.390257968891352937e-06 1.325397103123063247e-01 8.233174061226491425e-01 5.645559680980336559e-01 1.563164641610846956e-05
1.387606861169311157e-06 1.334628130972441151e-01 8.214055741041292880e-01 5.670936964394409641e-01 1.563722373986184565e-05
1.386681212595925189e-06 1.335301559891511336e-01 8.230282061628095835e-01 5.666079634183137648e-01 1.565020208696358197e-05
1.386618794685377110e-06 1.318685259530467113e-01 8.289329267274091473e-01 5.643247511200585320e-01 1.572009597833697774e-05
1.386259195796308239e-06 1.334406620238699492e-01 8.185591171699293511e-01 5.703437906821098302e-01 1.565921553045095287e-05
1.385522470746919895e-06 1.337851406910958996e-01 8.176228154318014862e-01 5.664004087386151909e-01 1.569516893135361100e-05
1.388920830319205973e-06 1.327670314602763524e-01 8.217510053085781419e-01 5.685667963216556320e-01 1.562807446483945628e-05
1.390579216594066415e-06 1.334249196698706896e-01 8.143609273134515547e-01 5.686639854401490668e-01 1.566373237753391248e-05
1.386343599156231671e-06 1.334585608169261972e-01 8.194529349685053532e-01 5.695966252293506171e-01 1.565741284175347869e-05
1.386774236417861824e-06 1.335880867274534811e-01 8.189331498653693586e-01 5.678114793914100789e-01 1.559076005390924298e-05
1.386631278267486811e-06 1.322008519602675958e-01 8.277519826144892345e-01 5.647813935797095786e-01 1.570611720006229926e-05
1.389049598095907514e-06 1.327468863147607259e-01 8.227069867918471724e-01 5.685426591490183590e-01 1.562111426161339690e-05
1.383612753219298703e-06 1.327848970535529527e-01 8.303883768477569038e-01 5.662720628669720702e-01 1.562651020018689015e-05
1.382967633766814419e-06 1.334781347041797961e-01 8.251148733917249567e-01 5.654851506452840404e-01 1.567128669153679897e-05
1.387985254338316148e-06 1.328748547829090576e-01 8.231283669468258957e-01 5.680075951608648532e-01 1.562989443684999311e-05
1.386330294779323629e-06 1.325329777884074467e-01 8.298390980063952149e-01 5.637955725375575211e-01 1.562398074943532430e-05
1.385722080862278453e-06 1.319814083022617934e-01 8.347212623659412412e-01 5.639743556339570363e-01 1.570392181549000067e-05
1.385511649751161864e-06 1.316600726172234559e-01 8.378788848660556621e-01 5.632069308824665388e-01 1.572655416780615491e-05
1.385501360050570377e-06 1.332808656062453578e-01 8.286901415174026120e-01 5.666816262673565197e-01 1.558768651550801411e-05
1.383153826264642477e-06 1.327692671129384050e-01 8.355384670132961489e-01 5.629250371287980448e-01 1.564702611018353544e-05
1.382187540649907404e-06 1.327481495789442911e-01 8.380204870265901551e-01 5.619085255223846831e-01 1.565045244485024255e-05
1.386956242355902809e-06 1.328445258524510453e-01 8.313313011838985300e-01 5.629151544848557398e-01 1.565998724471197935e-05
1.386371131756997123e-06 1.328340908126438569e-01 8.311662894250735345e-01 5.635026134517260310e-01 1.565412876192008807e-05
1.384197863818204390e-06 1.327953320933601411e-01 8.305533886065818994e-01 5.656846039001017790e-01 1.563236868297878144e-05
1.385990809867708341e-06 1.328273080367692038e-01 8.310590317818374873e-01 5.638844617801918035e-01 1.565032074810536008e-05
1.385015172819804286e-06 1.321347565575982930e-01 8.353811072980710239e-01 5.635611896116425878e-01 1.569322794136204769e-05
1.385782478206721674e-06 1.333737547071097707e-01 8.260266623355656534e-01 5.656680758391279262e-01 1.565025215854091544e-05
1.384838596170437740e-06 1.331743224007851389e-01 8.305562106192401206e-01 5.657270061183621301e-01 1.560023970137646048e-05
1.385501743953440384e-06 1.325760121465148211e-01 8.314753758104341808e-01 5.634181631345229757e-01 1.562927508851830863e-05
1.385534413535579264e-06 1.328169025659039493e-01 8.325371289453769030e-01 5.631837958658577614e-01 1.565339349850611896e-05
1.383448508644945872e-06 1.320063025927888378e-01 8.411614615443192555e-01 5.614513962619802623e-01 1.564038331130436130e-05
1.382907948774829272e-06 1.325761613318933718e-01 8.395871823630048914e-01 5.629146022175679498e-01 1.566580367044138376e-05
1.382389189739107135e-06 1.325761911689690986e-01 8.412095436735191889e-01 5.628138900341769224e-01 1.567310938682599675e-05
1.381617189674101880e-06 1.322389863537303256e-01 8.419943951193187281e-01 5.630010071535608285e-01 1.564957161578152861e-05
1.381024444440709060e-06 1.315074321000271884e-01 8.485505872454872645e-01 5.593673973151360723e-01 1.572245817867321029e-05
1.380261614094763112e-06 1.311740540398756150e-01 8.521494625707368709e-01 5.580954755544907941e-01 1.574690187413255619e-05
1.379251576439704086e-06 1.322960681601856037e-01 8.489934825456224576e-01 5.598556969032528752e-01 1.564116203361208811e-05
1.379139467732466208e-06 1.325404283519537874e-01 8.463459366998959954e-01 5.613272105094242459e-01 1.569431815259286929e-05
1.379181206560527944e-06 1.317154928750021436e-01 8.528170910869474763e-01 5.606375552438357390e-01 1.570179530214403738e-05
1.378777164290903723e-06 1.320152587087248253e-01 8.531722613812702249e-01 5.585996928487694246e-01 1.572356560575775077e-05
1.381051530496628056e-06 1.326586585209420799e-01 8.424916335313705762e-01 5.601479998004682548e-01 1.568005004084072599e-05
1.381858094430354870e-06 1.318810151115857310e-01 8.474210666510118006e-01 5.589866602512971738e-01 1.568181994569104354e-05
1.380268657239683493e-06 1.314517275788548989e-01 8.532471430673933543e-01 5.597013351405845105e-01 1.569679601938330979e-05
1.378082784997434873e-06 1.310844094947822003e-01 8.593442726827946743e-01 5.557904229494391446e-01 1.571321132642096560e-05
1.377221504049100590e-06 1.307860531599448206e-01 8.629712184846498602e-01 5.543857295324915446e-01 1.572123171433996005e-05
1.377103756533019393e-06 1.314609433054441667e-01 8.579020321180153008e-01 5.583391578115757259e-01 1.571705731984788222e-05
1.378851146560996132e-06 1.307118403149477304e-01 8.598930360523617811e-01 5.568635055229491648e-01 1.578807334642115935e-05
1.377267061489541186e-06 1.312602259907155455e-01 8.582977327245782107e-01 5.558827354385634800e-01 1.576895029146507479e-05
1.378154513317776112e-06 1.303946817736419406e-01 8.604228029480245343e-01 5.558975947662961881e-01 1.576033457937357020e-05
1.377801877750395695e-06 1.315712367508966862e-01 8.539139350351980795e-01 5.572474177894548575e-01 1.568473133189111782e-05
1.374339553194557674e-06 1.308011668261650495e-01 8.674017229579569221e-01 5.538955341869955529e-01 1.573525576092623261e-05
1.376177190062535916e-06 1.304293342054028970e-01 8.674334903373495109e-01 5.546747602716932679e-01 1.579319237932236828e-05
1.375852252524964172e-06 1.302009536963041336e-01 8.701374013977800637e-01 5.541602287681408612e-01 1.581488458880862040e-05
1.374903650178031147e-06 1.315283979517224977e-01 8.648104618044254455e-01 5.553296368955898954e-01 1.573940913561394411e-05
1.375472551227486219e-06 1.313299976205583863e-01 8.640426215045552416e-01 5.554290295229633578e-01 1.574307108827187749e-05
1.377585612268321039e-06 1.305930821048060519e-01 8.611906432478947382e-01 5.557982021389227256e-01 1.575667262671563682e-05
1.375842336909632355e-06 1.312010374053017292e-01 8.635435253096396258e-01 5.554936347307563027e-01 1.574545135749953504e-05
