1.881529102247856723e-03
3.821100987843852048e-02
1.982595472062803968e-03
2.070231141638786271e-02
1.356012734864789696e-02
1.440488872829354334e-03
4.035306384023195497e-02
6.635209627811525235e-02
7.595958579175368652e-02
8.016395520131973373e-02
7.483620023118953135e-02
5.443342131611660084e-02
4.020154971178072772e-02
5.805156162055492147e-02
3.749662803189369314e-02
5.831896469489151330e-02
5.850479596957891548e-02
7.828269405802383563e-02
7.339328265515068783e-02
3.710849751273240932e-02
6.785618506882550027e-02
6.059738502648608083e-02
7.267823044850478531e-02
8.053475360137536676e-02
6.524320062913811780e-02
7.349869610780027096e-02
7.658024016083547769e-02
7.694799232520585508e-02
8.485822700643830263e-02
8.705912916922568801e-02
5.442495564949793169e-02
8.356506982616621060e-02
7.322370025058075327e-02
8.174858361988965316e-02
8.271496500621587644e-02
8.331563462572490197e-02
8.299566026900907778e-02
8.917112132003847391e-02
9.209605437511621251e-02
7.943833910832742706e-02
7.887910696857482196e-02
8.436257134374865185e-02
8.429835230523101408e-02
8.215190611385388142e-02
9.803101234106660622e-02
9.793087050825427520e-02
9.714840938261962155e-02
1.006206294554061464e-01
1.023006935163425779e-01
1.033934566119932841e-01
1.041019991119960936e-01
1.041896345161263809e-01
1.066855851202672956e-01
1.132722771488467728e-01
1.151673449963489942e-01
1.115443275869621303e-01
1.127718391398734449e-01
1.061105836543924097e-01
1.174236587879276816e-01
1.130770259932804694e-01
1.060389380490763950e-01
1.071302789704895037e-01
1.193788897470902527e-01
1.186246671236409894e-01
1.094909852774114262e-01
1.106558927527038078e-01
1.166826153535841237e-01
1.100594147919299604e-01
1.002378563040311199e-01
1.165713924141113106e-01
1.186937068597625905e-01
1.120549164718951524e-01
1.120126873224178005e-01
1.081089596549863613e-01
1.171862001482294469e-01
1.161084155371683302e-01
1.163263125132855264e-01
1.179329701292222976e-01
1.198551394471575049e-01
1.206345538273052437e-01
1.141924624586054537e-01
1.077643593404219308e-01
1.165774884786743154e-01
1.184666104773866024e-01
1.131440767862382235e-01
1.131884974164861224e-01
1.112963524218459344e-01
1.158499221508986904e-01
1.156331278766599274e-01
1.145717639655741971e-01
1.164430433361291206e-01
1.142496885389930605e-01
1.181434494554686604e-01
1.145815739142552747e-01
1.143726060323815436e-01
1.169162946696232774e-01
1.170469021587202951e-01
1.152191212819858313e-01
1.189841596891486469e-01
1.176752295855002378e-01
1.174828780217705149e-01
1.153338523609267058e-01
1.186734506784508647e-01
1.200871384345991166e-01
1.179802354819514953e-01
1.156891526905571704e-01
1.212747782381291550e-01
1.220250564724091186e-01
1.166659322518104613e-01
1.166827881319570936e-01
1.203353984328232457e-01
1.174756847062046750e-01
1.174893082867291411e-01
1.180623519908945845e-01
1.185183497270729941e-01
1.190117425246495636e-01
1.191448869404882899e-01
1.127541728691084932e-01
1.204718152959156907e-01
1.173833507432112122e-01
1.192293793839177968e-01
1.166824726252566058e-01
1.190016797597474446e-01
1.206110514047639415e-01
1.197922726790724424e-01
1.165915554301148738e-01
1.198161475428246719e-01
1.195483347004866886e-01
1.215970228780857976e-01
1.224945569787097011e-01
1.198120180370223081e-01
1.201981756725535866e-01
1.207924690514567551e-01
1.194033846675278676e-01
1.194351948589973816e-01
1.197655324285983591e-01
1.192923826624180395e-01
1.210816451505515451e-01
1.182212579910650180e-01
1.198652386853319429e-01
1.188711635283465073e-01
1.194491009219144223e-01
1.219201767883169168e-01
1.229259227838323948e-01
1.230696400833443255e-01
1.228883670782515286e-01
1.240776528429872322e-01
1.239032332493804206e-01
1.231561853773320420e-01
1.226338337232089765e-01
1.245118450921149367e-01
1.235411632738389748e-01
1.214434292280461014e-01
1.231361784397736886e-01
1.249996791917609706e-01
1.248615935414065237e-01
1.249560923589454475e-01
1.260727162650540079e-01
1.253156683487650080e-01
1.247291039966834936e-01
1.254168184764954952e-01
1.232271036674193188e-01
1.245581262418389429e-01
1.269547664895359917e-01
1.275843205667315794e-01
1.249674996435913149e-01
1.258755957972138295e-01
1.260506152259689150e-01
1.259647664197253714e-01
