1.126000000000000112e+00 2.602543849286570427e-05
1.126987992296117014e+00 1.254328776520532949e-05
1.127977719913760390e+00 9.981834449967901802e-07
1.128969187428857879e+00 1.593988318863162490e-05
1.129962399433440456e+00 5.631918870310397208e-05
1.130957360535711942e+00 8.240963278659112787e-05
1.131954075360122047e+00 1.020071665126396693e-04
1.132952548547436100e+00 1.545435258977029226e-04
1.133952784754808318e+00 2.176427927967747495e-04
1.134954788655853974e+00 2.581840068073147556e-04
1.135958564940721782e+00 2.838200501144624421e-04
1.136964118316167838e+00 3.004283125047799109e-04
1.137971453505628228e+00 3.180562151107973849e-04
1.138980575249294080e+00 3.295343422390545124e-04
1.139991488304184397e+00 3.220910733674241049e-04
1.141004197444223101e+00 3.231622536779591120e-04
1.142018707460311200e+00 3.262254437387511756e-04
1.143035023160405395e+00 3.159785360066624652e-04
1.144053149369591793e+00 3.169739113525925291e-04
1.145073090930163184e+00 3.136642723673428289e-04
1.146094852701695865e+00 2.996643411539889521e-04
1.147118439561126468e+00 3.163645291350880898e-04
1.148143856402830121e+00 3.600586203300301419e-04
1.149171108138697273e+00 3.789461580039904390e-04
1.150200199698214076e+00 3.824037348939513751e-04
1.151231136028538549e+00 4.658154997561457663e-04
1.152263922094582727e+00 6.204965797652015622e-04
1.153298562879090827e+00 7.230275315637833345e-04
1.154335063382718740e+00 7.618391847016055133e-04
1.155373428624115739e+00 8.006306541297344113e-04
1.156413663640005973e+00 8.507747533093002433e-04
1.157455773485268402e+00 8.670156730443682363e-04
1.158499763233019175e+00 8.027526001857672976e-04
1.159545637974695120e+00 7.032967365696257776e-04
1.160593402820134123e+00 6.624278040814593396e-04
1.161643062897660617e+00 7.153557189110751856e-04
1.162694623354169066e+00 7.483824930006287290e-04
1.163748089355205462e+00 6.724851600675981833e-04
1.164803466085055916e+00 6.495994591881721313e-04
1.165860758746828818e+00 7.241370295621169916e-04
1.166919972562540542e+00 7.250323500945256554e-04
1.167981112773203378e+00 6.571901360910721015e-04
1.169044184638909245e+00 6.467414485966406761e-04
1.170109193438919171e+00 7.606837376736274312e-04
1.171176144471748781e+00 8.765856358590985936e-04
1.172245043055257785e+00 8.436134090616909890e-04
1.173315894526736125e+00 8.001443870398601511e-04
1.174388704242995241e+00 7.966658254389568814e-04
1.175463477580455329e+00 7.469152887580553495e-04
1.176540219935237941e+00 7.244545724703751674e-04
1.177618936723252130e+00 7.103628641660147611e-04
1.178699633380288825e+00 7.071089245016839954e-04
1.179782315362111200e+00 7.635456277804285753e-04
1.180866988144545493e+00 7.721507799702873433e-04
1.181953657223574483e+00 7.466001521312332165e-04
1.183042328115429642e+00 7.186549491124257991e-04
1.184133006356684392e+00 6.950741819590653889e-04
1.185225697504348696e+00 7.906593304919784905e-04
1.186320407135962984e+00 9.080120816250634042e-04
1.187417140849692743e+00 9.356806483089355475e-04
1.188515904264424883e+00 9.712621127557390707e-04
1.189616703019862110e+00 1.015357025395244219e-03
1.190719542776621509e+00 1.044994094643551070e-03
1.191824429216329584e+00 1.098766714306651524e-03
1.192931368041720619e+00 1.146742446490434976e-03
1.194040364976735713e+00 1.207979193995410965e-03
1.195151425766620035e+00 1.371605786453479513e-03
1.196264556178022742e+00 1.572866372354159679e-03
1.197379761999095793e+00 1.647039926406775609e-03
1.198497049039596751e+00 1.560178186637391261e-03
1.199616423130986265e+00 1.406819788364772027e-03
1.200737890126532648e+00 1.369535142415346726e-03
1.201861455901411802e+00 1.500951091179538030e-03
1.202987126352810021e+00 1.618587914518037360e-03
1.204114907400029022e+00 1.679286776766374415e-03
1.205244804984587415e+00 1.767246221077698777e-03
1.206376825070326175e+00 1.886329442185372260e-03
1.207510973643513230e+00 2.043027780640934918e-03
1.208647256712948925e+00 2.274200164963522969e-03
1.209785680310073053e+00 2.551882205892053949e-03
1.210926250489070988e+00 2.587355130999443014e-03
1.212068973326979604e+00 2.295425798582339388e-03
1.213213854923797186e+00 2.067625220845512469e-03
1.214360901402591786e+00 1.986350256124305800e-03
1.215510118909608916e+00 1.980321126038427255e-03
1.216661513614383239e+00 2.143242574071295339e-03
1.217815091709847364e+00 2.341728227270355265e-03
1.218970859412443097e+00 2.561623025018469786e-03
1.220128822962234905e+00 2.816403005138589082e-03
1.221288988623019378e+00 2.954785926269387717e-03
1.222451362682440701e+00 3.095323195362019615e-03
1.223615951452102335e+00 3.250746515777068728e-03
1.224782761267683151e+00 3.266494662570029218e-03
1.225951798489049782e+00 3.253607396257059223e-03
1.227123069500375196e+00 3.343017152198409902e-03
1.228296580710252384e+00 3.500762635329709993e-03
1.229472338551812483e+00 3.680608894374586687e-03
1.230650349482842243e+00 3.937966369788902833e-03
1.231830619985901931e+00 4.171829911582792053e-03
1.233013156568444346e+00 4.251155619425325653e-03
1.234197965762934945e+00 4.355922354442287071e-03
1.235385054126971083e+00 4.429458018582597967e-03
1.236574428243403911e+00 4.396265780035003498e-03
1.237766094720459620e+00 4.472438277567867583e-03
1.238960060191861778e+00 4.473038460972616343e-03
1.240156331316954574e+00 4.354854284496286788e-03
1.241354914780826935e+00 4.426705979548787966e-03
1.242555817294437093e+00 4.492659469154322571e-03
1.243759045594736268e+00 4.412900368478305142e-03
1.244964606444796784e+00 4.560240750703333824e-03
1.246172506633937749e+00 5.062347770583657675e-03
1.247382752977852505e+00 5.626200006479021784e-03
1.248595352318737195e+00 6.153830156962525333e-03
1.249810311525418882e+00 6.747485110920101344e-03
1.251027637493486333e+00 7.311421822907047431e-03
1.252247337145420136e+00 7.926301334770166629e-03
1.253469417430722599e+00 8.801841870638019497e-03
1.254693885326052527e+00 9.782223205077348813e-03
1.255920747835354900e+00 1.050827064814664584e-02
1.257150011989997207e+00 1.070847819736197790e-02
1.258381684848900894e+00 1.066579668668165767e-02
1.259615773498678593e+00 1.078201696289068229e-02
1.260852285053770450e+00 1.099890754757248089e-02
1.262091226656578691e+00 1.137003732432141818e-02
1.263332605477606396e+00 1.155521840150930922e-02
1.264576428715595835e+00 1.115001018977538651e-02
1.265822703597668353e+00 1.064283254858433211e-02
1.267071437379462040e+00 1.006421006313672033e-02
1.268322637345275172e+00 9.500025106220544996e-03
1.269576310808206099e+00 9.880003141621879204e-03
1.270832465110296461e+00 1.099143788553163040e-02
1.272091107622674411e+00 1.208732731193874407e-02
1.273352245745698719e+00 1.351306985887652280e-02
1.274615886909103546e+00 1.582736583648387124e-02
1.275882038572145216e+00 1.913178309423546955e-02
1.277150708223747877e+00 2.303224491167447929e-02
1.278421903382652269e+00 2.696932529329171616e-02
1.279695631597562944e+00 3.089043021248944268e-02
1.280971900447299028e+00 3.501970465608952865e-02
1.282250717540943441e+00 3.931472176270315450e-02
1.283532090517995217e+00 4.401320487495770373e-02
1.284816027048520271e+00 4.944636759571843093e-02
1.286102534833305722e+00 5.478540385086851788e-02
1.287391621604013325e+00 6.002818506592273035e-02
1.288683295123334016e+00 6.667972431094952579e-02
1.289977563185144005e+00 7.347115301897012840e-02
1.291274433614661987e+00 7.776927640238540107e-02
1.292573914268606350e+00 8.116248564822420297e-02
1.293876013035353711e+00 8.740746975220098358e-02
1.295180737835098794e+00 9.594748857415198728e-02
1.296488096620015629e+00 1.020914215246831458e-01
1.297798097374417203e+00 1.048938629551126184e-01
1.299110748114920444e+00 1.075666531675626980e-01
1.300426056890607862e+00 1.106915470850538818e-01
1.301744031783193201e+00 1.151851393104430105e-01
1.303064680907186412e+00 1.231238257765746857e-01
1.304388012410060194e+00 1.314344581742354356e-01
1.305714034472417628e+00 1.364447917870595661e-01
1.307042755308160942e+00 1.370499360238899844e-01
1.308374183164660698e+00 1.325334811581191374e-01
1.309708326322927663e+00 1.295758498808020909e-01
1.311045193097781558e+00 1.369180473298499401e-01
1.312384791838027587e+00 1.490387212451238230e-01
1.313727130926627851e+00 1.554505898087665816e-01
1.315072218780876323e+00 1.554853572393724848e-01
1.316420063852575595e+00 1.510470454701201282e-01
1.317770674628213401e+00 1.448217937333684535e-01
1.319124059629140922e+00 1.426962248238320408e-01
1.320480227411752194e+00 1.434874842877484902e-01
1.321839186567663527e+00 1.426841622712124447e-01
1.323200945723896238e+00 1.421719953522113666e-01
1.324565513543057849e+00 1.416042110123011677e-01
1.325932898723527265e+00 1.377762130365409454e-01
1.327303109999638409e+00 1.313297114207910565e-01
1.328676156141866516e+00 1.237272811913355808e-01
1.330052045957015094e+00 1.176317615443324832e-01
1.331430788288405109e+00 1.135379493129603096e-01
1.332812392016063274e+00 1.074352175078359534e-01
1.334196866056913677e+00 9.982430121436365600e-02
1.335584219364968961e+00 9.138492920700440336e-02
1.336974460931523057e+00 7.946973207928895166e-02
1.338367599785346362e+00 6.870960224219523071e-02
1.339763644992881142e+00 6.313524672738149435e-02
1.341162605658436702e+00 5.756488473803473421e-02
1.342564490924390119e+00 4.965040478324009993e-02
1.343969309971381643e+00 4.163425664327155551e-02
1.345377072018519193e+00 3.385862189164577651e-02
1.346787786323576430e+00 2.697750436921486639e-02
1.348201462183198140e+00 2.184270568319018890e-02
1.349618108933102745e+00 1.771282385415906199e-02
1.351037735948290130e+00 1.397678303149093790e-02
1.352460352643244823e+00 1.074145699925865838e-02
1.353885968472148260e+00 8.286650117387314718e-03
1.355314592929085071e+00 6.540293925101687937e-03
1.356746235548255131e+00 5.184458175564061848e-03
1.358180905904185831e+00 4.198835748882197294e-03
1.359618613611944804e+00 3.496735079955593743e-03
1.361059368327355079e+00 2.943771025954942597e-03
1.362503179747211357e+00 2.561813950276995138e-03
1.363950057609498057e+00 2.229101947889063507e-03
1.365400011693606253e+00 1.928594663803407045e-03
1.366853051820556830e+00 1.780314679847618594e-03
1.368309187853220088e+00 1.713842901342903886e-03
1.369768429696540002e+00 1.660897662326627725e-03
1.371230787297757381e+00 1.668460890452943450e-03
1.372696270646638572e+00 1.754543197894514045e-03
1.374164889775699727e+00 1.884594245932020044e-03
1.375636654760438393e+00 2.015090827416100242e-03
1.377111575719562442e+00 2.137494667427435567e-03
1.378589662815221883e+00 2.278435191904083432e-03
1.380070926253243568e+00 2.444067149766670274e-03
1.381555376283364778e+00 2.588128048575195819e-03
1.383043023199470367e+00 2.717063565208145508e-03
1.384533877339829910e+00 2.947204199901808791e-03
1.386027949087338174e+00 3.310158013182027629e-03
1.387525248869755812e+00 3.557294429613621061e-03
1.389025787159951619e+00 3.512032731834582519e-03
1.390529574476147223e+00 3.538903747264374438e-03
1.392036621382161998e+00 3.898205614135296943e-03
1.393546938487661091e+00 4.338798156523980022e-03
1.395060536448405220e+00 4.773062022915845228e-03
1.396577425966499586e+00 5.044147808859854656e-03
1.398097617790646341e+00 4.952660456124530729e-03
1.399621122716400601e+00 4.873544285722383740e-03
1.401147951586422913e+00 4.968794687201498299e-03
1.402678115290738603e+00 5.074534343272870535e-03
1.404211624766996236e+00 5.254090020220727325e-03
1.405748491000727851e+00 5.464795705641509356e-03
1.407288725025611198e+00 5.626787311944794062e-03
1.408832337923734634e+00 5.624582393140059068e-03
1.410379340825861805e+00 5.521526937119945570e-03
1.411929744911700313e+00 5.604112825628158358e-03
1.413483561410169731e+00 5.726627929708611071e-03
1.415040801599673825e+00 5.908325411995376912e-03
1.416601476808373228e+00 6.214819494707939443e-03
1.418165598414459661e+00 6.497715089194452433e-03
1.419733177846432826e+00 7.092416211872434352e-03
1.421304226583378183e+00 7.549399601531096675e-03
1.422878756155248059e+00 7.421114157528681428e-03
1.424456778143142976e+00 7.540058234190270131e-03
1.426038304179596539e+00 7.593211746853411465e-03
1.427623345948860090e+00 7.095646268945385651e-03
1.429211915187190263e+00 6.909530137147928963e-03
1.430804023683140525e+00 7.042844006545439899e-03
1.432399683277851388e+00 7.046019469938900881e-03
1.433998905865343287e+00 6.901760854641475484e-03
1.435601703392814343e+00 6.634891018627229499e-03
1.437208087860935457e+00 6.594947442995593642e-03
1.438818071324151404e+00 6.863538220751456802e-03
1.440431665890981705e+00 7.217018769700362865e-03
1.442048883724324604e+00 7.292843298411101627e-03
1.443669737041762158e+00 6.806630318277267534e-03
1.445294238115867769e+00 6.259703697826623017e-03
1.446922399274517490e+00 5.972311547248609388e-03
1.448554232901199557e+00 5.799208413914062020e-03
1.450189751435329688e+00 5.715110594825022379e-03
1.451828967372567725e+00 5.694961566028797738e-03
1.453471893265134263e+00 5.899636983442919751e-03
1.455118541722132175e+00 6.054641608371612131e-03
1.456768925409868798e+00 5.867030291145292412e-03
1.458423057052181004e+00 5.693437203133099728e-03
1.460080949430762276e+00 5.431428889231446587e-03
1.461742615385490884e+00 5.130820359319954345e-03
1.463408067814762958e+00 5.023825425549596421e-03
1.465077319675824219e+00 4.657553175412882177e-03
1.466750383985108819e+00 4.136376714032092769e-03
1.468427273818574630e+00 3.809582296790417055e-03
1.470108002312046080e+00 3.621064391887389954e-03
1.471792582661556104e+00 3.577235207132028333e-03
1.473481028123691416e+00 3.368830947726141230e-03
1.475173352015941353e+00 3.007445222172039963e-03
1.476869567717046916e+00 2.745868284320564755e-03
1.478569688667353610e+00 2.400780668591099513e-03
1.480273728369166264e+00 2.146892739702040576e-03
1.481981700387106970e+00 2.040157224431605586e-03
1.483693618348475241e+00 1.831840190295261480e-03
1.485409495943609492e+00 1.737710507038703507e-03
1.487129346926251872e+00 1.803934337455620181e-03
1.488853185113917732e+00 1.906248626709094052e-03
1.490581024388262232e+00 2.077497567438713402e-03
1.492312878695457590e+00 2.161964120505447361e-03
1.494048762046563450e+00 2.127718555700370932e-03
1.495788688517908360e+00 2.129056315078637057e-03
1.497532672251467467e+00 2.196150303971513337e-03
1.499280727455248874e+00 2.412310741757724662e-03
1.501032868403676668e+00 2.899284140582856356e-03
1.502789109437979942e+00 3.319239288979489947e-03
1.504549464966586036e+00 3.266718590855603645e-03
1.506313949465511781e+00 3.157371919830041524e-03
1.508082577478762509e+00 3.268435393147240114e-03
1.509855363618730850e+00 3.148924142705992416e-03
1.511632322566598186e+00 2.870583987469444657e-03
1.513413469072741879e+00 2.750771919028352063e-03
1.515198817957142063e+00 2.567191011437195726e-03
1.516988384109793087e+00 2.202047045596894261e-03
1.518782182491116739e+00 1.824870847655499749e-03
1.520580228132380585e+00 1.559007793988019704e-03
1.522382536136117182e+00 1.392966634750661794e-03
1.524189121676545966e+00 1.261937656802859581e-03
1.526000000000000023e+00 1.160423139483249223e-03
