1.126000000000000112e+00 3.207686516027232512e-04
1.126987992296117014e+00 2.207975666968669843e-04
1.127977719913760390e+00 1.753225039764445879e-04
1.128969187428857879e+00 1.885932461812804680e-04
1.129962399433440456e+00 2.272212907577454341e-04
1.130957360535711942e+00 2.829913336305637833e-04
1.131954075360122047e+00 3.709599895514941012e-04
1.132952548547436100e+00 4.535959588439344233e-04
1.133952784754808318e+00 5.092508354072448375e-04
1.134954788655853974e+00 5.466055305661902952e-04
1.135958564940721782e+00 5.934311504093370618e-04
1.136964118316167838e+00 6.689879051559548652e-04
1.137971453505628228e+00 7.616237325644296995e-04
1.138980575249294080e+00 8.620328695315230541e-04
1.139991488304184397e+00 9.112729111978553134e-04
1.141004197444223101e+00 9.468686186880621684e-04
1.142018707460311200e+00 1.030941812315534344e-03
1.143035023160405395e+00 1.084928345330307513e-03
1.144053149369591793e+00 1.158164567410749400e-03
1.145073090930163184e+00 1.180044621139796166e-03
1.146094852701695865e+00 9.976053200227233148e-04
1.147118439561126468e+00 9.059390496945361661e-04
1.148143856402830121e+00 1.035494891089392246e-03
1.149171108138697273e+00 1.130565325113261875e-03
1.150200199698214076e+00 1.185898126825662719e-03
1.151231136028538549e+00 1.291082615581550831e-03
1.152263922094582727e+00 1.393774622973406770e-03
1.153298562879090827e+00 1.417176414472136759e-03
1.154335063382718740e+00 1.414916128841094698e-03
1.155373428624115739e+00 1.531264953404278765e-03
1.156413663640005973e+00 1.729506199694069886e-03
1.157455773485268402e+00 1.887032137462325235e-03
1.158499763233019175e+00 1.865666997565059619e-03
1.159545637974695120e+00 1.667326255753947759e-03
1.160593402820134123e+00 1.588520418747541799e-03
1.161643062897660617e+00 1.671383179386691075e-03
1.162694623354169066e+00 1.706083219070235425e-03
1.163748089355205462e+00 1.699984575908897481e-03
1.164803466085055916e+00 1.713160297402483746e-03
1.165860758746828818e+00 1.719606978436979050e-03
1.166919972562540542e+00 1.678943198342386584e-03
1.167981112773203378e+00 1.619495917572036240e-03
1.169044184638909245e+00 1.581749896136130278e-03
1.170109193438919171e+00 1.575165139440362584e-03
1.171176144471748781e+00 1.658979777517461968e-03
1.172245043055257785e+00 1.694341769912774626e-03
1.173315894526736125e+00 1.564173882867498592e-03
1.174388704242995241e+00 1.506233056287581201e-03
1.175463477580455329e+00 1.603053842583809481e-03
1.176540219935237941e+00 1.732606724951636732e-03
1.177618936723252130e+00 1.829085339811226509e-03
1.178699633380288825e+00 1.843639644050795549e-03
1.179782315362111200e+00 1.853335015866363787e-03
1.180866988144545493e+00 1.903183700052565744e-03
1.181953657223574483e+00 1.964393573989692623e-03
1.183042328115429642e+00 1.990951906338600010e-03
1.184133006356684392e+00 1.855360504266999376e-03
1.185225697504348696e+00 1.669698743739865760e-03
1.186320407135962984e+00 1.624384750970875963e-03
1.187417140849692743e+00 1.662305559993326656e-03
1.188515904264424883e+00 1.769938443057150193e-03
1.189616703019862110e+00 1.949448575351530417e-03
1.190719542776621509e+00 2.110168159981147193e-03
1.191824429216329584e+00 2.219780077468632828e-03
1.192931368041720619e+00 2.282503598359192018e-03
1.194040364976735713e+00 2.343137946858583637e-03
1.195151425766620035e+00 2.485816247011704994e-03
1.196264556178022742e+00 2.669852210276812358e-03
1.197379761999095793e+00 2.653122429023315083e-03
1.198497049039596751e+00 2.394565274635547785e-03
1.199616423130986265e+00 2.275055709043504685e-03
1.200737890126532648e+00 2.454236003899145594e-03
1.201861455901411802e+00 2.718252961142130289e-03
1.202987126352810021e+00 2.986230974810891170e-03
1.204114907400029022e+00 3.247789674237472335e-03
1.205244804984587415e+00 3.467779753762594269e-03
1.206376825070326175e+00 3.672172744668097608e-03
1.207510973643513230e+00 3.881164089874316638e-03
1.208647256712948925e+00 4.172390253521134421e-03
1.209785680310073053e+00 4.474258841645069665e-03
1.210926250489070988e+00 4.483138367827560304e-03
1.212068973326979604e+00 4.268399042108776513e-03
1.213213854923797186e+00 4.233996821474114713e-03
1.214360901402591786e+00 4.453773726607276363e-03
1.215510118909608916e+00 4.794248133776654770e-03
1.216661513614383239e+00 5.193101970148758517e-03
1.217815091709847364e+00 5.599278952433507130e-03
1.218970859412443097e+00 6.060579659609199692e-03
1.220128822962234905e+00 6.590816512162769002e-03
1.221288988623019378e+00 7.155935381003728120e-03
1.222451362682440701e+00 7.796468561851939080e-03
1.223615951452102335e+00 8.175480443336789749e-03
1.224782761267683151e+00 7.920030108114987227e-03
1.225951798489049782e+00 7.583298349357369891e-03
1.227123069500375196e+00 7.802980154238141515e-03
1.228296580710252384e+00 8.323241331349311156e-03
1.229472338551812483e+00 8.909833294605625301e-03
1.230650349482842243e+00 9.691666456549096961e-03
1.231830619985901931e+00 1.049979913755691961e-02
1.233013156568444346e+00 1.108480000897797343e-02
1.234197965762934945e+00 1.150024797692781459e-02
1.235385054126971083e+00 1.198136794360929805e-02
1.236574428243403911e+00 1.249212218794036253e-02
1.237766094720459620e+00 1.261688455276267253e-02
1.238960060191861778e+00 1.239264458786248045e-02
1.240156331316954574e+00 1.222951022578512223e-02
1.241354914780826935e+00 1.231262159176814072e-02
1.242555817294437093e+00 1.274331822313814859e-02
1.243759045594736268e+00 1.315518012151617629e-02
1.244964606444796784e+00 1.333096840238199784e-02
1.246172506633937749e+00 1.382044164761846335e-02
1.247382752977852505e+00 1.461378656114270536e-02
1.248595352318737195e+00 1.550527485018724123e-02
1.249810311525418882e+00 1.665026033521855436e-02
1.251027637493486333e+00 1.761209343986843215e-02
1.252247337145420136e+00 1.817565623560826391e-02
1.253469417430722599e+00 1.873017039495168679e-02
1.254693885326052527e+00 1.935883528832018155e-02
1.255920747835354900e+00 1.986705324397815969e-02
1.257150011989997207e+00 2.025384560238487758e-02
1.258381684848900894e+00 2.101815494335324691e-02
1.259615773498678593e+00 2.219684043050252492e-02
1.260852285053770450e+00 2.328196296195752038e-02
1.262091226656578691e+00 2.438710899565262047e-02
1.263332605477606396e+00 2.541936673806043101e-02
1.264576428715595835e+00 2.612677895392512967e-02
1.265822703597668353e+00 2.672312070016601496e-02
1.267071437379462040e+00 2.697547964988687014e-02
1.268322637345275172e+00 2.690199042923946057e-02
1.269576310808206099e+00 2.709831109178532926e-02
1.270832465110296461e+00 2.784464913301429659e-02
1.272091107622674411e+00 2.935947131001832508e-02
1.273352245745698719e+00 3.189537026484891291e-02
1.274615886909103546e+00 3.565678039999708310e-02
1.275882038572145216e+00 4.047793741699647063e-02
1.277150708223747877e+00 4.583150975442415453e-02
1.278421903382652269e+00 5.132598099454739604e-02
1.279695631597562944e+00 5.649921458460073487e-02
1.280971900447299028e+00 6.161598067742292406e-02
1.282250717540943441e+00 6.743155583318102830e-02
1.283532090517995217e+00 7.367329562426237766e-02
1.284816027048520271e+00 7.984874242985544324e-02
1.286102534833305722e+00 8.588585189801602182e-02
1.287391621604013325e+00 9.207971373028624174e-02
1.288683295123334016e+00 9.870337725166340725e-02
1.289977563185144005e+00 1.052767875143980347e-01
1.291274433614661987e+00 1.117683106580105445e-01
1.292573914268606350e+00 1.180835385552568978e-01
1.293876013035353711e+00 1.233464178448971521e-01
1.295180737835098794e+00 1.277824835145184024e-01
1.296488096620015629e+00 1.316208933000922454e-01
1.297798097374417203e+00 1.341555491905010167e-01
1.299110748114920444e+00 1.355692602397906565e-01
1.300426056890607862e+00 1.370115486406289218e-01
1.301744031783193201e+00 1.399554057054830658e-01
1.303064680907186412e+00 1.452502260884638019e-01
1.304388012410060194e+00 1.523661143662880246e-01
1.305714034472417628e+00 1.597396741332259285e-01
1.307042755308160942e+00 1.657745187019693534e-01
1.308374183164660698e+00 1.709013568508946090e-01
1.309708326322927663e+00 1.765263937846775488e-01
1.311045193097781558e+00 1.826254232449831816e-01
1.312384791838027587e+00 1.888775058655025041e-01
1.313727130926627851e+00 1.947576935438464496e-01
1.315072218780876323e+00 1.990472714044243252e-01
1.316420063852575595e+00 2.013613652602780912e-01
1.317770674628213401e+00 2.025388695416281137e-01
1.319124059629140922e+00 2.039171834380461290e-01
1.320480227411752194e+00 2.063484980063703955e-01
1.321839186567663527e+00 2.097818225690850358e-01
1.323200945723896238e+00 2.132300415283281958e-01
1.324565513543057849e+00 2.147088774184409132e-01
1.325932898723527265e+00 2.131274384412144007e-01
1.327303109999638409e+00 2.091843723518455045e-01
1.328676156141866516e+00 2.038925793610309456e-01
1.330052045957015094e+00 1.980393276457471374e-01
1.331430788288405109e+00 1.918988028286952308e-01
1.332812392016063274e+00 1.850313080185151948e-01
1.334196866056913677e+00 1.767052469532885417e-01
1.335584219364968961e+00 1.665532541363138330e-01
1.336974460931523057e+00 1.551462639810358146e-01
1.338367599785346362e+00 1.429380624513413300e-01
1.339763644992881142e+00 1.298329858672822301e-01
1.341162605658436702e+00 1.163237990961023816e-01
1.342564490924390119e+00 1.030770269845324161e-01
1.343969309971381643e+00 9.022355114001981424e-02
1.345377072018519193e+00 7.789079713501995128e-02
1.346787786323576430e+00 6.668942510249345479e-02
1.348201462183198140e+00 5.732979582451784573e-02
1.349618108933102745e+00 4.986669333139472776e-02
1.351037735948290130e+00 4.402807333691339392e-02
1.352460352643244823e+00 3.963740308700371140e-02
1.353885968472148260e+00 3.639278511762237406e-02
1.355314592929085071e+00 3.394088323119574813e-02
1.356746235548255131e+00 3.192779356981011868e-02
1.358180905904185831e+00 3.023171057645505228e-02
1.359618613611944804e+00 2.880984126079233487e-02
1.361059368327355079e+00 2.726767988900586151e-02
1.362503179747211357e+00 2.550558268760148503e-02
1.363950057609498057e+00 2.379444136579122668e-02
1.365400011693606253e+00 2.211329621562212536e-02
1.366853051820556830e+00 2.032030038188213303e-02
1.368309187853220088e+00 1.848451762209469065e-02
1.369768429696540002e+00 1.689265709369638588e-02
1.371230787297757381e+00 1.558132998186721047e-02
1.372696270646638572e+00 1.423758879357581858e-02
1.374164889775699727e+00 1.285741221126752466e-02
1.375636654760438393e+00 1.159090557963787446e-02
1.377111575719562442e+00 1.040859161690807673e-02
1.378589662815221883e+00 9.346875868307534529e-03
1.380070926253243568e+00 8.451417289775839739e-03
1.381555376283364778e+00 7.695909680426964682e-03
1.383043023199470367e+00 7.129118515146000770e-03
1.384533877339829910e+00 7.012945190906333739e-03
1.386027949087338174e+00 7.402635757888751181e-03
1.387525248869755812e+00 7.699815244717094290e-03
1.389025787159951619e+00 7.607624194534734138e-03
1.390529574476147223e+00 7.689200914555917310e-03
1.392036621382161998e+00 8.331355344200494853e-03
1.393546938487661091e+00 9.406371904273427148e-03
1.395060536448405220e+00 1.076148511957055083e-02
1.396577425966499586e+00 1.226794053014931309e-02
1.398097617790646341e+00 1.378526374910923717e-02
1.399621122716400601e+00 1.520643930564504441e-02
1.401147951586422913e+00 1.645341120323337916e-02
1.402678115290738603e+00 1.746493837360034440e-02
1.404211624766996236e+00 1.813829471108501651e-02
1.405748491000727851e+00 1.840000989211573040e-02
1.407288725025611198e+00 1.833969432791587167e-02
1.408832337923734634e+00 1.818157998620266447e-02
1.410379340825861805e+00 1.815796260631990025e-02
1.411929744911700313e+00 1.833467863810884363e-02
1.413483561410169731e+00 1.856950936580380532e-02
1.415040801599673825e+00 1.871175119466863754e-02
1.416601476808373228e+00 1.869005413343113181e-02
1.418165598414459661e+00 1.850021695212025405e-02
1.419733177846432826e+00 1.824953431891203348e-02
1.421304226583378183e+00 1.805571455984004633e-02
1.422878756155248059e+00 1.792632372494148973e-02
1.424456778143142976e+00 1.776449022152374116e-02
1.426038304179596539e+00 1.747779081894926950e-02
1.427623345948860090e+00 1.710956424649707347e-02
1.429211915187190263e+00 1.678627989815409394e-02
1.430804023683140525e+00 1.663232718158963799e-02
1.432399683277851388e+00 1.668780923546401423e-02
1.433998905865343287e+00 1.689627536991454224e-02
1.435601703392814343e+00 1.726319880826200984e-02
1.437208087860935457e+00 1.770671130049460487e-02
1.438818071324151404e+00 1.802020265894882511e-02
1.440431665890981705e+00 1.821397651768356246e-02
1.442048883724324604e+00 1.833844962451839852e-02
1.443669737041762158e+00 1.828844271565079060e-02
1.445294238115867769e+00 1.805897536509429996e-02
1.446922399274517490e+00 1.773289604616976392e-02
1.448554232901199557e+00 1.738623832508392336e-02
1.450189751435329688e+00 1.710622300847379484e-02
1.451828967372567725e+00 1.694343192357862862e-02
1.453471893265134263e+00 1.689480823526055830e-02
1.455118541722132175e+00 1.689942652539887236e-02
1.456768925409868798e+00 1.690755069180335801e-02
1.458423057052181004e+00 1.684942583070355923e-02
1.460080949430762276e+00 1.660231268304953808e-02
1.461742615385490884e+00 1.619909373245613515e-02
1.463408067814762958e+00 1.574724153399247734e-02
1.465077319675824219e+00 1.524109511176287464e-02
1.466750383985108819e+00 1.470261249789790205e-02
1.468427273818574630e+00 1.417412592973804966e-02
1.470108002312046080e+00 1.364187577876806688e-02
1.471792582661556104e+00 1.308445191021890240e-02
1.473481028123691416e+00 1.245069548246249304e-02
1.475173352015941353e+00 1.173951105622758444e-02
1.476869567717046916e+00 1.106788356012449771e-02
1.478569688667353610e+00 1.053097735504822732e-02
1.480273728369166264e+00 1.010014814581366646e-02
1.481981700387106970e+00 9.686449816784226813e-03
1.483693618348475241e+00 9.252357942920300116e-03
1.485409495943609492e+00 8.798566758653909511e-03
1.487129346926251872e+00 8.316062457155430632e-03
1.488853185113917732e+00 7.843334497845551659e-03
1.490581024388262232e+00 7.450016468001996808e-03
1.492312878695457590e+00 7.171970108434269978e-03
1.494048762046563450e+00 7.032598536790519300e-03
1.495788688517908360e+00 7.042008807427102383e-03
1.497532672251467467e+00 7.157045147699003969e-03
1.499280727455248874e+00 7.293518087143798824e-03
1.501032868403676668e+00 7.432871404207432031e-03
1.502789109437979942e+00 7.648158410712166053e-03
1.504549464966586036e+00 7.915760726945499440e-03
1.506313949465511781e+00 8.080795587891907023e-03
1.508082577478762509e+00 8.089362428421269929e-03
1.509855363618730850e+00 8.025406056127856388e-03
1.511632322566598186e+00 7.916776111444201458e-03
1.513413469072741879e+00 7.705807711914908383e-03
1.515198817957142063e+00 7.363622875507284948e-03
1.516988384109793087e+00 6.886521182204983355e-03
1.518782182491116739e+00 6.283581145741966995e-03
1.520580228132380585e+00 5.624030364672288375e-03
1.522382536136117182e+00 4.980980044772613871e-03
1.524189121676545966e+00 4.384137335687529613e-03
1.526000000000000023e+00 3.829982956183424110e-03
