1.080000000000000071e+00 4.414612509465876003e-04
1.080977110286799991e+00 5.552115056739000045e-04
1.081955990220049069e+00 6.514382428774783892e-04
1.082936644611619537e+00 7.206421585119188308e-04
1.083919078290846327e+00 7.579502311880263700e-04
1.084903296104603676e+00 7.633602449497276388e-04
1.085889302917385946e+00 7.413674464730328527e-04
1.086877103611388895e+00 7.000466872580033946e-04
1.087866703086588283e+00 6.497310981385002191e-04
1.088858106260822023e+00 6.014762222692963782e-04
1.089851318069871233e+00 5.655200372739909885e-04
1.090846343467543278e+00 5.499417511810839954e-04
1.091843187425751704e+00 5.596873442966692012e-04
1.092841854934601731e+00 5.960732546765856168e-04
1.093842351002471958e+00 6.568100408828356045e-04
1.094844680656098079e+00 7.365154566167835329e-04
1.095848848940658593e+00 8.276211919598143191e-04
1.096854860919856733e+00 9.215281396245303793e-04
1.097862721676008402e+00 1.009837480263331248e-03
1.098872436310126322e+00 1.085482071881188745e-03
1.099884009942005081e+00 1.143604157826185819e-03
1.100897447710310395e+00 1.182067658175671486e-03
1.101912754772664371e+00 1.201549935741968609e-03
1.102929936305732550e+00 1.205220657292977978e-03
1.103948997505312946e+00 1.198075095617412477e-03
1.104969943586423753e+00 1.186037289241978487e-03
1.105992779783393498e+00 1.174978014215478537e-03
1.107017511349948968e+00 1.169799513000450075e-03
1.108044143559306471e+00 1.173722873873751012e-03
1.109072681704260654e+00 1.187877938418616846e-03
1.110103131097277984e+00 1.211245723827528197e-03
1.111135497070585121e+00 1.240947619380835306e-03
1.112169784976263731e+00 1.272822700776405714e-03
1.113206000186341305e+00 1.302192299858989178e-03
1.114244148092884412e+00 1.324685466202987598e-03
1.115284234108093075e+00 1.336993463443006055e-03
1.116326263664393137e+00 1.337436206150518538e-03
1.117370242214533071e+00 1.326255827766281660e-03
1.118416175231676579e+00 1.305597117347629581e-03
1.119464068209500507e+00 1.279184371707336185e-03
1.120513926662290105e+00 1.251751559045523798e-03
1.121565756125034952e+00 1.228320285471404955e-03
1.122619562153528205e+00 1.213442147841049855e-03
1.123675350324461641e+00 1.210525361053125821e-03
1.124733126235526681e+00 1.221349793841995440e-03
1.125792895505512314e+00 1.245842530528962818e-03
1.126854663774403686e+00 1.282143192126293301e-03
1.127918436703483795e+00 1.326941574031256441e-03
1.128984219975432302e+00 1.376027248589360404e-03
1.130052019294429222e+00 1.424958431703173467e-03
1.131121840386253963e+00 1.469740569042884189e-03
1.132193688998389236e+00 1.507406122313637280e-03
1.133267570900123422e+00 1.536405415018984475e-03
1.134343491882654265e+00 1.556750897750710768e-03
1.135421457759194119e+00 1.569898424545842835e-03
1.136501474365071651e+00 1.578392406316625170e-03
1.137583547557840635e+00 1.585340076134341639e-03
1.138667683217382987e+00 1.593807427723601799e-03
1.139753887246017339e+00 1.606241309711403664e-03
1.140842165568604960e+00 1.624016790825091872e-03
1.141932524132657889e+00 1.647187181017247242e-03
1.143024968908447514e+00 1.674479613056350678e-03
1.144119505889112487e+00 1.703537581491168127e-03
1.145216141090769524e+00 1.731370189083912027e-03
1.146314880552624205e+00 1.754932962166429493e-03
1.147415730337078887e+00 1.771742715042057444e-03
1.148518696529847283e+00 1.780422719020782188e-03
1.149623785240065477e+00 1.781085333028925143e-03
1.150731002600404507e+00 1.775485446581927078e-03
1.151840354767184049e+00 1.766915274205744677e-03
1.152951847920486328e+00 1.759853181607015041e-03
1.154065488264271355e+00 1.759419509717249875e-03
1.155181282026491507e+00 1.770724294084030127e-03
1.156299235459208541e+00 1.798210183304147858e-03
1.157419354838709724e+00 1.845095714691785292e-03
1.158541646465625963e+00 1.913000936432439391e-03
1.159666116665049040e+00 2.001843191176003092e-03
1.160792771786651079e+00 2.110031312177366915e-03
1.161921618204803996e+00 2.234798864601338520e-03
1.163052662318699415e+00 2.372824522130511510e-03
1.164185910552470116e+00 2.520918945049009131e-03
1.165321369355310832e+00 2.676700508301922427e-03
1.166459045201601041e+00 2.839154617672614428e-03
1.167598944591029086e+00 3.008989028257196170e-03
1.168741074048713857e+00 3.188728634369723033e-03
1.169885440125330467e+00 3.382532638814850137e-03
1.171032049397236152e+00 3.595758554095569021e-03
1.172180908466594840e+00 3.834334608444794120e-03
1.173332023961504378e+00 4.104029126613645273e-03
1.174485402536125100e+00 4.409718406391709318e-03
1.175641050870805948e+00 4.754752002318784164e-03
1.176798975672215031e+00 5.140497251869496562e-03
1.177959183673469301e+00 5.566116770809385363e-03
1.179121681634264229e+00 6.028598598200646599e-03
1.180286476341005475e+00 6.523024486775819836e-03
1.181453574606941670e+00 7.043032966011653767e-03
1.182622983272295203e+00 7.581414416536566385e-03
1.183794709204398998e+00 8.130767678260033757e-03
1.184968759297828189e+00 8.684151593248133974e-03
1.186145140474535786e+00 9.235678132885187866e-03
1.187323859683990790e+00 9.781012519257059612e-03
1.188504923903312527e+00 1.031776534402692111e-02
1.189688340137409206e+00 1.084577757763330146e-02
1.190874115419117141e+00 1.136730809393037174e-02
1.192062256809338860e+00 1.188713328172344777e-02
1.193252771397183665e+00 1.241256006502297962e-02
1.194445666300110176e+00 1.295333997085080721e-02
1.195640948664064895e+00 1.352145720393515410e-02
1.196838625663628308e+00 1.413075324482839651e-02
1.198038704502155882e+00 1.479634920672199920e-02
1.199241192411923951e+00 1.553383855564898983e-02
1.200446096654275152e+00 1.635824794003006705e-02
1.201653424519762536e+00 1.728280099969973366e-02
1.202863183328299446e+00 1.831756440784558862e-02
1.204075380429305620e+00 1.946809992245284587e-02
1.205290023201856187e+00 2.073428241908361128e-02
1.206507119054831989e+00 2.210946333958535570e-02
1.207726675427069685e+00 2.358015493665346907e-02
1.208948699787514069e+00 2.512637939603533724e-02
1.210173199635369068e+00 2.672276876580112828e-02
1.211400182500253386e+00 2.834042156534109791e-02
1.212629655942352613e+00 2.994942918883994332e-02
1.213861627552575539e+00 3.152189213356155345e-02
1.215096104952710254e+00 3.303516647796404110e-02
1.216333095795581798e+00 3.447502799585301647e-02
1.217572607765209369e+00 3.583842497619732503e-02
1.218814648576966198e+00 3.713551655417801634e-02
1.220059225977739192e+00 3.839076042810985606e-02
1.221306347746090148e+00 3.964291516378144753e-02
1.222556021692417838e+00 4.094394515541364965e-02
1.223808255659121214e+00 4.235694402367493061e-02
1.225063057520762833e+00 4.395330649509617688e-02
1.226320435184235169e+00 4.580946249765648071e-02
1.227580396588924261e+00 4.800352708048807177e-02
1.228842949706880683e+00 5.061220871322225090e-02
1.230108102542983417e+00 5.370825698864047093e-02
1.231375863135113047e+00 5.735862706360018992e-02
1.232646239554317624e+00 6.162340763616843548e-02
1.233919239904988085e+00 6.655542212438815552e-02
1.235194872325028115e+00 7.220029123492414935e-02
1.236473144986029338e+00 7.859666009003481169e-02
1.237754066093442296e+00 8.577626045084206508e-02
1.239037643886757190e+00 9.376350654849546773e-02
1.240323886639676187e+00 1.025744103428142262e-01
1.241612802660293058e+00 1.122147375737897468e-01
1.242904400291272360e+00 1.226774900489360220e-01
1.244198687910028189e+00 1.339399665640120807e-01
1.245495673928906699e+00 1.459607968275968282e-01
1.246795366795366844e+00 1.586774339812008217e-01
1.248097774992165343e+00 1.720046122852902926e-01
1.249402907037540533e+00 1.858341401509138457e-01
1.250710771485397332e+00 2.000364062315390656e-01
1.252021376925495089e+00 2.144642579902916735e-01
1.253334731983635653e+00 2.289579210138037169e-01
1.254650845321852337e+00 2.433514445179473518e-01
1.255969725638599765e+00 2.574798831338333538e-01
1.257291381668946606e+00 2.711864800825972699e-01
1.258615822184767863e+00 2.843290655565558489e-01
1.259943055994938277e+00 2.967849337564988366e-01
1.261273091945529279e+00 3.084536161937287413e-01
1.262605938920004389e+00 3.192572122162442572e-01
1.263941605839416171e+00 3.291382413190272471e-01
1.265280101662607404e+00 3.380553066040477006e-01
1.266621435386409367e+00 3.459771607427787887e-01
1.267965616045845456e+00 3.528760020318030821e-01
1.269312652714331247e+00 3.587209629590479842e-01
1.270662554503881658e+00 3.634727641092846961e-01
1.272015330565314573e+00 3.670803856520069575e-01
1.273370990088457999e+00 3.694803684488827678e-01
1.274729542302357910e+00 3.705990253204055618e-01
1.276090996475488515e+00 3.703574620286978480e-01
1.277455361915962762e+00 3.686789268579511725e-01
1.278822647971743498e+00 3.654976783285668884e-01
1.280192864030858191e+00 3.607683277621728246e-01
1.281566019521613198e+00 3.544745101424042755e-01
1.282942123912810262e+00 3.466357791049160531e-01
1.284321186713963225e+00 3.373118067203590975e-01
1.285703217475519411e+00 3.266032736835529637e-01
1.287088225789077001e+00 3.146492220375063376e-01
1.288476221287609302e+00 3.016210609812589039e-01
1.289867213645687238e+00 2.877138125490378839e-01
1.291261212579704054e+00 2.731355068014484355e-01
1.292658227848101138e+00 2.580958442504746042e-01
1.294058269251597615e+00 2.427953105634334252e-01
1.295461346633416388e+00 2.274158480255083770e-01
1.296867469879517953e+00 2.121139723527999676e-01
1.298276648918830878e+00 1.970169026130388357e-01
1.299688893723485172e+00 1.822218900743196590e-01
1.301104214309049434e+00 1.677985399184238891e-01
1.302522620734765102e+00 1.537935692900176954e-01
1.303944123103786934e+00 1.402371806660549503e-01
1.305368731563421703e+00 1.271500828262918936e-01
1.306796456305370224e+00 1.145501777794022263e-01
1.308227307565969610e+00 1.024580474040379108e-01
1.309661295626438848e+00 9.090059739364377001e-02
1.311098430813124160e+00 7.991251336818898376e-02
1.312538723497747917e+00 6.953551094981080816e-02
1.313982184097657324e+00 5.981567195378808405e-02
1.315428823076076226e+00 5.079941045376678427e-02
1.316878650942356455e+00 4.252877301047459924e-02
1.318331678252234518e+00 3.503682853386630436e-02
1.319787915608085838e+00 2.834384298057654114e-02
1.321247373659183877e+00 2.245477621481069969e-02
1.322710063101959488e+00 1.735841018193418073e-02
1.324175994680261370e+00 1.302815549168104443e-02
1.325645179185620748e+00 9.424327637719887019e-03
1.327117627457514049e+00 6.497472199266815518e-03
1.328593350383631799e+00 4.192180640046777942e-03
1.330072358900144858e+00 2.450793092538784083e-03
1.331554663991975751e+00 1.216435962421173007e-03
1.333040276693071347e+00 4.349800140503792541e-04
1.334529208086674856e+00 5.570583278757197166e-05
1.336021469305602061e+00 3.069613041828137749e-05
1.337517071532519974e+00 3.132018970457312469e-04
1.339016026000224180e+00 8.554165870603111814e-04
1.340518343991921935e+00 1.606210205992916577e-03
1.342024036841514389e+00 2.509404531801646358e-03
1.343533115933880584e+00 3.503105960479209469e-03
1.345045592705166992e+00 4.520461625371188785e-03
1.346561478643074405e+00 5.491988181440052817e-03
1.348080785287148808e+00 6.349371406501326878e-03
1.349603524229074925e+00 7.030384501011344156e-03
1.351129707112970646e+00 7.484360147769840432e-03
1.352659345635684351e+00 7.677508002180665793e-03
1.354192451547092668e+00 7.597318387105002173e-03
1.355729036650402675e+00 7.255326635121284000e-03
1.357269112802453659e+00 6.687765325131007216e-03
1.358812691914022430e+00 5.953669924252609318e-03
1.360359785950130851e+00 5.130466674529911286e-03
1.361910406930354478e+00 4.307356751302542780e-03
1.363464566929133870e+00 3.577060344800745643e-03
1.365022278076088114e+00 3.026743926038799604e-03
1.366583552556330794e+00 2.729092096902068637e-03
1.368148402610786407e+00 2.734516011421370997e-03
1.369716840536512770e+00 3.065401974198727481e-03
1.371288878687019430e+00 3.713104093863501664e-03
1.372864529472595629e+00 4.638095360326737263e-03
1.374443805360635151e+00 5.773345230518622459e-03
1.376026718875964505e+00 7.030629278412250764e-03
1.377613282601175992e+00 8.309140879503976174e-03
1.379203509176959441e+00 9.505506851667880688e-03
1.380797411302438382e+00 1.052414144303175439e-02
1.382395001735508444e+00 1.128682722565550918e-02
1.383996293293177304e+00 1.174049390006816004e-02
1.385601298851907748e+00 1.186236768068025561e-02
1.387210031347962502e+00 1.166196104926283186e-02
1.388822503777751960e+00 1.117972960008686324e-02
1.390438729198184342e+00 1.048259638307598787e-02
1.392058720727018528e+00 9.656889523409890180e-03
1.393682491543217106e+00 8.799514674978668044e-03
1.395310054887305862e+00 8.008357823306774120e-03
1.396941424061732606e+00 7.372966995338977800e-03
1.398576612431230215e+00 6.966489917994235503e-03
1.400215633423180339e+00 6.839660675724497201e-03
1.401858500527983109e+00 7.017357949958678669e-03
1.403505227299424396e+00 7.497936794581611629e-03
1.405155827355051068e+00 8.255206829500994978e-03
1.406810314376545579e+00 9.242633787174332760e-03
1.408468702110102555e+00 1.039911448227266548e-02
1.410131004366812046e+00 1.165554319308941683e-02
1.411797235023041441e+00 1.294136237728586714e-02
1.413467408020820937e+00 1.419037002125949319e-02
1.415141537368233893e+00 1.534522309336167761e-02
1.416819637139807853e+00 1.636030351640191394e-02
1.418501721476908450e+00 1.720286470016997929e-02
1.420187804588137537e+00 1.785261607306012910e-02
1.421877900749732415e+00 1.830009694072938162e-02
1.423572024305969297e+00 1.854431450466721351e-02
1.425270189669569199e+00 1.859016092844635246e-02
1.426972411322106726e+00 1.844608119120848613e-02
1.428678703814420636e+00 1.812235008534428260e-02
1.430389081767029724e+00 1.763015623812980159e-02
1.432103559870550047e+00 1.698151271706382914e-02
1.433822152886115475e+00 1.618984809336399683e-02
1.435544875645800911e+00 1.527100557508291774e-02
1.437271743053049278e+00 1.424430991555133801e-02
1.439002770083102289e+00 1.313336057235995995e-02
1.440737971783431881e+00 1.196627178301274373e-02
1.442477363274176083e+00 1.077519197910013597e-02
1.444220959748579780e+00 9.595074519458547668e-03
1.445968776473435913e+00 8.461813367473470376e-03
1.447720828789531122e+00 7.409975919028321395e-03
1.449477132112094946e+00 6.470440445522873847e-03
1.451237701931252122e+00 5.668265561961156884e-03
1.453002553812477116e+00 5.021081916337386333e-03
1.454771703397053528e+00 4.538210268198843329e-03
1.456545166402535507e+00 4.220592065683639524e-03
1.458322958623214927e+00 4.061490545344029549e-03
1.460105095930588126e+00 4.047805400755096449e-03
1.461891594273828421e+00 4.161762241205887135e-03
1.463682469680264608e+00 4.382702771418282156e-03
1.465477738255856588e+00 4.688717276295100746e-03
1.467277416185680750e+00 5.057922400434916414e-03
1.469081519734415364e+00 5.469280729096756034e-03
1.470890065246829970e+00 5.902964917077916339e-03
1.472703069148280752e+00 6.340366692963071531e-03
1.474520547945205484e+00 6.763920719865418665e-03
1.476342518225627121e+00 7.156941555497153482e-03
1.478168996659656065e+00 7.503653743027090262e-03
1.479999999999999982e+00 7.789534655207539134e-03
