1.400000000000000148e-06 1.600000000000000033e-01 7.249999999999999778e-01 5.000000000000000000e-01 1.600000000000000266e-05
1.470000000000000113e-06 1.600000000000000033e-01 7.249999999999999778e-01 5.000000000000000000e-01 1.600000000000000266e-05
1.400000000000000148e-06 1.680000000000000104e-01 7.249999999999999778e-01 5.000000000000000000e-01 1.600000000000000266e-05
1.400000000000000148e-06 1.600000000000000033e-01 7.612499999999999822e-01 5.000000000000000000e-01 1.600000000000000266e-05
1.400000000000000148e-06 1.600000000000000033e-01 7.249999999999999778e-01 5.250000000000000222e-01 1.600000000000000266e-05
1.400000000000000148e-06 1.600000000000000033e-01 7.249999999999999778e-01 5.000000000000000000e-01 1.680000000000000517e-05
1.330000000000000183e-06 1.632000000000000395e-01 7.395000000000001572e-01 5.100000000000000089e-01 1.631999999999999960e-05
1.445500000000000390e-06 1.605600000000000083e-01 7.275374999999999481e-01 5.017500000000000293e-01 1.605600000000000348e-05
1.354499999999999906e-06 1.626400000000000345e-01 7.369625000000001869e-01 5.082499999999999796e-01 1.626399999999999878e-05
1.429575000000000412e-06 1.609240000000000115e-01 7.291868749999999011e-01 5.028875000000000428e-01 1.609240000000000198e-05
1.411830000000000169e-06 1.635696000000000094e-01 7.411747499999999933e-01 5.111550000000000260e-01 1.523695999999999718e-05
1.416562000000000347e-06 1.649974400000000230e-01 7.476446499999999107e-01 5.156169999999999920e-01 1.573174399999999749e-05
1.402898350000000098e-06 1.608745520000000040e-01 7.289628137499999383e-01 5.027329750000000264e-01 1.595305520000000159e-05
1.417721340000000327e-06 1.541472607999999911e-01 7.492297755000000281e-01 5.167101899999999581e-01 1.571296608000000248e-05
1.408247875999999946e-06 1.548087251199999625e-01 7.362770357000000265e-01 5.077772659999999494e-01 1.666640851200000737e-05
1.398567150399999974e-06 1.644956500480000139e-01 7.230409142799997246e-01 4.986489063999999249e-01 1.657177940480000539e-05
1.414369356820000286e-06 1.559582289183999992e-01 7.446467247865000694e-01 5.135494653699999024e-01 1.586325841184000197e-05
1.417978543128000447e-06 1.558018296153600435e-01 7.495814404445999557e-01 5.169527175479997627e-01 1.629577156953600372e-05
1.405537383797400318e-06 1.599868255826880081e-01 7.325710734215549191e-01 5.052214299459000246e-01 1.601303056466880128e-05
1.381686846646959927e-06 1.553775118484351792e-01 7.507110585632219557e-01 5.177317645263598278e-01 1.612467899540351898e-05
1.372109215976352042e-06 1.542682142181222293e-01 7.550158952758663222e-01 5.207006174316318736e-01 1.613113479448422441e-05
1.392353195721140710e-06 1.540272417199208821e-01 7.563047888833915877e-01 5.215895095747525856e-01 1.625129012266089164e-05
1.374714758258996742e-06 1.572834435048172663e-01 7.488923631572030892e-01 5.164774918325538700e-01 1.655627495981805224e-05
1.378970018382595602e-06 1.521550498251441341e-01 7.273460332065846412e-01 5.366179539355750983e-01 1.664204335558526325e-05
1.382650265165641334e-06 1.535279161057438724e-01 7.332792273954321649e-01 5.302098119968494672e-01 1.652968576835784129e-05
1.360483098048852445e-06 1.568340010994417610e-01 7.511198741847572302e-01 5.378137063343151336e-01 1.592094574612840430e-05
1.350930142458622945e-06 1.572390562953301096e-01 7.540884418817086488e-01 5.438209944011781483e-01 1.577185319295408369e-05
1.349103031032301615e-06 1.505383487375737406e-01 7.740322866374408362e-01 5.281193700947862668e-01 1.649609553531002922e-05
1.364143581882626547e-06 1.505568673258590451e-01 7.601958928723326903e-01 5.412986295671255998e-01 1.591574880568877315e-05
1.362029346607352465e-06 1.492115520900673953e-01 7.624565988153584328e-01 5.462628571140399902e-01 1.578764357486292004e-05
1.347959707552666662e-06 1.525858491186618815e-01 7.874799772020740773e-01 5.339875274497061231e-01 1.564552111975101289e-05
1.341021596030071727e-06 1.523974357212454500e-01 7.983201271634023932e-01 5.347430705402774764e-01 1.546868819002964653e-05
1.317724137120739777e-06 1.514346011050146656e-01 7.812605510261190211e-01 5.478692542580129166e-01 1.561087599239546449e-05
1.379293110466070420e-06 1.535735296123122984e-01 7.606720472583688997e-01 5.261884648943231380e-01 1.613921764986444240e-05
1.340841674661415966e-06 1.509157547644893460e-01 7.848119054266453620e-01 5.509532853862101343e-01 1.573426446272422027e-05
1.334588166398429005e-06 1.502452628737628026e-01 7.907711074568011256e-01 5.570038189771258086e-01 1.565489039637222283e-05
1.358041913751916501e-06 1.545283858995134818e-01 7.724910423928149639e-01 5.550883122759916466e-01 1.503282166632329968e-05
1.319351355632486553e-06 1.518751475396553641e-01 7.905788798256655481e-01 5.685791564291220457e-01 1.494714115835242671e-05
1.307363004665769610e-06 1.515354711251239994e-01 7.965602463391248111e-01 5.770572947360818050e-01 1.470872586005002289e-05
1.330287468522792609e-06 1.459281867885551531e-01 8.141512069852920863e-01 5.642411470562284093e-01 1.488925468210116246e-05
1.312073919137849580e-06 1.451987775399884162e-01 8.124126723111765314e-01 5.566349630935097936e-01 1.557085941504309293e-05
1.288104315294612547e-06 1.489105015294029111e-01 8.424295452869603462e-01 5.696092606472493713e-01 1.472932384257553902e-05
1.273319309032064436e-06 1.488502914172700475e-01 8.584241345812808621e-01 5.742785413538913364e-01 1.451765989611805875e-05
1.282031151072690454e-06 1.443057601766347398e-01 8.306076199060679066e-01 5.969432355464573403e-01 1.466786790984417606e-05
1.298961720738848865e-06 1.511472114125503030e-01 8.237930537962500077e-01 5.911746519744042194e-01 1.420450008275116427e-05
1.262196895214437216e-06 1.464615054942908501e-01 8.586433971864051440e-01 6.044741292896993468e-01 1.354031297597361094e-05
1.274865367671635620e-06 1.471236630356984321e-01 8.467657464837244907e-01 5.961668249849989554e-01 1.391036402454336718e-05
1.244328752749611239e-06 1.512567720783558334e-01 8.483091134572871006e-01 6.100070723821050533e-01 1.391439242722154981e-05
1.253801313337859594e-06 1.460815717206829512e-01 8.484736905107438387e-01 5.906065356270097100e-01 1.448310396435970764e-05
1.291058649443675690e-06 1.502607244664735109e-01 8.281121652212863893e-01 5.910752316136101969e-01 1.425325576203265885e-05
1.327126240004722915e-06 1.455735920101244585e-01 8.158788515553068166e-01 5.642013789119105782e-01 1.490875695381376436e-05
1.258818313019255772e-06 1.502622155664153358e-01 8.426338176244405620e-01 6.019910760248210480e-01 1.408840621937518592e-05
1.244674111429959348e-06 1.447855907398728492e-01 8.860571471875950955e-01 6.071246690734296569e-01 1.386629566471535920e-05
1.296392448349502857e-06 1.503542420577050620e-01 8.122222039876070276e-01 5.823190852451176625e-01 1.456130057586645785e-05
1.285782580695240148e-06 1.504896304381010685e-01 8.220342300445483419e-01 5.824760429285600338e-01 1.492503212075124780e-05
1.287966023299960927e-06 1.511628239185815736e-01 8.170879267567130455e-01 5.797378865172722051e-01 1.512796573999282019e-05
1.267478871423825692e-06 1.474441313959769795e-01 8.382566372362916240e-01 5.841279608259287714e-01 1.485085092674939170e-05
1.286932188290201951e-06 1.497678206791366040e-01 8.298874478239122165e-01 5.898594592257659919e-01 1.435783491585808727e-05
1.310964757956623743e-06 1.472448823411237062e-01 8.186364369129259799e-01 5.683594696950957648e-01 1.512347194800002585e-05
1.279219546469225267e-06 1.459091119632014155e-01 8.516137437198871840e-01 5.824476142547905244e-01 1.487544614036217773e-05
1.275784966093170045e-06 1.450200859443006862e-01 8.594920516663431265e-01 5.824733200567251412e-01 1.493827525326132374e-05
1.285594749800135414e-06 1.449520498553958092e-01 8.426390182419722930e-01 5.719425022857520524e-01 1.528595629017218856e-05
1.291921226508624641e-06 1.506726262294020569e-01 8.467314054941779133e-01 5.548584326607785000e-01 1.522315864831730545e-05
1.283761914273978958e-06 1.454199617358690189e-01 8.334292823839871689e-01 5.895783950414634766e-01 1.476504378907697370e-05
1.252106482151633777e-06 1.470035358228112266e-01 8.646197266757442712e-01 5.919297686506870271e-01 1.462418334659223277e-05
1.300664559690750467e-06 1.472026467004190209e-01 8.266835126214191476e-01 5.724842720123242135e-01 1.503609644275366147e-05
1.300690031339667665e-06 1.447390688599244635e-01 8.121357802234447920e-01 5.852929892552647395e-01 1.543737001712843960e-05
1.294189739934262706e-06 1.407995052078227782e-01 8.445663048317356703e-01 5.782222662112779243e-01 1.523493295104612795e-05
1.297815566883018526e-06 1.446760679314988696e-01 8.247324312702173366e-01 5.912677124242962101e-01 1.485359944597476972e-05
1.287733392789639874e-06 1.449037530187138600e-01 8.395053655219151256e-01 5.753244140599972356e-01 1.521029384243764094e-05
1.277573290231959490e-06 1.415059136137935825e-01 8.458166780509688287e-01 5.918619995167933023e-01 1.517313825326688589e-05
1.281614262387247795e-06 1.425028419039530148e-01 8.424683741007975568e-01 5.884708972035112007e-01 1.514915593642706891e-05
1.293616874894038619e-06 1.421217506455771939e-01 8.426865449751249626e-01 5.743248773524731732e-01 1.559783576588360699e-05
1.295587867018050340e-06 1.414621084275188290e-01 8.445379974933526768e-01 5.712741738146751569e-01 1.576439416124493026e-05
1.292787186069741550e-06 1.412613015262543514e-01 8.386235146257721151e-01 5.869587622358104495e-01 1.537422584004585820e-05
1.303375485945131640e-06 1.431655964899357647e-01 8.341225622568791964e-01 5.732074251052162728e-01 1.552539170750394832e-05
1.307727730656708663e-06 1.432981474071323147e-01 8.324533998880954133e-01 5.701547306855572206e-01 1.560063886171932115e-05
1.285373898834896851e-06 1.402999805859688476e-01 8.732498689476058118e-01 5.715511073934433917e-01 1.527238630295278348e-05
1.290311429210885171e-06 1.433932195435247137e-01 8.606126762740118341e-01 5.637222724759510806e-01 1.529479466519812958e-05
1.290744686661184900e-06 1.430201338905023878e-01 8.567645729855697390e-01 5.677886581839264313e-01 1.530869512079647751e-05
1.287530854037133147e-06 1.447432673350280974e-01 8.595491933295821285e-01 5.682853252895427865e-01 1.546359242209800202e-05
1.286199076857707362e-06 1.455320197604691723e-01 8.625457710291515312e-01 5.662979371051957145e-01 1.550932431630837717e-05
1.305292859657563170e-06 1.394828236985565517e-01 8.568745653651361760e-01 5.576001063861923956e-01 1.607663050316043032e-05
1.283782376277184453e-06 1.447845115168885644e-01 8.525343875078057465e-01 5.780993003777858963e-01 1.508565340385187194e-05
1.298501898268806796e-06 1.468857674481570397e-01 8.269522475614978774e-01 5.711158904412765303e-01 1.560499718092946199e-05
1.287671298735831113e-06 1.414524932868517770e-01 8.651477852050368789e-01 5.714749444268142353e-01 1.533059320659870104e-05
1.285121302772765278e-06 1.457197935503402597e-01 8.639080341004246044e-01 5.714731322649002632e-01 1.493946894077882080e-05
1.293756218275125411e-06 1.422072033240125988e-01 8.479277538995902974e-01 5.713089915434645949e-01 1.562003224766336077e-05
1.291169095775206922e-06 1.438365958607607520e-01 8.481467309738157656e-01 5.763667812394643875e-01 1.551970283197402821e-05
1.291253977598011242e-06 1.439998882548124137e-01 8.464231625714651042e-01 5.780824058505720231e-01 1.556190437420953564e-05
1.287156667890420912e-06 1.453666003995704448e-01 8.563817135285448634e-01 5.755558136027691951e-01 1.518511455572561084e-05
1.298480226533656793e-06 1.430221277597672758e-01 8.533140103286254163e-01 5.677481100584411688e-01 1.575927786028659422e-05
1.301419796584951389e-06 1.426696510083430014e-01 8.534699348927892171e-01 5.656778719945723122e-01 1.589400275157353630e-05
1.276929013101119329e-06 1.445836552946526687e-01 8.794024148082503212e-01 5.704562593123007064e-01 1.541309401774758331e-05
1.290397396685908478e-06 1.418378862377926708e-01 8.577218635476175912e-01 5.790290761951633058e-01 1.539066928951883284e-05
1.286933782827642515e-06 1.448855463940007804e-01 8.617015872198829918e-01 5.685258864459400430e-01 1.548855968662020844e-05
1.288630168444509543e-06 1.472906339542697229e-01 8.537413701776708219e-01 5.726724456811950192e-01 1.563258699123711330e-05
1.289734199511554941e-06 1.441461402634306999e-01 8.614513045138131320e-01 5.674382293366102559e-01 1.595705461631480041e-05
1.291077251247898140e-06 1.443314318167722987e-01 8.560313177400467044e-01 5.740330936497076708e-01 1.584100745729803689e-05
1.291905944931949519e-06 1.442206089013266246e-01 8.548972638440792693e-01 5.751345350904610854e-01 1.591149701143360326e-05
1.287017843411104639e-06 1.453053782145664052e-01 8.746993828975104801e-01 5.632974259410312712e-01 1.590749982459834487e-05
1.305378340031990760e-06 1.450103003426915782e-01 8.398389178964292823e-01 5.680600391307949470e-01 1.625407250380060182e-05
1.281907645314021851e-06 1.446583181780594640e-01 8.724788028486816227e-01 5.700369207805371374e-01 1.556026525280686121e-05
1.289442531942542166e-06 1.456526865397650972e-01 8.622010275248140898e-01 5.721175456840561502e-01 1.555139615983021175e-05
1.289683157686977716e-06 1.444097858617892083e-01 8.615825060407382718e-01 5.682571096974132763e-01 1.588606438642999841e-05
1.293225013753341530e-06 1.441352116475185796e-01 8.437061983984077695e-01 5.782422225821879369e-01 1.559237677627932735e-05
1.288104098220996021e-06 1.451005990653330413e-01 8.692755756101674391e-01 5.659127653532336488e-01 1.585235329114251596e-05
1.283907305237607384e-06 1.445707763227128961e-01 8.689624950477611298e-01 5.710564436425219492e-01 1.563051160453221097e-05
1.297165370213315296e-06 1.432618239880791566e-01 8.536306610317161425e-01 5.692253950648451521e-01 1.578972169051599670e-05
1.289285323741997580e-06 1.466766289436811088e-01 8.539725489109525336e-01 5.731648635630481881e-01 1.568836899527641129e-05
1.290127715135972077e-06 1.443719504696966971e-01 8.602454576014064713e-01 5.696325947760227937e-01 1.589115091143071870e-05
1.287995463715273530e-06 1.450884243519184602e-01 8.707389590868241935e-01 5.656648477709171896e-01 1.590829926196539519e-05
1.292961199989063128e-06 1.441522910982801220e-01 8.459444114875420695e-01 5.776206850838423446e-01 1.565620082331017440e-05
1.288864467563186720e-06 1.449246010325317413e-01 8.663999132569498718e-01 5.677571193006790695e-01 1.586418203520073138e-05
1.280470932430970016e-06 1.466440022799004594e-01 8.681604104327438343e-01 5.734728274842479934e-01 1.580456253263347761e-05
1.277132044874501172e-06 1.473204379382647422e-01 8.710663603129493726e-01 5.743223139681286060e-01 1.580753070105697243e-05
1.283489667355288999e-06 1.434867209221319939e-01 8.746560471143060012e-01 5.699963391480771246e-01 1.595357991018528612e-05
1.281760603450940940e-06 1.446635967891214403e-01 8.655311363112511147e-01 5.762997713494056873e-01 1.581352602025478521e-05
1.277150511204143383e-06 1.453329058797263595e-01 8.737998634507320173e-01 5.770911665034150761e-01 1.575550718755442721e-05
1.280668203489122390e-06 1.454389318495155903e-01 8.670177733655660690e-01 5.780812067812729493e-01 1.606614472766181601e-05
1.282377945291061414e-06 1.456562454072646839e-01 8.710437869238020214e-01 5.735504532471361605e-01 1.598417779490205273e-05
1.268421403953697509e-06 1.466734878974347012e-01 8.881362686228628789e-01 5.740820567687510145e-01 1.591527911711061854e-05
1.263724495758046938e-06 1.471640636966563276e-01 8.947840695786197784e-01 5.738715611044090670e-01 1.591603553824602296e-05
1.270810376169721602e-06 1.486820826667504258e-01 8.737695739560588093e-01 5.808545397594044868e-01 1.585787590112907000e-05
1.268274517932608038e-06 1.497211550156740956e-01 8.735922793244095264e-01 5.830261798816699370e-01 1.583873509931782542e-05
1.273599135012252657e-06 1.485911973635352101e-01 8.745427239691039301e-01 5.761337177553684796e-01 1.608923978846528278e-05
1.264860176813811377e-06 1.494418386185050740e-01 8.786983753141545117e-01 5.807077368149401453e-01 1.590259397854295741e-05
1.260246707945625827e-06 1.512603148838499167e-01 8.873966296518259744e-01 5.772275952942701460e-01 1.575520674613565069e-05
1.257028731788697076e-06 1.509547595733348457e-01 8.898801504399933560e-01 5.821486006378711053e-01 1.599289119077196151e-05
1.253008069171536088e-06 1.516816239003488942e-01 8.936429084654022859e-01 5.837138579718195164e-01 1.602996328871496068e-05
1.261182303843500142e-06 1.533142182845249890e-01 8.735077948569320849e-01 5.856154753848967776e-01 1.591618760418285800e-05
1.259734483821460627e-06 1.546423643619430632e-01 8.705821001037457041e-01 5.879221591081258413e-01 1.591636930159730657e-05
1.269152110201906168e-06 1.500802110893469654e-01 8.675216220087370589e-01 5.867477623849201018e-01 1.614072499734248278e-05
1.267593664807057056e-06 1.502867292533849597e-01 8.709997483462775802e-01 5.850817331440563152e-01 1.607325930338128446e-05
1.265632036531018890e-06 1.522366436086438068e-01 8.731404255592575270e-01 5.850172193958965705e-01 1.606160389487050553e-05
1.253706238940084102e-06 1.545454633616570872e-01 8.767351575403694586e-01 5.931446391116792505e-01 1.586390372751026655e-05
1.253203544422719062e-06 1.553452290479113984e-01 8.789427534714482348e-01 5.902995606773816517e-01 1.612447586793470442e-05
1.250189349720741309e-06 1.564700438543588368e-01 8.800128483008560210e-01 5.917542368365239502e-01 1.618162402165808023e-05
1.261713577739447632e-06 1.563177382026602891e-01 8.587079615002093380e-01 5.950193944006416658e-01 1.604581290883500634e-05
1.248796609894044222e-06 1.593981721023202958e-01 8.726716488554976392e-01 5.960613263970906406e-01 1.595446623840717892e-05
1.245037198911441740e-06 1.612204606721073519e-01 8.730060289573415844e-01 5.982572450476975057e-01 1.593070762541235917e-05
1.249509909823492112e-06 1.545993367129089580e-01 8.905489106436810243e-01 5.865404379390848355e-01 1.594537396478232878e-05
1.255838716976219185e-06 1.563931608944129081e-01 8.780472158448457964e-01 5.857735127590093516e-01 1.615987124101589482e-05
1.239995591563364346e-06 1.603645875617338290e-01 8.836046639401929914e-01 5.942034498200371440e-01 1.600147801211380342e-05
1.243451660953022200e-06 1.577966409428930850e-01 8.809208528927434667e-01 5.968191312813353466e-01 1.583985337440758570e-05
1.245619395757081577e-06 1.575510319344090582e-01 8.804179664093612079e-01 5.948861480399281199e-01 1.589585650106403844e-05
1.261544308043363338e-06 1.526997920246422336e-01 8.740887257850636916e-01 5.886622735082641666e-01 1.595599799888976569e-05
1.243766616947364085e-06 1.590232483427427845e-01 8.819393747630452918e-01 5.932337439654769007e-01 1.599351900979959580e-05
1.249732672632784446e-06 1.602346075254006685e-01 8.637006647293212769e-01 5.990026077997732123e-01 1.603136006422815120e-05
1.249548893315118355e-06 1.555855091050949990e-01 8.858504676086680352e-01 5.887213176647052570e-01 1.596042153218534720e-05
1.257788876056014435e-06 1.544356002005076722e-01 8.738746377482058403e-01 5.905043312530724453e-01 1.596997602816517932e-05
1.246220512291377960e-06 1.582204099178516343e-01 8.805280457854484100e-01 5.927560967408060932e-01 1.598939898801357275e-05
1.256176543860015073e-06 1.561755678022184735e-01 8.754400778523250271e-01 5.879999066589727263e-01 1.610505553168055447e-05
1.247466896675094897e-06 1.573103257112757059e-01 8.795468359118798762e-01 5.936810557982609149e-01 1.593246633142192942e-05
1.254329042942001754e-06 1.564162740253518258e-01 8.763112083498063587e-01 5.892049989006399313e-01 1.606844570132266348e-05
1.253128167345292683e-06 1.565727330703884923e-01 8.768774431731690688e-01 5.899883088577234647e-01 1.604464931159003418e-05
1.253678755914048365e-06 1.585359802176499189e-01 8.664183668788187909e-01 5.946715335114027834e-01 1.607418161232112457e-05
1.250271619269930959e-06 1.561018415497921197e-01 8.824498499809443341e-01 5.897626054378772853e-01 1.598032954620910739e-05
1.239708019587094142e-06 1.600629158359415105e-01 8.864338343346205296e-01 5.962068705998826434e-01 1.614381794075388281e-05
1.235702726740221056e-06 1.611470261307411944e-01 8.896041811807955391e-01 5.978638128982340927e-01 1.618930766858519603e-05
1.239344159821233519e-06 1.599622643516371290e-01 8.852291864682476641e-01 5.972909224664894046e-01 1.607340127355921452e-05
1.236587358316421898e-06 1.606401706078868508e-01 8.868995351272634942e-01 5.987514451882426370e-01 1.607915166595305398e-05
1.237944901485981947e-06 1.614618417665781014e-01 8.841803166075172804e-01 5.977396687396751007e-01 1.589313746425162626e-05
1.248046571279658315e-06 1.573436084889971998e-01 8.807421552545217081e-01 5.928016874195753960e-01 1.613113887411194960e-05
1.242644162510656760e-06 1.593607551315435744e-01 8.837507629105544327e-01 5.967560451069007232e-01 1.614205845233548990e-05
1.241928892554512774e-06 1.595888241742819680e-01 8.843953063355753930e-01 5.975560347801195382e-01 1.617259034519986927e-05
1.237607085954636191e-06 1.581680261587642133e-01 8.960388054625277876e-01 5.937287029345401645e-01 1.625202808751320405e-05
1.246838443204647690e-06 1.591828965621979730e-01 8.767609012617278985e-01 5.956531172911443406e-01 1.600653956200073281e-05
1.239565252644032724e-06 1.583833016988865361e-01 8.919495530562975283e-01 5.941369120404864645e-01 1.619995476391965016e-05
1.245565634856540092e-06 1.590429674611184840e-01 8.794189153257776503e-01 5.953877813722792123e-01 1.604038722233654419e-05
1.234249682813393023e-06 1.626408070758228464e-01 8.850482304750144635e-01 6.022774942675142018e-01 1.625018785016225302e-05
