5.600000000000000514e-08
5.880000000000000374e-08
5.880000000000001036e-08
5.600000000000000514e-08
5.320000000000000654e-08
5.600000000000000514e-08
5.317872000000001920e-08
5.781929170500001411e-08
5.416524949500001158e-08
5.718109291121064563e-08
5.644509124967748592e-08
5.660720219484942445e-08
5.611425744615863172e-08
5.280856069376568913e-08
5.365450736558067540e-08
5.766996822450243246e-08
5.365124723854826546e-08
5.335828471295256000e-08
5.562980121198256350e-08
5.176741132368634001e-08
5.072733039040155597e-08
5.130003396904267330e-08
5.227358717461695328e-08
4.861277373194954901e-08
4.986245330553708811e-08
4.930834651802363704e-08
4.845053969783557478e-08
4.791752970587583113e-08
4.710431534309994047e-08
4.610661611244760800e-08
4.792462401166886477e-08
4.754187281436458919e-08
4.511112566305469406e-08
5.018206939727914943e-08
4.543322938494066501e-08
4.441381141820783277e-08
4.668369911220786703e-08
4.322333854560551751e-08
4.189498487679821488e-08
4.229615701566417775e-08
4.223307556547005604e-08
4.127711011581776787e-08
4.034433487459766359e-08
3.728365352397276479e-08
4.013324825350712668e-08
3.655910044317280171e-08
3.787205319349519096e-08
3.670089879865366070e-08
3.749169392422719620e-08
3.966476364100804357e-08
4.209695571772371159e-08
3.764225691083450895e-08
3.540020387114782426e-08
4.070678598651940423e-08
4.039480516077202769e-08
4.091095782583253088e-08
3.885956601395659415e-08
3.952545497315680560e-08
4.166040120221244277e-08
3.896803214565221107e-08
3.862423357081637711e-08
3.988417051096965710e-08
4.332499755609271549e-08
3.830969831089887720e-08
3.755553587535501215e-08
4.092635118416484953e-08
3.903650860651187642e-08
3.842843821465531355e-08
3.837237023811066918e-08
3.962168040902911949e-08
3.689244598293957884e-08
3.757953612733164459e-08
3.913041869045589724e-08
3.928770401736696047e-08
3.771496074014309790e-08
3.981943330948611543e-08
4.027541876454680352e-08
3.863279385559530828e-08
4.036046922902778877e-08
3.989364233888927103e-08
4.022748046989404970e-08
4.059085903195908980e-08
4.027297487602372622e-08
3.920972212514207280e-08
4.090084359016306216e-08
3.902670151243352232e-08
4.012460136943238647e-08
3.943559743710276014e-08
3.933802306928191708e-08
3.922576912026636260e-08
3.970878863359935901e-08
4.013705286566848675e-08
4.032096973212692023e-08
3.965184082101153785e-08
3.852457297377617965e-08
4.022592263344939477e-08
4.055405889501576130e-08
4.020882412438219885e-08
3.968798163364576847e-08
3.958035242669366850e-08
4.083400836550442731e-08
4.088167140940553942e-08
3.986587659760413237e-08
4.018046637538590704e-08
4.020451720052507438e-08
3.930766902959126876e-08
4.056646704106029341e-08
3.980928116188483387e-08
4.002634361847383578e-08
4.035897483314979528e-08
4.007974086454908111e-08
4.058280692162013861e-08
3.936222935455952360e-08
4.036892806979090175e-08
4.004522492048081939e-08
4.004512860102713685e-08
3.959553769490443428e-08
3.928211659677283896e-08
3.924847615247480581e-08
3.929308953751054332e-08
3.982747857805787645e-08
3.961969450088545744e-08
3.815211438185767908e-08
3.959808276666903668e-08
3.958906349235218259e-08
4.010741878192948933e-08
3.962794710911119318e-08
4.029556117239942949e-08
3.964458540900353555e-08
3.889469127687500237e-08
4.006211135622639354e-08
4.013809575021259376e-08
3.935703076015446789e-08
3.952148479114991126e-08
3.997852257816087032e-08
3.941505121648254218e-08
3.988007517339865359e-08
3.992994295370520176e-08
3.993680051670513065e-08
4.020318749233673208e-08
4.032000180659478377e-08
3.993469535993219047e-08
4.067799097640902976e-08
4.034660232984139543e-08
3.955456214886251851e-08
3.975151743789871498e-08
3.961954664024774108e-08
4.022670299483550921e-08
4.014994896784679392e-08
3.997869405096029988e-08
3.977173038756214882e-08
4.014967150153590734e-08
4.041393066542826078e-08
3.986789775068027636e-08
4.029847104052565859e-08
4.022331585438068022e-08
4.028016294677449079e-08
4.003295506512008564e-08
4.006259384185683357e-08
4.003865319526570193e-08
3.991819462843770812e-08
3.985313080478759061e-08
4.020207124228769750e-08
3.998120428030133866e-08
3.992694052429197849e-08
3.988178880887577194e-08
3.819549101186669989e-08
4.012644553113268226e-08
3.978803582727507648e-08
4.007652763856136395e-08
3.991928153316090682e-08
