6.010783001072929344e-02
2.779553931268594763e-02
5.937506937809677865e-02
7.550573138528977879e-02
8.842868640314967277e-02
5.845851912524847177e-02
1.745424214012692918e-02
4.949256245717687658e-02
4.122758234843190012e-02
6.353512771023139827e-02
6.354017180163469558e-02
5.022367827462470569e-02
7.209416783013024299e-02
6.993940663803929758e-02
8.469180007400992083e-02
5.286985384085977208e-02
7.428938841091410616e-02
6.626678775637301344e-02
7.839457422975640299e-02
9.538916842142509955e-02
9.891306549652474633e-02
9.317822563596352137e-02
9.236064722231226987e-02
8.807601503965488410e-02
9.342217947509394438e-02
1.032386540991938745e-01
1.070512137621177085e-01
1.006649034170484236e-01
1.110277274665520258e-01
1.169514919960821936e-01
1.164032471464545027e-01
1.203599541794149186e-01
9.485209353329571158e-02
1.011392110901613572e-01
1.302198777828149356e-01
1.380524740062442912e-01
1.124379745809391817e-01
1.411592363509407699e-01
1.495803201517116598e-01
1.423405950339588499e-01
1.386821276467079256e-01
1.587709582269530573e-01
1.647166299282889212e-01
1.810378092737123523e-01
1.457513519769233490e-01
1.588539676182089411e-01
1.641927768688772327e-01
1.721665240918065498e-01
1.638325743727694628e-01
1.587359486528737706e-01
1.466959760126817780e-01
1.741626469572857272e-01
1.738844447566417206e-01
1.596469664196071836e-01
1.671845182865820956e-01
1.625404595162572574e-01
1.638973728108858163e-01
1.652940347001881083e-01
1.597112197287327839e-01
1.804506374433784699e-01
1.841302097272667915e-01
1.688788763458901054e-01
1.451529929586299894e-01
1.804022012644781459e-01
1.821314206988452478e-01
1.635372138568333134e-01
1.803561853244402269e-01
1.839913571523411895e-01
1.732329173862892091e-01
1.742238156538404026e-01
1.905471448507379817e-01
1.885833225461429619e-01
1.837247167143977733e-01
1.825711239944852737e-01
1.860498325132868280e-01
1.788809853253097437e-01
1.756409017747649071e-01
1.846497072263465489e-01
1.730804013315268008e-01
1.757958822046713498e-01
1.779341102957598120e-01
1.780997840659755971e-01
1.762844336288134084e-01
1.815345045069365337e-01
1.703505033916227485e-01
1.831382332432314186e-01
1.732614202932566128e-01
1.820032951188345627e-01
1.842845902503091327e-01
1.860317301281545488e-01
1.795944620635059608e-01
1.820319556954336226e-01
1.782875953384839285e-01
1.841320191373492232e-01
1.840571180884775504e-01
1.790350375583086850e-01
1.816793851125471648e-01
1.828715426827426938e-01
1.862482141376761435e-01
1.870818560387565443e-01
1.813319012429237265e-01
1.772084853164100637e-01
1.844574039655215436e-01
1.794568797288011996e-01
1.825601411371118865e-01
1.847894131379688720e-01
1.807624417467397770e-01
1.840307089313700240e-01
1.814280329501826994e-01
1.815495821345518013e-01
1.823093312418253009e-01
1.812554117869564219e-01
1.851086707854526503e-01
1.820456501477002165e-01
1.866709004496328039e-01
1.883225080638947779e-01
1.873620849158961210e-01
1.900037334951599211e-01
1.902884691863346023e-01
1.914950825525780220e-01
1.880625018045838925e-01
1.913566148268202038e-01
1.905853393151202557e-01
1.918217342365416689e-01
1.924307792336979461e-01
1.900338588473237389e-01
1.939019878752165638e-01
1.893624896759275034e-01
1.951776309355477690e-01
1.954331316676743702e-01
1.950700833450392524e-01
1.961383233492247913e-01
1.932695537253095175e-01
1.941244001232165783e-01
1.932859766910495491e-01
1.968842891342826029e-01
1.972240085893278427e-01
1.979529018560238773e-01
1.926685879467210094e-01
1.967885798728367663e-01
1.969575644021572813e-01
1.953818320916972384e-01
1.944272219245571920e-01
1.967666734218391777e-01
1.990977013252196171e-01
1.987475545054011028e-01
1.944335655321393630e-01
1.973509358120363877e-01
1.948984026674356607e-01
1.961283075857737368e-01
1.937738133279460206e-01
1.984447607236978772e-01
1.948748065206722946e-01
1.978941641082926917e-01
1.959614081397416108e-01
1.961676249840343111e-01
1.942130988381327861e-01
1.971718051282181361e-01
1.982892468285215037e-01
1.993376024326304063e-01
1.990739728876695092e-01
1.993204198588033882e-01
1.980352728342348601e-01
1.980062212585114723e-01
1.989184349193821311e-01
1.981230421270561981e-01
1.976371592113554121e-01
1.979587313867386955e-01
1.989188355381324991e-01
1.989735967535643801e-01
2.006805170287595808e-01
