1.080000000000000071e+00 2.055147300864667442e-04
1.080977110286799991e+00 2.571322322601726600e-04
1.081955990220049069e+00 3.303759552635884399e-04
1.082936644611619537e+00 3.866714290955519488e-04
1.083919078290846327e+00 4.282751827203534842e-04
1.084903296104603676e+00 4.578469126858543360e-04
1.085889302917385946e+00 4.650155190392615411e-04
1.086877103611388895e+00 4.584716714116757771e-04
1.087866703086588283e+00 4.194039448675068228e-04
1.088858106260822023e+00 3.948021823694241737e-04
1.089851318069871233e+00 4.059514809995054606e-04
1.090846343467543278e+00 3.951148975592213490e-04
1.091843187425751704e+00 3.990379171158846272e-04
1.092841854934601731e+00 4.398523219178453701e-04
1.093842351002471958e+00 4.754434797922572290e-04
1.094844680656098079e+00 5.124965075927722649e-04
1.095848848940658593e+00 5.430317844108023973e-04
1.096854860919856733e+00 6.070747941133947069e-04
1.097862721676008402e+00 7.078860622153003131e-04
1.098872436310126322e+00 6.867700613875951611e-04
1.099884009942005081e+00 5.970357789751300518e-04
1.100897447710310395e+00 5.982234942245606311e-04
1.101912754772664371e+00 6.106512033247589715e-04
1.102929936305732550e+00 6.272617054831125180e-04
1.103948997505312946e+00 6.901068382274128370e-04
1.104969943586423753e+00 7.334854872369828312e-04
1.105992779783393498e+00 7.628900835440885399e-04
1.107017511349948968e+00 7.937920605032275151e-04
1.108044143559306471e+00 8.409162752098977688e-04
1.109072681704260654e+00 8.916234987392438307e-04
1.110103131097277984e+00 8.493297881573773746e-04
1.111135497070585121e+00 7.491769078890903478e-04
1.112169784976263731e+00 7.063992722097432687e-04
1.113206000186341305e+00 7.090998667863687363e-04
1.114244148092884412e+00 7.197012656883320118e-04
1.115284234108093075e+00 7.386415764875060115e-04
1.116326263664393137e+00 7.601408681045146746e-04
1.117370242214533071e+00 7.647065907074011588e-04
1.118416175231676579e+00 7.451106987503518502e-04
1.119464068209500507e+00 7.655319986659300758e-04
1.120513926662290105e+00 8.158756366490778345e-04
1.121565756125034952e+00 8.154140190021878266e-04
1.122619562153528205e+00 7.923679686337115275e-04
1.123675350324461641e+00 7.494164505898037862e-04
1.124733126235526681e+00 7.129125380149216838e-04
1.125792895505512314e+00 7.445136202598824421e-04
1.126854663774403686e+00 7.803307298694650822e-04
1.127918436703483795e+00 8.057293016014162963e-04
1.128984219975432302e+00 8.262832157623656868e-04
1.130052019294429222e+00 8.505457633169992036e-04
1.131121840386253963e+00 9.558368001150152051e-04
1.132193688998389236e+00 1.046762317560776196e-03
1.133267570900123422e+00 1.011710750372852045e-03
1.134343491882654265e+00 9.583868787101581122e-04
1.135421457759194119e+00 9.447479621767946320e-04
1.136501474365071651e+00 9.364368793533176102e-04
1.137583547557840635e+00 9.677189509695511595e-04
1.138667683217382987e+00 9.979421679388973069e-04
1.139753887246017339e+00 9.899559639603876856e-04
1.140842165568604960e+00 1.004410731308599466e-03
1.141932524132657889e+00 1.029035338787639194e-03
1.143024968908447514e+00 1.127806124875636385e-03
1.144119505889112487e+00 1.250515397494954706e-03
1.145216141090769524e+00 1.155552649608608453e-03
1.146314880552624205e+00 9.692980875765916512e-04
1.147415730337078887e+00 8.948479638297983547e-04
1.148518696529847283e+00 8.720149909447887397e-04
1.149623785240065477e+00 8.862627897562900614e-04
1.150731002600404507e+00 9.042074126781132239e-04
1.151840354767184049e+00 8.831626181456141752e-04
1.152951847920486328e+00 8.577223087799621011e-04
1.154065488264271355e+00 8.453839049451440006e-04
1.155181282026491507e+00 9.222285278446223748e-04
1.156299235459208541e+00 1.045337669445064186e-03
1.157419354838709724e+00 9.849771124492204526e-04
1.158541646465625963e+00 8.108035997589144303e-04
1.159666116665049040e+00 7.788192667596723334e-04
1.160792771786651079e+00 8.705790080371598192e-04
1.161921618204803996e+00 9.839270460579743836e-04
1.163052662318699415e+00 1.074946004422853161e-03
1.164185910552470116e+00 1.141168145879932179e-03
1.165321369355310832e+00 1.215107896563912297e-03
1.166459045201601041e+00 1.304168831111393763e-03
1.167598944591029086e+00 1.442804552840073204e-03
1.168741074048713857e+00 1.543045081710271195e-03
1.169885440125330467e+00 1.497195198985705510e-03
1.171032049397236152e+00 1.443873152201678375e-03
1.172180908466594840e+00 1.524974659181888882e-03
1.173332023961504378e+00 1.730910083084548357e-03
1.174485402536125100e+00 1.982844706597035322e-03
1.175641050870805948e+00 2.204968979649223580e-03
1.176798975672215031e+00 2.428173988653342403e-03
1.177959183673469301e+00 2.673736383468006388e-03
1.179121681634264229e+00 2.894766328196620928e-03
1.180286476341005475e+00 3.130547215808828290e-03
1.181453574606941670e+00 3.285950958617977254e-03
1.182622983272295203e+00 3.227497372935811317e-03
1.183794709204398998e+00 3.225060757693877771e-03
1.184968759297828189e+00 3.475076445772155853e-03
1.186145140474535786e+00 3.861740239033586986e-03
1.187323859683990790e+00 4.268189128592032346e-03
1.188504923903312527e+00 4.606338790638924742e-03
1.189688340137409206e+00 4.906929420029283034e-03
1.190874115419117141e+00 5.075117809830056829e-03
1.192062256809338860e+00 5.073714051936562691e-03
1.193252771397183665e+00 5.202044503223689567e-03
1.194445666300110176e+00 5.434553426003350604e-03
1.195640948664064895e+00 5.430282582982235220e-03
1.196838625663628308e+00 5.252453449323916425e-03
1.198038704502155882e+00 5.381056511940020270e-03
1.199241192411923951e+00 6.014419390616004835e-03
1.200446096654275152e+00 6.990658153602788763e-03
1.201653424519762536e+00 8.089977157507640543e-03
1.202863183328299446e+00 9.013970851583511662e-03
1.204075380429305620e+00 9.855203569158425131e-03
1.205290023201856187e+00 1.077890543133775032e-02
1.206507119054831989e+00 1.162891908346035987e-02
1.207726675427069685e+00 1.236836059822000317e-02
1.208948699787514069e+00 1.278228026379174889e-02
1.210173199635369068e+00 1.284868120784459986e-02
1.211400182500253386e+00 1.304164370052396729e-02
1.212629655942352613e+00 1.354544398109783568e-02
1.213861627552575539e+00 1.418154425489041165e-02
1.215096104952710254e+00 1.476443776813147861e-02
1.216333095795581798e+00 1.533505892908310075e-02
1.217572607765209369e+00 1.586294884499829527e-02
1.218814648576966198e+00 1.619868842262131917e-02
1.220059225977739192e+00 1.654667819580848270e-02
1.221306347746090148e+00 1.704696997743693210e-02
1.222556021692417838e+00 1.742513368474008645e-02
1.223808255659121214e+00 1.732834100580763620e-02
1.225063057520762833e+00 1.693286314820206459e-02
1.226320435184235169e+00 1.701906221703684829e-02
1.227580396588924261e+00 1.804647622236190546e-02
1.228842949706880683e+00 2.004604193702623841e-02
1.230108102542983417e+00 2.295240290584356357e-02
1.231375863135113047e+00 2.659820773078045222e-02
1.232646239554317624e+00 3.121413572249829432e-02
1.233919239904988085e+00 3.686072955782348365e-02
1.235194872325028115e+00 4.297443661063864162e-02
1.236473144986029338e+00 4.928348659344086724e-02
1.237754066093442296e+00 5.532724963147839931e-02
1.239037643886757190e+00 6.107832964865159836e-02
1.240323886639676187e+00 6.797199446079993379e-02
1.241612802660293058e+00 7.685009363671198301e-02
1.242904400291272360e+00 8.773294864474386057e-02
1.244198687910028189e+00 1.003812348924655873e-01
1.245495673928906699e+00 1.137134585293739647e-01
1.246795366795366844e+00 1.269544286390591747e-01
1.248097774992165343e+00 1.399874750342449681e-01
1.249402907037540533e+00 1.528731324994862806e-01
1.250710771485397332e+00 1.649671341167726624e-01
1.252021376925495089e+00 1.749282287220118304e-01
1.253334731983635653e+00 1.830787099696163100e-01
1.254650845321852337e+00 1.917965030561345208e-01
1.255969725638599765e+00 2.032853899817292087e-01
1.257291381668946606e+00 2.170643444130220256e-01
1.258615822184767863e+00 2.312329485034319843e-01
1.259943055994938277e+00 2.450264486147916976e-01
1.261273091945529279e+00 2.572623738341066058e-01
1.262605938920004389e+00 2.668667829273881908e-01
1.263941605839416171e+00 2.740619737350156737e-01
1.265280101662607404e+00 2.786116282606743710e-01
1.266621435386409367e+00 2.800609400974817809e-01
1.267965616045845456e+00 2.785353840761948807e-01
1.269312652714331247e+00 2.753097406696335958e-01
1.270662554503881658e+00 2.734185769743370242e-01
1.272015330565314573e+00 2.749946681531849624e-01
1.273370990088457999e+00 2.782752180441902534e-01
1.274729542302357910e+00 2.802464975971210026e-01
1.276090996475488515e+00 2.799490553224490141e-01
1.277455361915962762e+00 2.773974195780681273e-01
1.278822647971743498e+00 2.728492342062515119e-01
1.280192864030858191e+00 2.662253570918393097e-01
1.281566019521613198e+00 2.571505785698206537e-01
1.282942123912810262e+00 2.457091903372478070e-01
1.284321186713963225e+00 2.318611580372553216e-01
1.285703217475519411e+00 2.171227010828376269e-01
1.287088225789077001e+00 2.041419815398373971e-01
1.288476221287609302e+00 1.935098417144320015e-01
1.289867213645687238e+00 1.839173709209779850e-01
1.291261212579704054e+00 1.740605720023338243e-01
1.292658227848101138e+00 1.634896093486199742e-01
1.294058269251597615e+00 1.516288647066695860e-01
1.295461346633416388e+00 1.388415234572706047e-01
1.296867469879517953e+00 1.266477871495061414e-01
1.298276648918830878e+00 1.151145445318657173e-01
1.299688893723485172e+00 1.040515895587465212e-01
1.301104214309049434e+00 9.365339463472945047e-02
1.302522620734765102e+00 8.377980020707689879e-02
1.303944123103786934e+00 7.459582162581750164e-02
1.305368731563421703e+00 6.629202566756371706e-02
1.306796456305370224e+00 5.892101735674483420e-02
1.308227307565969610e+00 5.155548953699771314e-02
1.309661295626438848e+00 4.365902086266860993e-02
1.311098430813124160e+00 3.630024817307472840e-02
1.312538723497747917e+00 2.968027234436865572e-02
1.313982184097657324e+00 2.370036412699771944e-02
1.315428823076076226e+00 1.883065644292836183e-02
1.316878650942356455e+00 1.485671578946137945e-02
1.318331678252234518e+00 1.158883318914011654e-02
1.319787915608085838e+00 9.144392889836740201e-03
1.321247373659183877e+00 7.359046611532233002e-03
1.322710063101959488e+00 5.979187246680554846e-03
1.324175994680261370e+00 4.920690740135206728e-03
1.325645179185620748e+00 4.226656141167895592e-03
1.327117627457514049e+00 3.881043820781286940e-03
1.328593350383631799e+00 3.844949432720164671e-03
1.330072358900144858e+00 4.124466074485165674e-03
1.331554663991975751e+00 4.627624509377434650e-03
1.333040276693071347e+00 5.130459911923293363e-03
1.334529208086674856e+00 5.480776392269143954e-03
1.336021469305602061e+00 5.809168674779745072e-03
1.337517071532519974e+00 6.376825518373008608e-03
1.339016026000224180e+00 7.179226860940465110e-03
1.340518343991921935e+00 8.069678374847255933e-03
1.342024036841514389e+00 8.825703412626886499e-03
1.343533115933880584e+00 9.094026811767399673e-03
1.345045592705166992e+00 8.852416717533496265e-03
1.346561478643074405e+00 8.291258752508337895e-03
1.348080785287148808e+00 7.559032019674887838e-03
1.349603524229074925e+00 6.778050807671394916e-03
1.351129707112970646e+00 5.953204126005107524e-03
1.352659345635684351e+00 5.154843439244331110e-03
1.354192451547092668e+00 4.381780564657076354e-03
1.355729036650402675e+00 3.597150441383471786e-03
1.357269112802453659e+00 2.877781326470537498e-03
1.358812691914022430e+00 2.206571853227277946e-03
1.360359785950130851e+00 1.606854557371812341e-03
1.361910406930354478e+00 1.165869213352700457e-03
1.363464566929133870e+00 9.287396288494661383e-04
1.365022278076088114e+00 9.028324470578008316e-04
1.366583552556330794e+00 1.062339000136405245e-03
1.368148402610786407e+00 1.371037958833260482e-03
1.369716840536512770e+00 1.783538367994489358e-03
1.371288878687019430e+00 2.298633960580396922e-03
1.372864529472595629e+00 2.922223101137760761e-03
1.374443805360635151e+00 3.590089151546134016e-03
1.376026718875964505e+00 4.168760174379491402e-03
1.377613282601175992e+00 4.655288277029173520e-03
1.379203509176959441e+00 5.031768730450817718e-03
1.380797411302438382e+00 5.167195193783118319e-03
1.382395001735508444e+00 5.145146567828718688e-03
1.383996293293177304e+00 4.987865924754874419e-03
1.385601298851907748e+00 4.734254437763688386e-03
1.387210031347962502e+00 4.509544364966266289e-03
1.388822503777751960e+00 4.196924253121751304e-03
1.390438729198184342e+00 3.872122153225323465e-03
1.392058720727018528e+00 3.686411897197321326e-03
1.393682491543217106e+00 3.614240713250932175e-03
1.395310054887305862e+00 3.693647869662807035e-03
1.396941424061732606e+00 3.931497755341730078e-03
1.398576612431230215e+00 4.297634458807988826e-03
1.400215633423180339e+00 4.781125273098213099e-03
1.401858500527983109e+00 5.385891555008756257e-03
1.403505227299424396e+00 6.010624141350113039e-03
1.405155827355051068e+00 6.606975009861213582e-03
1.406810314376545579e+00 7.231330585707474064e-03
1.408468702110102555e+00 7.805196612971900157e-03
1.410131004366812046e+00 8.372116743923362775e-03
1.411797235023041441e+00 8.948879633832472480e-03
1.413467408020820937e+00 9.447531049480033249e-03
1.415141537368233893e+00 9.881229917758986916e-03
1.416819637139807853e+00 1.018115647449973141e-02
1.418501721476908450e+00 1.036751473464704067e-02
1.420187804588137537e+00 1.047095532859795147e-02
1.421877900749732415e+00 1.039434197778715645e-02
1.423572024305969297e+00 1.014014167400815146e-02
1.425270189669569199e+00 9.787403343674042425e-03
1.426972411322106726e+00 9.381834067747426079e-03
1.428678703814420636e+00 8.869027413449057790e-03
1.430389081767029724e+00 8.265401011135155643e-03
1.432103559870550047e+00 7.634326680101798102e-03
1.433822152886115475e+00 6.954184812057520593e-03
1.435544875645800911e+00 6.252195989063931772e-03
1.437271743053049278e+00 5.538146882283971444e-03
1.439002770083102289e+00 4.822931388247434122e-03
1.440737971783431881e+00 4.130086905046434324e-03
1.442477363274176083e+00 3.448190803091623000e-03
1.444220959748579780e+00 2.809629263851820720e-03
1.445968776473435913e+00 2.239467725093830658e-03
1.447720828789531122e+00 1.751723918988551659e-03
1.449477132112094946e+00 1.354675031853754506e-03
1.451237701931252122e+00 1.061059991167186784e-03
1.453002553812477116e+00 8.809749259521498874e-04
1.454771703397053528e+00 7.915183994705681219e-04
1.456545166402535507e+00 7.941995650483664850e-04
1.458322958623214927e+00 8.704803396382999880e-04
1.460105095930588126e+00 1.011758202616380893e-03
1.461891594273828421e+00 1.220848479289774824e-03
1.463682469680264608e+00 1.450363335986091249e-03
1.465477738255856588e+00 1.724227063592513034e-03
1.467277416185680750e+00 2.061423466492196595e-03
1.469081519734415364e+00 2.396827877572084257e-03
1.470890065246829970e+00 2.751758633306670976e-03
1.472703069148280752e+00 3.127642856979801281e-03
1.474520547945205484e+00 3.450202786856824792e-03
1.476342518225627121e+00 3.750921040427721443e-03
1.478168996659656065e+00 4.002719028199432441e-03
1.479999999999999982e+00 4.142844970849417913e-03
