1.400000000000000148e-06 1.600000000000000033e-01 7.249999999999999778e-01 5.000000000000000000e-01 1.600000000000000266e-05
1.470000000000000113e-06 1.600000000000000033e-01 7.249999999999999778e-01 5.000000000000000000e-01 1.600000000000000266e-05
1.400000000000000148e-06 1.680000000000000104e-01 7.249999999999999778e-01 5.000000000000000000e-01 1.600000000000000266e-05
1.400000000000000148e-06 1.600000000000000033e-01 7.612499999999999822e-01 5.000000000000000000e-01 1.600000000000000266e-05
1.400000000000000148e-06 1.600000000000000033e-01 7.249999999999999778e-01 5.250000000000000222e-01 1.600000000000000266e-05
1.400000000000000148e-06 1.600000000000000033e-01 7.249999999999999778e-01 5.000000000000000000e-01 1.680000000000000517e-05
1.428000000000000134e-06 1.632000000000000395e-01 7.395000000000001572e-01 5.100000000000000089e-01 1.520000000000000016e-05
1.439200000000000129e-06 1.644800000000000428e-01 7.453000000000001846e-01 5.140000000000000124e-01 1.567999999999999895e-05
1.447040000000000125e-06 1.653760000000000785e-01 7.493600000000002481e-01 5.167999999999999261e-01 1.561600000000000092e-05
1.458016000000000289e-06 1.554304000000000519e-01 7.550440000000001595e-01 5.207199999999998496e-01 1.552640000000000774e-05
1.469619200000000063e-06 1.529164800000000490e-01 7.610528000000003068e-01 5.248639999999997752e-01 1.543168000000000876e-05
1.485863680000000001e-06 1.605969920000000772e-01 7.694651200000003355e-01 4.956655999999998174e-01 1.529907200000000069e-05
1.503036415999999802e-06 1.607163904000001309e-01 7.783581440000004736e-01 4.897987199999996877e-01 1.515888640000000301e-05
1.527078246400000116e-06 1.608835481600001394e-01 7.400583776000004832e-01 5.165850879999998035e-01 1.496262656000000625e-05
1.552493895679999686e-06 1.610602577920001721e-01 7.358200531200005390e-01 5.199021055999997198e-01 1.475515187200000561e-05
1.548875804671999950e-06 1.568276512768001785e-01 7.603363988480004165e-01 5.105459302399997235e-01 1.558468730880001093e-05
1.573050965606399490e-06 1.555531815321602174e-01 7.645036786176004906e-01 5.106551162879997552e-01 1.566162477056001241e-05
1.538426126540799906e-06 1.587587117875202403e-01 7.889709583872007714e-01 5.247643023359995773e-01 1.461856223232000767e-05
1.552111351848959653e-06 1.585104541450242932e-01 8.017651500646409968e-01 5.297171628031995816e-01 1.434227467878401003e-05
1.597940577157119638e-06 1.507357965025282187e-01 7.804553417420805328e-01 5.111500232703996005e-01 1.460358712524801550e-05
1.626689928019967445e-06 1.623230431035394827e-01 7.765235584389127421e-01 4.976004325785596816e-01 1.445666997534720901e-05
1.497106577403494376e-06 1.545626285431194458e-01 7.637601827268100108e-01 5.200928757012477366e-01 1.526105324568576889e-05
1.599202550616473132e-06 1.606768945604200860e-01 7.738161757121030382e-01 5.023715568773117202e-01 1.462729672966144888e-05
1.514973372715765574e-06 1.556326250961470592e-01 7.655199814992362795e-01 5.169916449070589559e-01 1.515014585538151297e-05
1.465181669086305736e-06 1.664624580384588826e-01 7.511468725996948148e-01 5.136510579628235096e-01 1.550338634215259922e-05
1.574707768244727247e-06 1.534879622713160863e-01 7.753263596421630099e-01 5.115877043415737457e-01 1.476105198820631850e-05
1.588754371141316974e-06 1.535904928895133748e-01 7.520313565986398441e-01 5.437179549698528680e-01 1.478895330268313927e-05
1.522701660055224996e-06 1.608599332654763459e-01 7.457451397390680858e-01 5.347810708795905921e-01 1.519794824026755344e-05
1.585527370519971370e-06 1.608061937083770654e-01 7.476415811779274501e-01 5.364929007031181696e-01 1.482797532704677583e-05
1.573180420904235356e-06 1.599008192012367768e-01 7.507703012341564452e-01 5.330801809388077128e-01 1.488435516950535136e-05
1.556281457645431272e-06 1.549147855762186277e-01 7.833216088028258639e-01 5.388536701457005140e-01 1.527465062943042149e-05
1.557038970038517759e-06 1.536856911330623243e-01 7.928219199393908845e-01 5.426439830548406285e-01 1.537855038091650534e-05
1.507031816785759787e-06 1.629142675533875040e-01 7.796264062058608779e-01 5.130921068461865575e-01 1.543512812944620140e-05
1.566816590564065513e-06 1.564665608925890072e-01 7.994651296521496642e-01 5.133534053230870420e-01 1.512100514753324438e-05
1.530421772894271959e-06 1.600910931002210713e-01 7.551461379738573232e-01 5.310312294072024875e-01 1.518448319903904800e-05
1.533260833236198854e-06 1.618042196106335429e-01 7.827977661935602294e-01 5.457826656295590162e-01 1.457418443509640306e-05
1.585596427702615067e-06 1.552735841569445885e-01 7.647763028307794642e-01 5.563127125367209880e-01 1.437936613671029123e-05
1.520780623696209440e-06 1.615771479590099868e-01 7.770276381152215750e-01 5.206557128420300495e-01 1.525036978071741720e-05
1.498487904700929386e-06 1.589575640122046218e-01 8.041353425549098155e-01 5.313548512053889450e-01 1.507654494113596897e-05
1.517266910328416797e-06 1.601792123157948777e-01 7.720004390689488849e-01 5.423069493559529164e-01 1.552553096184769514e-05
1.513035067085939963e-06 1.604633124214497886e-01 7.686063352052985298e-01 5.458154787599436286e-01 1.570692470775323195e-05
1.533506927825889782e-06 1.568016018870191097e-01 7.819328797224193162e-01 5.550760334554915021e-01 1.500378788590239271e-05
1.523007726918903415e-06 1.607414273964115903e-01 7.778860553964811464e-01 5.266792689493857704e-01 1.520721794912478707e-05
1.520900160237679422e-06 1.585477904642841884e-01 8.129103468328331417e-01 5.429597327071925550e-01 1.507876836761506162e-05
1.513116830696345178e-06 1.555320922953320195e-01 7.973037508688393116e-01 5.270791233158893530e-01 1.589090070456517404e-05
1.553741329629781217e-06 1.570085592070118996e-01 7.732335378330614795e-01 5.397966465842596318e-01 1.571428250389729524e-05
1.564792014615551414e-06 1.566187582459733774e-01 7.670531768886916790e-01 5.414850056600337691e-01 1.584183001644955948e-05
1.494931725479019648e-06 1.618888470953152026e-01 7.900120431972399437e-01 5.326750182193713545e-01 1.569202956538958375e-05
1.545545254516309259e-06 1.561352463420605241e-01 7.844924348218482724e-01 5.377724060585928889e-01 1.534769194322327336e-05
1.537220467244509080e-06 1.542197328533818357e-01 7.980901483737313784e-01 5.492866742593691676e-01 1.581565184333461269e-05
1.525494956475884459e-06 1.596001308513813610e-01 7.814217716674999314e-01 5.306355648786329482e-01 1.531369388061150808e-05
1.541165952421015512e-06 1.568343059403480844e-01 7.504704268712460991e-01 5.280765433701385403e-01 1.603807163004291537e-05
1.524446673869763259e-06 1.582479306725953772e-01 8.019833608395554592e-01 5.403551745732080303e-01 1.524664643853993772e-05
1.553481219231717072e-06 1.609363394602056074e-01 7.679488668235264770e-01 5.492675732643692577e-01 1.496823758668270842e-05
1.520180598690035387e-06 1.564778355491849016e-01 7.921666461609095933e-01 5.309621020568733307e-01 1.572943465893574086e-05
1.538977350337837400e-06 1.556193827832776932e-01 7.881287958222297219e-01 5.458417465729217266e-01 1.571174072196607292e-05
1.527854375401726129e-06 1.589034999394632330e-01 7.825955008945776337e-01 5.332966466751335455e-01 1.538335207784855642e-05
1.551440382514628880e-06 1.545300163683314965e-01 8.017881531510319126e-01 5.305662410232740989e-01 1.544303208713022901e-05
1.523247267961003901e-06 1.591906030249887749e-01 7.772132890333134370e-01 5.402523253977340456e-01 1.551109365877213840e-05
1.514242843704614867e-06 1.597961250152371282e-01 7.863844990827186798e-01 5.360927520562905890e-01 1.568623179197419003e-05
1.526489110140353154e-06 1.573849214481439773e-01 7.897970322852457814e-01 5.416869535922125278e-01 1.577172354299916448e-05
1.526216057088078729e-06 1.570812057498801317e-01 7.912373385633792999e-01 5.433650149756283909e-01 1.584939783602928745e-05
1.530713786180551898e-06 1.576952870252312511e-01 7.655346409185441736e-01 5.351611373017401974e-01 1.611846002409147931e-05
1.525543418524151398e-06 1.581512180343066509e-01 7.956048348533784065e-01 5.394462180507011428e-01 1.539921381601145868e-05
1.490139965978281927e-06 1.593917220217326847e-01 8.032329827331647909e-01 5.355794938772648894e-01 1.552479648357977632e-05
1.542611090990768990e-06 1.574256126995880467e-01 7.784834406905796200e-01 5.390586448605355629e-01 1.568112245034173079e-05
1.540985750817910180e-06 1.556559512872478235e-01 7.869215981266519666e-01 5.404697455269322770e-01 1.555080345884990597e-05
1.536305742073083151e-06 1.563804816896459116e-01 7.868276057939636026e-01 5.397037716695698428e-01 1.557450341714664992e-05
1.537204716206352931e-06 1.551374247433590092e-01 7.999385348803174089e-01 5.360907506942229617e-01 1.575130549540175407e-05
1.547081032483848716e-06 1.573140278968325478e-01 7.880939332404843789e-01 5.474324334900235733e-01 1.554171282982455825e-05
1.524888174603952794e-06 1.566241692100232286e-01 7.914539213998352807e-01 5.338444100576745788e-01 1.569658333884128509e-05
1.541456115081652841e-06 1.550298258819974295e-01 7.829953791665982266e-01 5.367075942989851800e-01 1.599088148188077506e-05
1.544638654393153129e-06 1.544055474515355908e-01 7.804734880292421018e-01 5.361598695486420318e-01 1.610921501505463427e-05
1.532768392674171387e-06 1.577508682562157039e-01 7.708756603992290568e-01 5.400907091972309004e-01 1.578195361035163039e-05
1.523424938563116541e-06 1.555927825226376959e-01 7.892876424724266649e-01 5.375356407655965674e-01 1.589246911941561894e-05
1.524577966076815821e-06 1.563228338657765559e-01 7.819274920404277740e-01 5.360232615949729329e-01 1.612627443351828335e-05
1.534253381273736325e-06 1.563703933204687591e-01 7.859700858870948270e-01 5.390596824065153614e-01 1.567106334501168661e-05
1.539741616213858913e-06 1.559776359895774511e-01 7.751076422294598256e-01 5.439687321464045100e-01 1.599398651429181014e-05
1.532571703520124924e-06 1.560743089467754308e-01 7.762465002791465452e-01 5.407170796935193424e-01 1.614867577583346345e-05
1.532235367969402517e-06 1.560150920720367596e-01 7.743017831575569332e-01 5.410485591509200942e-01 1.624419826199782153e-05
1.533978016458070685e-06 1.540232102872523545e-01 7.934892617189792663e-01 5.399366011013191358e-01 1.618447437668625425e-05
1.547542701727107696e-06 1.555534671266762259e-01 7.767579273444029653e-01 5.434520536672425850e-01 1.619076097053051170e-05
1.527645547116815099e-06 1.555859023283444609e-01 7.870949423250226396e-01 5.385710130233846149e-01 1.594467019336072314e-05
1.544941104940456284e-06 1.530417205532501601e-01 7.751677015474943699e-01 5.380543646130954150e-01 1.638068520709158962e-05
1.548631503900477249e-06 1.521730803742713800e-01 7.722418353999440654e-01 5.373278468172718592e-01 1.650247753991007668e-05
1.535244553941597691e-06 1.529271837656941690e-01 7.887107688714738440e-01 5.331162319272503280e-01 1.636181864604624786e-05
1.526589875581681384e-06 1.539079268293995495e-01 7.866398354085843980e-01 5.397076394764559470e-01 1.634763159768007188e-05
1.543160714243965928e-06 1.520563817530127260e-01 7.798363383462285636e-01 5.377511465829417636e-01 1.667336098110172116e-05
1.546263747669395967e-06 1.513504776379464012e-01 7.783846175504698373e-01 5.375871732948532822e-01 1.681909913864991873e-05
1.541742537387240201e-06 1.525499807343824177e-01 7.674001612848679876e-01 5.354457873824209901e-01 1.668740670256166125e-05
1.535336807620675403e-06 1.537653951155001364e-01 7.889236691430098203e-01 5.391507087005119603e-01 1.627248753371445200e-05
1.552629451079226771e-06 1.526082515066754242e-01 7.751631210890332913e-01 5.354519766969068062e-01 1.649419185598159702e-05
1.531146801293751753e-06 1.536804836479228331e-01 7.846314104026630432e-01 5.389628984900347586e-01 1.637327964288283878e-05
1.546077662250234471e-06 1.494843392697585149e-01 7.889104202678776101e-01 5.337408639984496661e-01 1.678298922464794882e-05
1.547738055152216161e-06 1.512543266524655483e-01 7.765260122341117732e-01 5.415915645931982381e-01 1.673831458587584072e-05
1.552606300485754922e-06 1.494116879174457457e-01 7.713540491990166226e-01 5.365334301770111614e-01 1.701397651907219613e-05
1.542152351087628821e-06 1.511857008864724017e-01 7.816829208938766982e-01 5.320693205178500529e-01 1.665841424018934958e-05
1.546760556940913440e-06 1.512423171434167379e-01 7.774284712495707073e-01 5.399251718800123223e-01 1.672433202538070460e-05
1.564989107204958498e-06 1.477842772892127010e-01 7.706963470640884051e-01 5.350828959770044246e-01 1.716387013618150327e-05
1.554047445920025077e-06 1.475361593288406492e-01 7.824677267324653407e-01 5.358199673136604391e-01 1.729922927766282923e-05
1.555130634323934727e-06 1.466087751197545086e-01 7.845129049989696401e-01 5.355183914129382217e-01 1.745857962521338042e-05
1.558833148471233625e-06 1.469844594338649002e-01 7.792967930759964190e-01 5.315805604243791782e-01 1.730733369310505793e-05
1.561247666777297874e-06 1.461328878919545549e-01 7.796704574412816058e-01 5.299116381332524828e-01 1.742393402664993063e-05
1.538142214713699127e-06 1.501225721459298057e-01 7.894690956662420156e-01 5.350219021063371549e-01 1.692518100507367301e-05
1.532772836215447169e-06 1.505902311172732377e-01 7.932236453866727821e-01 5.350097033322036566e-01 1.687744317885210763e-05
1.544739387124080216e-06 1.487795152090903850e-01 7.960574121182036889e-01 5.329667566780608157e-01 1.703955641658357495e-05
1.543166004451745359e-06 1.486530806674193073e-01 8.009980847020410355e-01 5.322534219782706355e-01 1.704467239608585343e-05
1.550103362240205107e-06 1.483743604158418994e-01 7.833361068230082491e-01 5.351643460485505654e-01 1.737521697958298140e-05
1.551453122649367521e-06 1.453177751588122790e-01 7.958425052494313423e-01 5.303489058536258183e-01 1.756155420195423927e-05
1.552490997645361831e-06 1.441112346629854768e-01 7.993340827892236877e-01 5.289012523653804365e-01 1.771004521461510067e-05
1.542631695090474710e-06 1.482447397999066829e-01 7.971093074742223727e-01 5.299276872508048575e-01 1.718635403265789008e-05
1.531365411186962681e-06 1.493005518412991450e-01 8.074052468899814983e-01 5.335059448706563900e-01 1.712985775303680236e-05
1.525871863730108704e-06 1.497637703227859829e-01 8.130269376527783365e-01 5.338910217599118768e-01 1.709436256502315260e-05
1.532600016996694568e-06 1.482811274295049997e-01 8.129935891697590566e-01 5.292587987753273326e-01 1.696383077594040186e-05
1.542344285436399062e-06 1.457963378128472043e-01 8.162703977279319734e-01 5.270960013851366810e-01 1.742932665879640586e-05
1.543184699580939219e-06 1.449310909462306896e-01 8.216306581402699205e-01 5.255108212408966528e-01 1.753015578954094904e-05
1.536991808092213719e-06 1.461231321495287949e-01 8.108503339024897283e-01 5.278015132759497074e-01 1.746369697286844234e-05
1.535756968820307306e-06 1.456171424459507258e-01 8.128207837425793780e-01 5.269111315354855218e-01 1.754750188822495606e-05
1.535270162654180394e-06 1.456828299568902751e-01 8.202355217016148448e-01 5.292767784134736475e-01 1.743295251238063067e-05
1.536558430830531698e-06 1.461311641794181271e-01 8.161884342118209679e-01 5.293906874600065038e-01 1.738979777842914598e-05
1.520490858367753086e-06 1.489351502062270516e-01 8.296406955113617698e-01 5.284722724532048277e-01 1.698904977367423602e-05
1.514298405511430114e-06 1.496586252157099950e-01 8.364003335637477665e-01 5.280969457731206074e-01 1.687454888801823266e-05
1.534500300568849870e-06 1.462334070462231739e-01 8.191484541276752296e-01 5.292477690026543558e-01 1.759686079878160846e-05
1.534167750943722364e-06 1.465917581132974712e-01 8.180713527600398383e-01 5.292496992128720157e-01 1.748608054478439222e-05
1.536855842281285630e-06 1.441304651432283035e-01 8.290032387554759907e-01 5.232981246442115486e-01 1.757332293838424796e-05
1.535128739059551168e-06 1.458547416832023103e-01 8.227098872835922894e-01 5.251737404745316917e-01 1.725199710407660040e-05
1.535320936682716675e-06 1.457073383971833058e-01 8.236375941883027352e-01 5.243585487268634937e-01 1.720518041593504204e-05
1.524065986016134719e-06 1.466735235317946084e-01 8.270866381379642363e-01 5.265585339380249863e-01 1.723781916817666865e-05
1.539145583037852718e-06 1.459498453136630070e-01 8.181632397996876360e-01 5.270019445818920900e-01 1.739581284793795100e-05
1.523418434506112618e-06 1.483190685016221033e-01 8.282545338658078293e-01 5.278125660574701783e-01 1.704163923975470822e-05
1.536510421636938737e-06 1.444753204512231048e-01 8.277445684610992283e-01 5.236732478102755772e-01 1.750905777152271845e-05
1.536272492476335508e-06 1.460758796801749637e-01 8.174927248261751878e-01 5.285472980629115636e-01 1.736223764355863754e-05
1.536619194285681124e-06 1.460694540562635091e-01 8.132222445787102849e-01 5.272759587156661265e-01 1.742135699911007463e-05
1.540901176161029399e-06 1.458080185869182199e-01 8.175582956390640144e-01 5.267115492030156609e-01 1.739386074785244341e-05
1.532273311250305848e-06 1.461437575049927828e-01 8.322817594515852235e-01 5.254914019276155646e-01 1.720216000359597671e-05
1.531020340569239939e-06 1.461644830110084003e-01 8.339268930542844682e-01 5.229977041262516835e-01 1.719724830316234133e-05
1.522439322647830434e-06 1.465749298739012496e-01 8.404087612074836455e-01 5.233479149554420840e-01 1.708698022099248786e-05
1.518746951945190641e-06 1.467283121312978889e-01 8.449788543211675940e-01 5.226751881059272797e-01 1.702560411562049810e-05
1.527133592117563141e-06 1.464116599033900845e-01 8.289360980973214943e-01 5.237106674419729213e-01 1.723260905220756308e-05
1.531373860402075853e-06 1.461906404247123037e-01 8.316962687145890154e-01 5.251797733926281131e-01 1.720748858710300619e-05
1.522776212845327610e-06 1.468350352217845656e-01 8.421025228377134741e-01 5.240307420622954959e-01 1.716496854493750984e-05
1.520305707602482813e-06 1.470310939295010333e-01 8.459810499485378443e-01 5.238021423798483456e-01 1.714756283310969173e-05
1.522103830382965963e-06 1.468353178821900640e-01 8.388300539002961909e-01 5.234736567390870787e-01 1.718550676031377149e-05
1.529533414629670537e-06 1.441133895575074375e-01 8.465019967628726327e-01 5.191053003468917293e-01 1.740890311588569477e-05
1.521336738190715624e-06 1.454475376667207775e-01 8.458596790578314373e-01 5.223632007663663313e-01 1.733795597756740845e-05
1.529946411500088956e-06 1.442215907093513660e-01 8.437683682748340352e-01 5.214430657644425482e-01 1.741067720731742901e-05
1.512914216191376778e-06 1.464800962435696408e-01 8.612633736395248762e-01 5.203514018749207937e-01 1.704777397042636492e-05
1.512665348204741434e-06 1.476372281991287227e-01 8.522375759716662724e-01 5.221449183649452541e-01 1.700099323987522737e-05
1.526922225423403171e-06 1.448193272700624146e-01 8.452504796217796823e-01 5.215658899695305717e-01 1.733898251301504406e-05
1.521965598167228797e-06 1.445816479930432941e-01 8.575338704047349436e-01 5.195272591795812023e-01 1.742549114300919372e-05
1.521870853271108385e-06 1.441829916168717030e-01 8.609588922441850922e-01 5.187631280244089371e-01 1.749319332741253692e-05
1.515500044489186818e-06 1.462421788860744920e-01 8.576055083036211446e-01 5.204938318495127003e-01 1.720809230298429873e-05
1.517498926152674510e-06 1.459931798532723701e-01 8.554433782842987277e-01 5.206814420205156946e-01 1.723099808973967747e-05
1.519550406906657411e-06 1.458322253640366994e-01 8.608297885581561726e-01 5.190238175543366861e-01 1.716633568330083924e-05
1.521024130216005257e-06 1.455148580137510805e-01 8.484794482203882326e-01 5.217788087042611878e-01 1.730792242607076003e-05
1.521072263764317855e-06 1.448639543650891148e-01 8.571157719806477004e-01 5.197580957477681007e-01 1.738659253235528979e-05
1.519744351312521153e-06 1.468235111142552896e-01 8.478735156156900210e-01 5.231780023079818376e-01 1.716424988443568752e-05
1.527126516934271416e-06 1.444893476166604351e-01 8.482902730671578739e-01 5.194205286816164779e-01 1.737332211065649131e-05
1.513831158183636282e-06 1.463827129655101977e-01 8.600993745684796243e-01 5.204174099040397294e-01 1.708441879428902675e-05
1.520569175783107359e-06 1.455566661040310905e-01 8.477764189031249398e-01 5.220268490171962039e-01 1.731656440000186090e-05
1.509959833144231532e-06 1.473586621442027900e-01 8.590331106737384426e-01 5.230041909173841486e-01 1.709980736967212837e-05
1.512964002807488184e-06 1.468565321018828751e-01 8.571531140925868764e-01 5.223770500261246674e-01 1.714767244934438715e-05
1.514629859363968862e-06 1.450377070416589698e-01 8.631617075159654373e-01 5.189263363782757876e-01 1.730224862185640388e-05
1.522076550491593849e-06 1.442771560299417888e-01 8.562855464084194734e-01 5.183470032009935835e-01 1.738065652595251908e-05
1.515074327399369523e-06 1.450652179981578305e-01 8.690658925999992235e-01 5.172252658834410877e-01 1.723740142567531131e-05
1.522309612685133981e-06 1.437121731497378319e-01 8.603295441472526006e-01 5.175578473883579722e-01 1.753074008394264979e-05
1.514157445254591790e-06 1.455917369332246358e-01 8.657609714028459136e-01 5.193125917663496960e-01 1.729453577547520839e-05
1.520792915488905022e-06 1.450142825390352830e-01 8.516586567324049284e-01 5.212692594370658128e-01 1.746064461567238313e-05
1.516075080315038235e-06 1.450563042928113833e-01 8.660196263231701996e-01 5.179329647553254645e-01 1.727646898392480024e-05
1.520357596241989271e-06 1.450897994627257659e-01 8.567812932413778615e-01 5.199427650023176195e-01 1.735547364383216868e-05
1.514825741434208334e-06 1.456720255172341827e-01 8.636974527791364542e-01 5.195863618171828735e-01 1.728182823832810289e-05
1.521347475378642045e-06 1.441683744904447284e-01 8.593523109746618038e-01 5.181825663147895389e-01 1.747079168510205465e-05
1.515203672721710076e-06 1.452288016039816609e-01 8.616180416696320732e-01 5.192773575067237690e-01 1.728799851543305928e-05
1.515559247150030520e-06 1.452508103691807495e-01 8.663413897368591465e-01 5.179165011108559646e-01 1.723612075848818590e-05
1.520134117621659343e-06 1.452100620018827448e-01 8.524156010427837993e-01 5.211516959537561000e-01 1.741471531048583793e-05
1.516359849482565617e-06 1.452436794049035973e-01 8.639043767153959941e-01 5.184826602083634217e-01 1.726737480508777297e-05
1.515360378377901612e-06 1.457362563844418202e-01 8.620466378801688867e-01 5.198053778578494155e-01 1.727166220861041713e-05
1.520577765533448453e-06 1.445333355630102623e-01 8.585705244365892108e-01 5.186823414559347256e-01 1.742283296602957989e-05
1.515662723407903048e-06 1.453816772538397972e-01 8.603831089925654263e-01 5.195581744094821541e-01 1.727659843029438156e-05
1.519785862224126403e-06 1.452704755408350812e-01 8.565137102499620347e-01 5.200905004059572789e-01 1.733057853301366908e-05
1.515947182950559234e-06 1.453992842659990736e-01 8.641617874463470850e-01 5.184694892927879106e-01 1.723509622473848421e-05
1.514232928344868678e-06 1.455470177873902371e-01 8.637284645660256999e-01 5.187882296086707701e-01 1.724429663475134160e-05
1.510903090160114634e-06 1.466896306549670681e-01 8.637348264311731638e-01 5.202387438197875191e-01 1.708062766922414089e-05
1.513516035626826013e-06 1.463398205075654990e-01 8.579727790153456324e-01 5.211592977937342663e-01 1.720657698830949789e-05
1.515521732168905984e-06 1.455638781082732036e-01 8.630787109709219251e-01 5.189402057804535229e-01 1.723010535836341076e-05
