1.126000000000000112e+00 1.399327309331283963e-04
1.126987992296117014e+00 1.348435065400063065e-04
1.127977719913760390e+00 1.266408471030484265e-04
1.128969187428857879e+00 1.201664045944678474e-04
1.129962399433440456e+00 1.187333496283820758e-04
1.130957360535711942e+00 1.183867550041376473e-04
1.131954075360122047e+00 1.108214464979483707e-04
1.132952548547436100e+00 1.128423226405423632e-04
1.133952784754808318e+00 1.267249669896131537e-04
1.134954788655853974e+00 1.264307347387809866e-04
1.135958564940721782e+00 1.187446531915337258e-04
1.136964118316167838e+00 1.170616022174413701e-04
1.137971453505628228e+00 1.130177600446412024e-04
1.138980575249294080e+00 1.033351012296403106e-04
1.139991488304184397e+00 9.151120640822597244e-05
1.141004197444223101e+00 8.290169480379762400e-05
1.142018707460311200e+00 7.530803440254353566e-05
1.143035023160405395e+00 6.808707662090826768e-05
1.144053149369591793e+00 6.322332644459072051e-05
1.145073090930163184e+00 5.397149220244450781e-05
1.146094852701695865e+00 4.938536974328763872e-05
1.147118439561126468e+00 5.453176535469080082e-05
1.148143856402830121e+00 5.380858571070522116e-05
1.149171108138697273e+00 4.986944858022189747e-05
1.150200199698214076e+00 4.737356669945735492e-05
1.151231136028538549e+00 3.920704653226724212e-05
1.152263922094582727e+00 3.121108367549756433e-05
1.153298562879090827e+00 2.773412142687527106e-05
1.154335063382718740e+00 2.447632958454339739e-05
1.155373428624115739e+00 2.117973892713594892e-05
1.156413663640005973e+00 1.720538348510885026e-05
1.157455773485268402e+00 1.180149673869603855e-05
1.158499763233019175e+00 7.960165035339486508e-06
1.159545637974695120e+00 6.696069977983667807e-06
1.160593402820134123e+00 5.332087067145161057e-06
1.161643062897660617e+00 3.610639674850742448e-06
1.162694623354169066e+00 2.895678205644897110e-06
1.163748089355205462e+00 2.258519226081223394e-06
1.164803466085055916e+00 1.330134572949745037e-06
1.165860758746828818e+00 9.223510275802843426e-07
1.166919972562540542e+00 1.167654616455229353e-06
1.167981112773203378e+00 1.633545867536823809e-06
1.169044184638909245e+00 2.869579405267218311e-06
1.170109193438919171e+00 8.852495169399189791e-06
1.171176144471748781e+00 1.856543863402391461e-05
1.172245043055257785e+00 2.051717976527889239e-05
1.173315894526736125e+00 1.485048938677268017e-05
1.174388704242995241e+00 1.413447295592678130e-05
1.175463477580455329e+00 1.703761689482286267e-05
1.176540219935237941e+00 2.134491634181072685e-05
1.177618936723252130e+00 3.049644844351380300e-05
1.178699633380288825e+00 4.006304601520766168e-05
1.179782315362111200e+00 5.095835366810328289e-05
1.180866988144545493e+00 6.430699077179211380e-05
1.181953657223574483e+00 9.042241142880081425e-05
1.183042328115429642e+00 1.410502306594515402e-04
1.184133006356684392e+00 1.703609213641086131e-04
1.185225697504348696e+00 1.464498516330084107e-04
1.186320407135962984e+00 1.186194979716906269e-04
1.187417140849692743e+00 1.128331948898743620e-04
1.188515904264424883e+00 1.166662948647161102e-04
1.189616703019862110e+00 1.344993738292855619e-04
1.190719542776621509e+00 1.615120132020920292e-04
1.191824429216329584e+00 1.906707923601959993e-04
1.192931368041720619e+00 2.265457992144176349e-04
1.194040364976735713e+00 2.738440652685810968e-04
1.195151425766620035e+00 3.388856511669608254e-04
1.196264556178022742e+00 3.967093177048952959e-04
1.197379761999095793e+00 3.940810752732898901e-04
1.198497049039596751e+00 3.325106763018386953e-04
1.199616423130986265e+00 2.825176843354225637e-04
1.200737890126532648e+00 2.880196974661647195e-04
1.201861455901411802e+00 3.227342226888365857e-04
1.202987126352810021e+00 3.577427802470990585e-04
1.204114907400029022e+00 3.981845023721084799e-04
1.205244804984587415e+00 4.436282320440583949e-04
1.206376825070326175e+00 4.906118583396629727e-04
1.207510973643513230e+00 5.498378442351758684e-04
1.208647256712948925e+00 6.013300557462175015e-04
1.209785680310073053e+00 6.162312941097149513e-04
1.210926250489070988e+00 6.104192342183901911e-04
1.212068973326979604e+00 5.957033861184815333e-04
1.213213854923797186e+00 5.757558914669175980e-04
1.214360901402591786e+00 5.677932920227730723e-04
1.215510118909608916e+00 5.638407297248262690e-04
1.216661513614383239e+00 5.569188845245515813e-04
1.217815091709847364e+00 5.533596756478477950e-04
1.218970859412443097e+00 5.587300376694958985e-04
1.220128822962234905e+00 6.055636607808206201e-04
1.221288988623019378e+00 7.112316477525663146e-04
1.222451362682440701e+00 8.529674147416440710e-04
1.223615951452102335e+00 9.980294936598366369e-04
1.224782761267683151e+00 1.103540069992755158e-03
1.225951798489049782e+00 1.154813041421578817e-03
1.227123069500375196e+00 1.185397810948208468e-03
1.228296580710252384e+00 1.225726839981573345e-03
1.229472338551812483e+00 1.273818553603017507e-03
1.230650349482842243e+00 1.312198337005909170e-03
1.231830619985901931e+00 1.320478375568776529e-03
1.233013156568444346e+00 1.277141484741368873e-03
1.234197965762934945e+00 1.188221518724630462e-03
1.235385054126971083e+00 1.079342366587598230e-03
1.236574428243403911e+00 9.727070366423601084e-04
1.237766094720459620e+00 8.949942762856937352e-04
1.238960060191861778e+00 8.422953149539024343e-04
1.240156331316954574e+00 7.859260290565107205e-04
1.241354914780826935e+00 7.100627455027143766e-04
1.242555817294437093e+00 6.282184168134411243e-04
1.243759045594736268e+00 6.034655174812378429e-04
1.244964606444796784e+00 6.742152696502123508e-04
1.246172506633937749e+00 8.243026586968680560e-04
1.247382752977852505e+00 1.018438780560065133e-03
1.248595352318737195e+00 1.187850977281572785e-03
1.249810311525418882e+00 1.305897325807316113e-03
1.251027637493486333e+00 1.396444047746801028e-03
1.252247337145420136e+00 1.462065982961576957e-03
1.253469417430722599e+00 1.515160552283630275e-03
1.254693885326052527e+00 1.558738808005451877e-03
1.255920747835354900e+00 1.572380569985870093e-03
1.257150011989997207e+00 1.577048940615209584e-03
1.258381684848900894e+00 1.662381287414608708e-03
1.259615773498678593e+00 1.877155315074915086e-03
1.260852285053770450e+00 2.129636161338521391e-03
1.262091226656578691e+00 2.375795870778328340e-03
1.263332605477606396e+00 2.671051952839143765e-03
1.264576428715595835e+00 2.985293993259665896e-03
1.265822703597668353e+00 3.269808762654504136e-03
1.267071437379462040e+00 3.527344733014967267e-03
1.268322637345275172e+00 3.781085953351764721e-03
1.269576310808206099e+00 4.130647194861854395e-03
1.270832465110296461e+00 4.661238376407685242e-03
1.272091107622674411e+00 5.213346212043640238e-03
1.273352245745698719e+00 5.582551053165353029e-03
1.274615886909103546e+00 5.966138504172809574e-03
1.275882038572145216e+00 6.599436054397340989e-03
1.277150708223747877e+00 7.488882032686611755e-03
1.278421903382652269e+00 8.757640890971583533e-03
1.279695631597562944e+00 1.029422460028890131e-02
1.280971900447299028e+00 1.189432653046833960e-02
1.282250717540943441e+00 1.364214484533675040e-02
1.283532090517995217e+00 1.557218250251232033e-02
1.284816027048520271e+00 1.828525672897216015e-02
1.286102534833305722e+00 2.185519000163637163e-02
1.287391621604013325e+00 2.431242438586609864e-02
1.288683295123334016e+00 2.495352983017348758e-02
1.289977563185144005e+00 2.570481812498511681e-02
1.291274433614661987e+00 2.784533167180764865e-02
1.292573914268606350e+00 3.165608865775453723e-02
1.293876013035353711e+00 3.730785824000767970e-02
1.295180737835098794e+00 4.460567279666593360e-02
1.296488096620015629e+00 5.370492443519098158e-02
1.297798097374417203e+00 6.497011201330916974e-02
1.299110748114920444e+00 7.860473797029091103e-02
1.300426056890607862e+00 9.442454665884118803e-02
1.301744031783193201e+00 1.106054801335903948e-01
1.303064680907186412e+00 1.254409863811656589e-01
1.304388012410060194e+00 1.404252256006318089e-01
1.305714034472417628e+00 1.580610455448684948e-01
1.307042755308160942e+00 1.786197929450701882e-01
1.308374183164660698e+00 2.011849077544009545e-01
1.309708326322927663e+00 2.248858124583949791e-01
1.311045193097781558e+00 2.486114718152657166e-01
1.312384791838027587e+00 2.713102173716313570e-01
1.313727130926627851e+00 2.922224327027306279e-01
1.315072218780876323e+00 3.109553340114462605e-01
1.316420063852575595e+00 3.273699628430507547e-01
1.317770674628213401e+00 3.410003260202160158e-01
1.319124059629140922e+00 3.515990473311325082e-01
1.320480227411752194e+00 3.597931170663070666e-01
1.321839186567663527e+00 3.661718083750428732e-01
1.323200945723896238e+00 3.707021791293643731e-01
1.324565513543057849e+00 3.732280721455449868e-01
1.325932898723527265e+00 3.735333292626111801e-01
1.327303109999638409e+00 3.711544611759327594e-01
1.328676156141866516e+00 3.658938007463875541e-01
1.330052045957015094e+00 3.578206584316780403e-01
1.331430788288405109e+00 3.469004256696658350e-01
1.332812392016063274e+00 3.336364386985420372e-01
1.334196866056913677e+00 3.187436926987922692e-01
1.335584219364968961e+00 3.023242163560656559e-01
1.336974460931523057e+00 2.845526193861266928e-01
1.338367599785346362e+00 2.658816068094870255e-01
1.339763644992881142e+00 2.469585147188666230e-01
1.341162605658436702e+00 2.283598121463388808e-01
1.342564490924390119e+00 2.098282031933410563e-01
1.343969309971381643e+00 1.911643634474090025e-01
1.345377072018519193e+00 1.723893314921343678e-01
1.346787786323576430e+00 1.533771630321099644e-01
1.348201462183198140e+00 1.349342759330480757e-01
1.349618108933102745e+00 1.175803197139420608e-01
1.351037735948290130e+00 1.012895933130734671e-01
1.352460352643244823e+00 8.728430466790060294e-02
1.353885968472148260e+00 7.583597059013179320e-02
1.355314592929085071e+00 6.553527308448654776e-02
1.356746235548255131e+00 5.610384260045036403e-02
1.358180905904185831e+00 4.794078348129367922e-02
1.359618613611944804e+00 4.104692314371768264e-02
1.361059368327355079e+00 3.544617311292630468e-02
1.362503179747211357e+00 3.093289307409939973e-02
1.363950057609498057e+00 2.728293048915594529e-02
1.365400011693606253e+00 2.439698815476085483e-02
1.366853051820556830e+00 2.212443105488223066e-02
1.368309187853220088e+00 2.044205820211649968e-02
1.369768429696540002e+00 1.927000126715689918e-02
1.371230787297757381e+00 1.846969609886842112e-02
1.372696270646638572e+00 1.791866016661371533e-02
1.374164889775699727e+00 1.740667024297608972e-02
1.375636654760438393e+00 1.689944696243401989e-02
1.377111575719562442e+00 1.650787477464017369e-02
1.378589662815221883e+00 1.628209329795900218e-02
1.380070926253243568e+00 1.626907766751797824e-02
1.381555376283364778e+00 1.642882625881833883e-02
1.383043023199470367e+00 1.664482973099896956e-02
1.384533877339829910e+00 1.684736181011520575e-02
1.386027949087338174e+00 1.700230610142535598e-02
1.387525248869755812e+00 1.710228909610922096e-02
1.389025787159951619e+00 1.715701357542697217e-02
1.390529574476147223e+00 1.718749524258498390e-02
1.392036621382161998e+00 1.717964578365082165e-02
1.393546938487661091e+00 1.704259777955778946e-02
1.395060536448405220e+00 1.671721324652246377e-02
1.396577425966499586e+00 1.624067372553097272e-02
1.398097617790646341e+00 1.570472858642439629e-02
1.399621122716400601e+00 1.520387362097276596e-02
1.401147951586422913e+00 1.475834140671988641e-02
1.402678115290738603e+00 1.435108567422278825e-02
1.404211624766996236e+00 1.397214820070358417e-02
1.405748491000727851e+00 1.354437015020717311e-02
1.407288725025611198e+00 1.302996228620340730e-02
1.408832337923734634e+00 1.249546310666693749e-02
1.410379340825861805e+00 1.192180712924310881e-02
1.411929744911700313e+00 1.125686869662288585e-02
1.413483561410169731e+00 1.054125364181424974e-02
1.415040801599673825e+00 9.787499097044015037e-03
1.416601476808373228e+00 8.988174900433387390e-03
1.418165598414459661e+00 8.193796162030227495e-03
1.419733177846432826e+00 7.463661372704000381e-03
1.421304226583378183e+00 6.826082135306963360e-03
1.422878756155248059e+00 6.267431424645564762e-03
1.424456778143142976e+00 5.772927481200247797e-03
1.426038304179596539e+00 5.351614389040177007e-03
1.427623345948860090e+00 5.002675081216358989e-03
1.429211915187190263e+00 4.707030387992342316e-03
1.430804023683140525e+00 4.429523818640190673e-03
1.432399683277851388e+00 4.153618275174128689e-03
1.433998905865343287e+00 3.897132882428645546e-03
1.435601703392814343e+00 3.679545676656725654e-03
1.437208087860935457e+00 3.514855999647065101e-03
1.438818071324151404e+00 3.398079995268316143e-03
1.440431665890981705e+00 3.320789489427399856e-03
1.442048883724324604e+00 3.279138365934346645e-03
1.443669737041762158e+00 3.247347971226667920e-03
1.445294238115867769e+00 3.220429778300503820e-03
1.446922399274517490e+00 3.207106307625630197e-03
1.448554232901199557e+00 3.188577302768477555e-03
1.450189751435329688e+00 3.158880480551291663e-03
1.451828967372567725e+00 3.115385294714641175e-03
1.453471893265134263e+00 3.036959531619272141e-03
1.455118541722132175e+00 2.915837176297939905e-03
1.456768925409868798e+00 2.765897247020898762e-03
1.458423057052181004e+00 2.615031859167733352e-03
1.460080949430762276e+00 2.474330604079470752e-03
1.461742615385490884e+00 2.324992422274424746e-03
1.463408067814762958e+00 2.157712553947479465e-03
1.465077319675824219e+00 1.979488076165423095e-03
1.466750383985108819e+00 1.789745322011448026e-03
1.468427273818574630e+00 1.582573264916522626e-03
1.470108002312046080e+00 1.360308955362603224e-03
1.471792582661556104e+00 1.128871562623120660e-03
1.473481028123691416e+00 8.959530286768856329e-04
1.475173352015941353e+00 6.817898879521884763e-04
1.476869567717046916e+00 4.987772812603874289e-04
1.478569688667353610e+00 3.408664650548420198e-04
1.480273728369166264e+00 2.131659624677978665e-04
1.481981700387106970e+00 1.232216705717310823e-04
1.483693618348475241e+00 6.301531022531226857e-05
1.485409495943609492e+00 2.964599249013529834e-05
1.487129346926251872e+00 2.378089717926692344e-05
1.488853185113917732e+00 4.161136979791839362e-05
1.490581024388262232e+00 8.086522067325411698e-05
1.492312878695457590e+00 1.302400539452916472e-04
1.494048762046563450e+00 1.786634475240802601e-04
1.495788688517908360e+00 2.280494757876426535e-04
1.497532672251467467e+00 2.787515368716345391e-04
1.499280727455248874e+00 3.306438726787081449e-04
1.501032868403676668e+00 3.849656188537732646e-04
1.502789109437979942e+00 4.406852591168706058e-04
1.504549464966586036e+00 5.013243028555248787e-04
1.506313949465511781e+00 5.707377417200175254e-04
1.508082577478762509e+00 6.468067679202014813e-04
1.509855363618730850e+00 7.163874456880775596e-04
1.511632322566598186e+00 7.636874747861843076e-04
1.513413469072741879e+00 7.870805134365951123e-04
1.515198817957142063e+00 7.961465999743374275e-04
1.516988384109793087e+00 8.100846883928678605e-04
1.518782182491116739e+00 8.422339972265898908e-04
1.520580228132380585e+00 8.909322400080067284e-04
1.522382536136117182e+00 9.569055244395979504e-04
1.524189121676545966e+00 1.033958172843409259e-03
1.526000000000000023e+00 1.110534775802270342e-03
