5.600000000000000514e-08
5.880000000000000374e-08
5.880000000000001036e-08
5.600000000000000514e-08
5.320000000000000654e-08
5.600000000000000514e-08
5.709715200000002034e-08
5.752286668800001857e-08
5.781625398886403925e-08
5.430721921710493857e-08
5.338841788520914431e-08
6.017345799728781305e-08
6.162277065071251599e-08
5.938311479017763386e-08
6.002305510000094322e-08
5.944580085189664767e-08
5.986965397909189992e-08
5.803543885994742421e-08
5.785087332177834269e-08
5.887387594827534593e-08
6.632911682565803954e-08
5.552446910836151592e-08
6.393403332187951713e-08
5.694168181049544207e-08
5.930970441998372219e-08
5.902430517059949733e-08
5.567041723423630627e-08
5.697575475917259641e-08
5.908849255421759884e-08
5.872750281423606473e-08
5.558911682091196615e-08
5.472141490595729424e-08
5.977207885528337161e-08
5.965177781058204452e-08
5.745029105654842088e-08
5.634295150849675932e-08
5.461818025178709906e-08
5.889305301043546282e-08
5.581469689268266584e-08
5.561762799253061466e-08
5.513496208306689143e-08
5.349239490699834699e-08
5.793692725887112037e-08
5.510428467635418661e-08
5.564818021231632652e-08
5.613346223827084334e-08
5.618546045384610717e-08
5.654930748889338909e-08
5.577101538211082813e-08
5.342524317421342697e-08
5.713789051208867391e-08
5.703376486620986310e-08
5.544248100752175072e-08
5.634416327276266190e-08
5.578609407941094443e-08
5.438424854952967647e-08
5.665344853739643531e-08
5.627198883611661696e-08
5.574133699251472439e-08
5.612585057743852088e-08
5.505402256156438623e-08
5.473680334388750426e-08
5.610287817111669305e-08
5.555811098500283755e-08
5.515364471443476125e-08
5.596899651460128329e-08
5.511229125435778116e-08
5.529267751895259278e-08
5.531607056517389939e-08
5.507239247980032169e-08
5.566698214299329536e-08
5.535688066843552633e-08
5.531311576897112601e-08
5.560200875952748201e-08
5.480987115690696496e-08
5.528894083520579349e-08
5.529251172251170289e-08
5.476143339770492352e-08
5.492910503022783196e-08
5.485659366400698661e-08
5.434917985156346176e-08
5.495139663773497788e-08
5.483624639531917147e-08
5.461131576451241303e-08
5.451666589670777693e-08
5.480763167472747522e-08
5.407383073856566384e-08
5.423275381703871384e-08
5.410871826635383254e-08
5.462990170228927554e-08
5.439903535212230735e-08
5.503594869272202737e-08
5.424271644057173367e-08
5.387959971815518822e-08
5.365718350551706894e-08
5.375691459530733701e-08
5.454934278571893621e-08
5.381395214296057896e-08
5.376319619711947528e-08
5.321317923228878245e-08
5.294992737520265488e-08
5.366312584470308947e-08
5.362524297488828565e-08
5.368401504556555603e-08
5.366467327545472015e-08
5.366809234518070682e-08
5.364968600477569068e-08
5.345507639246238194e-08
5.294229221032535383e-08
5.269978987158728524e-08
5.374972154183325371e-08
5.332813115023799385e-08
5.325768720994190270e-08
5.348930081457275848e-08
5.317052328468392580e-08
5.306104350970819544e-08
5.302554254478070217e-08
5.289903295561763416e-08
5.264156675508881432e-08
5.283508923308056564e-08
5.338979599400928482e-08
5.347317963381224116e-08
5.281727217562984284e-08
5.293501169852509987e-08
5.279657929715960019e-08
5.315817809995769878e-08
5.320228646559702484e-08
5.291658302448209707e-08
5.312668271958956222e-08
5.334584827940437038e-08
5.286937236482634945e-08
5.289990573719448918e-08
5.305219459029877616e-08
5.316821819375075977e-08
5.312887221503547119e-08
5.337197686546396930e-08
5.318279885249613999e-08
5.318428872718386744e-08
5.324680501671256984e-08
5.314960161648575745e-08
5.321262501093664226e-08
5.322278006413874648e-08
5.325148523949758374e-08
5.300090640008994683e-08
5.284446555795419383e-08
5.279710606780285687e-08
5.314789939450902774e-08
5.335866489019601279e-08
5.289755293434379756e-08
5.286360355482312929e-08
5.279839630043113940e-08
5.313648288246243120e-08
5.309519361301472292e-08
5.329202090469972928e-08
5.292273318502518985e-08
5.291030194571254564e-08
5.319764789345671306e-08
5.302077458976269997e-08
5.313744210905772525e-08
5.289465494121046470e-08
5.306713387409162721e-08
5.306119843119109312e-08
5.284075641228435166e-08
5.288571000406430372e-08
5.130225641472633688e-08
5.277300169878427050e-08
5.277748543093761627e-08
5.278884730747594228e-08
5.260238695396054100e-08
5.294752358776495225e-08
5.300589447474968257e-08
5.283855525458693044e-08
5.289180043689141223e-08
5.245653648869305377e-08
5.285019269922599749e-08
5.302509485710554893e-08
5.302379813221504761e-08
5.289059600519215036e-08
5.293257937485294490e-08
5.297721324163984883e-08
5.306890826816490112e-08
5.302763317218333112e-08
5.316565904830561556e-08
5.302865451666791628e-08
5.306215103489520386e-08
