1.126000000000000112e+00 3.147541906422681823e-04
1.126987992296117014e+00 3.569450254443882467e-04
1.127977719913760390e+00 3.412865548194971466e-04
1.128969187428857879e+00 3.237422817444078247e-04
1.129962399433440456e+00 3.451692915361976232e-04
1.130957360535711942e+00 3.574366111054156042e-04
1.131954075360122047e+00 3.796797027440782153e-04
1.132952548547436100e+00 4.205273972078629220e-04
1.133952784754808318e+00 3.743021512188118545e-04
1.134954788655853974e+00 2.799403038506357395e-04
1.135958564940721782e+00 2.884612467565479221e-04
1.136964118316167838e+00 3.143559856326575168e-04
1.137971453505628228e+00 2.693054777425493078e-04
1.138980575249294080e+00 2.539380432572564943e-04
1.139991488304184397e+00 2.626763763394778547e-04
1.141004197444223101e+00 2.412015986751758637e-04
1.142018707460311200e+00 2.333014086885910746e-04
1.143035023160405395e+00 2.303672917157450508e-04
1.144053149369591793e+00 2.213732213678892119e-04
1.145073090930163184e+00 2.674242616126832782e-04
1.146094852701695865e+00 3.247810707051625970e-04
1.147118439561126468e+00 2.869311725046940495e-04
1.148143856402830121e+00 2.159329040571990896e-04
1.149171108138697273e+00 2.109278844197470142e-04
1.150200199698214076e+00 2.144578397223407444e-04
1.151231136028538549e+00 1.829930024493059502e-04
1.152263922094582727e+00 1.612807779177012038e-04
1.153298562879090827e+00 1.503989217161062905e-04
1.154335063382718740e+00 1.345450016260721815e-04
1.155373428624115739e+00 1.235214025631811393e-04
1.156413663640005973e+00 1.055375071310990260e-04
1.157455773485268402e+00 8.156992349886486816e-05
1.158499763233019175e+00 8.541376754771409752e-05
1.159545637974695120e+00 1.064581201281409039e-04
1.160593402820134123e+00 1.019821484690029478e-04
1.161643062897660617e+00 8.347607748372105712e-05
1.162694623354169066e+00 8.180717320246935959e-05
1.163748089355205462e+00 8.604142709055257875e-05
1.164803466085055916e+00 8.129151634315890816e-05
1.165860758746828818e+00 7.539228803284274741e-05
1.166919972562540542e+00 7.265127088793975774e-05
1.167981112773203378e+00 6.986622452834732877e-05
1.169044184638909245e+00 7.929245712508179160e-05
1.170109193438919171e+00 9.906121174357196857e-05
1.171176144471748781e+00 8.893550925663293153e-05
1.172245043055257785e+00 5.309328512981127641e-05
1.173315894526736125e+00 4.008221596341335135e-05
1.174388704242995241e+00 4.379728644262830499e-05
1.175463477580455329e+00 4.123494342021059026e-05
1.176540219935237941e+00 4.231144638203370112e-05
1.177618936723252130e+00 4.633071894017713808e-05
1.178699633380288825e+00 4.680275792096539228e-05
1.179782315362111200e+00 4.763643175063215628e-05
1.180866988144545493e+00 5.009677206975393020e-05
1.181953657223574483e+00 5.705812437447397824e-05
1.183042328115429642e+00 6.578383187033931296e-05
1.184133006356684392e+00 6.882441910975745515e-05
1.185225697504348696e+00 6.589983099931191139e-05
1.186320407135962984e+00 5.705225163423029361e-05
1.187417140849692743e+00 5.295504986489824538e-05
1.188515904264424883e+00 6.582854946039637866e-05
1.189616703019862110e+00 8.560064460571686082e-05
1.190719542776621509e+00 1.036388280293598944e-04
1.191824429216329584e+00 1.233589725964668042e-04
1.192931368041720619e+00 1.511739910578755743e-04
1.194040364976735713e+00 1.961904430091674127e-04
1.195151425766620035e+00 2.451988384742763579e-04
1.196264556178022742e+00 2.547469565874617252e-04
1.197379761999095793e+00 2.075065045095007062e-04
1.198497049039596751e+00 1.546652766212020295e-04
1.199616423130986265e+00 1.447251840517414388e-04
1.200737890126532648e+00 1.633018280818533327e-04
1.201861455901411802e+00 1.882573553557859180e-04
1.202987126352810021e+00 2.137376029117528343e-04
1.204114907400029022e+00 2.424768717756388880e-04
1.205244804984587415e+00 2.740788886528400356e-04
1.206376825070326175e+00 2.887627335315010816e-04
1.207510973643513230e+00 3.008434344863578818e-04
1.208647256712948925e+00 3.242208364357566041e-04
1.209785680310073053e+00 3.242400331506964883e-04
1.210926250489070988e+00 3.028269913239710624e-04
1.212068973326979604e+00 2.783550468956490806e-04
1.213213854923797186e+00 2.522621181197448928e-04
1.214360901402591786e+00 2.405173719398273949e-04
1.215510118909608916e+00 2.321396947018787538e-04
1.216661513614383239e+00 2.193249183906851858e-04
1.217815091709847364e+00 2.343051106245025602e-04
1.218970859412443097e+00 2.911209489982149361e-04
1.220128822962234905e+00 3.736844048609342154e-04
1.221288988623019378e+00 4.749018126749854243e-04
1.222451362682440701e+00 6.083857672661606777e-04
1.223615951452102335e+00 7.609570649273947720e-04
1.224782761267683151e+00 9.001479713759831351e-04
1.225951798489049782e+00 1.010203106356623694e-03
1.227123069500375196e+00 1.050872017471433375e-03
1.228296580710252384e+00 9.950352867731011592e-04
1.229472338551812483e+00 8.659650105887374679e-04
1.230650349482842243e+00 6.943035905863785854e-04
1.231830619985901931e+00 5.137911952599170549e-04
1.233013156568444346e+00 3.515945694555689576e-04
1.234197965762934945e+00 2.544252310216013895e-04
1.235385054126971083e+00 2.787609386978604571e-04
1.236574428243403911e+00 4.265287269040919519e-04
1.237766094720459620e+00 6.570435934190689336e-04
1.238960060191861778e+00 9.014183591543592153e-04
1.240156331316954574e+00 1.120842133331311202e-03
1.241354914780826935e+00 1.293761324757123580e-03
1.242555817294437093e+00 1.355649680709068109e-03
1.243759045594736268e+00 1.309643491199540552e-03
1.244964606444796784e+00 1.203553276402543649e-03
1.246172506633937749e+00 1.068828330006202018e-03
1.247382752977852505e+00 9.626064883790427925e-04
1.248595352318737195e+00 8.749989191049899109e-04
1.249810311525418882e+00 7.868601625679481557e-04
1.251027637493486333e+00 7.413438973676862286e-04
1.252247337145420136e+00 7.339471700622161388e-04
1.253469417430722599e+00 7.519752560732152541e-04
1.254693885326052527e+00 7.912411443024350548e-04
1.255920747835354900e+00 8.187191481659581056e-04
1.257150011989997207e+00 8.247573648288089457e-04
1.258381684848900894e+00 8.489228357830923668e-04
1.259615773498678593e+00 9.298489664107588643e-04
1.260852285053770450e+00 1.007071101126233046e-03
1.262091226656578691e+00 1.039673220173647399e-03
1.263332605477606396e+00 1.096768391768423393e-03
1.264576428715595835e+00 1.191737441933241309e-03
1.265822703597668353e+00 1.303545984148867139e-03
1.267071437379462040e+00 1.424350206815000897e-03
1.268322637345275172e+00 1.539709073272854797e-03
1.269576310808206099e+00 1.663634538839129338e-03
1.270832465110296461e+00 1.753084752588680200e-03
1.272091107622674411e+00 1.765387710675839997e-03
1.273352245745698719e+00 1.718352562021761409e-03
1.274615886909103546e+00 1.595859362117525238e-03
1.275882038572145216e+00 1.402083681447716113e-03
1.277150708223747877e+00 1.167777218482952050e-03
1.278421903382652269e+00 9.260645314766516312e-04
1.279695631597562944e+00 7.167651428211333506e-04
1.280971900447299028e+00 5.470604375598126391e-04
1.282250717540943441e+00 4.382922666544843658e-04
1.283532090517995217e+00 3.948445004854738544e-04
1.284816027048520271e+00 4.273476550606972678e-04
1.286102534833305722e+00 5.556684938493926338e-04
1.287391621604013325e+00 6.701162795893057062e-04
1.288683295123334016e+00 7.329989542846426310e-04
1.289977563185144005e+00 8.633390198284706480e-04
1.291274433614661987e+00 1.090618450391515329e-03
1.292573914268606350e+00 1.397659267869206081e-03
1.293876013035353711e+00 1.767828985107214269e-03
1.295180737835098794e+00 2.143329898135357559e-03
1.296488096620015629e+00 2.494565410273704570e-03
1.297798097374417203e+00 2.822685397531070686e-03
1.299110748114920444e+00 3.187115169414546974e-03
1.300426056890607862e+00 3.671037311128332124e-03
1.301744031783193201e+00 4.226991702565050663e-03
1.303064680907186412e+00 4.719490305170804222e-03
1.304388012410060194e+00 5.187881188348851362e-03
1.305714034472417628e+00 5.908127538084711333e-03
1.307042755308160942e+00 7.129868099270199842e-03
1.308374183164660698e+00 9.013865559333986491e-03
1.309708326322927663e+00 1.170921198958179560e-02
1.311045193097781558e+00 1.520127282068668532e-02
1.312384791838027587e+00 1.935768221688323118e-02
1.313727130926627851e+00 2.412981014688233769e-02
1.315072218780876323e+00 2.945151633324265966e-02
1.316420063852575595e+00 3.520252167379737951e-02
1.317770674628213401e+00 4.134494883505228369e-02
1.319124059629140922e+00 4.781809558461445897e-02
1.320480227411752194e+00 5.465785388412371104e-02
1.321839186567663527e+00 6.229653961035042098e-02
1.323200945723896238e+00 7.109389826273990187e-02
1.324565513543057849e+00 8.099996605480085099e-02
1.325932898723527265e+00 9.192538996166309262e-02
1.327303109999638409e+00 1.037483363135799086e-01
1.328676156141866516e+00 1.162540144957637939e-01
1.330052045957015094e+00 1.290828931366772847e-01
1.331430788288405109e+00 1.417356703158496878e-01
1.332812392016063274e+00 1.539990358464123077e-01
1.334196866056913677e+00 1.656387824161152378e-01
1.335584219364968961e+00 1.762939433627834229e-01
1.336974460931523057e+00 1.860389584084111980e-01
1.338367599785346362e+00 1.952098073524378141e-01
1.339763644992881142e+00 2.046720259586057300e-01
1.341162605658436702e+00 2.153042356981444416e-01
1.342564490924390119e+00 2.267277456601619612e-01
1.343969309971381643e+00 2.383994352646047477e-01
1.345377072018519193e+00 2.498033816342289937e-01
1.346787786323576430e+00 2.600148553323720080e-01
1.348201462183198140e+00 2.690240702983803245e-01
1.349618108933102745e+00 2.762678125920390304e-01
1.351037735948290130e+00 2.806568509205616402e-01
1.352460352643244823e+00 2.836229476209939926e-01
1.353885968472148260e+00 2.859837025234546748e-01
1.355314592929085071e+00 2.860474712243875617e-01
1.356746235548255131e+00 2.845449616116433322e-01
1.358180905904185831e+00 2.841176432379788341e-01
1.359618613611944804e+00 2.853381532438699630e-01
1.361059368327355079e+00 2.873951283734054729e-01
1.362503179747211357e+00 2.891777416459624939e-01
1.363950057609498057e+00 2.896488580908239130e-01
1.365400011693606253e+00 2.883420129035056956e-01
1.366853051820556830e+00 2.849612190378619236e-01
1.368309187853220088e+00 2.795319153501351628e-01
1.369768429696540002e+00 2.722418292628480119e-01
1.371230787297757381e+00 2.630889087700249984e-01
1.372696270646638572e+00 2.523349601937236453e-01
1.374164889775699727e+00 2.403126904035296496e-01
1.375636654760438393e+00 2.276751057658159827e-01
1.377111575719562442e+00 2.157048297914914703e-01
1.378589662815221883e+00 2.050867630380187323e-01
1.380070926253243568e+00 1.954636213953364343e-01
1.381555376283364778e+00 1.860688983270905039e-01
1.383043023199470367e+00 1.763003174113859373e-01
1.384533877339829910e+00 1.660827267713214650e-01
1.386027949087338174e+00 1.553823472625612268e-01
1.387525248869755812e+00 1.441636627773139334e-01
1.389025787159951619e+00 1.327066212969683634e-01
1.390529574476147223e+00 1.211998118840876271e-01
1.392036621382161998e+00 1.097807721119707092e-01
1.393546938487661091e+00 9.858436599580722159e-02
1.395060536448405220e+00 8.765130546039555381e-02
1.396577425966499586e+00 7.722500812971197504e-02
1.398097617790646341e+00 6.752053087294024314e-02
1.399621122716400601e+00 5.865782272198604569e-02
1.401147951586422913e+00 5.071300399866505992e-02
1.402678115290738603e+00 4.349535755207344090e-02
1.404211624766996236e+00 3.696832879523932053e-02
1.405748491000727851e+00 3.117308721735960117e-02
1.407288725025611198e+00 2.595259819119335315e-02
1.408832337923734634e+00 2.142414445923613436e-02
1.410379340825861805e+00 1.769223128488857030e-02
1.411929744911700313e+00 1.459271759874940233e-02
1.413483561410169731e+00 1.211617654056908883e-02
1.415040801599673825e+00 1.023010108979085370e-02
1.416601476808373228e+00 8.812791223489352399e-03
1.418165598414459661e+00 7.859076036262768392e-03
1.419733177846432826e+00 7.348349233129354043e-03
1.421304226583378183e+00 7.265949315855242847e-03
1.422878756155248059e+00 7.611147709167793464e-03
1.424456778143142976e+00 8.281435050831714023e-03
1.426038304179596539e+00 9.161581800107627960e-03
1.427623345948860090e+00 1.019511186603357274e-02
1.429211915187190263e+00 1.128720159823937835e-02
1.430804023683140525e+00 1.227971080738665677e-02
1.432399683277851388e+00 1.308991910994446346e-02
1.433998905865343287e+00 1.373559282544963185e-02
1.435601703392814343e+00 1.427999278714954350e-02
1.437208087860935457e+00 1.480319019204833116e-02
1.438818071324151404e+00 1.527477594157716431e-02
1.440431665890981705e+00 1.560862606590513943e-02
1.442048883724324604e+00 1.579968378245243110e-02
1.443669737041762158e+00 1.582328821950760786e-02
1.445294238115867769e+00 1.563341545847569611e-02
1.446922399274517490e+00 1.525164291048029287e-02
1.448554232901199557e+00 1.471116154531725354e-02
1.450189751435329688e+00 1.401743244296392576e-02
1.451828967372567725e+00 1.317319437313657811e-02
1.453471893265134263e+00 1.219894721016742678e-02
1.455118541722132175e+00 1.113049566252962731e-02
1.456768925409868798e+00 1.001371104119816967e-02
1.458423057052181004e+00 8.912112217596813643e-03
1.460080949430762276e+00 7.888058250795734749e-03
1.461742615385490884e+00 6.957068510522371185e-03
1.463408067814762958e+00 6.091993489923584748e-03
1.465077319675824219e+00 5.316323766235257937e-03
1.466750383985108819e+00 4.700705963607510092e-03
1.468427273818574630e+00 4.247876450569031993e-03
1.470108002312046080e+00 3.899217595019421282e-03
1.471792582661556104e+00 3.585609414009262221e-03
1.473481028123691416e+00 3.267552608425079805e-03
1.475173352015941353e+00 3.000082631664009129e-03
1.476869567717046916e+00 2.857361469454942904e-03
1.478569688667353610e+00 2.833868809115350478e-03
1.480273728369166264e+00 2.913718760155822440e-03
1.481981700387106970e+00 3.106389660990076674e-03
1.483693618348475241e+00 3.358548443852894371e-03
1.485409495943609492e+00 3.575442281723210589e-03
1.487129346926251872e+00 3.709132759906741666e-03
1.488853185113917732e+00 3.709720426167367573e-03
1.490581024388262232e+00 3.551561042140977727e-03
1.492312878695457590e+00 3.319268835150360544e-03
1.494048762046563450e+00 3.094983341760355628e-03
1.495788688517908360e+00 2.897980507319829029e-03
1.497532672251467467e+00 2.731092889251396112e-03
1.499280727455248874e+00 2.563634380693484080e-03
1.501032868403676668e+00 2.377420913504765636e-03
1.502789109437979942e+00 2.180845309683827459e-03
1.504549464966586036e+00 1.959254884635522505e-03
1.506313949465511781e+00 1.706878441695066804e-03
1.508082577478762509e+00 1.435485237840767063e-03
1.509855363618730850e+00 1.164145698769982092e-03
1.511632322566598186e+00 9.253861901552068404e-04
1.513413469072741879e+00 7.304139087557693808e-04
1.515198817957142063e+00 5.683844995224341702e-04
1.516988384109793087e+00 4.324697478410083535e-04
1.518782182491116739e+00 3.190625864411601753e-04
1.520580228132380585e+00 2.262607455088330168e-04
1.522382536136117182e+00 1.529431336785368298e-04
1.524189121676545966e+00 9.789466043139100722e-05
1.526000000000000023e+00 6.117224438428454068e-05
