3.268941348290003209e-03
7.490694361464484211e-03
2.866995387984131154e-03
5.210281525881569828e-03
5.613882139829802845e-03
2.712301004624925304e-03
7.973454120744363771e-03
1.065503282940630063e-02
1.421932218117907126e-02
1.643740533507211110e-02
2.310094705597677892e-02
5.197855533103852566e-02
8.915556656426357196e-02
1.046607160387703211e-01
1.239125015559297549e-01
1.299592260076429251e-01
1.048994959293906154e-01
1.528653659323485903e-01
1.264679590564603551e-01
7.217346032374923059e-02
1.084628844464918286e-02
6.533318882396457750e-02
2.721913197307399349e-02
1.096343320624117851e-01
2.617686871648267771e-02
1.005850524839205090e-01
1.303673348475196392e-01
1.288607704482458427e-01
1.196105585967069257e-01
1.391474238402063135e-01
1.716144065080918990e-01
1.439495271531995302e-01
1.292678118886595173e-01
8.596958681764697852e-02
1.519527685331101829e-01
1.616791178391600581e-01
5.898840703760008242e-02
1.464815602841948450e-01
1.631666427306044109e-01
1.821595204282814295e-01
1.760541857593944104e-01
1.507215591707281588e-01
1.654479483662901762e-01
1.734828130598566609e-01
1.795267039382360541e-01
1.927484051026033818e-01
1.811942162866002071e-01
1.493924146839489819e-01
1.890569787917981692e-01
1.574472522868865798e-01
1.786108094350908060e-01
1.521435508364981926e-01
1.908541463022333518e-01
1.511535651252098322e-01
1.923410220020828898e-01
1.841666182076776292e-01
1.874300466751366578e-01
1.744693504963574227e-01
1.908261466904589976e-01
1.878529709781765478e-01
2.062041838466960875e-01
2.060417351973054256e-01
1.812648112221146579e-01
1.982635676485753062e-01
1.586582569931393460e-01
2.004275339666241884e-01
1.950518064140607244e-01
2.011996714265108233e-01
2.007935418146957196e-01
1.537120896872809228e-01
1.988492235316410561e-01
2.092752847703332753e-01
2.104584097670105791e-01
1.997242019975365157e-01
2.027881071852590256e-01
1.976476855210115291e-01
2.035019417259283647e-01
2.071047848136901015e-01
2.096360883142615317e-01
2.087729884422317439e-01
2.128341977948981223e-01
2.051149673217277369e-01
2.085486939318984823e-01
2.157250335756520365e-01
2.160693136972313411e-01
2.123433267823292003e-01
2.109472674528457270e-01
2.187838213344810989e-01
2.208854121211463739e-01
2.001197515055725962e-01
2.156974672615527000e-01
2.146877706816382181e-01
2.134771492927040604e-01
2.216026352657199383e-01
2.167842537938820535e-01
2.170806966291109752e-01
2.111686423022343662e-01
2.185729067195255615e-01
2.200279150334557288e-01
2.215790734493274239e-01
2.210089141993450967e-01
2.229572145555611395e-01
2.197438704214499661e-01
2.212974234544653473e-01
2.192842506677125936e-01
2.249289379276606105e-01
2.253634141524175905e-01
2.218438213775424661e-01
2.253344296561118620e-01
2.243841884020756905e-01
2.235122175262887478e-01
2.245926923332811909e-01
2.234212519445749612e-01
2.254261586577448462e-01
2.280550519946627219e-01
2.275837163916758499e-01
2.236746499526360843e-01
2.219855280556242982e-01
2.261749920605002906e-01
2.267194966035316894e-01
2.264201504139264076e-01
2.252976666546225859e-01
2.257428588218063914e-01
2.259394963370807419e-01
2.283557606736064116e-01
2.279084416546655611e-01
2.275498653899162282e-01
2.235312394496503374e-01
2.266629841036302551e-01
2.268871840493132674e-01
2.283237655233630869e-01
2.271713182652939644e-01
2.246161989067585185e-01
2.288456861671625264e-01
2.292558489249235110e-01
2.292350401697358653e-01
2.285397061266751517e-01
2.264001687297853838e-01
2.253122958574860224e-01
2.291192478212971395e-01
2.289281247620784387e-01
2.297335437489012033e-01
2.270519435873511738e-01
2.307265369758080553e-01
2.284252780547901540e-01
2.295438902030634831e-01
2.296902151354386357e-01
2.270564511229556381e-01
2.302414184560891697e-01
2.309519381402719007e-01
2.306468730087695151e-01
2.294083829877865688e-01
2.308595653267963288e-01
2.293098686282895871e-01
2.291824334294074728e-01
2.308038851757772403e-01
2.301313763170703963e-01
2.297710106232033755e-01
2.291705238946718237e-01
2.290079305484859773e-01
2.275448783438729083e-01
2.287656193188949694e-01
2.293697066116129057e-01
2.303964952189624937e-01
2.304753632120990769e-01
2.306567985653640296e-01
2.307204182183586194e-01
2.292507830250211653e-01
2.303624625384325109e-01
2.303286168036056403e-01
2.306562308668560490e-01
2.304572314021124113e-01
2.291380433398777228e-01
2.302604392219458895e-01
2.291401335986110455e-01
2.299585191161308828e-01
2.306390129859114957e-01
2.299392022608877095e-01
2.288811548822405617e-01
2.293309365245273235e-01
2.299603297420831083e-01
2.294501406291256929e-01
2.288412285665034629e-01
2.282526801334467115e-01
2.300708061808752203e-01
