1.126000000000000112e+00 4.607185713184108094e-04
1.126987992296117014e+00 4.581457142072159635e-04
1.127977719913760390e+00 4.486376882426300903e-04
1.128969187428857879e+00 4.324406648204112062e-04
1.129962399433440456e+00 4.121659630650926077e-04
1.130957360535711942e+00 3.919258898556393688e-04
1.131954075360122047e+00 3.758535503669089423e-04
1.132952548547436100e+00 3.665781108242785729e-04
1.133952784754808318e+00 3.642439963193577876e-04
1.134954788655853974e+00 3.664472183294559108e-04
1.135958564940721782e+00 3.691045311520343921e-04
1.136964118316167838e+00 3.679152528122911383e-04
1.137971453505628228e+00 3.598602349396063304e-04
1.138980575249294080e+00 3.441868658505454104e-04
1.139991488304184397e+00 3.225435825533337023e-04
1.141004197444223101e+00 2.982608010331557749e-04
1.142018707460311200e+00 2.750934360816364760e-04
1.143035023160405395e+00 2.559211639228343906e-04
1.144053149369591793e+00 2.418837686136695924e-04
1.145073090930163184e+00 2.322293306464839359e-04
1.146094852701695865e+00 2.248615928746298162e-04
1.147118439561126468e+00 2.173092982599638214e-04
1.148143856402830121e+00 2.077056581381536531e-04
1.149171108138697273e+00 1.954034461526751333e-04
1.150200199698214076e+00 1.810320717586817577e-04
1.151231136028538549e+00 1.660436164692733569e-04
1.152263922094582727e+00 1.519937759004813494e-04
1.153298562879090827e+00 1.398841533095501451e-04
1.154335063382718740e+00 1.298317438605263549e-04
1.155373428624115739e+00 1.211666253121247103e-04
1.156413663640005973e+00 1.128669169806381634e-04
1.157455773485268402e+00 1.041036282075199012e-04
1.158499763233019175e+00 9.464052128688242279e-05
1.159545637974695120e+00 8.491925170940505994e-05
1.160593402820134123e+00 7.581325158967838545e-05
1.161643062897660617e+00 6.818403817384740737e-05
1.162694623354169066e+00 6.245526089170587360e-05
1.163748089355205462e+00 5.840077034309295472e-05
1.164803466085055916e+00 5.523704597738093961e-05
1.165860758746828818e+00 5.196884846293294263e-05
1.166919972562540542e+00 4.782468948657928233e-05
1.167981112773203378e+00 4.258449401449102158e-05
1.169044184638909245e+00 3.665765323900914120e-05
1.170109193438919171e+00 3.088682090048953385e-05
1.171176144471748781e+00 2.617630896897223789e-05
1.172245043055257785e+00 2.311810508153435656e-05
1.173315894526736125e+00 2.178189775127994585e-05
1.174388704242995241e+00 2.175402594054863433e-05
1.175463477580455329e+00 2.239342937083860433e-05
1.176540219935237941e+00 2.317465684025103891e-05
1.177618936723252130e+00 2.395292711322817905e-05
1.178699633380288825e+00 2.502856697444840676e-05
1.179782315362111200e+00 2.698670541823256419e-05
1.180866988144545493e+00 3.039629136248190631e-05
1.181953657223574483e+00 3.551980742469146161e-05
1.183042328115429642e+00 4.218012021426796251e-05
1.184133006356684392e+00 4.985586824842314617e-05
1.185225697504348696e+00 5.796635838405830399e-05
1.186320407135962984e+00 6.621265405405404923e-05
1.187417140849692743e+00 7.480815307018328438e-05
1.188515904264424883e+00 8.447670906821767042e-05
1.189616703019862110e+00 9.620057591309532372e-05
1.190719542776621509e+00 1.108175252232849008e-04
1.191824429216329584e+00 1.286427323887928340e-04
1.192931368041720619e+00 1.492901929896091047e-04
1.194040364976735713e+00 1.717885873460119712e-04
1.195151425766620035e+00 1.949615701330470344e-04
1.196264556178022742e+00 2.179274209651273155e-04
1.197379761999095793e+00 2.405193447126284154e-04
1.198497049039596751e+00 2.634600346534841041e-04
1.199616423130986265e+00 2.882284416805799875e-04
1.200737890126532648e+00 3.166861667701567087e-04
1.201861455901411802e+00 3.506265115842102024e-04
1.202987126352810021e+00 3.914267200672951266e-04
1.204114907400029022e+00 4.399147974905365699e-04
1.205244804984587415e+00 4.964355612538267661e-04
1.206376825070326175e+00 5.609928076987331577e-04
1.207510973643513230e+00 6.333143760967998095e-04
1.208647256712948925e+00 7.126297763340985660e-04
1.209785680310073053e+00 7.972620209904899159e-04
1.210926250489070988e+00 8.841618534739073857e-04
1.212068973326979604e+00 9.686836598390610167e-04
1.213213854923797186e+00 1.044890660428285335e-03
1.214360901402591786e+00 1.106533353562375813e-03
1.215510118909608916e+00 1.148597095754469791e-03
1.216661513614383239e+00 1.169049423291632344e-03
1.217815091709847364e+00 1.170242290738422210e-03
1.218970859412443097e+00 1.159423597156031141e-03
1.220128822962234905e+00 1.148012131584899564e-03
1.221288988623019378e+00 1.149641629479748782e-03
1.222451362682440701e+00 1.177372014718756693e-03
1.223615951452102335e+00 1.240763492467832118e-03
1.224782761267683151e+00 1.343600974676320689e-03
1.225951798489049782e+00 1.482898511538691686e-03
1.227123069500375196e+00 1.649448524985260532e-03
1.228296580710252384e+00 1.829725715142410062e-03
1.229472338551812483e+00 2.008562486578450469e-03
1.230650349482842243e+00 2.171815299727606566e-03
1.231830619985901931e+00 2.308307113065062848e-03
1.233013156568444346e+00 2.410636378846118394e-03
1.234197965762934945e+00 2.474879448633149001e-03
1.235385054126971083e+00 2.499623790091440485e-03
1.236574428243403911e+00 2.485002520149093980e-03
1.237766094720459620e+00 2.432363533184357229e-03
1.238960060191861778e+00 2.344899722518978789e-03
1.240156331316954574e+00 2.229089503552900836e-03
1.241354914780826935e+00 2.096318224657963900e-03
1.242555817294437093e+00 1.963757333669340424e-03
1.243759045594736268e+00 1.853610264498096929e-03
1.244964606444796784e+00 1.790234797971083014e-03
1.246172506633937749e+00 1.795340008349071955e-03
1.247382752977852505e+00 1.882237817417241679e-03
1.248595352318737195e+00 2.050746342115675191e-03
1.249810311525418882e+00 2.284547683007025123e-03
1.251027637493486333e+00 2.552443937585962587e-03
1.252247337145420136e+00 2.814039496911105529e-03
1.253469417430722599e+00 3.029097858899609547e-03
1.254693885326052527e+00 3.168525144378349281e-03
1.255920747835354900e+00 3.224037390907502458e-03
1.257150011989997207e+00 3.213436990903152570e-03
1.258381684848900894e+00 3.179234451387467301e-03
1.259615773498678593e+00 3.180009204810512434e-03
1.260852285053770450e+00 3.276020163720698604e-03
1.262091226656578691e+00 3.512552198769653897e-03
1.263332605477606396e+00 3.905667809769961842e-03
1.264576428715595835e+00 4.434931209790066858e-03
1.265822703597668353e+00 5.046138845401094974e-03
1.267071437379462040e+00 5.664426658815818923e-03
1.268322637345275172e+00 6.215039366593209241e-03
1.269576310808206099e+00 6.646474613976355306e-03
1.270832465110296461e+00 6.949527608292926061e-03
1.272091107622674411e+00 7.166469659206915581e-03
1.273352245745698719e+00 7.387132821795355971e-03
1.274615886909103546e+00 7.732369011991544264e-03
1.275882038572145216e+00 8.329096283560977892e-03
1.277150708223747877e+00 9.283735638851492097e-03
1.278421903382652269e+00 1.066139117864925781e-02
1.279695631597562944e+00 1.247639067638375843e-02
1.280971900447299028e+00 1.469630842596475993e-02
1.282250717540943441e+00 1.725749108933342935e-02
1.283532090517995217e+00 2.008680243069920976e-02
1.284816027048520271e+00 2.312294843036024131e-02
1.286102534833305722e+00 2.633180828931729056e-02
1.287391621604013325e+00 2.971325029448490876e-02
1.288683295123334016e+00 3.330074311685759375e-02
1.289977563185144005e+00 3.715811202690367382e-02
1.291274433614661987e+00 4.137869981599315988e-02
1.292573914268606350e+00 4.609042442588774657e-02
1.293876013035353711e+00 5.146630743094864069e-02
1.295180737835098794e+00 5.773547880455820458e-02
1.296488096620015629e+00 6.518646505402617142e-02
1.297798097374417203e+00 7.415417503981178160e-02
1.299110748114920444e+00 8.498556004056113944e-02
1.300426056890607862e+00 9.798602589813611152e-02
1.301744031783193201e+00 1.133555274341499775e-01
1.303064680907186412e+00 1.311299551781510697e-01
1.304388012410060194e+00 1.511451796330665065e-01
1.305714034472417628e+00 1.730375711242976289e-01
1.307042755308160942e+00 1.962861357927069561e-01
1.308374183164660698e+00 2.202898606051609254e-01
1.309708326322927663e+00 2.444629155292115386e-01
1.311045193097781558e+00 2.683236401220444045e-01
1.312384791838027587e+00 2.915532874347984693e-01
1.313727130926627851e+00 3.140078325911022650e-01
1.315072218780876323e+00 3.356789668098239532e-01
1.316420063852575595e+00 3.566150104712912383e-01
1.317770674628213401e+00 3.768244574826253301e-01
1.319124059629140922e+00 3.961904353044074512e-01
1.320480227411752194e+00 4.144216640259376638e-01
1.321839186567663527e+00 4.310552112297190708e-01
1.323200945723896238e+00 4.455115283525177272e-01
1.324565513543057849e+00 4.571873931944439584e-01
1.325932898723527265e+00 4.655619325961449229e-01
1.327303109999638409e+00 4.702878879751419272e-01
1.328676156141866516e+00 4.712453760691991400e-01
1.330052045957015094e+00 4.685467349334009324e-01
1.331430788288405109e+00 4.624949385510466748e-01
1.332812392016063274e+00 4.535102318237271835e-01
1.334196866056913677e+00 4.420466032757502384e-01
1.335584219364968961e+00 4.285198588796280683e-01
1.336974460931523057e+00 4.132630178474488436e-01
1.338367599785346362e+00 3.965150175810574495e-01
1.339763644992881142e+00 3.784386814015270883e-01
1.341162605658436702e+00 3.591566599714277053e-01
1.342564490924390119e+00 3.387914076775966343e-01
1.343969309971381643e+00 3.174972571611691663e-01
1.345377072018519193e+00 2.954778174163869564e-01
1.346787786323576430e+00 2.729879204429753181e-01
1.348201462183198140e+00 2.503239600730927106e-01
1.349618108933102745e+00 2.278083832470940984e-01
1.351037735948290130e+00 2.057732522647348905e-01
1.352460352643244823e+00 1.845452476171237366e-01
1.353885968472148260e+00 1.644318105217823789e-01
1.355314592929085071e+00 1.457067237252094860e-01
1.356746235548255131e+00 1.285939153504236931e-01
1.358180905904185831e+00 1.132502774575653293e-01
1.359618613611944804e+00 9.975069452542358051e-02
1.361059368327355079e+00 8.807993579348047386e-02
1.362503179747211357e+00 7.813563579315181695e-02
1.363950057609498057e+00 6.974415305650025210e-02
1.365400011693606253e+00 6.268743707159409040e-02
1.366853051820556830e+00 5.673550959977542718e-02
1.368309187853220088e+00 5.167716441905415709e-02
1.369768429696540002e+00 4.734185061745806167e-02
1.371230787297757381e+00 4.360837816248983728e-02
1.372696270646638572e+00 4.040014144716513877e-02
1.374164889775699727e+00 3.767055206964099734e-02
1.375636654760438393e+00 3.538490757067924014e-02
1.377111575719562442e+00 3.350517880763826534e-02
1.378589662815221883e+00 3.198222911675155378e-02
1.380070926253243568e+00 3.075665679116292017e-02
1.381555376283364778e+00 2.976610146269579801e-02
1.383043023199470367e+00 2.895471804421731118e-02
1.384533877339829910e+00 2.828028964441154508e-02
1.386027949087338174e+00 2.771602811416117723e-02
1.387525248869755812e+00 2.724670456869763419e-02
1.389025787159951619e+00 2.686123025827764910e-02
1.390529574476147223e+00 2.654517241554874007e-02
1.392036621382161998e+00 2.627646789151331236e-02
1.393546938487661091e+00 2.602600010512059331e-02
1.395060536448405220e+00 2.576249651077726355e-02
1.396577425966499586e+00 2.545935478612530722e-02
1.398097617790646341e+00 2.510027915049297537e-02
1.399621122716400601e+00 2.468125329908037874e-02
1.401147951586422913e+00 2.420805249131085732e-02
1.402678115290738603e+00 2.369047468758926980e-02
1.404211624766996236e+00 2.313568851331190140e-02
1.405748491000727851e+00 2.254370094733655974e-02
1.407288725025611198e+00 2.190664333969711414e-02
1.408832337923734634e+00 2.121204882172716619e-02
1.410379340825861805e+00 2.044861820011660905e-02
1.411929744911700313e+00 1.961195409187765221e-02
1.413483561410169731e+00 1.870786114112090934e-02
1.415040801599673825e+00 1.775192031272548182e-02
1.416601476808373228e+00 1.676564605487096404e-02
1.418165598414459661e+00 1.577093096037621503e-02
1.419733177846432826e+00 1.478509419111546236e-02
1.421304226583378183e+00 1.381845520566276318e-02
1.422878756155248059e+00 1.287516777389605648e-02
1.424456778143142976e+00 1.195661283354018667e-02
1.426038304179596539e+00 1.106558743365458619e-02
1.427623345948860090e+00 1.020927861042092953e-02
1.429211915187190263e+00 9.399646463113836559e-03
1.430804023683140525e+00 8.651048291048802838e-03
1.432399683277851388e+00 7.976170112214799393e-03
1.433998905865343287e+00 7.382057806232382967e-03
1.435601703392814343e+00 6.867962136826449501e-03
1.437208087860935457e+00 6.425892947784034304e-03
1.438818071324151404e+00 6.043598672049324896e-03
1.440431665890981705e+00 5.708670470882725931e-03
1.442048883724324604e+00 5.412049111294642278e-03
1.443669737041762158e+00 5.149546946782330124e-03
1.445294238115867769e+00 4.920914148413745894e-03
1.446922399274517490e+00 4.727058800303376648e-03
1.448554232901199557e+00 4.566800385558529747e-03
1.450189751435329688e+00 4.434673813807201402e-03
1.451828967372567725e+00 4.320771613918782290e-03
1.453471893265134263e+00 4.212672046906664955e-03
1.455118541722132175e+00 4.098576714361291951e-03
1.456768925409868798e+00 3.970276022019609240e-03
1.458423057052181004e+00 3.824679883236313180e-03
1.460080949430762276e+00 3.663319155462140941e-03
1.461742615385490884e+00 3.490128130031795121e-03
1.463408067814762958e+00 3.308555869633939429e-03
1.465077319675824219e+00 3.119308779876979725e-03
1.466750383985108819e+00 2.919706092476108145e-03
1.468427273818574630e+00 2.704896059962348057e-03
1.470108002312046080e+00 2.470368743477306759e-03
1.471792582661556104e+00 2.214665289932510502e-03
1.473481028123691416e+00 1.941140598789422829e-03
1.475173352015941353e+00 1.658077979270395014e-03
1.476869567717046916e+00 1.377162354505756265e-03
1.478569688667353610e+00 1.110971683634337168e-03
1.480273728369166264e+00 8.704684458380293650e-04
1.481981700387106970e+00 6.633529638968667028e-04
1.483693618348475241e+00 4.936708828198906312e-04
1.485409495943609492e+00 3.624901326580435472e-04
1.487129346926251872e+00 2.690491266184486278e-04
1.488853185113917732e+00 2.117010533230490315e-04
1.490581024388262232e+00 1.882399789949404649e-04
1.492312878695457590e+00 1.956320098454675401e-04
1.494048762046563450e+00 2.295522754613610783e-04
1.495788688517908360e+00 2.842527133840362262e-04
1.497532672251467467e+00 3.531003832678330698e-04
1.499280727455248874e+00 4.297360908919863271e-04
1.501032868403676668e+00 5.094182657164912165e-04
1.502789109437979942e+00 5.899450006516178966e-04
1.504549464966586036e+00 6.716881049455031717e-04
1.506313949465511781e+00 7.566677323559986915e-04
1.508082577478762509e+00 8.470533373922560158e-04
1.509855363618730850e+00 9.437666171405986780e-04
1.511632322566598186e+00 1.045831039053480823e-03
1.513413469072741879e+00 1.150762321131805011e-03
1.515198817957142063e+00 1.255786368662065774e-03
1.516988384109793087e+00 1.359252247079270051e-03
1.518782182491116739e+00 1.461490139557703903e-03
1.520580228132380585e+00 1.564619551120728430e-03
1.522382536136117182e+00 1.671331109058790719e-03
1.524189121676545966e+00 1.783200839476662206e-03
1.526000000000000023e+00 1.899383060116348462e-03
