1.126000000000000112e+00 4.775271820730283092e-04
1.126987992296117014e+00 4.592112465268565510e-04
1.127977719913760390e+00 4.414261876434653529e-04
1.128969187428857879e+00 4.271744792729003921e-04
1.129962399433440456e+00 4.178611643436456829e-04
1.130957360535711942e+00 4.130705138644112824e-04
1.131954075360122047e+00 4.109505843772590268e-04
1.132952548547436100e+00 4.090119372638752670e-04
1.133952784754808318e+00 4.050261061974066708e-04
1.134954788655853974e+00 3.977073548119047027e-04
1.135958564940721782e+00 3.869695051670457553e-04
1.136964118316167838e+00 3.737215602903748413e-04
1.137971453505628228e+00 3.593354420470917625e-04
1.138980575249294080e+00 3.450255492163042145e-04
1.139991488304184397e+00 3.313888639497677437e-04
1.141004197444223101e+00 3.182694834633596087e-04
1.142018707460311200e+00 3.049706316809389496e-04
1.143035023160405395e+00 2.906970836045372187e-04
1.144053149369591793e+00 2.750250118339774594e-04
1.145073090930163184e+00 2.581949417332390266e-04
1.146094852701695865e+00 2.411035394336302773e-04
1.147118439561126468e+00 2.249969833204188904e-04
1.148143856402830121e+00 2.109914027212644579e-04
1.149171108138697273e+00 1.996162966954831040e-04
1.150200199698214076e+00 1.905685233880675142e-04
1.151231136028538549e+00 1.827820053634851951e-04
1.152263922094582727e+00 1.747948461166639092e-04
1.153298562879090827e+00 1.652793747473126095e-04
1.154335063382718740e+00 1.535364473225380485e-04
1.155373428624115739e+00 1.397673641997111932e-04
1.156413663640005973e+00 1.250199039863794084e-04
1.157455773485268402e+00 1.108271351383278703e-04
1.158499763233019175e+00 9.867224819024752167e-05
1.159545637974695120e+00 8.947635052591776210e-05
1.160593402820134123e+00 8.329536346317086405e-05
1.161643062897660617e+00 7.933174770965467930e-05
1.162694623354169066e+00 7.624807501428131865e-05
1.163748089355205462e+00 7.265802250949678380e-05
1.164803466085055916e+00 6.760838698236499677e-05
1.165860758746828818e+00 6.087580391613074313e-05
1.166919972562540542e+00 5.297850555549368144e-05
1.167981112773203378e+00 4.491555136763200449e-05
1.169044184638909245e+00 3.774928504903427674e-05
1.170109193438919171e+00 3.220145807551279586e-05
1.171176144471748781e+00 2.841956356689547217e-05
1.172245043055257785e+00 2.599489074530998242e-05
1.173315894526736125e+00 2.420906102448893037e-05
1.174388704242995241e+00 2.239392401476238310e-05
1.175463477580455329e+00 2.024736768188740621e-05
1.176540219935237941e+00 1.797109554592095522e-05
1.177618936723252130e+00 1.617524121204077589e-05
1.178699633380288825e+00 1.559586675060047682e-05
1.179782315362111200e+00 1.675278340053914649e-05
1.180866988144545493e+00 1.970246564765959328e-05
1.181953657223574483e+00 2.400180777414002973e-05
1.183042328115429642e+00 2.890826137165354310e-05
1.184133006356684392e+00 3.373754305360453199e-05
1.185225697504348696e+00 3.822582142405264543e-05
1.186320407135962984e+00 4.273224284346239046e-05
1.187417140849692743e+00 4.817760484894641697e-05
1.188515904264424883e+00 5.572391476097108811e-05
1.189616703019862110e+00 6.631351757664068539e-05
1.190719542776621509e+00 8.025695071348371284e-05
1.191824429216329584e+00 9.705285873767812625e-05
1.192931368041720619e+00 1.155387195825226005e-04
1.194040364976735713e+00 1.343384963610787177e-04
1.195151425766620035e+00 1.524455966386288510e-04
1.196264556178022742e+00 1.697110887039416142e-04
1.197379761999095793e+00 1.870311140418579802e-04
1.198497049039596751e+00 2.061403511142953276e-04
1.199616423130986265e+00 2.290788992284238646e-04
1.200737890126532648e+00 2.575432709946037075e-04
1.201861455901411802e+00 2.923952645644904680e-04
1.202987126352810021e+00 3.335506437254213865e-04
1.204114907400029022e+00 3.803137099692685042e-04
1.205244804984587415e+00 4.320173042537793777e-04
1.206376825070326175e+00 4.886687777848232458e-04
1.207510973643513230e+00 5.512685767981612573e-04
1.208647256712948925e+00 6.214673799099274150e-04
1.209785680310073053e+00 7.006272208002300951e-04
1.210926250489070988e+00 7.885128453131575810e-04
1.212068973326979604e+00 8.821232696596447223e-04
1.213213854923797186e+00 9.752338148179739898e-04
1.214360901402591786e+00 1.059067878562434733e-03
1.215510118909608916e+00 1.124170040015626303e-03
1.216661513614383239e+00 1.163110475587914505e-03
1.217815091709847364e+00 1.173268229136942373e-03
1.218970859412443097e+00 1.158769099540336509e-03
1.220128822962234905e+00 1.130785294348662885e-03
1.221288988623019378e+00 1.105830773733384141e-03
1.222451362682440701e+00 1.102292266229284654e-03
1.223615951452102335e+00 1.136028358588844897e-03
1.224782761267683151e+00 1.216241116933452354e-03
1.225951798489049782e+00 1.342829612402979050e-03
1.227123069500375196e+00 1.506043696997695332e-03
1.228296580710252384e+00 1.688578041668690457e-03
1.229472338551812483e+00 1.869497642907447243e-03
1.230650349482842243e+00 2.028820944765137840e-03
1.231830619985901931e+00 2.151407685523215162e-03
1.233013156568444346e+00 2.229079560060982963e-03
1.234197965762934945e+00 2.260554108467122125e-03
1.235385054126971083e+00 2.249567619148561039e-03
1.236574428243403911e+00 2.202209490447357750e-03
1.237766094720459620e+00 2.124737957528023691e-03
1.238960060191861778e+00 2.022883013375578482e-03
1.240156331316954574e+00 1.902944732668137694e-03
1.241354914780826935e+00 1.774117021434307639e-03
1.242555817294437093e+00 1.650753271514797654e-03
1.243759045594736268e+00 1.553054128096616974e-03
1.244964606444796784e+00 1.505054943620439409e-03
1.246172506633937749e+00 1.529745541302230142e-03
1.247382752977852505e+00 1.642363842383473506e-03
1.248595352318737195e+00 1.843926820892194353e-03
1.249810311525418882e+00 2.117470456370386996e-03
1.251027637493486333e+00 2.429013906511495909e-03
1.252247337145420136e+00 2.733979998288583839e-03
1.253469417430722599e+00 2.988040277353727625e-03
1.254693885326052527e+00 3.159671430334302662e-03
1.255920747835354900e+00 3.240713487275974445e-03
1.257150011989997207e+00 3.251341621405523866e-03
1.258381684848900894e+00 3.237196405959182413e-03
1.259615773498678593e+00 3.258650686618008198e-03
1.260852285053770450e+00 3.374676816468405102e-03
1.262091226656578691e+00 3.625721929512322299e-03
1.263332605477606396e+00 4.020717634858955378e-03
1.264576428715595835e+00 4.532509662370904323e-03
1.265822703597668353e+00 5.103745483356753737e-03
1.267071437379462040e+00 5.662226703081796146e-03
1.268322637345275172e+00 6.141834138563073871e-03
1.269576310808206099e+00 6.503289856364072308e-03
1.270832465110296461e+00 6.748857307833424149e-03
1.272091107622674411e+00 6.926705820714532807e-03
1.273352245745698719e+00 7.123613398443869905e-03
1.274615886909103546e+00 7.448047665153962466e-03
1.275882038572145216e+00 8.008393474707746137e-03
1.277150708223747877e+00 8.892328933560312079e-03
1.278421903382652269e+00 1.015271965512341661e-02
1.279695631597562944e+00 1.180315484914695040e-02
1.280971900447299028e+00 1.382318134173658210e-02
1.282250717540943441e+00 1.617046894081601571e-02
1.283532090517995217e+00 1.879553001253425615e-02
1.284816027048520271e+00 2.165473865381723276e-02
1.286102534833305722e+00 2.471912631981001279e-02
1.287391621604013325e+00 2.797902990870146378e-02
1.288683295123334016e+00 3.144703226788984896e-02
1.289977563185144005e+00 3.516270271410967124e-02
1.291274433614661987e+00 3.920181030859717919e-02
1.292573914268606350e+00 4.369006750608648432e-02
1.293876013035353711e+00 4.881794048963081917e-02
1.295180737835098794e+00 5.485000650369799974e-02
1.296488096620015629e+00 6.212119850278892408e-02
1.297798097374417203e+00 7.101373981328315543e-02
1.299110748114920444e+00 8.191297543856589092e-02
1.300426056890607862e+00 9.514705332510521585e-02
1.301744031783193201e+00 1.109208469091770566e-01
1.303064680907186412e+00 1.292592359936846347e-01
1.304388012410060194e+00 1.499751171339122058e-01
1.305714034472417628e+00 1.726734688005870932e-01
1.307042755308160942e+00 1.967948790801534176e-01
1.308374183164660698e+00 2.216920673719499357e-01
1.309708326322927663e+00 2.467237898563341969e-01
1.311045193097781558e+00 2.713448344780847732e-01
1.312384791838027587e+00 2.951705042911627053e-01
1.313727130926627851e+00 3.179995346942641188e-01
1.315072218780876323e+00 3.397895895530666510e-01
1.316420063852575595e+00 3.605917198745650087e-01
1.317770674628213401e+00 3.804611243654239527e-01
1.319124059629140922e+00 3.993681386647193743e-01
1.320480227411752194e+00 4.171336586656357315e-01
1.321839186567663527e+00 4.334069708352068506e-01
1.323200945723896238e+00 4.476928485359728538e-01
1.324565513543057849e+00 4.594217961856628119e-01
1.325932898723527265e+00 4.680460338450331825e-01
1.327303109999638409e+00 4.731372823752873491e-01
1.328676156141866516e+00 4.744623464051206940e-01
1.330052045957015094e+00 4.720187823702468033e-01
1.331430788288405109e+00 4.660237002353770364e-01
1.332812392016063274e+00 4.568609094158098682e-01
1.334196866056913677e+00 4.450018292379462892e-01
1.335584219364968961e+00 4.309211699171817678e-01
1.336974460931523057e+00 4.150280912456427163e-01
1.338367599785346362e+00 3.976278064245861166e-01
1.339763644992881142e+00 3.789193484013803070e-01
1.341162605658436702e+00 3.590252357214640533e-01
1.342564490924390119e+00 3.380408449550003636e-01
1.343969309971381643e+00 3.160874027854001511e-01
1.345377072018519193e+00 2.933533346545461606e-01
1.346787786323576430e+00 2.701135383192720951e-01
1.348201462183198140e+00 2.467232172589743644e-01
1.349618108933102745e+00 2.235899924236407488e-01
1.351037735948290130e+00 2.011331418117424941e-01
1.352460352643244823e+00 1.797408284599007200e-01
1.353885968472148260e+00 1.597349584629445540e-01
1.355314592929085071e+00 1.413497138344566861e-01
1.356746235548255131e+00 1.247252635242877133e-01
1.358180905904185831e+00 1.099141649158618117e-01
1.359618613611944804e+00 9.689560821463648332e-02
1.361059368327355079e+00 8.559230838422014764e-02
1.362503179747211357e+00 7.588617453249853206e-02
1.363950057609498057e+00 6.763104687558668671e-02
1.365400011693606253e+00 6.066281204237626568e-02
1.366853051820556830e+00 5.480834141989326946e-02
1.368309187853220088e+00 4.989466400451318673e-02
1.369768429696540002e+00 4.575881398455915183e-02
1.371230787297757381e+00 4.225747387422938706e-02
1.372696270646638572e+00 3.927454808848383772e-02
1.374164889775699727e+00 3.672464325138946606e-02
1.375636654760438393e+00 3.455122053792428205e-02
1.377111575719562442e+00 3.271963918196493792e-02
1.378589662815221883e+00 3.120687080136937130e-02
1.380070926253243568e+00 2.999072546232399092e-02
1.381555376283364778e+00 2.904157523602088342e-02
1.383043023199470367e+00 2.831871713302910876e-02
1.384533877339829910e+00 2.777197831244957241e-02
1.386027949087338174e+00 2.734747519003924432e-02
1.387525248869755812e+00 2.699518133006708828e-02
1.389025787159951619e+00 2.667555298670053546e-02
1.390529574476147223e+00 2.636300681264418938e-02
1.392036621382161998e+00 2.604530288503293517e-02
1.393546938487661091e+00 2.571937923058935024e-02
1.395060536448405220e+00 2.538537524053855257e-02
1.396577425966499586e+00 2.504107166057378472e-02
1.398097617790646341e+00 2.467863816325729584e-02
1.399621122716400601e+00 2.428459320589950940e-02
1.401147951586422913e+00 2.384264460626208879e-02
1.402678115290738603e+00 2.333808602136214910e-02
1.404211624766996236e+00 2.276181802588900238e-02
1.405748491000727851e+00 2.211264353807470065e-02
1.407288725025611198e+00 2.139695164450325718e-02
1.408832337923734634e+00 2.062607454425591583e-02
1.410379340825861805e+00 1.981247523293408475e-02
1.411929744911700313e+00 1.896626371940354425e-02
1.413483561410169731e+00 1.809332954486200101e-02
1.415040801599673825e+00 1.719568493912011081e-02
1.416601476808373228e+00 1.627373184503499645e-02
1.418165598414459661e+00 1.532943905956645793e-02
1.419733177846432826e+00 1.436910801523133031e-02
1.421304226583378183e+00 1.340461080404690627e-02
1.422878756155248059e+00 1.245259832267693254e-02
1.424456778143142976e+00 1.153194881833975380e-02
1.426038304179596539e+00 1.066036133365516787e-02
1.427623345948860090e+00 9.851266584679097688e-03
1.429211915187190263e+00 9.112051488102193564e-03
1.430804023683140525e+00 8.444065119114335313e-03
1.432399683277851388e+00 7.844211276721739512e-03
1.433998905865343287e+00 7.307390301576288660e-03
1.435601703392814343e+00 6.828823110418267769e-03
1.437208087860935457e+00 6.405436256180231137e-03
1.438818071324151404e+00 6.035925547026732216e-03
1.440431665890981705e+00 5.719660181104402850e-03
1.442048883724324604e+00 5.455025661197893810e-03
1.443669737041762158e+00 5.237974541598196254e-03
1.445294238115867769e+00 5.061414472999236323e-03
1.446922399274517490e+00 4.915690122998962047e-03
1.448554232901199557e+00 4.789970307457046099e-03
1.450189751435329688e+00 4.674011077330353543e-03
1.451828967372567725e+00 4.559653187204397266e-03
1.453471893265134263e+00 4.441554555552534866e-03
1.455118541722132175e+00 4.316980773440472902e-03
1.456768925409868798e+00 4.184841068594347124e-03
1.458423057052181004e+00 4.044419769412953107e-03
1.460080949430762276e+00 3.894321998788107409e-03
1.461742615385490884e+00 3.732018312991330911e-03
1.463408067814762958e+00 3.554107556108459989e-03
1.465077319675824219e+00 3.357136459700675243e-03
1.466750383985108819e+00 3.138629084818977347e-03
1.468427273818574630e+00 2.897950069474590409e-03
1.470108002312046080e+00 2.636743988995909026e-03
1.471792582661556104e+00 2.358890641965471005e-03
1.473481028123691416e+00 2.070099299651018566e-03
1.475173352015941353e+00 1.777357651275781160e-03
1.476869567717046916e+00 1.488425997725370238e-03
1.478569688667353610e+00 1.211453861316573108e-03
1.480273728369166264e+00 9.546635392707615271e-04
1.481981700387106970e+00 7.259669656978796079e-04
1.483693618348475241e+00 5.324018378546676450e-04
1.485409495943609492e+00 3.793829817165645345e-04
1.487129346926251872e+00 2.699111384308053503e-04
1.488853185113917732e+00 2.039881053256582691e-04
1.490581024388262232e+00 1.784930718032602236e-04
1.492312878695457590e+00 1.876625705354183953e-04
1.494048762046563450e+00 2.241223699260122874e-04
1.495788688517908360e+00 2.802205755334646062e-04
1.497532672251467467e+00 3.492914434997962956e-04
1.499280727455248874e+00 4.264938475734470933e-04
1.501032868403676668e+00 5.090174300435882596e-04
1.502789109437979942e+00 5.956771020937807722e-04
1.504549464966586036e+00 6.861324195196670485e-04
1.506313949465511781e+00 7.800854859722919452e-04
1.508082577478762509e+00 8.767827382381795671e-04
1.509855363618730850e+00 9.749861744308722586e-04
1.511632322566598186e+00 1.073357605281976277e-03
1.513413469072741879e+00 1.171011035480253731e-03
1.515198817957142063e+00 1.267914703389542118e-03
1.516988384109793087e+00 1.364897601129930887e-03
1.518782182491116739e+00 1.463203694973320371e-03
1.520580228132380585e+00 1.563757989413546356e-03
1.522382536136117182e+00 1.666463718664346104e-03
1.524189121676545966e+00 1.769867741117865699e-03
1.526000000000000023e+00 1.871398489450335325e-03
