5.999999999999999728e-07 7.500000000000000000e-01 1.650000000000000127e-05
6.300000000000000033e-07 7.500000000000000000e-01 1.650000000000000127e-05
5.999999999999999728e-07 7.875000000000000888e-01 1.650000000000000127e-05
5.999999999999999728e-07 7.500000000000000000e-01 1.732500000000000099e-05
5.699999999999999424e-07 7.750000000000001332e-01 1.705000000000000108e-05
6.175000000000000171e-07 7.552083333333332593e-01 1.661458333333333512e-05
6.116666666666665984e-07 7.159722222222220100e-01 1.712638888888889032e-05
6.024305555555554934e-07 7.725983796296296280e-01 1.663049768518518620e-05
6.132870370370369454e-07 7.685378086419751842e-01 1.583838734567901633e-05
6.027681327160492451e-07 7.538620434670781911e-01 1.701528903034979642e-05
6.151324588477364602e-07 7.711125042866939783e-01 1.700691336591221282e-05
6.031525955932783813e-07 7.543984383930611992e-01 1.660560695123171370e-05
5.880675225765887294e-07 7.653642409931791235e-01 1.688634577784446468e-05
6.113682338701226919e-07 7.573241474291344533e-01 1.667120050927315265e-05
6.090954192307447188e-07 7.377913732298861937e-01 1.689756664205125790e-05
6.038190688212199065e-07 7.653469199630165143e-01 1.668613705119895114e-05
6.094584661403647414e-07 7.641842937230631794e-01 1.629334064411941299e-05
6.041619521794482892e-07 7.560125122704084433e-01 1.686488311655179987e-05
5.960541771925083594e-07 7.598477663218562439e-01 1.676655090338182382e-05
6.081778053956196707e-07 7.578499013651180949e-01 1.669106517471245915e-05
6.076199553375801963e-07 7.650744506726342431e-01 1.688911661041042866e-05
6.040832955400079966e-07 7.566226076179722870e-01 1.666467146356061406e-05
6.065581609917833561e-07 7.638671070269962282e-01 1.649636600976288529e-05
6.046611623486847614e-07 7.576488861780309447e-01 1.678810871930411046e-05
6.074624400349883088e-07 7.494006768110641481e-01 1.674309318718584475e-05
6.045781044907549903e-07 7.620247859730264750e-01 1.669800291286288816e-05
6.075280859500317595e-07 7.617264413928113154e-01 1.678677974102568885e-05
6.048009602087629208e-07 7.576859063210636958e-01 1.669011068803250521e-05
6.011823459698487777e-07 7.603898176162959821e-01 1.675974970542054340e-05
6.067204180152507258e-07 7.583790505841134788e-01 1.670537445194331257e-05
6.060718261278277337e-07 7.610776090741050437e-01 1.660754998258835339e-05
6.049550506360062581e-07 7.583632034480464190e-01 1.675049231582166192e-05
6.060347552192451327e-07 7.614921203490605528e-01 1.674580243238607441e-05
6.050580008359467061e-07 7.584788675768963095e-01 1.670171313477283382e-05
6.065775418340473991e-07 7.547892950996777373e-01 1.674038368882898179e-05
6.049946539372742598e-07 7.605173920410788213e-01 1.670683224118915710e-05
6.062269978896414658e-07 7.598870033533459134e-01 1.665878756944854267e-05
6.052200396471802862e-07 7.586806617616504989e-01 1.673138716032726179e-05
6.034613782650167050e-07 7.600722303356368670e-01 1.672124723891618697e-05
6.060414514006186470e-07 7.587317963656807773e-01 1.670868128256266225e-05
6.057794291541020892e-07 7.601410325353772368e-01 1.672955398794655587e-05
6.052082984022290246e-07 7.588251519432465120e-01 1.670751331251735727e-05
6.056095628462343347e-07 7.600355651383535749e-01 1.668396406385218929e-05
6.057394039125857548e-07 7.604871995972546372e-01 1.666815636502716512e-05
6.058888137205226109e-07 7.606980170868289370e-01 1.669213841255198408e-05
6.053500724268735835e-07 7.592153321814929523e-01 1.670431020835790368e-05
6.045947414063027345e-07 7.611137298749359736e-01 1.668805639303684005e-05
6.053749305156661048e-07 7.597256927554427719e-01 1.667738820230879598e-05
6.046036000529938060e-07 7.600009380695608163e-01 1.669587247195017052e-05
6.042682791219135591e-07 7.599893957132963784e-01 1.669984194131616200e-05
6.043240120751139779e-07 7.604943073285503896e-01 1.671477117992114684e-05
6.049237149636849143e-07 7.586933218448002059e-01 1.672191284711597623e-05
6.046632775640906886e-07 7.606094782019909850e-01 1.669510982096999427e-05
6.044172080677405519e-07 7.603298509088871615e-01 1.670847161059748807e-05
6.051012483022469910e-07 7.594772008108489070e-01 1.670149762955532483e-05
6.045976942885330916e-07 7.607427992731442545e-01 1.669066175267461800e-05
6.051178203614419699e-07 7.598174411934821570e-01 1.668354962552258750e-05
6.049718594669210000e-07 7.599241932175249126e-01 1.668874170574652737e-05
6.047655456264376895e-07 7.603209331190458053e-01 1.669427371163485248e-05
6.047694828027448324e-07 7.598263589833235132e-01 1.669774752448522308e-05
6.046452214792426983e-07 7.600456342095410767e-01 1.670614695025010032e-05
6.051122963417100985e-07 7.597040277326044810e-01 1.668953229353350220e-05
6.050149890786961186e-07 7.597751957486329477e-01 1.669299368034946550e-05
6.049906598024129734e-07 7.595935868683404424e-01 1.670024759453195645e-05
6.047668580185400351e-07 7.601560750738050043e-01 1.669543164925164268e-05
6.046866419204100763e-07 7.599725424674685925e-01 1.670334714166180678e-05
6.049980251620551510e-07 7.597448048161774548e-01 1.669227070385074588e-05
6.050719204929351988e-07 7.592870920380891953e-01 1.669807889932697426e-05
6.050083658107696544e-07 7.594681301705300536e-01 1.669752738889461295e-05
6.048599227146334517e-07 7.597659424450134980e-01 1.669144948362176031e-05
6.048871596079208697e-07 7.597300350332067964e-01 1.669328242339472010e-05
6.049287381414280117e-07 7.595875397747945401e-01 1.669760076742481746e-05
6.049218443756184134e-07 7.597719895385595112e-01 1.669409631072890608e-05
6.049169341358569264e-07 7.596711775733347993e-01 1.669941423784971086e-05
6.048297760773371041e-07 7.597860812911169104e-01 1.669354883057624903e-05
6.048987762069986830e-07 7.596951158478726374e-01 1.669819227800107213e-05
6.048479340061953475e-07 7.597621430165790724e-01 1.669477079042488776e-05
6.048585261313627708e-07 7.597481790230986576e-01 1.669548360033659340e-05
6.047711640650558581e-07 7.599768119218600626e-01 1.669395085627566199e-05
6.047831346975834396e-07 7.599685946060634745e-01 1.669504619398993629e-05
6.048428195826587346e-07 7.597940989362164110e-01 1.669539247401437317e-05
6.047706036442855515e-07 7.599266609423478425e-01 1.669521641234551456e-05
6.048710571846605530e-07 7.597901126868141786e-01 1.669531338198101175e-05
6.048288450218234227e-07 7.597742390098403131e-01 1.669623824171947109e-05
6.047785840659706764e-07 7.599211827318168577e-01 1.669594663748836635e-05
6.046747231573402950e-07 7.599926890848446304e-01 1.669729366756506436e-05
6.046979556702766546e-07 7.599092899418606883e-01 1.669755843210883950e-05
6.048173049208644679e-07 7.597821841601765103e-01 1.669638791172798481e-05
6.047044276914078751e-07 7.599488338922053554e-01 1.669710496843233917e-05
6.046773071320006193e-07 7.598629942692451955e-01 1.669972420433875779e-05
6.047361894138255633e-07 7.598495014879886877e-01 1.669882603272871397e-05
6.047489339950083917e-07 7.598295720033647616e-01 1.669924856626867326e-05
6.047960928066516318e-07 7.598868019730999901e-01 1.669606147942541958e-05
6.047020541475528694e-07 7.598679542075483795e-01 1.669896113664848182e-05
6.047673898846742310e-07 7.597470425603685129e-01 1.669991816080927793e-05
6.047175448150049532e-07 7.599067940314059300e-01 1.669769105017753362e-05
6.047134325696437674e-07 7.598618033010284822e-01 1.669891610200855808e-05
6.047583850064384446e-07 7.598340731515452751e-01 1.669810702723305225e-05
6.047150149322138064e-07 7.599157230907997995e-01 1.669767865653113190e-05
6.046847062706837879e-07 7.599172787683329267e-01 1.669884016694588372e-05
6.047430352698229264e-07 7.598514076550426655e-01 1.669825976467322688e-05
6.047000560072993061e-07 7.598999442648355362e-01 1.669868742950570908e-05
6.047181037282985475e-07 7.598251096117687453e-01 1.669994105296418885e-05
6.047156584313980657e-07 7.598968452826683206e-01 1.669814998912135125e-05
6.047121004761414271e-07 7.598831300058865867e-01 1.669873363058004405e-05
6.047210181843710327e-07 7.598577026966818471e-01 1.669888607891527671e-05
6.047220730927510940e-07 7.598936492231961326e-01 1.669806111526365926e-05
6.047241322901408508e-07 7.598332402371753558e-01 1.669956937955236389e-05
6.047272632690339830e-07 7.598528784573520545e-01 1.669919994965880005e-05
6.047262364825263942e-07 7.598904330636430116e-01 1.669827036242600815e-05
6.047245706635544792e-07 7.598451554093561544e-01 1.669929875098437368e-05
6.047257981091127658e-07 7.598785178914622129e-01 1.669854099099399837e-05
6.047255423912881581e-07 7.598715673743567933e-01 1.669869885765866158e-05
6.047201301220361392e-07 7.598719204999205834e-01 1.669876443129626623e-05
6.047302386506312117e-07 7.598517528008975619e-01 1.669907531068210582e-05
6.047284435803115425e-07 7.598466041022337025e-01 1.669914117823248598e-05
6.047431176411426686e-07 7.598266517608259774e-01 1.669926391646593537e-05
6.047249191885166926e-07 7.598624895126091516e-01 1.669886849070661283e-05
6.047383285746621151e-07 7.598360827481374091e-01 1.669915985705558876e-05
6.047413941791009097e-07 7.598449539224486626e-01 1.669889962207845305e-05
6.047311416217259940e-07 7.598462603147784211e-01 1.669909085403372884e-05
6.047402010895110954e-07 7.598361435663719687e-01 1.669897585186324630e-05
6.047323141587312404e-07 7.598485008770380356e-01 1.669905459009484540e-05
6.047328242190925524e-07 7.598473407058484730e-01 1.669900258026539168e-05
6.047376155210499665e-07 7.598405556614211687e-01 1.669904858227996383e-05
6.047322222383626975e-07 7.598510023632613075e-01 1.669899221803097520e-05
6.047378605630663364e-07 7.598466989692657103e-01 1.669890864176104366e-05
6.047422214269316681e-07 7.598401683825223296e-01 1.669886328648217469e-05
6.047401382626465188e-07 7.598424254618429963e-01 1.669889014722151209e-05
6.047343054026478468e-07 7.598487452839406409e-01 1.669896535729163781e-05
6.047323611159815522e-07 7.598508518913063003e-01 1.669899042731501305e-05
6.047346213986430566e-07 7.598560748327090053e-01 1.669875143890763087e-05
6.047336233578407181e-07 7.598612478898050249e-01 1.669865239111685209e-05
6.047322169136779042e-07 7.598561821004931049e-01 1.669878657752428037e-05
6.047333926739672932e-07 7.598542064481542679e-01 1.669881200757360578e-05
6.047320235696797600e-07 7.598565162218806623e-01 1.669885983645319556e-05
6.047353215296285474e-07 7.598509628908828306e-01 1.669883307517131487e-05
6.047344107346462854e-07 7.598511884668633920e-01 1.669889405116363663e-05
6.047338022488592497e-07 7.598548292430058471e-01 1.669879181801827968e-05
6.047356667420980611e-07 7.598516926028954233e-01 1.669880116812168740e-05
6.047328895126677373e-07 7.598563690921568137e-01 1.669882370393801298e-05
6.047350881526333485e-07 7.598526668714915555e-01 1.669880586308342246e-05
