1.499999999999999932e-07
1.575000000000000008e-07
1.274999999999999439e-07
1.499999999999999932e-07
1.282499999999999209e-07
1.511588541666667128e-07
1.737303240740741879e-07
1.369936844939557410e-07
1.419527615240627062e-07
1.483641164498933855e-07
1.407961280376266594e-07
1.481352193649876051e-07
1.379816695070186638e-07
1.483643073891763480e-07
1.597100734484603421e-07
1.416880042839625604e-07
1.437198786393487007e-07
1.474079568940692077e-07
1.431437420459689727e-07
1.472703155640953281e-07
1.427454517899504641e-07
1.470202172500689500e-07
1.432283333113747715e-07
1.465403061800902017e-07
1.522296763354676071e-07
1.438746038122093834e-07
1.447578789931280641e-07
1.465517965291367991e-07
1.440494115636985242e-07
1.465963634308484085e-07
1.448041297712838981e-07
1.461794004936094261e-07
1.445440644621182741e-07
1.461342935435570640e-07
1.487393066098314728e-07
1.448856975261034435e-07
1.455629811113866607e-07
1.460512994562452060e-07
1.447871425657080503e-07
1.462185323073628359e-07
1.453016283882115186e-07
1.459610194098439146e-07
1.453247564952053728e-07
1.450823409453931040e-07
1.449903945482299816e-07
1.457590161032139361e-07
1.444293827117792673e-07
1.454560420528736453e-07
1.451042968524849429e-07
1.450307948233369795e-07
1.447390411100396646e-07
1.459721321951897239e-07
1.447506575281620177e-07
1.448607623708295415e-07
1.455406460345060104e-07
1.446543519013857235e-07
1.453387464738339435e-07
1.452391072422151978e-07
1.449496416574957254e-07
1.452496886605075441e-07
1.450872606482832548e-07
1.454060475803875945e-07
1.453396073205727548e-07
1.454436345012542039e-07
1.450496568924495450e-07
1.451413972640402602e-07
1.453539186211367374e-07
1.456486215079525140e-07
1.455237934909363689e-07
1.453079534861319365e-07
1.453362166478581934e-07
1.454324061975097847e-07
1.453191711590199446e-07
1.453789744468190971e-07
1.452885306633534165e-07
1.453601303401864255e-07
1.453073714664979839e-07
1.453183623364645626e-07
1.451591028566225339e-07
1.451669457800113639e-07
1.452868144798120397e-07
1.451892981807955427e-07
1.452960084853348791e-07
1.452954695641668891e-07
1.451945271716847133e-07
1.451263542833592676e-07
1.451823615475819670e-07
1.452878919702185886e-07
1.451600030178690552e-07
1.452053979680146033e-07
1.452276973559843048e-07
1.452428103080900743e-07
1.452195239979789461e-07
1.452083413573497325e-07
1.452971539828396519e-07
1.451885740400915059e-07
1.452147932169193514e-07
1.452423580544459274e-07
1.451825670961367586e-07
1.451743497686370525e-07
1.452281886504648721e-07
1.451885171504096378e-07
1.452381042787231528e-07
1.451941372963470666e-07
1.452015768138968886e-07
1.452190945343964961e-07
1.451976102044841187e-07
1.452346354025088548e-07
1.452235115924215702e-07
1.452005547568724056e-07
1.452275352878497368e-07
1.452076549112285432e-07
1.452117966631119897e-07
1.452102834812426513e-07
1.452249068402439864e-07
1.452275893217825755e-07
1.452431793884699426e-07
1.452171366236190206e-07
1.452363259028348479e-07
1.452316973840846274e-07
1.452284451645708599e-07
1.452367388341046781e-07
1.452273718133173069e-07
1.452281958986777648e-07
1.452334497141724960e-07
1.452258370091802991e-07
1.452297934724842963e-07
1.452347900698712936e-07
1.452329248310269129e-07
1.452277022122905039e-07
1.452259613557619082e-07
1.452233456672257828e-07
1.452199776722285298e-07
1.452227033764833653e-07
1.452241804709898067e-07
1.452224548922146714e-07
1.452266051712126793e-07
1.452262500311169860e-07
1.452239022035786439e-07
1.452262467907743674e-07
1.452227518169635948e-07
1.452255186690883498e-07
