1.126000000000000112e+00 1.546534004204448871e-04
1.126987992296117014e+00 1.440232678758147239e-04
1.127977719913760390e+00 1.373553289728469582e-04
1.128969187428857879e+00 1.226288987509557436e-04
1.129962399433440456e+00 1.187798276865812693e-04
1.130957360535711942e+00 1.084340786165761250e-04
1.131954075360122047e+00 1.007415421300971922e-04
1.132952548547436100e+00 9.720265542241472820e-05
1.133952784754808318e+00 8.614451051416830015e-05
1.134954788655853974e+00 8.525808684289926164e-05
1.135958564940721782e+00 7.782711227110906136e-05
1.136964118316167838e+00 7.361104816572799491e-05
1.137971453505628228e+00 7.253023306382316263e-05
1.138980575249294080e+00 6.322995210998112086e-05
1.139991488304184397e+00 6.271268600136106861e-05
1.141004197444223101e+00 5.377439532668604996e-05
1.142018707460311200e+00 4.807657026661916257e-05
1.143035023160405395e+00 4.533762315214482437e-05
1.144053149369591793e+00 3.627096140161897668e-05
1.145073090930163184e+00 3.758834433651121537e-05
1.146094852701695865e+00 3.074265863200347399e-05
1.147118439561126468e+00 2.965873113000767449e-05
1.148143856402830121e+00 2.910797729394409565e-05
1.149171108138697273e+00 2.251657560986280603e-05
1.150200199698214076e+00 2.695705380794288620e-05
1.151231136028538549e+00 1.859510138811568057e-05
1.152263922094582727e+00 2.038173318513348606e-05
1.153298562879090827e+00 1.752944310532259696e-05
1.154335063382718740e+00 8.228986644803384226e-06
1.155373428624115739e+00 1.278855909872638699e-05
1.156413663640005973e+00 1.457263136074865332e-06
1.157455773485268402e+00 6.986137284846668778e-05
1.158499763233019175e+00 1.291844917045950245e-04
1.159545637974695120e+00 4.735925047003507817e-05
1.160593402820134123e+00 1.689369651977338545e-05
1.161643062897660617e+00 2.175747583818189807e-05
1.162694623354169066e+00 2.770071212313680154e-06
1.163748089355205462e+00 4.617293507514046429e-05
1.164803466085055916e+00 1.233113168271845767e-04
1.165860758746828818e+00 4.688547210803922761e-04
1.166919972562540542e+00 1.056467577532302750e-03
1.167981112773203378e+00 1.228321716485595346e-03
1.169044184638909245e+00 8.655218674731957702e-04
1.170109193438919171e+00 5.050820619416280556e-04
1.171176144471748781e+00 3.512429844686987637e-04
1.172245043055257785e+00 2.773270937307111363e-04
1.173315894526736125e+00 3.030214757091834145e-04
1.174388704242995241e+00 4.120794887080977899e-04
1.175463477580455329e+00 4.146548751107606893e-04
1.176540219935237941e+00 2.827841338818670269e-04
1.177618936723252130e+00 1.484246814110155583e-04
1.178699633380288825e+00 7.980307187984916764e-05
1.179782315362111200e+00 7.830355742905820626e-05
1.180866988144545493e+00 1.540973599065450085e-04
1.181953657223574483e+00 3.439855350757890632e-04
1.183042328115429642e+00 6.781432165399534778e-04
1.184133006356684392e+00 1.155735485975170661e-03
1.185225697504348696e+00 1.567246050985693969e-03
1.186320407135962984e+00 1.613224274504531860e-03
1.187417140849692743e+00 1.338846646813226550e-03
1.188515904264424883e+00 1.000966174433041197e-03
1.189616703019862110e+00 7.492759086344543372e-04
1.190719542776621509e+00 6.145631910093714506e-04
1.191824429216329584e+00 5.742114546407589950e-04
1.192931368041720619e+00 6.151517756817272706e-04
1.194040364976735713e+00 7.014649770031082488e-04
1.195151425766620035e+00 7.809805299131938579e-04
1.196264556178022742e+00 8.032192220663252709e-04
1.197379761999095793e+00 7.386755897826395535e-04
1.198497049039596751e+00 6.322461218249447084e-04
1.199616423130986265e+00 5.346748854637226999e-04
1.200737890126532648e+00 4.866102315857249940e-04
1.201861455901411802e+00 5.107059642402423088e-04
1.202987126352810021e+00 5.989977327836812663e-04
1.204114907400029022e+00 7.509147984049166025e-04
1.205244804984587415e+00 9.363232479451141744e-04
1.206376825070326175e+00 1.126331606057479756e-03
1.207510973643513230e+00 1.286926742782692860e-03
1.208647256712948925e+00 1.378477344201911028e-03
1.209785680310073053e+00 1.410007852160872913e-03
1.210926250489070988e+00 1.386840663708868758e-03
1.212068973326979604e+00 1.334572742633025619e-03
1.213213854923797186e+00 1.275745156206107298e-03
1.214360901402591786e+00 1.203505777673385436e-03
1.215510118909608916e+00 1.131378204062100275e-03
1.216661513614383239e+00 1.046619000289415562e-03
1.217815091709847364e+00 9.485332888974438298e-04
1.218970859412443097e+00 8.460278492836511731e-04
1.220128822962234905e+00 7.396734018695033230e-04
1.221288988623019378e+00 6.612844795600044930e-04
1.222451362682440701e+00 6.255999775905534419e-04
1.223615951452102335e+00 6.588429183403414664e-04
1.224782761267683151e+00 7.802251053883852523e-04
1.225951798489049782e+00 9.947349243475281464e-04
1.227123069500375196e+00 1.318769252106135248e-03
1.228296580710252384e+00 1.728614744833959545e-03
1.229472338551812483e+00 2.205949133959724407e-03
1.230650349482842243e+00 2.698194074813322317e-03
1.231830619985901931e+00 3.140488619116403850e-03
1.233013156568444346e+00 3.511551084064745958e-03
1.234197965762934945e+00 3.775622960182704359e-03
1.235385054126971083e+00 3.965555966211470156e-03
1.236574428243403911e+00 4.121156104067142875e-03
1.237766094720459620e+00 4.264046120251527121e-03
1.238960060191861778e+00 4.441748381630971319e-03
1.240156331316954574e+00 4.622813626926796857e-03
1.241354914780826935e+00 4.782183775463983572e-03
1.242555817294437093e+00 4.865778497753828896e-03
1.243759045594736268e+00 4.778390422197458832e-03
1.244964606444796784e+00 4.495979910022538002e-03
1.246172506633937749e+00 3.999771786090167841e-03
1.247382752977852505e+00 3.361162832208242426e-03
1.248595352318737195e+00 2.693591358684068078e-03
1.249810311525418882e+00 2.066643514789745940e-03
1.251027637493486333e+00 1.566255550679418202e-03
1.252247337145420136e+00 1.220342793047459861e-03
1.253469417430722599e+00 1.055863503293458759e-03
1.254693885326052527e+00 1.091527865045870778e-03
1.255920747835354900e+00 1.325219505268681371e-03
1.257150011989997207e+00 1.774168506317274794e-03
1.258381684848900894e+00 2.395584727733026265e-03
1.259615773498678593e+00 3.136633191599406262e-03
1.260852285053770450e+00 3.888855483924247552e-03
1.262091226656578691e+00 4.548376269562846679e-03
1.263332605477606396e+00 5.101768962244187557e-03
1.264576428715595835e+00 5.542573991868668219e-03
1.265822703597668353e+00 5.952761480042134505e-03
1.267071437379462040e+00 6.383887229630804371e-03
1.268322637345275172e+00 6.847366596812494953e-03
1.269576310808206099e+00 7.373317961928387530e-03
1.270832465110296461e+00 7.890489718174884676e-03
1.272091107622674411e+00 8.363934603028533310e-03
1.273352245745698719e+00 8.704715698901332663e-03
1.274615886909103546e+00 8.777730887581462402e-03
1.275882038572145216e+00 8.542804454053603072e-03
1.277150708223747877e+00 7.974251347322217770e-03
1.278421903382652269e+00 7.214695745271251098e-03
1.279695631597562944e+00 6.438374135600053068e-03
1.280971900447299028e+00 5.760550623460734126e-03
1.282250717540943441e+00 5.317494662966085542e-03
1.283532090517995217e+00 5.140173420266128806e-03
1.284816027048520271e+00 5.294862315602579667e-03
1.286102534833305722e+00 5.811207411578367399e-03
1.287391621604013325e+00 6.678166463275294132e-03
1.288683295123334016e+00 7.900956517697536527e-03
1.289977563185144005e+00 9.359173673967789708e-03
1.291274433614661987e+00 1.098217912121871552e-02
1.292573914268606350e+00 1.267045309767047580e-02
1.293876013035353711e+00 1.440371720981218663e-02
1.295180737835098794e+00 1.634322720559698225e-02
1.296488096620015629e+00 1.862811352672748971e-02
1.297798097374417203e+00 2.153773784911595240e-02
1.299110748114920444e+00 2.523113794049161931e-02
1.300426056890607862e+00 2.974696486023782963e-02
1.301744031783193201e+00 3.505560166179857995e-02
1.303064680907186412e+00 4.078411129198383778e-02
1.304388012410060194e+00 4.660534129139510401e-02
1.305714034472417628e+00 5.215853812177400489e-02
1.307042755308160942e+00 5.731120763842492694e-02
1.308374183164660698e+00 6.246206666703448679e-02
1.309708326322927663e+00 6.802326679994535885e-02
1.311045193097781558e+00 7.462736880780759807e-02
1.312384791838027587e+00 8.270404954932528141e-02
1.313727130926627851e+00 9.227005808200425263e-02
1.315072218780876323e+00 1.031320529665828434e-01
1.316420063852575595e+00 1.142527519480567438e-01
1.317770674628213401e+00 1.244853682401016876e-01
1.319124059629140922e+00 1.330643852672893646e-01
1.320480227411752194e+00 1.397575233269862105e-01
1.321839186567663527e+00 1.451817293649698137e-01
1.323200945723896238e+00 1.494937390732373750e-01
1.324565513543057849e+00 1.522314783088677403e-01
1.325932898723527265e+00 1.523410776033915781e-01
1.327303109999638409e+00 1.480270648252764165e-01
1.328676156141866516e+00 1.384786092985767769e-01
1.330052045957015094e+00 1.243874739869813978e-01
1.331430788288405109e+00 1.075888961505751390e-01
1.332812392016063274e+00 9.009228165445690162e-02
1.334196866056913677e+00 7.260252544609602232e-02
1.335584219364968961e+00 5.533199776814194670e-02
1.336974460931523057e+00 3.903822359599503494e-02
1.338367599785346362e+00 2.505134727063910299e-02
1.339763644992881142e+00 1.457840767403380949e-02
1.341162605658436702e+00 7.749856892461976128e-03
1.342564490924390119e+00 4.006983650107749304e-03
1.343969309971381643e+00 2.401058592969191729e-03
1.345377072018519193e+00 1.873375381737166440e-03
1.346787786323576430e+00 1.801391726046395808e-03
1.348201462183198140e+00 1.862821132959145394e-03
1.349618108933102745e+00 1.975271111615255898e-03
1.351037735948290130e+00 2.113836596255445205e-03
1.352460352643244823e+00 2.257428226456421883e-03
1.353885968472148260e+00 2.433181452804016910e-03
1.355314592929085071e+00 2.602340463691493917e-03
1.356746235548255131e+00 2.792934988021712143e-03
1.358180905904185831e+00 2.986767013186080681e-03
1.359618613611944804e+00 3.181790923402016188e-03
1.361059368327355079e+00 3.407177305121613688e-03
1.362503179747211357e+00 3.624626547329766729e-03
1.363950057609498057e+00 3.872230178144673435e-03
1.365400011693606253e+00 4.110779397715671329e-03
1.366853051820556830e+00 4.330777578053946787e-03
1.368309187853220088e+00 4.544534133387772429e-03
1.369768429696540002e+00 4.706079331425404647e-03
1.371230787297757381e+00 4.875292646013620890e-03
1.372696270646638572e+00 5.030296113660830820e-03
1.374164889775699727e+00 5.197007152231034217e-03
1.375636654760438393e+00 5.405311512857639486e-03
1.377111575719562442e+00 5.607066238729086806e-03
1.378589662815221883e+00 5.852304497053309983e-03
1.380070926253243568e+00 6.085032670932704994e-03
1.381555376283364778e+00 6.316339840562754625e-03
1.383043023199470367e+00 6.564851493581023295e-03
1.384533877339829910e+00 6.780669260671111018e-03
1.386027949087338174e+00 7.028243683409395905e-03
1.387525248869755812e+00 7.244060975340074413e-03
1.389025787159951619e+00 7.435243737025635201e-03
1.390529574476147223e+00 7.604990901150483068e-03
1.392036621382161998e+00 7.689549808527833610e-03
1.393546938487661091e+00 7.770171274054783403e-03
1.395060536448405220e+00 7.807558589249484308e-03
1.396577425966499586e+00 7.854603960723008024e-03
1.398097617790646341e+00 7.950867586239286633e-03
1.399621122716400601e+00 8.043522747796079397e-03
1.401147951586422913e+00 8.202676844833608344e-03
1.402678115290738603e+00 8.342807069536445005e-03
1.404211624766996236e+00 8.476082379807068842e-03
1.405748491000727851e+00 8.607899717092174288e-03
1.407288725025611198e+00 8.673626700691439151e-03
1.408832337923734634e+00 8.762787311438641549e-03
1.410379340825861805e+00 8.806026066159294841e-03
1.411929744911700313e+00 8.838920910657493968e-03
1.413483561410169731e+00 8.872624340034636695e-03
1.415040801599673825e+00 8.835083330060349363e-03
1.416601476808373228e+00 8.816750100560384606e-03
1.418165598414459661e+00 8.750224668756832053e-03
1.419733177846432826e+00 8.697305511563075547e-03
1.421304226583378183e+00 8.696217554588788964e-03
1.422878756155248059e+00 8.695716313431923680e-03
1.424456778143142976e+00 8.790637104123956436e-03
1.426038304179596539e+00 8.881740998206101925e-03
1.427623345948860090e+00 8.993344614663854875e-03
1.429211915187190263e+00 9.112581266732035570e-03
1.430804023683140525e+00 9.155951546093518342e-03
1.432399683277851388e+00 9.220232192380642747e-03
1.433998905865343287e+00 9.218546109369861463e-03
1.435601703392814343e+00 9.215996752611376602e-03
1.437208087860935457e+00 9.228637727683069655e-03
1.438818071324151404e+00 9.186910255728365088e-03
1.440431665890981705e+00 9.192471430723702167e-03
1.442048883724324604e+00 9.142063040699767093e-03
1.443669737041762158e+00 9.101797209413776263e-03
1.445294238115867769e+00 9.091096460735881638e-03
1.446922399274517490e+00 9.055467491523375156e-03
1.448554232901199557e+00 9.115531530207202429e-03
1.450189751435329688e+00 9.159989757783868966e-03
1.451828967372567725e+00 9.241285195470655411e-03
1.453471893265134263e+00 9.334570345010000103e-03
1.455118541722132175e+00 9.341486355724485866e-03
1.456768925409868798e+00 9.362859358636321447e-03
1.458423057052181004e+00 9.279465658451302792e-03
1.460080949430762276e+00 9.180752754383821393e-03
1.461742615385490884e+00 9.085094186874519487e-03
1.463408067814762958e+00 8.933348642038402287e-03
1.465077319675824219e+00 8.854951117737330096e-03
1.466750383985108819e+00 8.723593868107368948e-03
1.468427273818574630e+00 8.617344576503708359e-03
1.470108002312046080e+00 8.532045067844553146e-03
1.471792582661556104e+00 8.399498787440265804e-03
1.473481028123691416e+00 8.354705024883554015e-03
1.475173352015941353e+00 8.270712161029238063e-03
1.476869567717046916e+00 8.233725930722139014e-03
1.478569688667353610e+00 8.220815685797015770e-03
1.480273728369166264e+00 8.139468212580351289e-03
1.481981700387106970e+00 8.103038983161161765e-03
1.483693618348475241e+00 7.960886803404084930e-03
1.485409495943609492e+00 7.813966647978226945e-03
1.487129346926251872e+00 7.663204516646740863e-03
1.488853185113917732e+00 7.453224028191185978e-03
1.490581024388262232e+00 7.334907190718247504e-03
1.492312878695457590e+00 7.167344009161061638e-03
1.494048762046563450e+00 7.051902671215541131e-03
1.495788688517908360e+00 6.962441564800489133e-03
1.497532672251467467e+00 6.820676596107228158e-03
1.499280727455248874e+00 6.762856217077613946e-03
1.501032868403676668e+00 6.635095694983499277e-03
1.502789109437979942e+00 6.550883110083215513e-03
1.504549464966586036e+00 6.482127843101067113e-03
1.506313949465511781e+00 6.350222665718062258e-03
1.508082577478762509e+00 6.288007051773711158e-03
1.509855363618730850e+00 6.120863300809327792e-03
1.511632322566598186e+00 5.962580413963588545e-03
1.513413469072741879e+00 5.787594556797382578e-03
1.515198817957142063e+00 5.533563483722621877e-03
1.516988384109793087e+00 5.363748827167016953e-03
1.518782182491116739e+00 5.122535823990226854e-03
1.520580228132380585e+00 4.936700008924093698e-03
1.522382536136117182e+00 4.774244157134965166e-03
1.524189121676545966e+00 4.555994627481897881e-03
1.526000000000000023e+00 4.423979853683558498e-03
