2.642591199368658078e-02
1.456124091695758585e-02
1.930823197905032901e-02
2.208976864597985215e-02
1.778433067804710901e-03
4.128234903250727755e-02
1.900514899126732335e-03
5.228133340748784136e-02
2.235788313151208448e-02
5.534647358485238200e-02
1.052611836552755711e-02
6.265750142035067527e-02
2.420769296538487561e-02
6.174831042320313990e-02
2.411600564442057185e-02
7.131383355046522210e-02
5.009258598329673073e-02
6.900210782762233874e-02
4.716856069422235842e-02
7.294466617299767697e-02
5.371065151005622457e-02
7.302919360858010911e-02
6.320129396350314399e-02
7.493695169610989359e-02
6.156877487543022109e-02
7.481575478554684799e-02
6.654314066015228069e-02
7.537302076163270026e-02
7.369720880604771485e-02
7.467849518615229942e-02
7.328983194009285052e-02
7.603704803501229459e-02
7.056081721198648182e-02
7.621223957707989882e-02
7.263398812778654179e-02
7.528588414194375966e-02
7.455457763782966096e-02
7.637759949898335898e-02
7.717935366537750919e-02
7.526858751383805335e-02
7.451952497006207599e-02
7.651287181310442720e-02
7.552137135759867670e-02
7.430291323257975922e-02
7.445559236416557369e-02
7.584567025178473587e-02
7.580136002655106509e-02
7.570616423281929797e-02
7.672681279336623916e-02
7.656557417520661046e-02
7.671417103127821380e-02
7.609002915513869703e-02
7.579796038109222478e-02
7.720431599679006274e-02
7.729745600923523807e-02
7.723490439359299853e-02
7.648079361722275038e-02
7.590194958148652193e-02
7.650951580537311558e-02
7.752372323431838685e-02
7.631030577463844555e-02
7.639479353234279735e-02
7.616836918141497992e-02
7.650108766659594051e-02
7.645270595192586727e-02
7.719621340345363125e-02
7.660897886161115167e-02
7.648370162208571743e-02
7.695460476630261448e-02
7.655315227969600178e-02
7.631563857752064750e-02
7.638290713080939098e-02
7.657783626302154534e-02
7.613231712493116754e-02
7.592298356209992161e-02
7.614397973120770602e-02
7.625526154621187214e-02
7.656086158244006235e-02
7.704487665307122035e-02
7.644263017223083823e-02
7.612762626451057002e-02
7.726342672260427813e-02
7.640945349982000701e-02
7.573769877197647493e-02
7.665487957923038109e-02
7.671530050065170081e-02
7.730185828490743205e-02
7.604543158109226819e-02
7.740109795375389734e-02
7.735367689512122336e-02
7.778767180726331443e-02
7.647598533034152823e-02
7.731463445922018285e-02
7.776506721398462885e-02
7.828873278183018369e-02
7.698736042892850850e-02
7.710332096532308832e-02
7.653439319534294238e-02
7.709624418908174459e-02
7.722720834623218733e-02
7.660543835045681427e-02
7.744210306795244747e-02
7.707870453645819520e-02
7.696785288779162126e-02
7.744965160869310417e-02
7.700967733679824068e-02
7.668926811007009681e-02
7.710085112069681168e-02
7.724724577608113596e-02
7.691032960998206436e-02
7.710274575600917224e-02
7.710803001982473315e-02
7.710691963894927836e-02
7.701052175544995104e-02
7.748682519617684783e-02
7.748636583960755164e-02
7.659873066869150871e-02
7.710574342677121995e-02
7.756563928176560263e-02
7.697625764550816707e-02
7.770221871784814549e-02
7.719411374150096650e-02
7.782465297151086592e-02
7.782499840513534828e-02
7.756638862006912105e-02
7.782505556393901069e-02
7.756731631975212482e-02
7.683595778860023706e-02
7.719467164776859514e-02
7.791228254101099926e-02
7.782507921967045383e-02
7.791372131984226901e-02
7.781351090183905028e-02
7.770430680056089612e-02
7.781242599358659251e-02
7.770380978123803128e-02
7.773568410174241938e-02
7.791276863787711948e-02
7.791344015673853929e-02
7.773588620475783972e-02
7.782621748689620700e-02
7.799144090285532738e-02
