1.126000000000000112e+00 5.025132788666985233e-05
1.126987992296117014e+00 4.677692309257660039e-05
1.127977719913760390e+00 4.219968344223956299e-05
1.128969187428857879e+00 4.336436268855298502e-05
1.129962399433440456e+00 3.717759396876821966e-05
1.130957360535711942e+00 3.457516721819806939e-05
1.131954075360122047e+00 3.454433586631191485e-05
1.132952548547436100e+00 2.962679947864666630e-05
1.133952784754808318e+00 2.758804425171870796e-05
1.134954788655853974e+00 2.798962155823394131e-05
1.135958564940721782e+00 2.996987872355314723e-05
1.136964118316167838e+00 2.548912936676027438e-05
1.137971453505628228e+00 2.060166134949493482e-05
1.138980575249294080e+00 2.043368741147416384e-05
1.139991488304184397e+00 1.603475345144036735e-05
1.141004197444223101e+00 1.589929057477841256e-05
1.142018707460311200e+00 1.453985056832001641e-05
1.143035023160405395e+00 1.061950607815977239e-05
1.144053149369591793e+00 1.075672837839348163e-05
1.145073090930163184e+00 8.206805683460049325e-06
1.146094852701695865e+00 1.036551700792341973e-05
1.147118439561126468e+00 9.643114911859593211e-06
1.148143856402830121e+00 6.162003899802885904e-06
1.149171108138697273e+00 8.695922985811339705e-06
1.150200199698214076e+00 5.744940292203963719e-06
1.151231136028538549e+00 6.100974700542057708e-06
1.152263922094582727e+00 3.951843323397009993e-06
1.153298562879090827e+00 8.986171764341017474e-07
1.154335063382718740e+00 6.730456970278089126e-06
1.155373428624115739e+00 6.216174352062058729e-06
1.156413663640005973e+00 2.771867959992359588e-05
1.157455773485268402e+00 5.167111538774023634e-05
1.158499763233019175e+00 3.519147614849560700e-05
1.159545637974695120e+00 1.489299192047301950e-05
1.160593402820134123e+00 9.977769982451787208e-06
1.161643062897660617e+00 7.562955406911124698e-05
1.162694623354169066e+00 1.942476494954010775e-04
1.163748089355205462e+00 2.678047706525791996e-04
1.164803466085055916e+00 4.730907079101808995e-04
1.165860758746828818e+00 8.802798040158167940e-04
1.166919972562540542e+00 1.072103045536313033e-03
1.167981112773203378e+00 8.398439541586743282e-04
1.169044184638909245e+00 5.129675463530998297e-04
1.170109193438919171e+00 3.441223373555235446e-04
1.171176144471748781e+00 2.510343440945021006e-04
1.172245043055257785e+00 1.673996757683561911e-04
1.173315894526736125e+00 1.113378918027117370e-04
1.174388704242995241e+00 5.377150170628801590e-05
1.175463477580455329e+00 7.880535511234737332e-06
1.176540219935237941e+00 4.272743806921222511e-06
1.177618936723252130e+00 4.599656333792609636e-05
1.178699633380288825e+00 1.537733055958964408e-04
1.179782315362111200e+00 3.168665097379688603e-04
1.180866988144545493e+00 5.131741277820253341e-04
1.181953657223574483e+00 7.390953894425548619e-04
1.183042328115429642e+00 9.964092171424188127e-04
1.184133006356684392e+00 1.194704830896633173e-03
1.185225697504348696e+00 1.157853717375317924e-03
1.186320407135962984e+00 9.561701649208466207e-04
1.187417140849692743e+00 7.866565497388543172e-04
1.188515904264424883e+00 6.345119703593236384e-04
1.189616703019862110e+00 5.016073785576473029e-04
1.190719542776621509e+00 4.479959669321101410e-04
1.191824429216329584e+00 4.381852799823984378e-04
1.192931368041720619e+00 4.410436737481720115e-04
1.194040364976735713e+00 4.312279061738541171e-04
1.195151425766620035e+00 3.978387445335382507e-04
1.196264556178022742e+00 3.552977893106223656e-04
1.197379761999095793e+00 3.084848568429486267e-04
1.198497049039596751e+00 2.934431849641811808e-04
1.199616423130986265e+00 3.136924293034420975e-04
1.200737890126532648e+00 3.322247061463026144e-04
1.201861455901411802e+00 3.528912958973562928e-04
1.202987126352810021e+00 4.041048218213259087e-04
1.204114907400029022e+00 4.977681925194678107e-04
1.205244804984587415e+00 6.015705262606695384e-04
1.206376825070326175e+00 6.818402498785363372e-04
1.207510973643513230e+00 7.251519876203793005e-04
1.208647256712948925e+00 7.220136320822393870e-04
1.209785680310073053e+00 6.838262465583223784e-04
1.210926250489070988e+00 6.017278876680581248e-04
1.212068973326979604e+00 4.842715785896382083e-04
1.213213854923797186e+00 3.762798145586466417e-04
1.214360901402591786e+00 2.736086995086047945e-04
1.215510118909608916e+00 1.756045309891064114e-04
1.216661513614383239e+00 1.024210822623507135e-04
1.217815091709847364e+00 5.135376751576313807e-05
1.218970859412443097e+00 3.111729709682914006e-05
1.220128822962234905e+00 5.670991455380803930e-05
1.221288988623019378e+00 1.483380081051700742e-04
1.222451362682440701e+00 3.180993701723745424e-04
1.223615951452102335e+00 5.582222093148811112e-04
1.224782761267683151e+00 8.710939310424491676e-04
1.225951798489049782e+00 1.248868578798434945e-03
1.227123069500375196e+00 1.664921583451661529e-03
1.228296580710252384e+00 2.088979223691491468e-03
1.229472338551812483e+00 2.495037119643270414e-03
1.230650349482842243e+00 2.835369012575374246e-03
1.231830619985901931e+00 3.055106689257976790e-03
1.233013156568444346e+00 3.194018654069115566e-03
1.234197965762934945e+00 3.312944937601285198e-03
1.235385054126971083e+00 3.422891527040789004e-03
1.236574428243403911e+00 3.540457251791772220e-03
1.237766094720459620e+00 3.621251354598697871e-03
1.238960060191861778e+00 3.617193329262492155e-03
1.240156331316954574e+00 3.528425952395610691e-03
1.241354914780826935e+00 3.297741411272631269e-03
1.242555817294437093e+00 2.914378482054802346e-03
1.243759045594736268e+00 2.455753106745869278e-03
1.244964606444796784e+00 1.955535336762115588e-03
1.246172506633937749e+00 1.430447456274235680e-03
1.247382752977852505e+00 9.373615237213945390e-04
1.248595352318737195e+00 5.284580133751596914e-04
1.249810311525418882e+00 2.226451222322425774e-04
1.251027637493486333e+00 4.670056917034759556e-05
1.252247337145420136e+00 1.904302768073242862e-05
1.253469417430722599e+00 1.353856568385935989e-04
1.254693885326052527e+00 4.137360252130477386e-04
1.255920747835354900e+00 8.434263486043033949e-04
1.257150011989997207e+00 1.389444209858410476e-03
1.258381684848900894e+00 2.022774115909230751e-03
1.259615773498678593e+00 2.690414661041561246e-03
1.260852285053770450e+00 3.322395942070847669e-03
1.262091226656578691e+00 3.809476106653646426e-03
1.263332605477606396e+00 4.132278080950786518e-03
1.264576428715595835e+00 4.390129195035911459e-03
1.265822703597668353e+00 4.626739963905464499e-03
1.267071437379462040e+00 4.884468177899138445e-03
1.268322637345275172e+00 5.134519627151552627e-03
1.269576310808206099e+00 5.255459344576596074e-03
1.270832465110296461e+00 5.223019786836788185e-03
1.272091107622674411e+00 4.995467462238817498e-03
1.273352245745698719e+00 4.545316028312203042e-03
1.274615886909103546e+00 3.944971541114192758e-03
1.275882038572145216e+00 3.247739243550242828e-03
1.277150708223747877e+00 2.564810634310578288e-03
1.278421903382652269e+00 1.994752389876190603e-03
1.279695631597562944e+00 1.532570829287813576e-03
1.280971900447299028e+00 1.201374458947143372e-03
1.282250717540943441e+00 1.085996422547969367e-03
1.283532090517995217e+00 1.274287228389944359e-03
1.284816027048520271e+00 1.772932494218987850e-03
1.286102534833305722e+00 2.575331078720630856e-03
1.287391621604013325e+00 3.667896337751590935e-03
1.288683295123334016e+00 4.981408588062842015e-03
1.289977563185144005e+00 6.500161139932307021e-03
1.291274433614661987e+00 8.150162317630061867e-03
1.292573914268606350e+00 9.850057787391669831e-03
1.293876013035353711e+00 1.160322007426370372e-02
1.295180737835098794e+00 1.326459055604416529e-02
1.296488096620015629e+00 1.475549105039745436e-02
1.297798097374417203e+00 1.644597580741300608e-02
1.299110748114920444e+00 1.893036293561157699e-02
1.300426056890607862e+00 2.231057273012759107e-02
1.301744031783193201e+00 2.618585574417892428e-02
1.303064680907186412e+00 3.039961172426254229e-02
1.304388012410060194e+00 3.486135616829618561e-02
1.305714034472417628e+00 3.945059444946229232e-02
1.307042755308160942e+00 4.430380947284357634e-02
1.308374183164660698e+00 4.942589137400910104e-02
1.309708326322927663e+00 5.494802624524059570e-02
1.311045193097781558e+00 6.088301838832436974e-02
1.312384791838027587e+00 6.637274698804040973e-02
1.313727130926627851e+00 7.125612827994473597e-02
1.315072218780876323e+00 7.733330139054933605e-02
1.316420063852575595e+00 8.580455872243447635e-02
1.317770674628213401e+00 9.494637481389317513e-02
1.319124059629140922e+00 1.029748856098120086e-01
1.320480227411752194e+00 1.098131808491621952e-01
1.321839186567663527e+00 1.144243821762677832e-01
1.323200945723896238e+00 1.157420771740832605e-01
1.324565513543057849e+00 1.135389935685767182e-01
1.325932898723527265e+00 1.067343738471650261e-01
1.327303109999638409e+00 9.545650403524089112e-02
1.328676156141866516e+00 8.054388617622286473e-02
1.330052045957015094e+00 6.349414772247240213e-02
1.331430788288405109e+00 4.942902398642060047e-02
1.332812392016063274e+00 4.014324215756438080e-02
1.334196866056913677e+00 3.102059435268436291e-02
1.335584219364968961e+00 2.080005374496603915e-02
1.336974460931523057e+00 1.220747565653483580e-02
1.338367599785346362e+00 6.126880786939204251e-03
1.339763644992881142e+00 2.393274853097728666e-03
1.341162605658436702e+00 6.935652150290021363e-04
1.342564490924390119e+00 1.891748478336253156e-04
1.343969309971381643e+00 1.870572152419403141e-04
1.345377072018519193e+00 2.998544766579663043e-04
1.346787786323576430e+00 4.230670053892068828e-04
1.348201462183198140e+00 5.937917638125217836e-04
1.349618108933102745e+00 7.625089468373443804e-04
1.351037735948290130e+00 8.280255541375141151e-04
1.352460352643244823e+00 8.345738671604146760e-04
1.353885968472148260e+00 8.892925180967461377e-04
1.355314592929085071e+00 9.792259389077555970e-04
1.356746235548255131e+00 1.114682902138724920e-03
1.358180905904185831e+00 1.272682548443701718e-03
1.359618613611944804e+00 1.414516872515699224e-03
1.361059368327355079e+00 1.562463885354407672e-03
1.362503179747211357e+00 1.686166520846948697e-03
1.363950057609498057e+00 1.791102631875803996e-03
1.365400011693606253e+00 1.934527258171177266e-03
1.366853051820556830e+00 2.157776779125238423e-03
1.368309187853220088e+00 2.287729076420424307e-03
1.369768429696540002e+00 2.169309361047441417e-03
1.371230787297757381e+00 2.082845239556789171e-03
1.372696270646638572e+00 2.154312251959470889e-03
1.374164889775699727e+00 2.281186244983001918e-03
1.375636654760438393e+00 2.485616686723078964e-03
1.377111575719562442e+00 2.696251182540261755e-03
1.378589662815221883e+00 2.910708164592556730e-03
1.380070926253243568e+00 3.116615922874479191e-03
1.381555376283364778e+00 3.257806984167570599e-03
1.383043023199470367e+00 3.367137507139627249e-03
1.384533877339829910e+00 3.474373179579128262e-03
1.386027949087338174e+00 3.709797448022676171e-03
1.387525248869755812e+00 3.786287279297285112e-03
1.389025787159951619e+00 3.456659875190743175e-03
1.390529574476147223e+00 3.233921887361876964e-03
1.392036621382161998e+00 3.259109959291512596e-03
1.393546938487661091e+00 3.357184300555560511e-03
1.395060536448405220e+00 3.546752374094755845e-03
1.396577425966499586e+00 3.716758219788989220e-03
1.398097617790646341e+00 3.915217532790358189e-03
1.399621122716400601e+00 4.106452729177706082e-03
1.401147951586422913e+00 4.232014611644317748e-03
1.402678115290738603e+00 4.337747017343611226e-03
1.404211624766996236e+00 4.385737195492687805e-03
1.405748491000727851e+00 4.574702331719499894e-03
1.407288725025611198e+00 4.618683658994216998e-03
1.408832337923734634e+00 4.197106622226025839e-03
1.410379340825861805e+00 3.869211239208561384e-03
1.411929744911700313e+00 3.801747792922658374e-03
1.413483561410169731e+00 3.840407617412998006e-03
1.415040801599673825e+00 4.001636376467761734e-03
1.416601476808373228e+00 4.141088023640118743e-03
1.418165598414459661e+00 4.316274864498949142e-03
1.419733177846432826e+00 4.495287296046005139e-03
1.421304226583378183e+00 4.630334491119951837e-03
1.422878756155248059e+00 4.756412961655027104e-03
1.424456778143142976e+00 4.779321333860696470e-03
1.426038304179596539e+00 4.907992756938959339e-03
1.427623345948860090e+00 4.951835857219197452e-03
1.429211915187190263e+00 4.550963575036064655e-03
1.430804023683140525e+00 4.150183848700830097e-03
1.432399683277851388e+00 4.005188685874335429e-03
1.433998905865343287e+00 4.011166431032012203e-03
1.435601703392814343e+00 4.141790723219162737e-03
1.437208087860935457e+00 4.276487072902204062e-03
1.438818071324151404e+00 4.426214797439915680e-03
1.440431665890981705e+00 4.581867325775197501e-03
1.442048883724324604e+00 4.718455289994571630e-03
1.443669737041762158e+00 4.830224795403782051e-03
1.445294238115867769e+00 4.837750851469695135e-03
1.446922399274517490e+00 4.891355550499077755e-03
1.448554232901199557e+00 4.919061929189204492e-03
1.450189751435329688e+00 4.598556954719710578e-03
1.451828967372567725e+00 4.142001373479971965e-03
1.453471893265134263e+00 3.916331513967874663e-03
1.455118541722132175e+00 3.896057860857456145e-03
1.456768925409868798e+00 3.969488288403356935e-03
1.458423057052181004e+00 4.094883362695239844e-03
1.460080949430762276e+00 4.214181294494553746e-03
1.461742615385490884e+00 4.326012885075889922e-03
1.463408067814762958e+00 4.449258216642818474e-03
1.465077319675824219e+00 4.530457128982194603e-03
1.466750383985108819e+00 4.541562007591268615e-03
1.468427273818574630e+00 4.541940343620213399e-03
1.470108002312046080e+00 4.532623574290674424e-03
1.471792582661556104e+00 4.274937115183373611e-03
1.473481028123691416e+00 3.778123902989513009e-03
1.475173352015941353e+00 3.490776582952217003e-03
1.476869567717046916e+00 3.448212612912433892e-03
1.478569688667353610e+00 3.470751765422322097e-03
1.480273728369166264e+00 3.588897288568931952e-03
1.481981700387106970e+00 3.688447585012782221e-03
1.483693618348475241e+00 3.797838259034106660e-03
1.485409495943609492e+00 3.942492403744826332e-03
1.487129346926251872e+00 4.009268121530930144e-03
1.488853185113917732e+00 4.036652221586033325e-03
1.490581024388262232e+00 3.974500783479648948e-03
1.492312878695457590e+00 3.890942417179387054e-03
1.494048762046563450e+00 3.714297602791156918e-03
1.495788688517908360e+00 3.258784719930401565e-03
1.497532672251467467e+00 2.909268873348324225e-03
1.499280727455248874e+00 2.797752891297925794e-03
1.501032868403676668e+00 2.763399958037510585e-03
1.502789109437979942e+00 2.845790316638644943e-03
1.504549464966586036e+00 2.890846162636894270e-03
1.506313949465511781e+00 2.953184414303978034e-03
1.508082577478762509e+00 3.073819479858328190e-03
1.509855363618730850e+00 3.114893604987973002e-03
1.511632322566598186e+00 3.142013884306421850e-03
1.513413469072741879e+00 3.050052568417836382e-03
1.515198817957142063e+00 2.887124136885810873e-03
1.516988384109793087e+00 2.711733894967989066e-03
1.518782182491116739e+00 2.356404361464628939e-03
1.520580228132380585e+00 2.040053942244199336e-03
1.522382536136117182e+00 1.866041570194151150e-03
1.524189121676545966e+00 1.762940337050868935e-03
1.526000000000000023e+00 1.757368919586938969e-03
